[
	0.8635929226875305
	0.863399863243103
	0.863236129283905
	0.8630470633506775
	0.8628637790679932
	0.8626793622970581
	0.8625010251998901
	0.8623067140579224
	0.8621331453323364
	0.8619577884674072
	0.861753523349762
	0.8615537285804749
	0.861386775970459
	0.8611897230148315
	0.8609897494316101
	0.8607948422431946
	0.8606208562850952
	0.8604217767715454
	0.8602405786514282
	0.8600690364837646
	0.8598912954330444
	0.8597100973129272
	0.859515905380249
	0.8593644499778748
	0.8591957092285156
	0.8590150475502014
	0.8588328957557678
	0.8586476445198059
	0.8584613800048828
	0.8582865595817566
	0.8581222295761108
	0.8579293489456177
	0.8577431440353394
	0.8575680255889893
	0.8573864102363586
	0.8572289347648621
	0.8570636510848999
	0.8568984866142273
	0.8567361235618591
	0.8565428256988525
	0.8563576936721802
	0.8561884760856628
	0.856023371219635
	0.8558542728424072
	0.8556973934173584
	0.855523943901062
	0.8553640842437744
	0.8552016019821167
	0.8550420999526978
	0.8548677563667297
	0.8546884059906006
	0.8545234799385071
	0.8543532490730286
	0.8541818261146545
	0.8540084362030029
	0.8538470268249512
	0.8536980152130127
	0.8535199761390686
	0.8533600568771362
	0.8531852960586548
	0.8530415892601013
	0.8528928160667419
	0.8527215123176575
	0.8525702357292175
	0.8524319529533386
	0.8522776961326599
	0.8521246910095215
	0.851967990398407
	0.8518173694610596
	0.8516696691513062
	0.8515119552612305
	0.851351261138916
	0.8511942625045776
	0.8510361909866333
	0.8508769273757935
	0.8507159948348999
	0.850587010383606
	0.850432813167572
	0.8502922654151917
	0.8501471877098083
	0.8500034213066101
	0.8498669862747192
	0.8497170805931091
	0.8495711088180542
	0.8494064807891846
	0.8492692708969116
	0.8491543531417847
	0.8490267992019653
	0.8488900661468506
	0.8487539887428284
	0.8486087918281555
	0.8484792709350586
	0.8483384251594543
	0.8481976389884949
	0.8480583429336548
	0.8479142785072327
	0.8477834463119507
	0.8476640582084656
	0.8475309014320374
	0.8473864793777466
	0.8472488522529602
	0.8471205234527588
	0.846996545791626
	0.8468642234802246
	0.8467130661010742
	0.8465781807899475
	0.8464471697807312
	0.8463028073310852
	0.8461740016937256
	0.8460339307785034
	0.8458966612815857
	0.8457707166671753
	0.8456639051437378
	0.8455321192741394
	0.8454127311706543
	0.8452848196029663
	0.8451611995697021
	0.8450345396995544
	0.8449174761772156
	0.8448119163513184
	0.844692051410675
	0.8445671796798706
	0.8444469571113586
	0.8443372845649719
	0.844213604927063
	0.8440955877304077
	0.8439763188362122
	0.8438631892204285
	0.8437473177909851
	0.8436198234558105
	0.843492329120636
	0.8433850407600403
	0.8432837724685669
	0.8431700468063354
	0.8430339097976685
	0.8429292440414429
	0.8427988290786743
	0.8426871299743652
	0.8425760269165039
	0.8424606323242188
	0.8423568606376648
	0.8422466516494751
	0.8421422839164734
	0.8420302867889404
	0.8419349789619446
	0.8418174386024475
	0.8417083024978638
	0.8416022658348083
	0.8414999842643738
	0.8413817882537842
	0.8412837386131287
	0.8411723375320435
	0.8410582542419434
	0.8409641981124878
	0.8408613801002502
	0.840769350528717
	0.8406741619110107
	0.8405637145042419
	0.8404726982116699
	0.8403666019439697
	0.8402712941169739
	0.8401737809181213
	0.840075671672821
	0.8399702310562134
	0.8398711085319519
	0.839759111404419
	0.8396626114845276
	0.8395494222640991
	0.8394466638565063
	0.8393421173095703
	0.8392408490180969
	0.8391463756561279
	0.8390410542488098
	0.8389512896537781
	0.8388570547103882
	0.8387438058853149
	0.8386467099189758
	0.8385456800460815
	0.8384605050086975
	0.8383590579032898
	0.8382501602172852
	0.8381437659263611
	0.838055431842804
	0.8379408717155457
	0.8378560543060303
	0.8377730250358582
	0.8376740217208862
	0.8375716805458069
	0.8374527096748352
	0.8373600244522095
	0.8372612595558167
	0.8371537923812866
	0.8370636105537415
	0.836974561214447
	0.8368852138519287
	0.836783230304718
	0.83669114112854
	0.8366003036499023
	0.836517870426178
	0.8364275097846985
	0.8363461494445801
	0.8362420797348022
	0.8361613750457764
	0.836078941822052
	0.8359888792037964
	0.8358976244926453
	0.8357974886894226
	0.8357016444206238
	0.8356006145477295
	0.8355153203010559
	0.835426926612854
	0.8353339433670044
	0.8352463245391846
	0.8351476192474365
	0.8350463509559631
	0.8349772691726685
	0.8348789215087891
	0.8347894549369812
	0.8346831202507019
	0.8345942497253418
	0.8345108032226562
	0.83443284034729
	0.8343467712402344
	0.8342776298522949
	0.8341779112815857
	0.8340984582901001
	0.8340126872062683
	0.8339459300041199
	0.833856463432312
	0.8337694406509399
	0.8336823582649231
	0.8335914015769958
	0.8334956169128418
	0.8334078788757324
	0.8333182334899902
	0.8332367539405823
	0.8331658244132996
	0.8330901861190796
	0.8330302238464355
	0.8329497575759888
	0.8328615427017212
	0.832796037197113
	0.8327066898345947
	0.8326364159584045
	0.8325634002685547
	0.8324747085571289
	0.832386314868927
	0.83231121301651
	0.8322241902351379
	0.832140326499939
	0.8320572376251221
	0.8319682478904724
	0.8318976759910583
	0.8318106532096863
	0.8317298293113708
	0.8316584229469299
	0.8315716981887817
	0.8315019011497498
	0.8314307332038879
	0.8313612937927246
	0.8312780261039734
	0.8311898708343506
	0.8311150074005127
	0.8310531377792358
	0.8309838175773621
	0.8309091925621033
	0.8308345079421997
	0.8307583928108215
	0.8306980729103088
	0.8306296467781067
	0.8305492401123047
	0.830464780330658
	0.8303822875022888
	0.8302977085113525
	0.8302016258239746
	0.8301157355308533
	0.8300529718399048
	0.829967737197876
	0.8298822641372681
	0.8298032283782959
	0.8297292590141296
	0.8296397924423218
	0.8295586705207825
	0.82948237657547
	0.8294044137001038
	0.8293322920799255
	0.8292638063430786
	0.8291895389556885
	0.8291100859642029
	0.82903653383255
	0.828967809677124
	0.8288878798484802
	0.8288071751594543
	0.8287363648414612
	0.8286553621292114
	0.8285853862762451
	0.8285112380981445
	0.8284457325935364
	0.8283733129501343
	0.8283008933067322
	0.8282427191734314
	0.8281761407852173
	0.8280923366546631
	0.8280275464057922
	0.8279683589935303
	0.8278911709785461
	0.8278102874755859
	0.8277485966682434
	0.8276708126068115
	0.8275994062423706
	0.8275161385536194
	0.8274310827255249
	0.8273698091506958
	0.8273095488548279
	0.8272257447242737
	0.8271511793136597
	0.8270957469940186
	0.8270198106765747
	0.8269376754760742
	0.8268619179725647
	0.8267931342124939
	0.8267205953598022
	0.8266481161117554
	0.8265652656555176
	0.8264985084533691
	0.8264291286468506
	0.8263565301895142
	0.8262982368469238
	0.8262365460395813
	0.8261703848838806
	0.8260982632637024
	0.8260272741317749
	0.8259681463241577
	0.825893223285675
	0.8258320093154907
	0.8257701992988586
	0.8257049322128296
	0.8256412744522095
	0.8255952000617981
	0.8255259990692139
	0.8254538774490356
	0.8253825902938843
	0.8253214955329895
	0.8252322673797607
	0.8251644372940063
	0.8251051306724548
	0.8250483274459839
	0.8249858617782593
	0.8249252438545227
	0.8248540759086609
	0.8247917294502258
	0.8247203826904297
	0.8246546983718872
	0.8245871663093567
	0.824511706829071
	0.8244485855102539
	0.8243802785873413
	0.8243193626403809
	0.8242497444152832
	0.8241918087005615
	0.8241220116615295
	0.8240674138069153
	0.8239952921867371
	0.8239340782165527
	0.8238752484321594
	0.823792576789856
	0.823729932308197
	0.8236576914787292
	0.8235877156257629
	0.8235204815864563
	0.82345050573349
	0.8233705759048462
	0.823305606842041
	0.8232410550117493
	0.8231816291809082
	0.8231131434440613
	0.8230456709861755
	0.8229764699935913
	0.8228998780250549
	0.8228275775909424
	0.822762668132782
	0.8227011561393738
	0.8226373195648193
	0.8225702047348022
	0.8225046992301941
	0.8224406838417053
	0.8223873376846313
	0.8223366737365723
	0.8222851157188416
	0.8222165107727051
	0.8221412897109985
	0.8220811486244202
	0.8220298886299133
	0.8219663500785828
	0.8219022750854492
	0.8218328356742859
	0.8217841982841492
	0.8217209577560425
	0.8216493129730225
	0.8215948939323425
	0.8215317726135254
	0.8214597702026367
	0.821392297744751
	0.82135409116745
	0.8212857842445374
	0.8212138414382935
	0.8211439847946167
	0.8210692405700684
	0.8210309147834778
	0.8209556937217712
	0.8208997249603271
	0.8208441138267517
	0.8207879662513733
	0.8207270503044128
	0.8206726908683777
	0.8206162452697754
	0.8205509781837463
	0.8204916715621948
	0.820443332195282
	0.820372998714447
	0.820315420627594
	0.8202645182609558
	0.820195198059082
	0.8201261162757874
	0.8200519680976868
	0.81999272108078
	0.8199446797370911
	0.8198763728141785
	0.8198086023330688
	0.8197556138038635
	0.8197059035301208
	0.8196424245834351
	0.8195788264274597
	0.8195129036903381
	0.819460391998291
	0.819390058517456
	0.8193239569664001
	0.8192588686943054
	0.8192012310028076
	0.8191317915916443
	0.819072425365448
	0.8190127611160278
	0.8189557790756226
	0.8188916444778442
	0.8188406825065613
	0.8187722563743591
	0.818699061870575
	0.818631112575531
	0.8185684680938721
	0.8185064792633057
	0.8184515833854675
	0.8183932304382324
	0.8183248043060303
	0.8182601928710938
	0.8181986212730408
	0.818141520023346
	0.8180822134017944
	0.8180174231529236
	0.8179433941841125
	0.8179013729095459
	0.8178301453590393
	0.8177608251571655
	0.8177052736282349
	0.81766277551651
	0.8176053762435913
	0.817549467086792
	0.8174895644187927
	0.8174324035644531
	0.8173607587814331
	0.8172941207885742
	0.8172343373298645
	0.8171604871749878
	0.8170995712280273
	0.8170275688171387
	0.8169789910316467
	0.8169190287590027
	0.8168508410453796
	0.8167872428894043
	0.8167290687561035
	0.8166716694831848
	0.8166154623031616
	0.8165649771690369
	0.8165135979652405
	0.8164592981338501
	0.8164042830467224
	0.8163381218910217
	0.8162786364555359
	0.8162298798561096
	0.8161661624908447
	0.8161056041717529
	0.8160524964332581
	0.815997302532196
	0.815940797328949
	0.815869927406311
	0.8158096671104431
	0.8157486915588379
	0.8156979084014893
	0.8156369924545288
	0.8155871033668518
	0.815525472164154
	0.8154731392860413
	0.8154058456420898
	0.815352737903595
	0.8152903914451599
	0.8152304291725159
	0.8151691555976868
	0.8151077032089233
	0.8150449395179749
	0.8149927258491516
	0.8149197697639465
	0.8148614168167114
	0.8148017525672913
	0.814734160900116
	0.8146733641624451
	0.8146200776100159
	0.8145668506622314
	0.8145120739936829
	0.8144547343254089
	0.8143965601921082
	0.8143511414527893
	0.8142909407615662
	0.8142352104187012
	0.8141838908195496
	0.8141201138496399
	0.8140707015991211
	0.8140084743499756
	0.8139528036117554
	0.8138992190361023
	0.8138313293457031
	0.813776433467865
	0.8137133717536926
	0.8136633634567261
	0.8136005997657776
	0.8135363459587097
	0.8134872317314148
	0.8134300112724304
	0.8133811950683594
	0.8133155703544617
	0.8132544755935669
	0.8132075667381287
	0.8131431937217712
	0.8131002187728882
	0.813039243221283
	0.8129879832267761
	0.8129338622093201
	0.8128988742828369
	0.812836766242981
	0.8127760291099548
	0.8127200603485107
	0.8126555681228638
	0.812606155872345
	0.8125452995300293
	0.8124902844429016
	0.8124448657035828
	0.8123999834060669
	0.8123418688774109
	0.8122939467430115
	0.8122383952140808
	0.8121801018714905
	0.8121200203895569
	0.8120729923248291
	0.812017023563385
	0.8119666576385498
	0.8119052052497864
	0.8118449449539185
	0.8117929100990295
	0.811728835105896
	0.8116810321807861
	0.8116191029548645
	0.8115636706352234
	0.8115040063858032
	0.8114515542984009
	0.8114131093025208
	0.8113720417022705
	0.8113279938697815
	0.8112798929214478
	0.8112310767173767
	0.811170756816864
	0.8111289143562317
	0.8110716342926025
	0.8110118508338928
	0.8109562397003174
	0.810900092124939
	0.8108425140380859
	0.8107786774635315
	0.8107348680496216
	0.8107022643089294
	0.8106571435928345
	0.8106209635734558
	0.8105680346488953
	0.8105207681655884
	0.8104652166366577
	0.8104068636894226
	0.8103588223457336
	0.8103008270263672
	0.810250461101532
	0.8102015256881714
	0.8101499676704407
	0.8101034164428711
	0.8100414872169495
	0.8099907636642456
	0.8099440932273865
	0.8098887205123901
	0.8098300695419312
	0.8097777366638184
	0.8097163438796997
	0.8096746206283569
	0.8096279501914978
	0.8095769286155701
	0.8095272183418274
	0.8094866275787354
	0.8094346523284912
	0.8093773126602173
	0.8093264698982239
	0.8092727065086365
	0.8092283010482788
	0.8091716766357422
	0.8091177940368652
	0.8090700507164001
	0.8090214729309082
	0.8089617490768433
	0.808899998664856
	0.8088555335998535
	0.8088127970695496
	0.8087652921676636
	0.8087127208709717
	0.8086544871330261
	0.808599591255188
	0.8085523247718811
	0.8085139393806458
	0.8084659576416016
	0.8084004521369934
	0.8083569407463074
	0.8082991242408752
	0.8082602024078369
	0.8082132339477539
	0.8081666231155396
	0.8081160187721252
	0.8080626130104065
	0.8080137968063354
	0.8079580664634705
	0.8079056739807129
	0.8078641891479492
	0.8078047633171082
	0.8077484965324402
	0.8076999187469482
	0.8076465725898743
	0.8075975775718689
	0.8075461387634277
	0.8074966073036194
	0.8074532151222229
	0.8073965311050415
	0.8073501586914062
	0.8072983026504517
	0.8072482347488403
	0.8071953058242798
	0.8071481585502625
	0.8070959448814392
	0.8070542812347412
	0.8070092797279358
	0.8069583773612976
	0.8069071173667908
	0.8068557977676392
	0.8068185448646545
	0.8067647218704224
	0.8067172765731812
	0.8066740036010742
	0.8066304326057434
	0.8065780401229858
	0.8065184950828552
	0.8064813613891602
	0.8064284920692444
	0.8063859343528748
	0.8063337802886963
	0.8062848448753357
	0.8062300682067871
	0.8061865568161011
	0.8061495423316956
	0.8061140179634094
	0.8060646057128906
	0.8060104250907898
	0.8059663772583008
	0.8059240579605103
	0.8058662414550781
	0.8058297634124756
	0.8057792782783508
	0.8057257533073425
	0.8056781888008118
	0.8056350350379944
	0.8055859804153442
	0.8055354952812195
	0.8054881691932678
	0.8054381608963013
	0.80539470911026
	0.8053407073020935
	0.8052873015403748
	0.8052423596382141
	0.8051865696907043
	0.8051348924636841
	0.8050750494003296
	0.8050344586372375
	0.8050074577331543
	0.8049573302268982
	0.8049127459526062
	0.8048677444458008
	0.8048181533813477
	0.8047756552696228
	0.8047232031822205
	0.8046733140945435
	0.8046339154243469
	0.8045879006385803
	0.804526150226593
	0.804476261138916
	0.8044204711914062
	0.8043705821037292
	0.8043318390846252
	0.8042914867401123
	0.8042449951171875
	0.8041982650756836
	0.8041467666625977
	0.804098904132843
	0.8040540814399719
	0.804014265537262
	0.8039811849594116
	0.8039448261260986
	0.8039071559906006
	0.8038551211357117
	0.8038145899772644
	0.8037725687026978
	0.8037296533584595
	0.8036767244338989
	0.8036344647407532
	0.803591787815094
	0.8035450577735901
	0.8035085797309875
	0.8034535050392151
	0.8034027218818665
	0.8033654093742371
	0.8033148646354675
	0.8032687306404114
	0.8032307028770447
	0.8031813502311707
	0.8031371831893921
	0.8030917048454285
	0.8030513525009155
	0.8030096292495728
	0.802977979183197
	0.8029295802116394
	0.8028903603553772
	0.802841067314148
	0.8028068542480469
	0.8027737736701965
	0.8027324080467224
	0.802693247795105
	0.8026627898216248
	0.8026260733604431
	0.8025715351104736
	0.8025296926498413
	0.8024793267250061
	0.802450954914093
	0.802414059638977
	0.8023754954338074
	0.8023315072059631
	0.802293598651886
	0.802259624004364
	0.8022133708000183
	0.8021678328514099
	0.802132248878479
	0.8020866513252258
	0.8020347356796265
	0.8019943833351135
	0.8019575476646423
	0.8019216060638428
	0.8018935918807983
	0.8018500804901123
	0.8018012642860413
	0.8017498850822449
	0.8017030954360962
	0.8016691207885742
	0.8016304969787598
	0.8015904426574707
	0.8015558123588562
	0.801511287689209
	0.801466166973114
	0.8014301657676697
	0.8013922572135925
	0.8013677597045898
	0.8013380765914917
	0.8012946248054504
	0.8012483716011047
	0.8012052774429321
	0.8011640310287476
	0.801129162311554
	0.801106870174408
	0.801062285900116
	0.8010180592536926
	0.8009744882583618
	0.8009264469146729
	0.8008905649185181
	0.8008557558059692
	0.8008214831352234
	0.8007763624191284
	0.8007469177246094
	0.8007080554962158
	0.8006570339202881
	0.8006277084350586
	0.800592839717865
	0.8005653619766235
	0.8005308508872986
	0.8004849553108215
	0.8004392385482788
	0.8003988265991211
	0.8003746867179871
	0.80033278465271
	0.8003029227256775
	0.8002657890319824
	0.8002241253852844
	0.8001834750175476
	0.800139307975769
	0.8001085519790649
	0.8000742197036743
	0.8000338077545166
	0.7999875545501709
	0.7999565601348877
	0.7999105453491211
	0.7998689413070679
	0.7998312711715698
	0.799786388874054
	0.7997469902038574
	0.799709677696228
	0.7996673583984375
	0.7996403574943542
	0.7995897531509399
	0.7995529770851135
	0.7995139956474304
	0.7994961142539978
	0.7994643449783325
	0.7994224429130554
	0.7993820905685425
	0.7993487119674683
	0.7993026375770569
	0.7992846369743347
	0.7992534041404724
	0.7992148399353027
	0.7991771697998047
	0.7991428375244141
	0.7990992665290833
	0.7990760803222656
	0.7990366816520691
	0.7990109324455261
	0.7989778518676758
	0.7989356517791748
	0.7988842725753784
	0.798846960067749
	0.7988138198852539
	0.7987786531448364
	0.7987478375434875
	0.7987116575241089
	0.7986718416213989
	0.7986354827880859
	0.7985900640487671
	0.798559844493866
	0.7985116243362427
	0.7984821200370789
	0.7984469532966614
	0.7984033226966858
	0.7983567714691162
	0.7983290553092957
	0.7982980608940125
	0.7982654571533203
	0.7982431054115295
	0.7982091903686523
	0.7981756329536438
	0.7981460094451904
	0.7981134057044983
	0.7980697751045227
	0.7980358600616455
	0.797995388507843
	0.7979570627212524
	0.7979130148887634
	0.7978754043579102
	0.7978382706642151
	0.7977932691574097
	0.7977535724639893
	0.7977216839790344
	0.7976800203323364
	0.7976475358009338
	0.7976064085960388
	0.7975647449493408
	0.7975241541862488
	0.797490656375885
	0.7974510788917542
	0.7974159717559814
	0.797391951084137
	0.7973634004592896
	0.7973330020904541
	0.7972989082336426
	0.7972609400749207
	0.7972203493118286
	0.797182023525238
	0.797142505645752
	0.7970956563949585
	0.7970535755157471
	0.7970096468925476
	0.7969827651977539
	0.796954333782196
	0.7969250082969666
	0.7968769669532776
	0.7968530058860779
	0.7968159317970276
	0.7967812418937683
	0.796755850315094
	0.7967323660850525
	0.7966922521591187
	0.7966605424880981
	0.7966324687004089
	0.7965973615646362
	0.7965750694274902
	0.7965312600135803
	0.7965080738067627
	0.7964788675308228
	0.7964431047439575
	0.796402096748352
	0.7963653206825256
	0.796335756778717
	0.7963042259216309
	0.7962709665298462
	0.7962235808372498
	0.7961962819099426
	0.7961556911468506
	0.7961177825927734
	0.7960786819458008
	0.7960436940193176
	0.7960014343261719
	0.795971691608429
	0.7959364056587219
	0.7959015965461731
	0.7958776354789734
	0.7958345413208008
	0.7958003878593445
	0.7957703471183777
	0.7957428693771362
	0.7956942319869995
	0.7956597805023193
	0.7956146597862244
	0.7955734729766846
	0.7955305576324463
	0.7954887747764587
	0.7954533696174622
	0.7954134345054626
	0.7953692674636841
	0.7953324317932129
	0.7953048348426819
	0.7952598333358765
	0.7952191233634949
	0.7951856851577759
	0.7951550483703613
	0.7951323986053467
	0.7951002717018127
	0.7950610518455505
	0.7950262427330017
	0.7949994206428528
	0.7949644327163696
	0.7949286699295044
	0.7948824167251587
	0.7948407530784607
	0.7948080897331238
	0.7947766184806824
	0.7947434782981873
	0.7946979999542236
	0.7946642637252808
	0.7946428656578064
	0.7946082353591919
	0.7945677042007446
	0.7945313453674316
	0.7944954633712769
	0.7944712042808533
	0.7944379448890686
	0.7944098114967346
	0.7943744659423828
	0.794337809085846
	0.7943047881126404
	0.794270396232605
	0.7942390441894531
	0.794206440448761
	0.794175922870636
	0.7941408157348633
	0.7941105365753174
	0.794067919254303
	0.7940517663955688
	0.7940208315849304
	0.793991208076477
	0.7939575910568237
	0.793941080570221
	0.7939193844795227
	0.7938894629478455
	0.7938731908798218
	0.7938494086265564
	0.7938192486763
	0.7937841415405273
	0.7937477827072144
	0.7937076091766357
	0.7936663031578064
	0.7936374545097351
	0.793605387210846
	0.7935639023780823
	0.7935202121734619
	0.7935015559196472
	0.7934719920158386
	0.7934343218803406
	0.7933961153030396
	0.7933701872825623
	0.7933378219604492
	0.7933072447776794
	0.7932854294776917
	0.7932531237602234
	0.7932186722755432
	0.7931908369064331
	0.7931638360023499
	0.7931343913078308
	0.793117105960846
	0.7930770516395569
	0.7930505871772766
	0.7930133938789368
	0.7929852604866028
	0.7929743528366089
	0.7929378151893616
	0.7929067611694336
	0.7928701043128967
	0.7928429245948792
	0.7928268313407898
	0.7927972078323364
	0.7927606701850891
	0.7927238345146179
	0.7926943898200989
	0.7926641702651978
	0.7926377654075623
	0.792607843875885
	0.7925992012023926
	0.7925689220428467
	0.7925407886505127
	0.7925106287002563
	0.7924861311912537
	0.792446494102478
	0.7924011945724487
	0.7923755645751953
	0.7923436760902405
	0.7923148274421692
	0.7922918200492859
	0.7922563552856445
	0.7922274470329285
	0.7922081351280212
	0.792184054851532
	0.7921700477600098
	0.7921399474143982
	0.7921091914176941
	0.7920888662338257
	0.7920675873756409
	0.7920402884483337
	0.7920104265213013
	0.7919866442680359
	0.7919644713401794
	0.7919294834136963
	0.7919032573699951
	0.7918726205825806
	0.7918387651443481
	0.79180908203125
	0.7917941212654114
	0.7917513847351074
	0.7917078137397766
	0.7916737198829651
	0.7916408181190491
	0.7916169762611389
	0.791588306427002
	0.7915656566619873
	0.7915322184562683
	0.7914901971817017
	0.7914674282073975
	0.791430652141571
	0.7914064526557922
	0.791388988494873
	0.7913606762886047
	0.7913165092468262
	0.7912943959236145
	0.7912588119506836
	0.7912290096282959
	0.7912172675132751
	0.791183590888977
	0.7911568880081177
	0.7911347150802612
	0.7911144495010376
	0.7910796999931335
	0.7910559177398682
	0.7910459041595459
	0.791022002696991
	0.7909979224205017
	0.7909790873527527
	0.7909670472145081
	0.7909453511238098
	0.7909387946128845
	0.7909108996391296
	0.7908916473388672
	0.7908692359924316
	0.7908380031585693
	0.7908229231834412
	0.7908015847206116
	0.790770947933197
	0.7907445430755615
	0.7907117009162903
	0.7906831502914429
	0.7906592488288879
	0.7906317114830017
	0.7905912399291992
	0.7905691862106323
	0.7905386090278625
	0.7905145883560181
	0.7905029654502869
	0.7904716730117798
	0.790442168712616
	0.7904158234596252
	0.7903904914855957
	0.7903667092323303
	0.7903388738632202
	0.7903191447257996
	0.7902787327766418
	0.7902607321739197
	0.7902392745018005
	0.7902108430862427
	0.7901688814163208
	0.7901386022567749
	0.7901087403297424
	0.7900897264480591
	0.79005366563797
	0.7900429964065552
	0.7900048494338989
	0.7899826765060425
	0.7899468541145325
	0.7899149060249329
	0.78989177942276
	0.7898634076118469
	0.7898381352424622
	0.7898155450820923
	0.7897911667823792
	0.7897695899009705
	0.7897414565086365
	0.789716899394989
	0.7896966338157654
	0.7896575927734375
	0.7896389365196228
	0.7896139621734619
	0.7895722389221191
	0.7895433306694031
	0.7895218729972839
	0.7894963026046753
	0.7894717454910278
	0.789442777633667
	0.7894097566604614
	0.789381206035614
	0.7893500328063965
	0.7893269658088684
	0.7892916798591614
	0.7892555594444275
	0.7892225980758667
	0.7891849875450134
	0.7891539335250854
	0.7891178727149963
	0.7890954613685608
	0.7890756726264954
	0.7890478372573853
	0.7890118956565857
	0.7890029549598694
	0.7889724969863892
	0.7889546155929565
	0.7889288663864136
	0.7888990640640259
	0.7888577580451965
	0.7888321876525879
	0.7888088822364807
	0.7887836694717407
	0.7887603044509888
	0.7887299656867981
	0.7887007594108582
	0.7886750102043152
	0.7886470556259155
	0.7886191606521606
	0.7885866165161133
	0.7885593771934509
	0.7885162234306335
	0.7885035872459412
	0.7884919047355652
	0.7884714007377625
	0.7884350419044495
	0.7883930802345276
	0.7883689999580383
	0.7883440852165222
	0.7883148193359375
	0.7882779240608215
	0.7882482409477234
	0.7882336378097534
	0.7882102131843567
	0.7881861329078674
	0.788155734539032
	0.788135826587677
	0.7880950570106506
	0.7880736589431763
	0.7880445718765259
	0.7880079746246338
	0.7879871726036072
	0.7879623770713806
	0.7879276275634766
	0.7879013419151306
	0.7878620624542236
	0.7878303527832031
	0.7877895832061768
	0.7877494692802429
	0.7877313494682312
	0.7877088189125061
	0.7876810431480408
	0.7876549363136292
	0.7876308560371399
	0.7876099944114685
	0.7875722646713257
	0.7875527143478394
	0.7875361442565918
	0.7875149846076965
	0.7874823808670044
	0.7874497771263123
	0.7874270081520081
	0.7874076962471008
	0.787382960319519
	0.7873510718345642
	0.7873198390007019
	0.7872907519340515
	0.7872598767280579
	0.7872279286384583
	0.7871887683868408
	0.7871578931808472
	0.7871347069740295
	0.787125825881958
	0.7870935797691345
	0.7870622277259827
	0.7870321869850159
	0.7870144844055176
	0.7869947552680969
	0.7869696021080017
	0.786943256855011
	0.7869214415550232
	0.7869116067886353
	0.7868723273277283
	0.7868486046791077
	0.7868414521217346
	0.7868183851242065
	0.7867901921272278
	0.786765992641449
	0.786754846572876
	0.7867203950881958
	0.786699116230011
	0.7866693735122681
	0.7866251468658447
	0.7866036295890808
	0.7865915298461914
	0.7865620255470276
	0.7865431308746338
	0.7865124344825745
	0.786488950252533
	0.7864733338356018
	0.7864453792572021
	0.7864341735839844
	0.7863930463790894
	0.786384642124176
	0.786356508731842
	0.7863379120826721
	0.7863274812698364
	0.7862958312034607
	0.7862792015075684
	0.7862503528594971
	0.7862274646759033
	0.7862069010734558
	0.7861716747283936
	0.786155641078949
	0.7861341834068298
	0.7861153483390808
	0.7860813736915588
	0.7860745787620544
	0.786051332950592
	0.7860349416732788
	0.7859989404678345
	0.7859598994255066
	0.7859536409378052
	0.7859236598014832
	0.7859150171279907
	0.7858964204788208
	0.7858663201332092
	0.7858324646949768
	0.7858071327209473
	0.7857981324195862
	0.7857847809791565
	0.7857735753059387
	0.7857657670974731
	0.7857427597045898
	0.7857211232185364
	0.7856935858726501
	0.7856720089912415
	0.7856429815292358
	0.7856186032295227
	0.7856045365333557
	0.7855786681175232
	0.7855463027954102
	0.7855111956596375
	0.7854758501052856
	0.7854436635971069
	0.7854180335998535
	0.78538978099823
	0.7853682637214661
	0.7853394746780396
	0.7853193879127502
	0.7852891683578491
	0.7852671146392822
	0.78523188829422
	0.7852082848548889
	0.7852003574371338
	0.7851899266242981
	0.7851715683937073
	0.7851366400718689
	0.7851102352142334
	0.785090982913971
	0.7850598692893982
	0.7850523591041565
	0.7850296497344971
	0.7849951982498169
	0.7849739789962769
	0.7849557995796204
	0.7849341630935669
	0.7849053740501404
	0.7848849296569824
	0.7848494052886963
	0.7848250269889832
	0.7848048210144043
	0.7847861647605896
	0.7847714424133301
	0.7847529053688049
	0.7847225069999695
	0.7847056984901428
	0.784685492515564
	0.7846540808677673
	0.7846305966377258
	0.7846149206161499
	0.7845919132232666
	0.7845628261566162
	0.7845329642295837
	0.7845166921615601
	0.7844796180725098
	0.7844628095626831
	0.7844403386116028
	0.784417450428009
	0.7843933701515198
	0.784351110458374
	0.7843324542045593
	0.7843106985092163
	0.7842859029769897
	0.7842633724212646
	0.7842592000961304
	0.7842324376106262
	0.7842234969139099
	0.7842325568199158
	0.7842029333114624
	0.784162700176239
	0.7841258645057678
	0.7841068506240845
	0.7840786576271057
	0.7840532660484314
	0.7840334177017212
	0.7840116620063782
	0.7839754819869995
	0.7839496731758118
	0.783925473690033
	0.783891499042511
	0.7838773727416992
	0.7838569283485413
	0.7838413715362549
	0.7838180065155029
	0.783785879611969
	0.783761203289032
	0.7837569713592529
	0.7837515473365784
	0.7837272882461548
	0.7836934328079224
	0.7836636900901794
	0.783621609210968
	0.7835971117019653
	0.7835785150527954
	0.7835626602172852
	0.7835475206375122
	0.7835178971290588
	0.7834834456443787
	0.7834622263908386
	0.7834439277648926
	0.7834321856498718
	0.7834138870239258
	0.7833958268165588
	0.7833830714225769
	0.7833693027496338
	0.7833597660064697
	0.7833410501480103
	0.783323347568512
	0.7833092212677002
	0.7832849025726318
	0.7832666039466858
	0.7832364439964294
	0.7832071185112
	0.7831829190254211
	0.7831472754478455
	0.7831301093101501
	0.783089816570282
	0.7830625176429749
	0.7830387353897095
	0.7830126881599426
	0.7829922437667847
	0.7829651832580566
	0.7829371094703674
	0.7829189300537109
	0.7829036116600037
	0.7828957438468933
	0.7828812599182129
	0.7828659415245056
	0.7828549742698669
	0.7828229069709778
	0.7827973365783691
	0.7827801704406738
	0.78277188539505
	0.782747209072113
	0.782722532749176
	0.7827017903327942
	0.7826783061027527
	0.782651960849762
	0.7826165556907654
	0.7826113700866699
	0.7825943231582642
	0.7825692892074585
	0.7825337648391724
	0.7825024127960205
	0.7824902534484863
	0.7824587225914001
	0.7824298143386841
	0.782417893409729
	0.7823940515518188
	0.7823718190193176
	0.7823298573493958
	0.7823024988174438
	0.7822868824005127
	0.7822616100311279
	0.7822455167770386
	0.7822331190109253
	0.7822098731994629
	0.7821847200393677
	0.7821617126464844
	0.7821341156959534
	0.7821219563484192
	0.7820982336997986
	0.7820699214935303
	0.7820543050765991
	0.7820404767990112
	0.782008171081543
	0.7819895148277283
	0.7819746732711792
	0.7819734811782837
	0.7819489240646362
	0.7819199562072754
	0.781907320022583
	0.7818942666053772
	0.7818880081176758
	0.7818666100502014
	0.7818486094474792
	0.7818353176116943
	0.7818108201026917
	0.7817849516868591
	0.7817572355270386
	0.7817233800888062
	0.7817056179046631
	0.7816687226295471
	0.7816455364227295
	0.7816339135169983
	0.7816013097763062
	0.781579315662384
	0.7815536260604858
	0.7815278172492981
	0.7814891934394836
	0.7814653515815735
	0.7814279794692993
	0.7814005613327026
	0.781373918056488
	0.7813411355018616
	0.7813199758529663
	0.7812877297401428
	0.781266987323761
	0.7812350988388062
	0.781205952167511
	0.7811727523803711
	0.7811415791511536
	0.7811104655265808
	0.781086266040802
	0.7810485363006592
	0.78102707862854
	0.7810178995132446
	0.7810007333755493
	0.7809923887252808
	0.7809768319129944
	0.7809587717056274
	0.7809385657310486
	0.7809157371520996
	0.7808923125267029
	0.7808787822723389
	0.7808741331100464
	0.7808434367179871
	0.7808197736740112
	0.7808054089546204
	0.7807824611663818
	0.7807490229606628
	0.7807184457778931
	0.7807052135467529
	0.7806863188743591
	0.7806696891784668
	0.7806541919708252
	0.7806293964385986
	0.7806071043014526
	0.7805795073509216
	0.7805576920509338
	0.7805331945419312
	0.7805074453353882
	0.7804837822914124
	0.7804701328277588
	0.7804485559463501
	0.7804549336433411
	0.7804434895515442
	0.7804132699966431
	0.7804039716720581
	0.7803752422332764
	0.7803426384925842
	0.7803094387054443
	0.7802814245223999
	0.7802519798278809
	0.7802278995513916
	0.7802079319953918
	0.7801703214645386
	0.7801474332809448
	0.7801237106323242
	0.7801061868667603
	0.7800837755203247
	0.7800568342208862
	0.7800250053405762
	0.7799993753433228
	0.7799714207649231
	0.7799438238143921
	0.7799322605133057
	0.7799307107925415
	0.7799239158630371
	0.7799089550971985
	0.7798991799354553
	0.7798735499382019
	0.7798836827278137
	0.77985680103302
	0.7798234820365906
	0.7797899842262268
	0.7797685861587524
	0.7797845602035522
	0.7797617316246033
	0.7797688841819763
	0.7797665596008301
	0.7797387838363647
	0.7797247171401978
	0.77971351146698
	0.7796899676322937
	0.7796586751937866
	0.779640257358551
	0.7796240448951721
	0.7795835137367249
	0.7795772552490234
	0.7795653343200684
	0.77955162525177
	0.7795208096504211
	0.7794961333274841
	0.7794687747955322
	0.779452383518219
	0.7794337272644043
	0.7794209718704224
	0.7794075608253479
	0.7793828845024109
	0.779364287853241
	0.779343843460083
	0.7793223857879639
	0.7793067097663879
	0.7792853713035583
	0.7792651057243347
	0.7792329788208008
	0.7791953086853027
	0.7791975736618042
	0.7791736125946045
	0.7791316509246826
	0.779116153717041
	0.7790877819061279
	0.7790907025337219
	0.7790611982345581
	0.7790480852127075
	0.7790353894233704
	0.7790064215660095
	0.7789655923843384
	0.7789451479911804
	0.778925895690918
	0.7789115905761719
	0.7788940072059631
	0.7788679003715515
	0.7788435220718384
	0.7788282632827759
	0.7788184285163879
	0.7787856459617615
	0.7787627577781677
	0.7787469029426575
	0.7787181735038757
	0.7786909937858582
	0.7786658406257629
	0.7786451578140259
	0.7786306142807007
	0.7786040902137756
	0.7785745859146118
	0.7785668969154358
	0.7785428166389465
	0.778533399105072
	0.7785250544548035
	0.7785313129425049
	0.7785043716430664
	0.7784895896911621
	0.7784752249717712
	0.778460681438446
	0.7784374356269836
	0.7784121632575989
	0.7783764600753784
	0.7783502340316772
	0.778339147567749
	0.7783207297325134
	0.7783046364784241
	0.7782886624336243
	0.7782595753669739
	0.7782350182533264
	0.7782135009765625
	0.7781850695610046
	0.7781794667243958
	0.7781559228897095
	0.778140664100647
	0.778123676776886
	0.7781144380569458
	0.7781083583831787
	0.7780911922454834
	0.7780814170837402
	0.7780616283416748
	0.7780332565307617
	0.7780141234397888
	0.7779938578605652
	0.7779873013496399
	0.7779718041419983
	0.777952253818512
	0.7779364585876465
	0.7778992652893066
	0.7778735160827637
	0.7778493165969849
	0.7778410315513611
	0.7778254747390747
	0.7778083086013794
	0.7777841091156006
	0.7777576446533203
	0.7777397036552429
	0.7777090072631836
	0.7776879072189331
	0.777658998966217
	0.777643620967865
	0.7776333093643188
	0.7776117920875549
	0.777597963809967
	0.7775521874427795
	0.7775296568870544
	0.7775253653526306
	0.7775020599365234
	0.7774844169616699
	0.777480959892273
	0.7774559259414673
	0.7774338722229004
	0.7774078845977783
	0.7773799300193787
	0.7773662209510803
	0.7773561477661133
	0.777347207069397
	0.7773317098617554
	0.7773146629333496
	0.7772927284240723
	0.7772741913795471
	0.7772600054740906
	0.777243971824646
	0.7772141695022583
	0.7772006988525391
	0.7771957516670227
	0.777171790599823
	0.7771399617195129
	0.7771105766296387
	0.7771056890487671
	0.7771039009094238
	0.7770732641220093
	0.7770501375198364
	0.7770214676856995
	0.7769855856895447
	0.7769469022750854
	0.7769263982772827
	0.7769151926040649
	0.7769147753715515
	0.7768946290016174
	0.7768875360488892
	0.7768611907958984
	0.7768440842628479
	0.7768272161483765
	0.7767852544784546
	0.7767785787582397
	0.7767503261566162
	0.7767391800880432
	0.776716947555542
	0.77671217918396
	0.7767081260681152
	0.7766773104667664
	0.7766519784927368
	0.7766287922859192
	0.7766036987304688
	0.7765877842903137
	0.7765746116638184
	0.7765700221061707
	0.776540994644165
	0.7765305638313293
	0.7765185236930847
	0.7765108942985535
	0.7764851450920105
	0.776462972164154
	0.7764459848403931
	0.7764170169830322
	0.7764073014259338
	0.776385486125946
	0.7763772010803223
	0.776354193687439
	0.7763354778289795
	0.7763269543647766
	0.7763156294822693
	0.7763126492500305
	0.7763171195983887
	0.776298463344574
	0.7762666344642639
	0.7762380838394165
	0.7762282490730286
	0.7762015461921692
	0.7761886715888977
	0.7761814594268799
	0.7761716842651367
	0.7761491537094116
	0.7761373519897461
	0.7761291265487671
	0.7761077880859375
	0.7760905623435974
	0.7760648727416992
	0.7760442495346069
	0.7760540246963501
	0.7760388255119324
	0.7760254740715027
	0.7760273814201355
	0.7759947776794434
	0.7759609818458557
	0.7759415507316589
	0.7759429812431335
	0.7759266495704651
	0.7759337425231934
	0.775905966758728
	0.7758890390396118
	0.7758668065071106
	0.7758698463439941
	0.7758388519287109
	0.7758217453956604
	0.7758193016052246
	0.7758046388626099
	0.7757914662361145
	0.7757775187492371
	0.7757770419120789
	0.7757678627967834
	0.7757701873779297
	0.7757437229156494
	0.7757408022880554
	0.7757155895233154
	0.7756987810134888
	0.7756741046905518
	0.7756702899932861
	0.7756525874137878
	0.7756498456001282
	0.7756386399269104
	0.7756198048591614
	0.7755927443504333
	0.7755725383758545
	0.7755736112594604
	0.7755557298660278
	0.7755402326583862
	0.7755254507064819
	0.7755210995674133
	0.7755153179168701
	0.775501012802124
	0.7754961848258972
	0.7754716873168945
	0.7754626274108887
	0.7754427790641785
	0.7754325270652771
	0.7754418253898621
	0.7754184007644653
	0.7754155397415161
	0.7754073739051819
	0.775381326675415
	0.7753772735595703
	0.7753604650497437
	0.7753368616104126
	0.7753279209136963
	0.775305986404419
	0.7752929329872131
	0.7753050923347473
	0.775301992893219
	0.7752742171287537
	0.7752568125724792
	0.7752314209938049
	0.775215208530426
	0.7752112746238708
	0.7752228379249573
	0.7752110958099365
	0.7751832008361816
	0.775170624256134
	0.7751439809799194
	0.775120735168457
	0.7751044631004333
	0.7750799655914307
	0.7750777006149292
	0.7750606536865234
	0.7750661969184875
	0.7750384211540222
	0.7750223875045776
	0.7749924063682556
	0.7749842405319214
	0.7749679088592529
	0.7749361395835876
	0.7749254703521729
	0.7749054431915283
	0.7748815417289734
	0.774852454662323
	0.7748292684555054
	0.7748022079467773
	0.7747973799705505
	0.7747804522514343
	0.7747538089752197
	0.7747426629066467
	0.7747336626052856
	0.774716854095459
	0.7746950387954712
	0.774692714214325
	0.7746767997741699
	0.7746615409851074
	0.7746532559394836
	0.774630069732666
	0.7745975852012634
	0.7745652794837952
	0.7745444178581238
	0.7745071649551392
	0.7744879722595215
	0.7744609713554382
	0.7744351625442505
	0.7744106650352478
	0.7743955850601196
	0.7743621468544006
	0.7743380665779114
	0.7743265628814697
	0.7743130922317505
	0.7742716073989868
	0.7742802500724792
	0.7742668986320496
	0.7742424607276917
	0.7742182612419128
	0.7742059230804443
	0.7741910219192505
	0.774169921875
	0.7741525769233704
	0.7741363048553467
	0.7741079926490784
	0.7740922570228577
	0.7740857005119324
	0.774083137512207
	0.7740663290023804
	0.7740527391433716
	0.7740350961685181
	0.7740035653114319
	0.7740118503570557
	0.7739990949630737
	0.7739859819412231
	0.7739702463150024
	0.7739541530609131
	0.7739357352256775
	0.7739304900169373
	0.7739046812057495
	0.7739061713218689
	0.7738754749298096
	0.7738425731658936
	0.773831307888031
	0.7738229036331177
	0.7738081216812134
	0.7738067507743835
	0.7738057374954224
	0.7738054394721985
	0.773783266544342
	0.7737612128257751
	0.7737497687339783
	0.7737241387367249
	0.7737054228782654
	0.773676335811615
	0.7736440896987915
	0.7736371755599976
	0.7736080288887024
	0.7735952734947205
	0.7735853791236877
	0.7735583782196045
	0.7735447287559509
	0.7735405564308167
	0.7735331654548645
	0.7735245823860168
	0.7735270261764526
	0.7735138535499573
	0.7734792232513428
	0.7734534740447998
	0.7734214067459106
	0.7733986973762512
	0.7734000086784363
	0.7733727693557739
	0.773365318775177
	0.7733378410339355
	0.7733334898948669
	0.773347020149231
	0.7733035087585449
	0.7732991576194763
	0.7732565999031067
	0.7732500433921814
	0.7732205986976624
	0.7731993794441223
	0.7731772065162659
	0.7731769680976868
	0.7731537222862244
	0.7731518745422363
	0.7731289863586426
	0.7731096148490906
	0.7730921506881714
	0.7730684876441956
	0.7730605602264404
	0.7730386257171631
	0.7730146050453186
	0.7730067372322083
	0.7730002403259277
	0.7730014324188232
	0.7729647159576416
	0.7729469537734985
	0.7729200124740601
	0.7729108333587646
	0.7729012966156006
	0.7728723883628845
	0.7728531360626221
	0.7728292942047119
	0.7728098034858704
	0.7727950215339661
	0.7727737426757812
	0.772764265537262
	0.7727512717247009
	0.7727507948875427
	0.7727361917495728
	0.7727194428443909
	0.7727187871932983
	0.7727144360542297
	0.7726956009864807
	0.7726833820343018
	0.7726615071296692
	0.7726467847824097
	0.7726431488990784
	0.7726300954818726
	0.7726084589958191
	0.7725944519042969
	0.7725833654403687
	0.7725744843482971
	0.7725478410720825
	0.7725377678871155
	0.7725201845169067
	0.7724926471710205
	0.7724823951721191
	0.7724615335464478
	0.7724578380584717
	0.7724572420120239
	0.7724260687828064
	0.7724183201789856
	0.7724130749702454
	0.772392749786377
	0.7723755240440369
]