[
	1.1741455793380737
	1.1738131046295166
	1.1734836101531982
	1.1731486320495605
	1.17281174659729
	1.172495722770691
	1.1721614599227905
	1.1718298196792603
	1.1715021133422852
	1.1711701154708862
	1.1708441972732544
	1.1705151796340942
	1.170190453529358
	1.1698681116104126
	1.1695500612258911
	1.1692143678665161
	1.1688982248306274
	1.1685667037963867
	1.168251633644104
	1.1679095029830933
	1.1675894260406494
	1.1672695875167847
	1.1669495105743408
	1.1666147708892822
	1.166293740272522
	1.165971040725708
	1.165654182434082
	1.1653257608413696
	1.1650029420852661
	1.164673089981079
	1.1643458604812622
	1.1640089750289917
	1.1636852025985718
	1.1633561849594116
	1.1630430221557617
	1.1627143621444702
	1.1623979806900024
	1.1620793342590332
	1.1617645025253296
	1.1614495515823364
	1.1611449718475342
	1.1608353853225708
	1.1605387926101685
	1.1602245569229126
	1.1599111557006836
	1.15959894657135
	1.1592775583267212
	1.1589739322662354
	1.1586533784866333
	1.158340573310852
	1.1580394506454468
	1.1577264070510864
	1.1574269533157349
	1.1571378707885742
	1.1568316221237183
	1.156527042388916
	1.1562305688858032
	1.155929684638977
	1.1556261777877808
	1.155324101448059
	1.1550076007843018
	1.1547000408172607
	1.1543900966644287
	1.1540875434875488
	1.153801441192627
	1.1534998416900635
	1.1532001495361328
	1.15291428565979
	1.1526210308074951
	1.1523288488388062
	1.1520447731018066
	1.1517415046691895
	1.1514610052108765
	1.151167631149292
	1.15087890625
	1.1505886316299438
	1.1502999067306519
	1.1500095129013062
	1.149722695350647
	1.1494587659835815
	1.1491823196411133
	1.1489007472991943
	1.1486163139343262
	1.1483396291732788
	1.148065209388733
	1.1477625370025635
	1.147490382194519
	1.147228717803955
	1.1469484567642212
	1.1466697454452515
	1.146398663520813
	1.1461284160614014
	1.1458498239517212
	1.1455787420272827
	1.145317554473877
	1.1450546979904175
	1.1447845697402954
	1.1445156335830688
	1.1442303657531738
	1.143972635269165
	1.1437032222747803
	1.1434404850006104
	1.1431770324707031
	1.1429150104522705
	1.1426541805267334
	1.1423943042755127
	1.1421351432800293
	1.1418707370758057
	1.1416155099868774
	1.1413546800613403
	1.1410815715789795
	1.1408191919326782
	1.1405647993087769
	1.140310287475586
	1.1400524377822876
	1.1397897005081177
	1.139534831047058
	1.1392782926559448
	1.1390212774276733
	1.1387715339660645
	1.138519048690796
	1.1382678747177124
	1.1380306482315063
	1.1377837657928467
	1.1375312805175781
	1.137286901473999
	1.1370482444763184
	1.1367946863174438
	1.13655424118042
	1.1362968683242798
	1.136056661605835
	1.1357990503311157
	1.1355502605438232
	1.1353118419647217
	1.1350724697113037
	1.1348434686660767
	1.1346021890640259
	1.1343473196029663
	1.1341065168380737
	1.1338614225387573
	1.1336315870285034
	1.1333856582641602
	1.133142113685608
	1.1329092979431152
	1.132669448852539
	1.1324363946914673
	1.1321947574615479
	1.1319658756256104
	1.1317365169525146
	1.1314982175827026
	1.1312596797943115
	1.131018877029419
	1.1308032274246216
	1.130568027496338
	1.1303393840789795
	1.1301159858703613
	1.1298904418945312
	1.1296581029891968
	1.1294347047805786
	1.1292133331298828
	1.1289782524108887
	1.1287529468536377
	1.1285264492034912
	1.1283059120178223
	1.128074049949646
	1.1278533935546875
	1.1276414394378662
	1.127416729927063
	1.1271880865097046
	1.1269665956497192
	1.126752495765686
	1.1265408992767334
	1.126318097114563
	1.1261028051376343
	1.1258833408355713
	1.1256532669067383
	1.1254334449768066
	1.125228762626648
	1.1250301599502563
	1.1248120069503784
	1.1245932579040527
	1.1243704557418823
	1.124161720275879
	1.1239498853683472
	1.1237258911132812
	1.1235212087631226
	1.1233251094818115
	1.1230987310409546
	1.1228923797607422
	1.1226730346679688
	1.1224582195281982
	1.122238039970398
	1.12201988697052
	1.121815800666809
	1.1216142177581787
	1.1214020252227783
	1.1211950778961182
	1.1209734678268433
	1.1207610368728638
	1.1205589771270752
	1.1203432083129883
	1.1201274394989014
	1.1199307441711426
	1.1197243928909302
	1.1195203065872192
	1.1193163394927979
	1.1191120147705078
	1.118918776512146
	1.1187242269515991
	1.118527889251709
	1.1183254718780518
	1.118126630783081
	1.1179293394088745
	1.1177265644073486
	1.1175261735916138
	1.1173309087753296
	1.1171315908432007
	1.1169284582138062
	1.1167354583740234
	1.1165353059768677
	1.1163406372070312
	1.1161448955535889
	1.1159381866455078
	1.1157476902008057
	1.1155496835708618
	1.1153528690338135
	1.1151690483093262
	1.1149646043777466
	1.1147716045379639
	1.1145597696304321
	1.114362120628357
	1.1141750812530518
	1.1139894723892212
	1.1138081550598145
	1.1136175394058228
	1.1134251356124878
	1.113226294517517
	1.1130311489105225
	1.1128261089324951
	1.1126313209533691
	1.1124504804611206
	1.112267017364502
	1.1120792627334595
	1.1118923425674438
	1.1116952896118164
	1.1115014553070068
	1.1113214492797852
	1.1111384630203247
	1.1109528541564941
	1.1107666492462158
	1.1105828285217285
	1.1104018688201904
	1.1102163791656494
	1.1100380420684814
	1.109856128692627
	1.1096850633621216
	1.1095079183578491
	1.1093237400054932
	1.1091554164886475
	1.1089712381362915
	1.1087934970855713
	1.1086126565933228
	1.108443260192871
	1.108264446258545
	1.1080881357192993
	1.107913613319397
	1.1077240705490112
	1.107551097869873
	1.107369065284729
	1.1071960926055908
	1.1070154905319214
	1.1068511009216309
	1.1066807508468628
	1.1065075397491455
	1.1063369512557983
	1.1061604022979736
	1.1059868335723877
	1.105811357498169
	1.105641484260559
	1.1054580211639404
	1.105289101600647
	1.1051287651062012
	1.1049598455429077
	1.1047868728637695
	1.104615330696106
	1.1044410467147827
	1.104284405708313
	1.1041162014007568
	1.1039378643035889
	1.103764533996582
	1.103598713874817
	1.1034245491027832
	1.1032450199127197
	1.1030774116516113
	1.1029198169708252
	1.1027377843856812
	1.1025707721710205
	1.102396011352539
	1.1022331714630127
	1.1020641326904297
	1.1019017696380615
	1.1017324924468994
	1.1015605926513672
	1.1013994216918945
	1.1012319326400757
	1.101061224937439
	1.1008942127227783
	1.100738286972046
	1.100578784942627
	1.100419044494629
	1.1002494096755981
	1.100093960762024
	1.0999326705932617
	1.099775791168213
	1.0996136665344238
	1.09944748878479
	1.0992887020111084
	1.0991288423538208
	1.0989718437194824
	1.098803162574768
	1.098647117614746
	1.098493218421936
	1.0983352661132812
	1.0981684923171997
	1.0980168581008911
	1.0978729724884033
	1.0977097749710083
	1.0975534915924072
	1.097392201423645
	1.097238540649414
	1.097081184387207
	1.0969246625900269
	1.096771478652954
	1.0966176986694336
	1.0964680910110474
	1.0963101387023926
	1.0961450338363647
	1.0959956645965576
	1.0958404541015625
	1.0956852436065674
	1.0955348014831543
	1.095369815826416
	1.095216989517212
	1.0950649976730347
	1.0949119329452515
	1.0947600603103638
	1.0946145057678223
	1.0944606065750122
	1.0943050384521484
	1.0941543579101562
	1.094002366065979
	1.0938469171524048
	1.0936846733093262
	1.0935379266738892
	1.0933802127838135
	1.0932257175445557
	1.0930739641189575
	1.0929210186004639
	1.092764973640442
	1.0926192998886108
	1.0924712419509888
	1.0923240184783936
	1.0921735763549805
	1.092025637626648
	1.091880440711975
	1.0917267799377441
	1.0915765762329102
	1.0914340019226074
	1.0912835597991943
	1.0911455154418945
	1.0909987688064575
	1.0908533334732056
	1.0907204151153564
	1.0905733108520508
	1.0904195308685303
	1.0902671813964844
	1.0901145935058594
	1.0899739265441895
	1.0898239612579346
	1.089683175086975
	1.0895293951034546
	1.0893861055374146
	1.0892401933670044
	1.0891008377075195
	1.0889506340026855
	1.0888043642044067
	1.088667631149292
	1.088523507118225
	1.0883787870407104
	1.0882412195205688
	1.0881019830703735
	1.0879637002944946
	1.0878127813339233
	1.087677001953125
	1.0875282287597656
	1.0873892307281494
	1.0872658491134644
	1.0871318578720093
	1.0869876146316528
	1.0868455171585083
	1.086698293685913
	1.086560845375061
	1.0864216089248657
	1.0862826108932495
	1.0861411094665527
	1.085996389389038
	1.0858529806137085
	1.0857188701629639
	1.0855748653411865
	1.0854227542877197
	1.0852839946746826
	1.0851459503173828
	1.0850133895874023
	1.0848826169967651
	1.0847479104995728
	1.0846115350723267
	1.0844711065292358
	1.0843321084976196
	1.084201693534851
	1.0840692520141602
	1.0839425325393677
	1.0838119983673096
	1.0836774110794067
	1.0835351943969727
	1.0834027528762817
	1.083277940750122
	1.0831376314163208
	1.083006739616394
	1.082871675491333
	1.0827304124832153
	1.0826058387756348
	1.082480788230896
	1.0823379755020142
	1.0822032690048218
	1.0820738077163696
	1.081940770149231
	1.08181893825531
	1.0816869735717773
	1.0815593004226685
	1.0814218521118164
	1.081297516822815
	1.0811595916748047
	1.081026315689087
	1.0808910131454468
	1.0807658433914185
	1.0806294679641724
	1.0805002450942993
	1.080368995666504
	1.0802370309829712
	1.0801047086715698
	1.0799851417541504
	1.0798547267913818
	1.079721212387085
	1.0795973539352417
	1.0794700384140015
	1.0793367624282837
	1.079204797744751
	1.0790752172470093
	1.0789494514465332
	1.0788177251815796
	1.0786843299865723
	1.0785542726516724
	1.0784279108047485
	1.07830011844635
	1.0781716108322144
	1.0780473947525024
	1.077924132347107
	1.0778049230575562
	1.0776761770248413
	1.077552318572998
	1.077430248260498
	1.077296495437622
	1.0771703720092773
	1.0770334005355835
	1.076910138130188
	1.0767804384231567
	1.0766537189483643
	1.0765247344970703
	1.076404333114624
	1.0762823820114136
	1.0761606693267822
	1.0760457515716553
	1.0759154558181763
	1.0758041143417358
	1.0756899118423462
	1.075555443763733
	1.0754320621490479
	1.0753096342086792
	1.075177788734436
	1.0750616788864136
	1.0749430656433105
	1.0748255252838135
	1.0747113227844238
	1.07459557056427
	1.0744717121124268
	1.0743550062179565
	1.0742371082305908
	1.0741164684295654
	1.0739952325820923
	1.0738714933395386
	1.0737509727478027
	1.073628544807434
	1.0735020637512207
	1.073373794555664
	1.0732609033584595
	1.0731443166732788
	1.0730223655700684
	1.0729012489318848
	1.0727885961532593
	1.0726643800735474
	1.0725477933883667
	1.072439193725586
	1.0723191499710083
	1.0721968412399292
	1.0720877647399902
	1.0719698667526245
	1.071840763092041
	1.071716070175171
	1.0715965032577515
	1.0714905261993408
	1.0713709592819214
	1.0712511539459229
	1.0711281299591064
	1.0710062980651855
	1.070883870124817
	1.0707732439041138
	1.070656418800354
	1.0705416202545166
	1.0704277753829956
	1.0703105926513672
	1.0701874494552612
	1.0700767040252686
	1.0699595212936401
	1.0698299407958984
	1.0697059631347656
	1.0695949792861938
	1.0694859027862549
	1.0693773031234741
	1.069267749786377
	1.0691522359848022
	1.0690354108810425
	1.068926453590393
	1.0688077211380005
	1.0686941146850586
	1.0685690641403198
	1.068456768989563
	1.0683401823043823
	1.068230390548706
	1.0681109428405762
	1.0679947137832642
	1.0678876638412476
	1.0677770376205444
	1.067663550376892
	1.0675506591796875
	1.0674331188201904
	1.0673140287399292
	1.067206621170044
	1.067096471786499
	1.0669819116592407
	1.0668680667877197
	1.0667579174041748
	1.066640853881836
	1.0665313005447388
	1.0664256811141968
	1.066311240196228
	1.066199541091919
	1.06609046459198
	1.0659798383712769
	1.0658738613128662
	1.0657689571380615
	1.0656534433364868
	1.06554114818573
	1.065434217453003
	1.0653256177902222
	1.065212607383728
	1.065106987953186
	1.064995527267456
	1.064883828163147
	1.0647810697555542
	1.0646768808364868
	1.0645662546157837
	1.0644567012786865
	1.0643513202667236
	1.064251184463501
	1.064143180847168
	1.0640417337417603
	1.0639433860778809
	1.0638383626937866
	1.0637340545654297
	1.0636337995529175
	1.0635298490524292
	1.0634249448776245
	1.063313364982605
	1.0632020235061646
	1.0630968809127808
	1.0629947185516357
	1.0628902912139893
	1.0627871751785278
	1.0626864433288574
	1.0625889301300049
	1.0624792575836182
	1.0623639822006226
	1.0622496604919434
	1.0621404647827148
	1.0620347261428833
	1.0619306564331055
	1.061832308769226
	1.0617300271987915
	1.0616235733032227
	1.061522364616394
	1.061416745185852
	1.0613175630569458
	1.0612064599990845
	1.0611014366149902
	1.0610065460205078
	1.0609019994735718
	1.0607988834381104
	1.0607028007507324
	1.0605957508087158
	1.0604945421218872
	1.0603893995285034
	1.060283899307251
	1.0601767301559448
	1.0600745677947998
	1.0599743127822876
	1.059870719909668
	1.0597727298736572
	1.0596649646759033
	1.0595630407333374
	1.0594544410705566
	1.0593427419662476
	1.059240460395813
	1.0591377019882202
	1.0590425729751587
	1.0589383840560913
	1.0588363409042358
	1.0587366819381714
	1.058627963066101
	1.0585267543792725
	1.0584216117858887
	1.0583127737045288
	1.0582150220870972
	1.0581132173538208
	1.0580090284347534
	1.0579078197479248
	1.0578064918518066
	1.0577143430709839
	1.0576107501983643
	1.0575041770935059
	1.0574020147323608
	1.0573036670684814
	1.0572036504745483
	1.0571032762527466
	1.057007074356079
	1.056916356086731
	1.0568218231201172
	1.0567240715026855
	1.0566174983978271
	1.0565191507339478
	1.0564297437667847
	1.0563349723815918
	1.0562376976013184
	1.0561467409133911
	1.0560450553894043
	1.0559449195861816
	1.0558438301086426
	1.055748462677002
	1.0556471347808838
	1.0555472373962402
	1.0554463863372803
	1.0553522109985352
	1.0552544593811035
	1.055156946182251
	1.0550625324249268
	1.0549697875976562
	1.0548689365386963
	1.0547749996185303
	1.0546798706054688
	1.0545915365219116
	1.0544956922531128
	1.0543944835662842
	1.0542998313903809
	1.0542172193527222
	1.0541199445724487
	1.0540331602096558
	1.0539369583129883
	1.0538309812545776
	1.0537375211715698
	1.053642988204956
	1.0535506010055542
	1.0534491539001465
	1.053350806236267
	1.0532513856887817
	1.0531495809555054
	1.0530544519424438
	1.052963376045227
	1.0528665781021118
	1.0527781248092651
	1.0526846647262573
	1.0525821447372437
	1.0524903535842896
	1.052400827407837
	1.0523110628128052
	1.052228331565857
	1.0521458387374878
	1.052054762840271
	1.051957607269287
	1.0518624782562256
	1.0517679452896118
	1.0516760349273682
	1.0515848398208618
	1.0514854192733765
	1.0513962507247925
	1.0512967109680176
	1.0512111186981201
	1.0511231422424316
	1.0510343313217163
	1.050941824913025
	1.0508497953414917
	1.0507497787475586
	1.050647497177124
	1.0505518913269043
	1.0504543781280518
	1.0503591299057007
	1.0502662658691406
	1.0501748323440552
	1.0500800609588623
	1.0499801635742188
	1.0498919486999512
	1.0497918128967285
	1.049704909324646
	1.0496164560317993
	1.0495246648788452
	1.0494340658187866
	1.049343228340149
	1.0492500066757202
	1.0491541624069214
	1.0490567684173584
	1.0489665269851685
	1.0488781929016113
	1.0487910509109497
	1.0487054586410522
	1.0486191511154175
	1.0485355854034424
	1.0484440326690674
	1.048357605934143
	1.0482639074325562
	1.0481758117675781
	1.0480870008468628
	1.047996997833252
	1.047917127609253
	1.04783034324646
	1.047734260559082
	1.0476386547088623
	1.0475528240203857
	1.0474698543548584
	1.0473874807357788
	1.0472997426986694
	1.04720938205719
	1.0471246242523193
	1.0470389127731323
	1.0469555854797363
	1.046868920326233
	1.04677414894104
	1.0466887950897217
	1.0466052293777466
	1.0465155839920044
	1.0464316606521606
	1.0463460683822632
	1.0462586879730225
	1.0461779832839966
	1.046095609664917
	1.0460056066513062
	1.0459098815917969
	1.0458292961120605
	1.0457385778427124
	1.0456554889678955
	1.0455609560012817
	1.045472264289856
	1.045387625694275
	1.0452991724014282
	1.045212745666504
	1.0451278686523438
	1.0450462102890015
	1.044959306716919
	1.0448799133300781
	1.0447975397109985
	1.0447118282318115
	1.0446288585662842
	1.0445451736450195
	1.0444633960723877
	1.0443772077560425
	1.0442954301834106
	1.0442148447036743
	1.0441304445266724
	1.0440441370010376
	1.0439687967300415
	1.0438929796218872
	1.0438157320022583
	1.0437309741973877
	1.0436450242996216
	1.0435631275177002
	1.0434901714324951
	1.0434081554412842
	1.0433263778686523
	1.0432437658309937
	1.0431623458862305
	1.0430793762207031
	1.0429961681365967
	1.0429229736328125
	1.042840600013733
	1.042755126953125
	1.042677879333496
	1.0425955057144165
	1.0425158739089966
	1.0424426794052124
	1.0423566102981567
	1.042272686958313
	1.0421851873397827
	1.042106032371521
	1.0420280694961548
	1.0419484376907349
	1.0418716669082642
	1.0417925119400024
	1.0417115688323975
	1.0416290760040283
	1.0415412187576294
	1.0414643287658691
	1.0413899421691895
	1.0413137674331665
	1.0412311553955078
	1.0411549806594849
	1.041080355644226
	1.0409998893737793
	1.0409209728240967
	1.040846586227417
	1.0407637357711792
	1.0406897068023682
	1.0406115055084229
	1.040528416633606
	1.0404492616653442
	1.0403728485107422
	1.040295124053955
	1.0402129888534546
	1.0401350259780884
	1.0400524139404297
	1.0399806499481201
	1.0398997068405151
	1.0398170948028564
	1.0397422313690186
	1.039659023284912
	1.0395822525024414
	1.0395022630691528
	1.039423942565918
	1.0393474102020264
	1.039268970489502
	1.0392013788223267
	1.0391236543655396
	1.0390489101409912
	1.0389705896377563
	1.0388965606689453
	1.038818120956421
	1.0387399196624756
	1.0386557579040527
	1.0385732650756836
	1.0384913682937622
	1.0384137630462646
	1.038329005241394
	1.0382555723190308
	1.0381758213043213
	1.0380948781967163
	1.0380167961120605
	1.037939429283142
	1.0378596782684326
	1.0377839803695679
	1.037703514099121
	1.0376285314559937
	1.0375522375106812
	1.0374743938446045
	1.037398338317871
	1.0373201370239258
	1.0372414588928223
	1.0371626615524292
	1.0370886325836182
	1.0370041131973267
	1.0369371175765991
	1.0368620157241821
	1.0367919206619263
	1.036710262298584
	1.0366383790969849
	1.0365564823150635
	1.036476969718933
	1.036400556564331
	1.0363233089447021
	1.0362433195114136
	1.0361733436584473
	1.036097764968872
	1.036024570465088
	1.0359513759613037
	1.0358775854110718
	1.035804033279419
	1.0357160568237305
	1.035631537437439
	1.0355546474456787
	1.0354769229888916
	1.035410761833191
	1.0353411436080933
	1.0352689027786255
	1.035194754600525
	1.03511643409729
	1.035035490989685
	1.0349574089050293
	1.0348834991455078
	1.0348036289215088
	1.0347331762313843
	1.0346554517745972
	1.034582257270813
	1.0345044136047363
	1.034438133239746
	1.034364104270935
	1.034292221069336
	1.0342187881469727
	1.0341383218765259
	1.034057378768921
	1.0339869260787964
	1.0339115858078003
	1.033843755722046
	1.0337704420089722
	1.0337034463882446
	1.033625841140747
	1.0335493087768555
	1.0334725379943848
	1.0333983898162842
	1.0333226919174194
	1.0332506895065308
	1.03318452835083
	1.0331107378005981
	1.0330349206924438
	1.0329639911651611
	1.032888650894165
	1.0328187942504883
	1.0327517986297607
	1.0326802730560303
	1.0326107740402222
	1.0325360298156738
	1.0324653387069702
	1.0323939323425293
	1.0323258638381958
	1.0322556495666504
	1.0321903228759766
	1.0321123600006104
	1.0320439338684082
	1.0319751501083374
	1.0319039821624756
	1.0318350791931152
	1.0317683219909668
	1.031699538230896
	1.0316303968429565
	1.0315582752227783
	1.0314829349517822
	1.0314149856567383
	1.0313462018966675
	1.0312789678573608
	1.0312076807022095
	1.0311297178268433
	1.031059980392456
	1.0309836864471436
	1.0309183597564697
	1.0308524370193481
	1.0307821035385132
	1.0307129621505737
	1.0306435823440552
	1.0305769443511963
	1.0305092334747314
	1.0304375886917114
	1.0303668975830078
	1.03030264377594
	1.0302313566207886
	1.030161738395691
	1.0300906896591187
	1.0300157070159912
	1.0299468040466309
	1.0298813581466675
	1.0298115015029907
	1.0297445058822632
	1.0296835899353027
	1.0296227931976318
	1.0295501947402954
	1.0294795036315918
	1.0294065475463867
	1.0293363332748413
	1.0292690992355347
	1.0291988849639893
	1.0291306972503662
	1.0290642976760864
	1.0289969444274902
	1.0289332866668701
	1.0288636684417725
	1.028792142868042
	1.0287234783172607
	1.0286496877670288
	1.0285866260528564
	1.0285178422927856
	1.0284476280212402
	1.0283830165863037
	1.028319001197815
	1.0282518863677979
	1.0281847715377808
	1.0281139612197876
	1.028050184249878
	1.0279844999313354
	1.0279184579849243
	1.0278466939926147
	1.02778160572052
	1.0277177095413208
	1.0276561975479126
	1.0275955200195312
	1.027532696723938
	1.027463436126709
	1.0273945331573486
	1.0273317098617554
	1.027262568473816
	1.0271906852722168
	1.027127742767334
	1.0270601511001587
	1.0269919633865356
	1.0269291400909424
	1.0268608331680298
	1.0267953872680664
	1.0267287492752075
	1.0266629457473755
	1.0265966653823853
	1.0265333652496338
	1.0264670848846436
	1.0263992547988892
	1.0263370275497437
	1.0262811183929443
	1.0262181758880615
	1.0261509418487549
	1.0260788202285767
	1.0260026454925537
	1.025938868522644
	1.0258804559707642
	1.025807499885559
	1.0257359743118286
	1.0256738662719727
	1.025611162185669
	1.025551199913025
	1.02548348903656
	1.0254195928573608
	1.0253610610961914
	1.0253045558929443
	1.0252366065979004
	1.0251752138137817
	1.0251137018203735
	1.0250489711761475
	1.0249812602996826
	1.0249272584915161
	1.0248695611953735
	1.0248116254806519
	1.0247526168823242
	1.024688720703125
	1.0246213674545288
	1.0245574712753296
	1.0244978666305542
	1.02443265914917
	1.0243717432022095
	1.0243126153945923
	1.0242477655410767
	1.024185299873352
	1.0241228342056274
	1.0240535736083984
	1.023986577987671
	1.0239169597625732
	1.0238571166992188
	1.0237939357757568
	1.0237293243408203
	1.0236724615097046
	1.0236071348190308
	1.023547649383545
	1.0234801769256592
	1.0234118700027466
	1.023347020149231
	1.0232864618301392
	1.0232268571853638
	1.0231592655181885
	1.0230954885482788
	1.0230278968811035
	1.0229700803756714
	1.0229002237319946
	1.0228369235992432
	1.0227736234664917
	1.0227129459381104
	1.0226577520370483
	1.0225950479507446
	1.0225404500961304
	1.0224744081497192
	1.0224107503890991
	1.0223509073257446
	1.022289514541626
	1.0222280025482178
	1.022169589996338
	1.022099256515503
	1.0220441818237305
	1.021984577178955
	1.0219208002090454
	1.0218614339828491
	1.0217998027801514
	1.0217375755310059
	1.021673560142517
	1.0216072797775269
	1.0215518474578857
	1.0214946269989014
	1.0214303731918335
	1.0213665962219238
	1.0213109254837036
	1.0212527513504028
	1.0211975574493408
	1.0211312770843506
	1.0210665464401245
	1.0209989547729492
	1.0209407806396484
	1.0208795070648193
	1.0208228826522827
	1.0207641124725342
	1.0207006931304932
	1.0206453800201416
	1.0205878019332886
	1.0205247402191162
	1.0204660892486572
	1.0204086303710938
	1.0203537940979004
	1.0202966928482056
	1.0202444791793823
	1.0201867818832397
	1.0201339721679688
	1.0200755596160889
	1.020012378692627
	1.019958734512329
	1.0198960304260254
	1.0198403596878052
	1.019783616065979
	1.0197255611419678
	1.0196704864501953
	1.0196151733398438
	1.0195564031600952
	1.0194940567016602
	1.0194337368011475
	1.0193772315979004
	1.019322156906128
	1.0192621946334839
	1.0191994905471802
	1.0191433429718018
	1.019086480140686
	1.0190303325653076
	1.0189751386642456
	1.0189110040664673
	1.0188555717468262
	1.0188002586364746
	1.0187443494796753
	1.0186741352081299
	1.0186141729354858
	1.0185590982437134
	1.018509030342102
	1.0184475183486938
	1.0183895826339722
	1.018335223197937
	1.018276572227478
	1.0182218551635742
	1.0181688070297241
	1.018110752105713
	1.0180565118789673
	1.0180013179779053
	1.017945408821106
	1.0178959369659424
	1.0178407430648804
	1.0177849531173706
	1.0177286863327026
	1.0176780223846436
	1.0176234245300293
	1.0175721645355225
	1.0175200700759888
	1.0174607038497925
	1.0174000263214111
	1.0173460245132446
	1.017292857170105
	1.0172362327575684
	1.0171802043914795
	1.0171352624893188
	1.0170769691467285
	1.0170187950134277
	1.0169626474380493
	1.0169017314910889
	1.016852855682373
	1.0167957544326782
	1.0167464017868042
	1.0166857242584229
	1.0166282653808594
	1.016573190689087
	1.016534686088562
	1.0164810419082642
	1.0164283514022827
	1.0163730382919312
	1.0163191556930542
	1.0162686109542847
	1.0162105560302734
	1.016148567199707
	1.0160919427871704
	1.016044020652771
	1.015988826751709
	1.0159294605255127
	1.015879511833191
	1.0158318281173706
	1.0157817602157593
	1.0157300233840942
	1.015676498413086
	1.0156241655349731
	1.0155683755874634
	1.015511155128479
	1.0154626369476318
	1.0154075622558594
	1.0153526067733765
	1.0153006315231323
	1.0152480602264404
	1.015197992324829
	1.0151392221450806
	1.0150809288024902
	1.0150339603424072
	1.0149810314178467
	1.0149275064468384
	1.0148648023605347
	1.014818549156189
	1.0147675275802612
	1.0147132873535156
	1.01465904712677
	1.0146106481552124
	1.014549970626831
	1.0145020484924316
	1.0144565105438232
	1.014404058456421
	1.0143585205078125
	1.0143057107925415
	1.014250636100769
	1.014200210571289
	1.014146327972412
	1.0140928030014038
	1.014040470123291
	1.01398503780365
	1.013938069343567
	1.0138846635818481
	1.0138345956802368
	1.013787031173706
	1.013735055923462
	1.013687252998352
	1.0136346817016602
	1.0135836601257324
	1.0135360956192017
	1.0134893655776978
	1.013433814048767
	1.0133800506591797
	1.0133270025253296
	1.0132830142974854
	1.0132341384887695
	1.013183832168579
	1.01313054561615
	1.01308012008667
	1.0130332708358765
	1.0129849910736084
	1.0129342079162598
	1.0128777027130127
	1.012825846672058
	1.012777328491211
	1.012723684310913
	1.0126694440841675
	1.012618899345398
	1.0125665664672852
	1.0125168561935425
	1.012465238571167
	1.012417197227478
	1.012369990348816
	1.0123239755630493
	1.0122755765914917
	1.012222409248352
	1.0121667385101318
	1.0121169090270996
	1.0120617151260376
	1.012010097503662
	1.011967420578003
	1.0119158029556274
	1.0118613243103027
	1.0118218660354614
	1.0117809772491455
	1.0117337703704834
	1.0116840600967407
	1.0116392374038696
	1.011595606803894
	1.0115450620651245
	1.0114978551864624
	1.0114545822143555
	1.0114085674285889
	1.011361002922058
	1.0113096237182617
	1.0112513303756714
	1.0112013816833496
	1.0111587047576904
	1.0111057758331299
	1.0110660791397095
	1.0110242366790771
	1.0109745264053345
	1.010921597480774
	1.010868787765503
	1.0108224153518677
	1.010764241218567
	1.0107148885726929
	1.0106618404388428
	1.0106145143508911
	1.0105658769607544
	1.0105221271514893
	1.010469913482666
	1.0104191303253174
	1.0103763341903687
	1.010331392288208
	1.0102819204330444
	1.0102382898330688
	1.0101984739303589
	1.0101499557495117
	1.0101041793823242
	1.0100635290145874
	1.0100113153457642
	1.0099626779556274
	1.0099130868911743
	1.0098625421524048
	1.0098212957382202
	1.0097700357437134
	1.00972318649292
	1.0096771717071533
	1.0096334218978882
	1.009587287902832
	1.0095411539077759
	1.0094921588897705
	1.0094398260116577
	1.0093940496444702
	1.0093488693237305
	1.0093045234680176
	1.00926673412323
	1.0092198848724365
	1.0091699361801147
	1.0091266632080078
	1.0090831518173218
	1.009031891822815
	1.0089815855026245
	1.008942723274231
	1.0088962316513062
	1.008850336074829
	1.0088049173355103
	1.008758544921875
	1.0087101459503174
	1.0086677074432373
	1.0086241960525513
	1.0085772275924683
	1.0085248947143555
	1.008474349975586
	1.0084302425384521
	1.0083842277526855
	1.0083483457565308
	1.008307933807373
	1.0082647800445557
	1.0082179307937622
	1.0081756114959717
	1.0081357955932617
	1.0080883502960205
	1.0080441236495972
	1.007999062538147
	1.0079567432403564
	1.0079066753387451
	1.0078574419021606
	1.0078154802322388
	1.007773756980896
	1.0077286958694458
	1.0076857805252075
	1.0076464414596558
	1.0076005458831787
	1.0075560808181763
	1.007519245147705
	1.0074776411056519
	1.0074325799942017
	1.0073943138122559
	1.0073529481887817
	1.0073106288909912
	1.0072705745697021
	1.0072294473648071
	1.0071817636489868
	1.0071415901184082
	1.007097840309143
	1.0070542097091675
	1.0070074796676636
	1.0069712400436401
	1.0069211721420288
	1.006877064704895
	1.006833553314209
	1.0067903995513916
	1.0067431926727295
	1.0067042112350464
	1.0066667795181274
	1.0066241025924683
	1.006587266921997
	1.0065410137176514
	1.0065033435821533
	1.0064588785171509
	1.0064188241958618
	1.0063787698745728
	1.0063334703445435
	1.0062841176986694
	1.0062408447265625
	1.0061997175216675
	1.006156086921692
	1.006111979484558
	1.0060690641403198
	1.0060248374938965
	1.0059890747070312
	1.0059503316879272
	1.005915880203247
	1.005873203277588
	1.0058284997940063
	1.005795955657959
	1.0057661533355713
	1.005724549293518
	1.005687952041626
	1.0056463479995728
	1.0056121349334717
	1.0055742263793945
	1.0055334568023682
	1.005493402481079
	1.005455732345581
	1.00541353225708
	1.0053789615631104
	1.0053423643112183
	1.005303978919983
	1.0052589178085327
	1.0052146911621094
	1.0051687955856323
	1.005127191543579
	1.0050798654556274
	1.005043864250183
	1.005007028579712
	1.0049667358398438
	1.0049313306808472
	1.0048917531967163
	1.004860758781433
	1.0048178434371948
	1.004776954650879
	1.0047401189804077
	1.0047001838684082
	1.0046623945236206
	1.0046244859695435
	1.0045890808105469
	1.004556655883789
	1.0045212507247925
	1.0044841766357422
	1.0044487714767456
	1.0044076442718506
	1.004366159439087
	1.0043306350708008
	1.0042928457260132
	1.0042599439620972
	1.0042214393615723
	1.0041847229003906
	1.0041444301605225
	1.0041056871414185
	1.0040613412857056
	1.004018783569336
	1.0039819478988647
	1.0039409399032593
	1.0039006471633911
	1.0038533210754395
	1.0038154125213623
	1.0037815570831299
	1.0037407875061035
	1.0037035942077637
	1.0036641359329224
	1.003620982170105
	1.0035834312438965
	1.0035464763641357
	1.0035102367401123
	1.0034772157669067
	1.0034375190734863
	1.0033950805664062
	1.0033613443374634
	1.0033243894577026
	1.0032809972763062
	1.0032459497451782
	1.0032055377960205
	1.003174066543579
	1.0031369924545288
	1.00310480594635
	1.0030666589736938
	1.0030267238616943
	1.0029854774475098
	1.0029444694519043
	1.0029059648513794
	1.0028680562973022
	1.0028280019760132
	1.002789855003357
	1.002751111984253
	1.0027159452438354
	1.0026817321777344
	1.002648949623108
	1.0026103258132935
	1.0025779008865356
	1.0025396347045898
	1.0025017261505127
	1.0024609565734863
	1.002419352531433
	1.002377986907959
	1.0023441314697266
	1.0022984743118286
	1.0022590160369873
	1.0022212266921997
	1.0021904706954956
	1.0021613836288452
	1.0021291971206665
	1.0020928382873535
	1.0020549297332764
	1.0020198822021484
	1.0019869804382324
	1.0019537210464478
	1.0019129514694214
	1.0018761157989502
	1.001839518547058
	1.0018030405044556
	1.0017672777175903
	1.0017321109771729
	1.0016955137252808
	1.0016615390777588
	1.0016220808029175
	1.0015790462493896
	1.0015455484390259
	1.0015116930007935
	1.0014770030975342
	1.001444697380066
	1.0014111995697021
	1.0013728141784668
	1.0013408660888672
	1.0013025999069214
	1.0012667179107666
	1.0012282133102417
	1.0011905431747437
	1.0011626482009888
	1.00113046169281
	1.0010955333709717
	1.0010579824447632
	1.0010212659835815
	1.0009894371032715
	1.0009548664093018
	1.0009164810180664
	1.0008769035339355
	1.0008432865142822
	1.0008102655410767
	1.0007750988006592
	1.000739336013794
	1.0007110834121704
	1.0006810426712036
	1.0006436109542847
	1.000619888305664
	1.0005813837051392
	1.0005531311035156
	1.0005223751068115
	1.0004931688308716
	1.0004600286483765
	1.0004246234893799
	1.000396728515625
	1.0003643035888672
	1.0003266334533691
	1.0002952814102173
	1.0002648830413818
	1.0002377033233643
	1.0002083778381348
	1.0001721382141113
	1.0001451969146729
	1.0001109838485718
	1.0000859498977661
	1.0000542402267456
	1.0000275373458862
	0.9999957084655762
	0.9999613165855408
	0.9999308586120605
	0.9998984932899475
	0.9998607039451599
	0.9998307824134827
	0.999799370765686
	0.9997689723968506
	0.999731183052063
	0.999697208404541
	0.9996617436408997
	0.9996258020401001
	0.9995974898338318
	0.9995684623718262
	0.9995359182357788
	0.9995035529136658
	0.9994726777076721
	0.9994387626647949
	0.9994071125984192
	0.9993801116943359
	0.999348521232605
	0.9993147850036621
	0.9992783069610596
	0.999242901802063
	0.9992145299911499
	0.9991767406463623
	0.9991518259048462
	0.9991264343261719
	0.9990991353988647
	0.9990668296813965
	0.9990344643592834
	0.9990114569664001
	0.9989795684814453
	0.9989520907402039
	0.9989185929298401
	0.9988914132118225
	0.9988613128662109
	0.9988301396369934
	0.9988014101982117
	0.9987691044807434
	0.998732328414917
	0.998696506023407
	0.9986634850502014
	0.9986326098442078
	0.998602569103241
	0.9985713362693787
	0.9985445737838745
	0.9985162019729614
	0.9984785318374634
	0.9984513521194458
	0.9984194040298462
	0.9983842968940735
	0.9983540773391724
	0.9983283281326294
	0.9983037114143372
	0.9982734322547913
	0.998246967792511
	0.9982195496559143
	0.9981876015663147
	0.9981576800346375
	0.9981269836425781
	0.9981015920639038
	0.9980732202529907
	0.9980419278144836
	0.9980076551437378
	0.9979768991470337
	0.9979441165924072
	0.9979069828987122
	0.9978792667388916
	0.9978464245796204
	0.9978166818618774
	0.997783899307251
	0.997759222984314
	0.9977306127548218
	0.9977022409439087
	0.9976747035980225
	0.9976552128791809
	0.9976212382316589
	0.9975975155830383
	0.9975709915161133
	0.9975453019142151
	0.9975153803825378
	0.9974876046180725
	0.9974552989006042
	0.9974223971366882
	0.9973952770233154
	0.9973649382591248
	0.9973388910293579
	0.9973106980323792
	0.997278094291687
	0.9972513318061829
	0.997222900390625
	0.9971960186958313
	0.9971638917922974
	0.997130274772644
	0.997103750705719
	0.9970766305923462
	0.9970507621765137
	0.9970225095748901
	0.996998131275177
	0.9969688057899475
	0.9969364404678345
	0.9969093203544617
	0.9968827962875366
	0.9968572854995728
	0.9968270659446716
	0.9967979788780212
	0.996778130531311
	0.9967525005340576
	0.9967272281646729
	0.9966999888420105
	0.9966723322868347
	0.9966469407081604
	0.9966138601303101
	0.9965890049934387
	0.9965566992759705
	0.996526300907135
	0.996497631072998
	0.9964712262153625
	0.9964494109153748
	0.9964222311973572
	0.9963977932929993
	0.9963728785514832
	0.9963468313217163
	0.9963182210922241
	0.9962937831878662
	0.9962639808654785
	0.9962363839149475
	0.9962121248245239
	0.9961875677108765
	0.9961612820625305
	0.9961373805999756
	0.9961107969284058
	0.9960897564888
	0.9960545897483826
	0.9960243701934814
	0.9959914684295654
	0.9959753155708313
	0.9959564805030823
	0.995930552482605
	0.9959104061126709
	0.9958872199058533
	0.9958648085594177
	0.9958346486091614
	0.9957994818687439
	0.9957696795463562
	0.9957453608512878
	0.995714545249939
	0.9956929683685303
	0.9956637620925903
	0.9956350326538086
	0.9956116080284119
	0.995586633682251
	0.9955584406852722
	0.9955238103866577
	0.9955018758773804
	0.9954873323440552
	0.9954648017883301
	0.9954355359077454
	0.9954138994216919
	0.9953831434249878
	0.995354175567627
	0.995329737663269
	0.9953096508979797
	0.9952834844589233
	0.9952554702758789
	0.9952328205108643
	0.9952109456062317
	0.99517822265625
	0.9951492547988892
	0.9951242208480835
	0.9950966238975525
	0.9950676560401917
	0.995041012763977
	0.9950148463249207
	0.9949936270713806
	0.9949712753295898
	0.9949477910995483
	0.9949233531951904
	0.9948980808258057
	0.9948724508285522
	0.9948492646217346
	0.9948254823684692
	0.9948018789291382
	0.9947823882102966
	0.9947600960731506
	0.9947332739830017
	0.9947126507759094
	0.9946931004524231
	0.9946675300598145
	0.9946368932723999
	0.99461829662323
	0.994587779045105
	0.9945625066757202
	0.9945368766784668
	0.9945094585418701
	0.9944843053817749
	0.9944620132446289
	0.9944354295730591
	0.9944157004356384
	0.9943920373916626
	0.9943654537200928
	0.9943463802337646
	0.9943150877952576
	0.9942892789840698
	0.9942603707313538
	0.9942350387573242
	0.9942094683647156
	0.9941850900650024
	0.9941600561141968
	0.9941313862800598
	0.9941132068634033
	0.9940845370292664
	0.9940677285194397
	0.9940457344055176
	0.9940231442451477
	0.9940031170845032
	0.9939777851104736
	0.9939485788345337
	0.9939243197441101
	0.9938971400260925
	0.9938775897026062
	0.9938523173332214
	0.9938250184059143
	0.993804931640625
	0.9937824010848999
	0.9937558174133301
	0.9937302470207214
	0.9937019944190979
	0.9936826229095459
	0.9936663508415222
	0.9936509132385254
	0.9936192631721497
	0.9935978651046753
	0.9935791492462158
	0.9935522079467773
	0.993533194065094
	0.9935137033462524
	0.9934915900230408
	0.9934698343276978
	0.9934444427490234
	0.99341881275177
	0.9933962821960449
	0.993369996547699
	0.9933497905731201
	0.9933279752731323
	0.993309736251831
	0.993289053440094
	0.9932671785354614
	0.9932463765144348
	0.9932282567024231
	0.9932061433792114
	0.9931873679161072
	0.9931676983833313
	0.993148148059845
	0.9931234121322632
	0.9931029081344604
	0.9930826425552368
	0.9930570721626282
	0.9930316209793091
	0.9930034875869751
	0.9929785132408142
	0.9929553866386414
	0.9929421544075012
	0.9929139018058777
	0.9928908348083496
	0.9928700923919678
	0.9928410053253174
	0.9928170442581177
	0.9927992224693298
	0.9927783608436584
	0.9927589893341064
	0.9927378296852112
	0.9927170276641846
	0.9927001595497131
	0.9926772117614746
	0.9926545023918152
	0.9926324486732483
	0.9926164746284485
	0.9925998449325562
	0.992570698261261
	0.9925523400306702
	0.9925291538238525
	0.9925059676170349
	0.992478609085083
	0.9924619197845459
	0.9924377799034119
	0.992424726486206
	0.9924092888832092
	0.9923895001411438
	0.9923611879348755
	0.9923409223556519
	0.9923259019851685
	0.9923024773597717
	0.9922803044319153
	0.9922587275505066
	0.9922380447387695
	0.9922098517417908
	0.992189884185791
	0.9921677112579346
	0.9921445846557617
	0.9921291470527649
	0.992111325263977
	0.992091953754425
	0.9920682311058044
	0.9920491576194763
	0.9920254945755005
	0.9920064210891724
	0.9919864535331726
	0.9919680953025818
	0.9919465184211731
	0.9919273257255554
	0.9919077754020691
	0.9918878078460693
	0.9918685555458069
	0.9918514490127563
	0.9918318390846252
	0.9918155074119568
	0.9917977452278137
	0.9917719960212708
	0.9917517900466919
	0.9917268753051758
	0.9917030334472656
	0.9916796684265137
	0.9916692972183228
	0.9916453957557678
	0.991627037525177
	0.9916144609451294
	0.9915990233421326
	0.9915803074836731
	0.9915592074394226
	0.9915366768836975
	0.9915183782577515
	0.9914958477020264
	0.9914731979370117
	0.9914528131484985
	0.9914311170578003
	0.991421103477478
	0.9913991093635559
	0.9913778901100159
	0.9913650155067444
	0.9913480877876282
	0.9913283586502075
	0.9913106560707092
	0.9912897944450378
	0.9912688732147217
	0.9912511110305786
	0.9912354350090027
	0.9912167191505432
	0.9912058115005493
	0.9911837577819824
	0.9911567568778992
	0.9911386370658875
	0.991121232509613
	0.9911012053489685
	0.9910799860954285
	0.9910616874694824
	0.9910433292388916
	0.9910225868225098
	0.9910109639167786
	0.9909902811050415
	0.9909761548042297
	0.9909612536430359
	0.9909496307373047
	0.9909288883209229
	0.9909079074859619
	0.990900456905365
	0.9908814430236816
	0.9908586144447327
	0.9908466339111328
	0.9908233284950256
	0.9908053874969482
	0.9907850623130798
	0.9907658696174622
	0.9907512664794922
	0.990729808807373
	0.9907176494598389
	0.9906972646713257
	0.990679919719696
	0.9906638860702515
	0.9906455874443054
	0.9906303286552429
	0.9906167984008789
	0.9905964136123657
	0.9905840754508972
	0.9905678629875183
	0.9905472993850708
	0.9905317425727844
	0.9905062317848206
	0.9904825687408447
	0.9904616475105286
	0.9904372096061707
	0.9904190897941589
	0.9903997778892517
	0.9903810620307922
	0.9903615117073059
	0.9903391599655151
	0.9903289079666138
	0.9903104901313782
	0.9902908205986023
	0.9902772307395935
	0.9902611374855042
	0.9902446866035461
	0.9902321100234985
	0.9902254939079285
	0.9902098774909973
	0.9901860952377319
	0.9901764988899231
	0.9901569485664368
	0.9901381134986877
	0.9901227355003357
	0.990106463432312
	0.9900834560394287
	0.9900674819946289
	0.9900546073913574
	0.9900372624397278
	0.9900248050689697
]