[
	0.7988812327384949
	0.7986776232719421
	0.7985095977783203
	0.7983061075210571
	0.7981115579605103
	0.7979151606559753
	0.7977513670921326
	0.7975788712501526
	0.7973987460136414
	0.7972360253334045
	0.7970716953277588
	0.7968881726264954
	0.7967103123664856
	0.7965328097343445
	0.7963519096374512
	0.7961573600769043
	0.7960070371627808
	0.795824408531189
	0.7956503629684448
	0.7954676151275635
	0.7952994704246521
	0.795120120048523
	0.794970691204071
	0.7948123216629028
	0.7946335077285767
	0.7944642305374146
	0.7943070530891418
	0.7941363453865051
	0.7939658761024475
	0.7937973141670227
	0.7936115860939026
	0.7934454083442688
	0.793256938457489
	0.7930645942687988
	0.7928923964500427
	0.792743444442749
	0.7925575375556946
	0.7923842668533325
	0.7922159433364868
	0.792039155960083
	0.7918540239334106
	0.7917149066925049
	0.7915441989898682
	0.7913718223571777
	0.7911919355392456
	0.7910287380218506
	0.790881335735321
	0.7907218337059021
	0.7905394434928894
	0.7903846502304077
	0.7902290225028992
	0.7900516986846924
	0.7898977994918823
	0.7897511124610901
	0.789572536945343
	0.7894078493118286
	0.7892526388168335
	0.7891011834144592
	0.7889357209205627
	0.7887666821479797
	0.7886033654212952
	0.7884510159492493
	0.7882968783378601
	0.7881436347961426
	0.7879902124404907
	0.7878186702728271
	0.7876622676849365
	0.7875290513038635
	0.7873873710632324
	0.7872297167778015
	0.7871065735816956
	0.7869551777839661
	0.7868033647537231
	0.786657452583313
	0.7865089774131775
	0.7863789200782776
	0.7862342000007629
	0.7860679030418396
	0.785926878452301
	0.7857778072357178
	0.7856249213218689
	0.7854743003845215
	0.7853474020957947
	0.7852063179016113
	0.7850455641746521
	0.7848976850509644
	0.7847573161125183
	0.7846344709396362
	0.7844616174697876
	0.7843075394630432
	0.7841804027557373
	0.784048855304718
	0.7839095592498779
	0.7837885618209839
	0.7836637496948242
	0.7835456728935242
	0.783420979976654
	0.7832797765731812
	0.7831267714500427
	0.7829781770706177
	0.782841145992279
	0.7827074527740479
	0.7825745940208435
	0.7824336290359497
	0.782293975353241
	0.7821565270423889
	0.7820144891738892
	0.7818990349769592
	0.781761884689331
	0.7816480398178101
	0.7815382480621338
	0.7814353704452515
	0.7812955975532532
	0.7811755537986755
	0.7810550928115845
	0.7809368968009949
	0.7808274030685425
	0.7807126045227051
	0.7805899381637573
	0.7804860472679138
	0.780363917350769
	0.7802395224571228
	0.7801135778427124
	0.7799884676933289
	0.7798805236816406
	0.7797561287879944
	0.7796056866645813
	0.7794623970985413
	0.7793336510658264
	0.7792089581489563
	0.7791284322738647
	0.7790019512176514
	0.7789015769958496
	0.7787878513336182
	0.7786648869514465
	0.7785620093345642
	0.7784585952758789
	0.7783276438713074
	0.778215229511261
	0.7780864834785461
	0.7779703140258789
	0.7778646349906921
	0.777759313583374
	0.7776589393615723
	0.7775490283966064
	0.7774445414543152
	0.7773372530937195
	0.7772455215454102
	0.7771320343017578
	0.7770178318023682
	0.7769107818603516
	0.776803195476532
	0.7766757011413574
	0.776570200920105
	0.7764754891395569
	0.7763581871986389
	0.7762565612792969
	0.7761388421058655
	0.7760437726974487
	0.7759518027305603
	0.7758676409721375
	0.7757748365402222
	0.7756728529930115
	0.7755876779556274
	0.775499165058136
	0.7753773927688599
	0.7753043174743652
	0.7752075791358948
	0.7750964164733887
	0.7749732732772827
	0.7748503088951111
	0.7747236490249634
	0.774620771408081
	0.7745367288589478
	0.7744489908218384
	0.7743562459945679
	0.7742597460746765
	0.7741531729698181
	0.7740558981895447
	0.7739614248275757
	0.773857593536377
	0.7737478613853455
	0.7736706733703613
	0.7735877633094788
	0.7734898924827576
	0.7733893990516663
	0.7733064293861389
	0.7732067108154297
	0.7730856537818909
	0.7729920148849487
	0.7729040384292603
	0.7728060483932495
	0.7727240324020386
	0.7726319432258606
	0.7725584506988525
	0.7724717259407043
	0.7723841667175293
	0.7722836136817932
	0.7721885442733765
	0.7721062302589417
	0.7720291018486023
	0.771943211555481
	0.7718680500984192
	0.7717810273170471
	0.7716869115829468
	0.7715947031974792
	0.7715175151824951
	0.7714360356330872
	0.7713456749916077
	0.771252453327179
	0.7711694240570068
	0.7710801959037781
	0.7709987163543701
	0.7709096074104309
	0.7708371877670288
	0.7707524299621582
	0.770680844783783
	0.7705820202827454
	0.7704941034317017
	0.7704193592071533
	0.7703436613082886
	0.7702643871307373
	0.7701912522315979
	0.770107090473175
	0.7700329422950745
	0.7699506282806396
	0.7698716521263123
	0.7697868943214417
	0.7697167992591858
	0.7696352601051331
	0.7695521116256714
	0.769474446773529
	0.7694008350372314
	0.7693163752555847
	0.7692359685897827
	0.7691782712936401
	0.769106388092041
	0.7690220475196838
	0.7689492106437683
	0.7688759565353394
	0.7687884569168091
	0.7687100172042847
	0.768627941608429
	0.7685571908950806
	0.768489420413971
	0.7684122920036316
	0.7683313488960266
	0.7682573795318604
	0.768181562423706
	0.7680970430374146
	0.7680203914642334
	0.7679442763328552
	0.767873227596283
	0.7677936553955078
	0.767723798751831
	0.7676572203636169
	0.7675813436508179
	0.7675201892852783
	0.7674455642700195
	0.7673814296722412
	0.7673183083534241
	0.7672560214996338
	0.7671689391136169
	0.7670878767967224
	0.7670285105705261
	0.7669645547866821
	0.7669052481651306
	0.7668151259422302
	0.7667399048805237
	0.7666769027709961
	0.7666202187538147
	0.7665532231330872
	0.7664743065834045
	0.7663930654525757
	0.7663325667381287
	0.7662674784660339
	0.7661975026130676
	0.766126811504364
	0.76605224609375
	0.7659967541694641
	0.765923261642456
	0.7658528089523315
	0.765789806842804
	0.7657357454299927
	0.7656774520874023
	0.765620768070221
	0.7655524611473083
	0.7654899954795837
	0.7654250860214233
	0.7653697729110718
	0.7653101086616516
	0.7652407884597778
	0.7651779651641846
	0.7651150822639465
	0.7650593519210815
	0.7649921178817749
	0.764920711517334
	0.7648561596870422
	0.7648022174835205
	0.7647411227226257
	0.7646626830101013
	0.7645844221115112
	0.7645338177680969
	0.7644699811935425
	0.764404833316803
	0.7643603086471558
	0.7643095850944519
	0.7642525434494019
	0.7641996741294861
	0.7641550302505493
	0.7640939950942993
	0.7640443444252014
	0.7639734745025635
	0.7639132142066956
	0.7638581991195679
	0.7638067007064819
	0.7637510299682617
	0.7636873126029968
	0.7636359333992004
	0.7635830044746399
	0.7635177969932556
	0.7634664177894592
	0.7634108662605286
	0.7633624076843262
	0.7633079290390015
	0.7632326483726501
	0.7631725072860718
	0.7631097435951233
	0.7630484104156494
	0.7629844546318054
	0.7629176378250122
	0.7628617286682129
	0.7628165483474731
	0.762755811214447
	0.7626955509185791
	0.7626355290412903
	0.7625874280929565
	0.762528657913208
	0.7624841332435608
	0.7624406218528748
	0.7623843550682068
	0.7623295187950134
	0.762279212474823
	0.7622183561325073
	0.7621750831604004
	0.7621225714683533
	0.7620658874511719
	0.7620120048522949
	0.7619574666023254
	0.7619220614433289
	0.7618704438209534
	0.7618053555488586
	0.7617483735084534
	0.761703610420227
	0.7616562843322754
	0.7616105675697327
	0.7615646123886108
	0.7614961862564087
	0.7614516615867615
	0.7614165544509888
	0.7613637447357178
	0.7613032460212708
	0.7612362504005432
	0.7611894011497498
	0.7611435055732727
	0.7611023187637329
	0.7610430717468262
	0.7609758973121643
	0.7609112858772278
	0.7608546614646912
	0.760811448097229
	0.7607651948928833
	0.7607176899909973
	0.760672390460968
	0.7606137990951538
	0.7605806589126587
	0.7605316638946533
	0.7604695558547974
	0.7604200839996338
	0.7603549361228943
	0.7603127360343933
	0.7602742314338684
	0.7602280378341675
	0.7601765394210815
	0.7601363062858582
	0.7600821256637573
	0.7600317597389221
	0.7599907517433167
	0.759942352771759
	0.7598892450332642
	0.7598421573638916
	0.759787917137146
	0.7597342133522034
	0.7596920728683472
	0.7596354484558105
	0.7595972418785095
	0.759552538394928
	0.7595182657241821
	0.759465217590332
	0.7594341039657593
	0.7594030499458313
	0.759348452091217
	0.7592847347259521
	0.7592325806617737
	0.759185254573822
	0.7591328024864197
	0.7590920925140381
	0.7590524554252625
	0.7589877843856812
	0.7589171528816223
	0.7588715553283691
	0.7588276267051697
	0.7587738633155823
	0.758745014667511
	0.7586863040924072
	0.7586376667022705
	0.7585819959640503
	0.7585425972938538
	0.7584927082061768
	0.7584472894668579
	0.7583918571472168
	0.7583522796630859
	0.7583096623420715
	0.7582520246505737
	0.7582165002822876
	0.758167564868927
	0.7581308484077454
	0.7580899596214294
	0.7580512762069702
	0.7580167651176453
	0.7579891681671143
	0.7579513788223267
	0.7579084634780884
	0.7578597664833069
	0.7578266263008118
	0.7577863931655884
	0.7577435374259949
	0.7577017545700073
	0.7576679587364197
	0.75761878490448
	0.7575751543045044
	0.7575197815895081
	0.7574803233146667
	0.7574359178543091
	0.7574015259742737
	0.7573566436767578
	0.7573134899139404
	0.7572720050811768
	0.7572312355041504
	0.7571878433227539
	0.7571520805358887
	0.7571114897727966
	0.7570740580558777
	0.7570306062698364
	0.7569842338562012
	0.7569344639778137
	0.7568985223770142
	0.7568623423576355
	0.7568045258522034
	0.7567693591117859
	0.7567383050918579
	0.756691575050354
	0.7566304802894592
	0.7565916776657104
	0.7565558552742004
	0.7565099000930786
	0.756476879119873
	0.7564334869384766
	0.7564004063606262
	0.7563616037368774
	0.7563258409500122
	0.7562789916992188
	0.7562513947486877
	0.7562169432640076
	0.7561762928962708
	0.756130576133728
	0.7561115026473999
	0.75607830286026
	0.7560366988182068
	0.755998432636261
	0.7559576034545898
	0.7559235692024231
	0.7558935284614563
	0.7558584809303284
	0.7558156847953796
	0.7557668089866638
	0.7557329535484314
	0.7556940913200378
	0.7556493282318115
	0.7556111216545105
	0.7555755972862244
	0.7555311322212219
	0.7554835081100464
	0.7554505467414856
	0.7554211020469666
	0.7553778886795044
	0.7553387880325317
	0.7552965879440308
	0.755257785320282
	0.7552154064178467
	0.755177915096283
	0.7551500797271729
	0.7551000714302063
	0.7550575137138367
	0.7550198435783386
	0.75497967004776
	0.7549333572387695
	0.7548944354057312
	0.7548569440841675
	0.7548225522041321
	0.7547947764396667
	0.7547400593757629
	0.7547028064727783
	0.7546740174293518
	0.7546434998512268
	0.7546102404594421
	0.7545789480209351
	0.7545251250267029
	0.7545026540756226
	0.754460871219635
	0.7544265389442444
	0.7543814778327942
	0.7543548941612244
	0.7543195486068726
	0.7542898654937744
	0.7542627453804016
	0.7542322874069214
	0.7542113661766052
	0.7541854977607727
	0.7541477084159851
	0.7541064620018005
	0.7540847659111023
	0.754052460193634
	0.7540140151977539
	0.7539784908294678
	0.7539353370666504
	0.7538869976997375
	0.7538509368896484
	0.753822922706604
	0.7537997364997864
	0.7537805438041687
	0.7537413835525513
	0.7537047266960144
	0.7536711096763611
	0.753637969493866
	0.753606379032135
	0.7535730004310608
	0.7535487413406372
	0.7535126209259033
	0.7534838318824768
	0.7534527778625488
	0.75341796875
	0.7533923983573914
	0.7533596158027649
	0.7533270716667175
	0.7532942891120911
	0.7532526254653931
	0.7532223463058472
	0.7531942129135132
	0.7531689405441284
	0.7531306743621826
	0.7530989050865173
	0.7530661821365356
	0.7530363202095032
	0.7530032992362976
	0.7529717087745667
	0.752922773361206
	0.7528818249702454
	0.7528519034385681
	0.7528205513954163
	0.7527818083763123
	0.7527430057525635
	0.7527018189430237
	0.7526745200157166
	0.7526534795761108
	0.7526260614395142
	0.7526050209999084
	0.7525671124458313
	0.7525427341461182
	0.7524995803833008
	0.7524577379226685
	0.7524277567863464
	0.7523942589759827
	0.7523590326309204
	0.7523229122161865
	0.7523027062416077
	0.7522693872451782
	0.7522391676902771
	0.7522134780883789
	0.7521938681602478
	0.7521684169769287
	0.7521325349807739
	0.7521068453788757
	0.7520809769630432
	0.7520449161529541
	0.7520164847373962
	0.7519813179969788
	0.7519482374191284
	0.7519117593765259
	0.7518796324729919
	0.7518451809883118
	0.7518155574798584
	0.7517671585083008
	0.7517351508140564
	0.7517111301422119
	0.751676619052887
	0.7516381740570068
	0.7515978813171387
	0.7515841722488403
	0.7515565752983093
	0.7515178918838501
	0.7514944076538086
	0.7514644861221313
	0.7514330744743347
	0.7514029145240784
	0.7513871192932129
	0.7513594627380371
	0.7513395547866821
	0.7512997984886169
	0.7512690424919128
	0.7512493133544922
	0.751206636428833
	0.7511832118034363
	0.7511606812477112
	0.7511475086212158
	0.7511210441589355
	0.751069962978363
	0.7510428428649902
	0.7510199546813965
	0.750974178314209
	0.7509488463401794
	0.7509103417396545
	0.7508853077888489
	0.7508552670478821
	0.750824511051178
	0.7507908940315247
	0.7507563829421997
	0.7507181763648987
	0.7506928443908691
	0.7506593465805054
	0.750623881816864
	0.7505961656570435
	0.7505759000778198
	0.7505457997322083
	0.7505243420600891
	0.7504913210868835
	0.7504681944847107
	0.7504377961158752
	0.7504223585128784
	0.7503934502601624
	0.7503617405891418
	0.7503438591957092
	0.750324010848999
	0.7503035664558411
	0.7502808570861816
	0.7502497434616089
	0.750214695930481
	0.7501900792121887
	0.7501674294471741
	0.750139594078064
	0.7501196265220642
	0.7500812411308289
	0.7500513195991516
	0.7500064373016357
	0.7499794363975525
	0.7499545216560364
	0.7499307990074158
	0.7499008774757385
	0.7498785853385925
	0.7498490810394287
	0.7498056292533875
	0.7497826814651489
	0.7497638463973999
	0.7497377395629883
	0.7497111558914185
	0.7496750950813293
	0.7496622204780579
	0.7496383190155029
	0.7496139407157898
	0.7495758533477783
	0.749545156955719
	0.7495303153991699
	0.7495070695877075
	0.7494835257530212
	0.7494599223136902
	0.7494418025016785
	0.7494189143180847
	0.7493801712989807
	0.7493611574172974
	0.7493388056755066
	0.7493127584457397
	0.7492929697036743
	0.7492677569389343
	0.7492523789405823
	0.7492284178733826
	0.7492020726203918
	0.7491768598556519
	0.7491509914398193
	0.749133288860321
	0.7491142749786377
	0.7490907311439514
	0.7490711808204651
	0.7490478157997131
	0.7490243911743164
	0.7489990592002869
	0.7489700317382812
	0.7489498853683472
	0.7489303946495056
	0.7489160895347595
	0.7489030361175537
	0.7488818764686584
	0.7488661408424377
	0.7488484382629395
	0.7488204836845398
	0.7487948536872864
	0.7487715482711792
	0.748753547668457
	0.7487254738807678
	0.7487033605575562
	0.7486879229545593
	0.7486666440963745
	0.7486600875854492
	0.7486456036567688
	0.7486223578453064
	0.7485961318016052
	0.7485642433166504
	0.7485324144363403
	0.7485167384147644
	0.7484979033470154
	0.7484979033470154
	0.7484762668609619
	0.7484495639801025
	0.7484245300292969
	0.7484090924263
	0.7483875155448914
	0.7483605146408081
	0.7483334541320801
	0.7483116388320923
	0.7482977509498596
	0.7482735514640808
	0.748257577419281
	0.7482344508171082
	0.7482163310050964
	0.748191237449646
	0.748180091381073
	0.7481607794761658
	0.7481275200843811
	0.7480954527854919
	0.7480539679527283
	0.7480365037918091
	0.7480162382125854
	0.7479944229125977
	0.7479733228683472
	0.7479449510574341
	0.7479207515716553
	0.7479037642478943
	0.7478961944580078
	0.7478850483894348
	0.7478634119033813
	0.747831404209137
	0.7478203773498535
	0.7477995753288269
	0.7477776408195496
	0.7477551102638245
	0.7477350234985352
	0.7477177977561951
	0.7476897835731506
	0.7476614713668823
	0.7476444244384766
	0.7476280927658081
	0.7475976347923279
	0.7475849986076355
	0.7475585341453552
	0.7475433945655823
	0.747517466545105
	0.7475067973136902
	0.7474920153617859
	0.7474608421325684
	0.7474384903907776
	0.7474128603935242
	0.7474002242088318
	0.747380256652832
	0.7473630309104919
	0.7473465204238892
	0.7473249435424805
	0.7472941279411316
	0.7472804188728333
	0.7472553253173828
	0.7472314834594727
	0.747207760810852
	0.7471827268600464
	0.7471726536750793
	0.7471438646316528
	0.7471213936805725
	0.7471057176589966
	0.7470870018005371
	0.7470746040344238
	0.7470598220825195
	0.7470350861549377
	0.7470131516456604
	0.7470186352729797
	0.747006356716156
	0.7469824552536011
	0.7469626665115356
	0.7469527721405029
	0.7469462752342224
	0.7469315528869629
	0.7469220161437988
	0.7469024658203125
	0.7468852400779724
	0.7468730807304382
	0.7468485236167908
	0.7468376159667969
	0.7468172907829285
	0.7467976808547974
	0.7467727065086365
	0.7467538714408875
	0.7467358112335205
	0.7467254400253296
	0.746720016002655
	0.7466967105865479
	0.7466949224472046
	0.7466820478439331
	0.746672511100769
	0.7466388940811157
	0.746631383895874
	0.7466135025024414
	0.7465943098068237
	0.746578574180603
	0.7465815544128418
	0.7465589642524719
	0.7465497851371765
	0.7465392351150513
	0.7465221881866455
	0.7465084195137024
	0.7464927434921265
	0.7464718222618103
	0.7464512586593628
	0.746425449848175
	0.7464179396629333
	0.7464040517807007
	0.7463889122009277
	0.7463687062263489
	0.7463594079017639
	0.7463451027870178
	0.7463206648826599
	0.7462976574897766
	0.7462927103042603
	0.7462775111198425
	0.7462718486785889
	0.7462536692619324
	0.746234118938446
	0.746223509311676
	0.746210515499115
	0.7461944818496704
	0.7461914420127869
	0.7461681365966797
	0.7461510896682739
	0.7461408972740173
	0.746127724647522
	0.7461238503456116
	0.7460933923721313
	0.74607253074646
	0.7460573315620422
	0.7460330128669739
	0.7460084557533264
	0.7459903955459595
	0.7459651827812195
	0.7459497451782227
	0.7459428906440735
	0.7459313869476318
	0.7459167838096619
	0.7458922266960144
	0.7458788156509399
	0.7458697557449341
	0.7458679676055908
	0.7458583116531372
	0.7458524107933044
	0.7458314299583435
	0.7458224892616272
	0.7458149194717407
	0.7457940578460693
	0.7457833886146545
	0.7457728385925293
	0.7457631230354309
	0.7457550168037415
	0.7457540035247803
	0.7457317113876343
	0.7457190752029419
	0.7457082271575928
	0.7457064986228943
	0.7456982135772705
	0.7456780076026917
	0.7456665635108948
	0.7456594109535217
	0.7456551790237427
	0.7456434369087219
	0.7456313967704773
	0.7456151247024536
	0.7456072568893433
	0.7456012964248657
	0.7455922365188599
	0.7455803155899048
	0.745559573173523
	0.7455426454544067
	0.7455276846885681
	0.7455152273178101
	0.7455092668533325
	0.7454895377159119
	0.7454767227172852
	0.7454732060432434
	0.7454705834388733
	0.7454482316970825
	0.7454413771629333
	0.7454343438148499
	0.7454091310501099
	0.745408833026886
	0.7453962564468384
	0.7453854084014893
	0.74537593126297
	0.7453635334968567
	0.7453520894050598
	0.7453413009643555
	0.7453361749649048
	0.7453290820121765
	0.7453237175941467
	0.7453006505966187
	0.7452957034111023
	0.7452901005744934
	0.7452828884124756
	0.7452826499938965
	0.7452884912490845
	0.7452747821807861
	0.7452664971351624
	0.7452468276023865
	0.7452448606491089
	0.7452091574668884
	0.7452054023742676
	0.745212733745575
	0.7452030181884766
	0.7451927065849304
	0.7451786994934082
	0.7451673150062561
	0.745158851146698
	0.7451456785202026
	0.7451215982437134
	0.745116651058197
	0.7451154589653015
	0.7451054453849792
	0.7450911402702332
	0.745091438293457
	0.7450732588768005
	0.7450563907623291
	0.7450549006462097
	0.7450315952301025
	0.7450259327888489
	0.7450288534164429
	0.7450131177902222
	0.7450051307678223
	0.745002806186676
	0.7449952960014343
	0.7449762225151062
	0.7449566721916199
	0.7449466586112976
	0.7449353933334351
	0.744928777217865
	0.7449207901954651
	0.744901716709137
	0.744891881942749
	0.7448821067810059
	0.7448714375495911
	0.7448756694793701
	0.7448559403419495
	0.7448437213897705
	0.7448313236236572
	0.744810938835144
	0.7447953224182129
	0.7447863221168518
	0.7447781562805176
	0.7447611689567566
	0.7447555065155029
	0.7447484135627747
	0.7447392344474792
	0.74473637342453
	0.7447254061698914
	0.7447267174720764
	0.7447121739387512
	0.7447134256362915
	0.7447161078453064
	0.7447063326835632
	0.7447043657302856
	0.7446916103363037
	0.7446871995925903
	0.7446733713150024
	0.7446657419204712
	0.7446531057357788
	0.7446509003639221
	0.7446359992027283
	0.744623601436615
	0.7446169257164001
	0.7446179389953613
	0.7446101307868958
	0.7446000576019287
	0.7445860505104065
	0.7445784211158752
	0.7445663809776306
	0.7445599436759949
	0.7445479035377502
	0.7445384860038757
	0.7445375919342041
	0.7445281744003296
	0.7445195913314819
	0.7445054650306702
	0.7445091009140015
	0.7445036768913269
	0.7445039749145508
	0.744481086730957
	0.7444919943809509
	0.7444745898246765
	0.7444652915000916
	0.7444586753845215
	0.7444412112236023
	0.7444097399711609
	0.744388222694397
	0.7443720698356628
	0.7443638443946838
	0.7443603277206421
	0.7443611025810242
	0.7443581223487854
	0.7443604469299316
	0.7443476319313049
	0.7443438768386841
	0.7443283796310425
	0.7443272471427917
	0.7443174719810486
	0.7443151473999023
	0.7443181872367859
	0.7443075776100159
	0.7442957162857056
	0.7442867159843445
	0.7442898154258728
	0.7442958354949951
	0.7442958354949951
	0.7442933917045593
	0.7442854642868042
	0.7442753314971924
	0.744278609752655
	0.7442868947982788
	0.7442800998687744
	0.7442858815193176
	0.7442790269851685
	0.7442726492881775
	0.7442656755447388
	0.7442669868469238
	0.7442731857299805
	0.7442596554756165
	0.7442458271980286
	0.7442424893379211
	0.7442431449890137
	0.7442421317100525
	0.744243323802948
	0.7442384362220764
	0.7442307472229004
	0.7442262172698975
	0.7442380785942078
	0.7442228198051453
	0.7442001700401306
	0.7441861629486084
	0.7441690564155579
	0.7441549301147461
	0.7441443800926208
	0.7441393733024597
	0.744141161441803
	0.7441303730010986
	0.7441214323043823
	0.7441184520721436
	0.7441206574440002
	0.7441168427467346
	0.7441275119781494
	0.7441288232803345
	0.744127094745636
	0.7441205978393555
	0.744111180305481
	0.744117021560669
	0.7441084980964661
	0.7441153526306152
	0.7441005110740662
	0.7440787553787231
	0.7440780401229858
	0.7440720796585083
	0.744067907333374
	0.7440654039382935
	0.7440672516822815
	0.744064450263977
	0.7440597414970398
	0.7440516352653503
	0.7440476417541504
	0.744055986404419
	0.7440463304519653
	0.7440409064292908
	0.7440271377563477
	0.7440249919891357
	0.7440226078033447
	0.7440198063850403
	0.7440209984779358
	0.7440297603607178
	0.7440235018730164
	0.7440193295478821
	0.7440240979194641
	0.7440255284309387
	0.7440349459648132
	0.7440369129180908
	0.7440207600593567
	0.7440166473388672
	0.7440098524093628
	0.744001567363739
	0.7440058588981628
	0.7440027594566345
	0.7439935207366943
	0.7439921498298645
	0.7440051436424255
	0.7440019845962524
	0.7439886331558228
	0.7439744472503662
	0.7439785003662109
	0.7439809441566467
	0.743981122970581
	0.7439844608306885
	0.7439805269241333
	0.7439761161804199
	0.7439672946929932
	0.7439619302749634
	0.7439622282981873
	0.7439606189727783
	0.7439687848091125
	0.7439696788787842
	0.7439616918563843
	0.7439689636230469
	0.7439699769020081
	0.7439696192741394
	0.7439834475517273
	0.7439898252487183
	0.743986189365387
	0.7439964413642883
	0.7439936399459839
	0.7439836859703064
	0.7439739108085632
	0.743964672088623
	0.743965744972229
	0.7439573407173157
	0.7439460754394531
	0.7439389228820801
	0.7439308166503906
	0.7439455389976501
	0.743952751159668
	0.7439463138580322
	0.7439316511154175
	0.743914008140564
	0.7439064383506775
	0.7439064383506775
	0.7439097762107849
	0.7439180612564087
	0.7439099550247192
	0.7439050674438477
	0.7438921928405762
	0.7438920736312866
	0.7438869476318359
	0.7438944578170776
	0.7438944578170776
	0.7438873648643494
	0.7438837289810181
	0.7438708543777466
	0.7438730597496033
	0.7438687086105347
	0.7438623905181885
	0.7438637018203735
	0.7438682913780212
	0.743869960308075
	0.7438604235649109
	0.7438716292381287
	0.7438645958900452
	0.7438607215881348
	0.7438491582870483
	0.7438465356826782
	0.7438469529151917
	0.7438402771949768
	0.7438340783119202
	0.7438289523124695
	0.7438309788703918
	0.7438443899154663
	0.7438459992408752
	0.7438409924507141
	0.7438368797302246
	0.7438451051712036
	0.7438451051712036
	0.7438451051712036
	0.7438474893569946
	0.743839681148529
	0.7438471913337708
	0.743851900100708
	0.7438602447509766
	0.7438600659370422
	0.7438626885414124
	0.7438765168190002
	0.7438767552375793
	0.7438761591911316
	0.7438730001449585
	0.7438643574714661
	0.7438633441925049
	0.7438614964485168
	0.7438566088676453
	0.7438443899154663
	0.7438510656356812
	0.743860125541687
	0.7438541650772095
	0.7438502311706543
	0.743838906288147
	0.7438329458236694
	0.7438300251960754
	0.7438293695449829
	0.7438277006149292
	0.7438310980796814
	0.7438266277313232
	0.7438259124755859
	0.7438210248947144
	0.7438234686851501
	0.7438284158706665
	0.7438346147537231
	0.7438357472419739
	0.7438386678695679
	0.743829071521759
	0.7438328266143799
	0.7438388466835022
	0.7438452839851379
	0.7438289523124695
	0.7438294291496277
	0.743843674659729
	0.7438413500785828
	0.743850827217102
	0.7438389658927917
	0.7438356280326843
	0.7438358068466187
	0.7438391447067261
	0.7438255548477173
	0.743825376033783
	0.7438393235206604
	0.7438432574272156
	0.7438499927520752
	0.7438444495201111
	0.7438430190086365
	0.7438501119613647
	0.7438457608222961
	0.7438541650772095
	0.7438645958900452
	0.7438744306564331
	0.7438766360282898
	0.7438859343528748
	0.7438797354698181
	0.7438853979110718
	0.7438687086105347
	0.7438717484474182
	0.743855357170105
	0.7438616752624512
	0.7438730597496033
	0.7438680529594421
	0.7438666820526123
	0.7438709735870361
	0.7438877820968628
	0.7438892722129822
	0.7438850402832031
	0.7438782453536987
	0.743872344493866
	0.7438676953315735
	0.7438809871673584
	0.7438797354698181
	0.7438740730285645
	0.7438498735427856
	0.7438508868217468
	0.7438607215881348
	0.7438585758209229
	0.7438600063323975
	0.7438628077507019
	0.7438573241233826
	0.743864119052887
	0.7438532114028931
	0.7438464760780334
	0.7438397407531738
	0.7438459396362305
	0.7438409328460693
	0.7438496351242065
	0.7438622117042542
	0.7438651323318481
	0.7438704371452332
	0.7438738346099854
	0.7438811659812927
	0.7438809275627136
	0.7438809871673584
	0.74386066198349
	0.743865430355072
	0.7438744902610779
	0.7438710927963257
	0.7438690662384033
	0.7438679933547974
	0.7438674569129944
	0.7438701391220093
	0.7438774108886719
	0.7438815236091614
	0.7438775300979614
	0.7438828945159912
	0.743893027305603
	0.7438862323760986
	0.7438878417015076
	0.743898868560791
	0.7438924312591553
	0.7439047694206238
	0.7439163327217102
	0.7439110279083252
	0.7439076900482178
	0.7439113855361938
	0.7438960671424866
	0.7438895106315613
	0.7438964247703552
	0.7438806891441345
	0.7438855171203613
	0.7438862919807434
	0.7438841462135315
	0.7438836097717285
	0.7438876032829285
	0.7438909411430359
	0.7439000010490417
	0.7439014911651611
	0.7439005970954895
	0.7438989877700806
	0.7438970804214478
	0.7439074516296387
	0.7439045906066895
	0.7439135313034058
	0.7439209222793579
	0.7439218759536743
	0.7439237833023071
	0.7439176440238953
	0.743935763835907
	0.7439449429512024
	0.7439436912536621
	0.7439305782318115
	0.7439322471618652
	0.7439418435096741
	0.7439586520195007
	0.743948757648468
	0.7439463138580322
	0.7439515590667725
	0.7439695000648499
	0.7439737319946289
	0.7439769506454468
	0.7439823150634766
	0.7439904808998108
	0.743986189365387
	0.7439896464347839
	0.7439975142478943
	0.7440040111541748
	0.7440165281295776
	0.7440144419670105
	0.7440140843391418
	0.7440166473388672
	0.7440149188041687
	0.7440242767333984
	0.7440345883369446
	0.7440364360809326
	0.7440401911735535
	0.7440450191497803
	0.744037389755249
	0.7440431714057922
	0.74403315782547
	0.7440320253372192
	0.7440425753593445
	0.744025468826294
	0.7440230250358582
	0.7440201640129089
	0.7440161108970642
	0.7440203428268433
	0.7440279722213745
	0.7440263032913208
	0.7440263628959656
	0.7440329790115356
	0.7440434098243713
	0.7440524697303772
	0.7440617084503174
	0.744073212146759
	0.7440710663795471
	0.7440558075904846
	0.7440512180328369
	0.7440468668937683
	0.7440499663352966
	0.7440630793571472
	0.7440717816352844
	0.7440849542617798
	0.7440947890281677
	0.7441110610961914
	0.7441127896308899
	0.7441098690032959
	0.7441146969795227
	0.7441139221191406
	0.7441165447235107
	0.7441211342811584
	0.7441274523735046
	0.7441493272781372
	0.7441520690917969
	0.744156002998352
	0.7441635131835938
	0.744163453578949
	0.7441580295562744
	0.7441533207893372
	0.7441542744636536
	0.7441613674163818
	0.744176983833313
	0.744182825088501
	0.7441923022270203
	0.7441940903663635
	0.7442131042480469
	0.7442124485969543
	0.7442119717597961
	0.7442346811294556
	0.7442345023155212
	0.7442336082458496
	0.7442551851272583
	0.7442669868469238
	0.7442799210548401
	0.7443042993545532
	0.744307816028595
	0.7442997097969055
	0.7443068027496338
	0.7443137764930725
	0.7443172931671143
	0.7443220615386963
	0.744320273399353
	0.7443262934684753
	0.7443326115608215
	0.7443268895149231
	0.7443218231201172
	0.7443323731422424
	0.744346022605896
	0.7443470358848572
	0.7443549633026123
	0.7443488836288452
	0.7443528771400452
	0.7443556785583496
	0.744371235370636
	0.7443731427192688
	0.7443844079971313
	0.7443990111351013
	0.744404137134552
	0.7444159388542175
	0.7444307208061218
	0.7444233298301697
	0.7444078922271729
	0.7443930506706238
	0.7443936467170715
	0.7443883419036865
	0.7443882822990417
	0.7443791627883911
	0.7443751096725464
	0.7443797588348389
	0.7443802952766418
	0.7443863749504089
	0.7443960309028625
	0.7444077730178833
	0.7444084882736206
	0.7444032430648804
	0.744414210319519
	0.7444109320640564
	0.7444173693656921
	0.7444252371788025
	0.7444118857383728
	0.7444068193435669
	0.7444087862968445
	0.74440997838974
	0.7444006204605103
	0.7444077134132385
	0.7444033026695251
	0.7444064021110535
	0.7444062829017639
	0.744418740272522
	0.7444274425506592
	0.7444257736206055
	0.744422197341919
	0.7444210648536682
	0.7444145679473877
	0.7444226145744324
	0.7444359660148621
	0.7444359064102173
	0.7444459199905396
	0.7444382905960083
	0.7444396615028381
	0.7444408535957336
	0.7444491982460022
	0.744451105594635
	0.74445641040802
	0.7444562911987305
	0.7444636225700378
	0.7444767951965332
	0.7444830536842346
	0.7444748878479004
	0.7444848418235779
	0.7444974184036255
	0.7445101141929626
	0.7445183992385864
	0.7445216178894043
	0.744530975818634
	0.7445380687713623
	0.7445393204689026
	0.7445476055145264
	0.7445560097694397
	0.7445544600486755
	0.7445555925369263
	0.7445618510246277
	0.7445744276046753
	0.7446008920669556
	0.7446171641349792
	0.7446267604827881
	0.7446380853652954
	0.7446534633636475
	0.7446399331092834
	0.744644284248352
	0.7446417808532715
	0.7446499466896057
	0.7446479201316833
	0.7446497678756714
	0.744652509689331
	0.7446590662002563
	0.7446808815002441
	0.744700014591217
	0.7447046041488647
	0.7447110414505005
	0.7447003722190857
	0.744666337966919
	0.7446788549423218
	0.7446826696395874
	0.7446895241737366
	0.7446902990341187
	0.744690477848053
	0.7446919679641724
	0.7446941137313843
	0.7446990609169006
	0.7446979880332947
	0.7447083592414856
	0.7447129487991333
	0.7447115182876587
	0.7447142601013184
	0.7447183132171631
	0.744718611240387
	0.7447251081466675
	0.7447249293327332
	0.744714617729187
	0.7447285652160645
	0.7447328567504883
	0.7447301745414734
	0.7447222471237183
	0.7447159886360168
	0.744718611240387
	0.7447402477264404
	0.7447460889816284
	0.7447434067726135
	0.7447462677955627
	0.7447589039802551
	0.7447638511657715
	0.7447700500488281
	0.744769811630249
	0.7447628378868103
	0.7447720766067505
	0.744777262210846
	0.7447836995124817
	0.7447801232337952
	0.744792103767395
	0.7447925806045532
	0.7448124289512634
	0.7448216080665588
	0.7448281049728394
	0.7448290586471558
	0.7448434829711914
	0.7448493838310242
	0.7448517084121704
	0.7448591589927673
	0.7448586821556091
	0.7448758482933044
	0.7448742985725403
	0.7448742985725403
	0.7448915243148804
	0.7448868155479431
	0.7448846697807312
	0.7448867559432983
	0.7448961138725281
	0.7449063062667847
	0.7449206113815308
	0.7449229955673218
	0.7449254393577576
	0.7449288964271545
	0.7449294924736023
	0.7449309825897217
	0.744946300983429
	0.7449496984481812
	0.7449560165405273
	0.744956910610199
	0.7449494004249573
	0.7449473738670349
	0.7449556589126587
	0.7449538707733154
	0.7449697852134705
	0.7449798583984375
	0.7449797987937927
	0.7449878454208374
	0.7450007200241089
	0.7450054287910461
	0.745010256767273
	0.7450132966041565
	0.7450236678123474
	0.7450294494628906
	0.7450306415557861
	0.7450349926948547
	0.7450332045555115
	0.7450425028800964
	0.7450326085090637
	0.7450321912765503
	0.7450361251831055
	0.7450478076934814
	0.7450509071350098
	0.7450498342514038
	0.7450430393218994
	0.7450435161590576
	0.7450462579727173
	0.7450474500656128
	0.7450571656227112
	0.7450590133666992
	0.7450644969940186
	0.7450615167617798
	0.7450703382492065
	0.7450816035270691
	0.7450916171073914
	0.7451069951057434
	0.7451163530349731
	0.7451277375221252
	0.7451266050338745
	0.745138943195343
	0.7451429963111877
	0.7451394200325012
	0.7451355457305908
	0.7451459765434265
	0.7451376914978027
	0.7451303601264954
	0.7451445460319519
	0.7451533079147339
	0.7451553344726562
	0.7451659440994263
	0.7451719045639038
	0.7451727986335754
	0.7451791167259216
	0.7451695799827576
	0.7451600432395935
	0.7451635003089905
	0.7451595664024353
	0.7451664209365845
	0.7451794147491455
	0.7451915740966797
	0.7451955080032349
	0.7451943755149841
	0.7451972961425781
	0.745191216468811
	0.7451949715614319
	0.7451838850975037
	0.7451832294464111
	0.7451820373535156
	0.745178759098053
	0.7451801896095276
	0.7451708316802979
	0.7451618909835815
	0.7451659440994263
	0.7451680302619934
	0.7451702952384949
	0.7451632618904114
	0.7451863884925842
	0.7452012896537781
	0.7452027201652527
	0.745202362537384
	0.7452086806297302
	0.7452150583267212
	0.7452161908149719
	0.7452223300933838
	0.7452300786972046
	0.7452428340911865
	0.7452452778816223
	0.7452462911605835
	0.7452518939971924
	0.7452435493469238
	0.745244562625885
	0.7452537417411804
	0.7452481985092163
	0.7452543377876282
	0.7452408075332642
	0.7452497482299805
	0.7452557682991028
	0.7452606558799744
	0.7452565431594849
	0.7452548146247864
	0.7452660799026489
	0.7452688813209534
	0.7452653646469116
	0.7452624440193176
	0.7452693581581116
	0.7452713847160339
	0.7452812790870667
	0.7452896237373352
	0.7452991604804993
	0.7453031539916992
	0.7453117966651917
	0.7453184127807617
	0.7453086972236633
	0.7453083992004395
	0.7453070878982544
	0.74531489610672
	0.7453106045722961
	0.7453173398971558
	0.7453235387802124
	0.7453228235244751
	0.7453306317329407
	0.7453225255012512
	0.7453221678733826
	0.7453249096870422
	0.7453315854072571
	0.7453280687332153
	0.7453424334526062
	0.7453446388244629
	0.7453578114509583
	0.7453733682632446
	0.7453829050064087
	0.7453911900520325
	0.745406448841095
	0.7454095482826233
	0.745413064956665
	0.7454203367233276
	0.7454148530960083
	0.7454257011413574
	0.7454111576080322
	0.7454202175140381
	0.7454383373260498
	0.7454496622085571
	0.7454407811164856
	0.7454395294189453
	0.7454314231872559
	0.7454396486282349
	0.745438814163208
	0.7454302906990051
	0.745428740978241
	0.7454239130020142
	0.7454236149787903
	0.7454124093055725
	0.7454308867454529
	0.7454347610473633
	0.7454410791397095
	0.7454475164413452
	0.74545818567276
	0.7454708218574524
	0.74547278881073
	0.7454653382301331
	0.7454595565795898
	0.7454659938812256
	0.7454807162284851
	0.7454766631126404
	0.745471179485321
	0.7454680800437927
	0.7454608082771301
	0.7454555630683899
	0.7454633116722107
	0.7454577684402466
	0.7454666495323181
	0.7454779148101807
	0.7454860806465149
	0.7454984784126282
	0.7454828023910522
	0.7454928159713745
	0.7454864978790283
	0.7454898357391357
	0.7455040216445923
	0.7455138564109802
	0.7455099821090698
	0.7455130815505981
	0.7455015778541565
	0.7455093264579773
	0.7455165982246399
	0.7455243468284607
	0.7455199956893921
	0.7455165982246399
	0.7455234527587891
	0.745528519153595
	0.7455424666404724
	0.7455452084541321
	0.7455520033836365
	0.745560348033905
	0.7455726265907288
	0.7455798387527466
	0.7455919981002808
	0.7456082105636597
	0.7456135749816895
	0.7456254363059998
	0.7456174492835999
	0.7456259727478027
	0.7456320524215698
	0.7456406354904175
	0.7456414103507996
	0.7456443905830383
	0.7456484436988831
	0.745654821395874
	0.7456539273262024
	0.7456484436988831
	0.7456449866294861
	0.7456395030021667
	0.7456459999084473
	0.7456639409065247
	0.7456791996955872
	0.7456774115562439
	0.745673418045044
	0.7456772327423096
	0.7456892728805542
	0.745692253112793
	0.7457075119018555
	0.7457034587860107
	0.7457045912742615
	0.74570631980896
	0.7457114458084106
	0.7457055449485779
	0.7457043528556824
	0.7457147240638733
	0.7457253932952881
	0.7457271814346313
	0.7457178235054016
	0.7457267045974731
	0.7457325458526611
	0.7457361221313477
	0.7457441091537476
	0.7457461357116699
	0.7457454800605774
	0.745745062828064
	0.7457460165023804
	0.7457424998283386
	0.7457549571990967
	0.7457630038261414
	0.7457512617111206
	0.745741069316864
	0.74574214220047
	0.7457425594329834
	0.7457624077796936
	0.7457624077796936
	0.7457574605941772
	0.7457599639892578
	0.7457623481750488
	0.7457754611968994
	0.7457811832427979
	0.7457982897758484
	0.745809018611908
	0.7458121180534363
	0.7458141446113586
	0.7458201050758362
	0.7458255290985107
	0.7458398342132568
	0.7458458542823792
	0.7458493113517761
	0.7458434700965881
	0.7458381056785583
	0.745834231376648
	0.7458279132843018
	0.7458268404006958
	0.7458138465881348
	0.7458195090293884
	0.7458102703094482
	0.7458159327507019
	0.7458212971687317
	0.7458369135856628
	0.7458456158638
	0.745846688747406
	0.7458599209785461
	0.745864987373352
	0.7458743453025818
	0.745878279209137
	0.7458775639533997
	0.7458778619766235
	0.745879054069519
	0.7458763122558594
	0.7458793520927429
	0.7458890080451965
	0.7459018230438232
	0.7458985447883606
	0.7459002733230591
	0.7459037899971008
	0.7459142208099365
	0.7459171414375305
	0.7459151148796082
	0.7459268569946289
	0.745940625667572
	0.7459366917610168
	0.7459355592727661
	0.7459408640861511
	0.745955765247345
	0.7459659576416016
	0.7459694743156433
	0.7459856271743774
	0.7459688782691956
	0.7459801435470581
	0.7459810972213745
	0.7459933161735535
	0.7459919452667236
	0.7459828853607178
	0.745994508266449
	0.7460058927536011
	0.746005654335022
	0.7460076212882996
	0.7460049390792847
	0.7460137605667114
	0.7460063099861145
	0.746016800403595
	0.7460187673568726
	0.7460123896598816
	0.7460189461708069
	0.7460352182388306
	0.7460438013076782
	0.7460610866546631
	0.7460734844207764
	0.7460761070251465
	0.7460713982582092
	0.7460735440254211
	0.7460780739784241
	0.7460855841636658
	0.7460908889770508
	0.7460855841636658
	0.7460731267929077
	0.7460770606994629
	0.7460846900939941
	0.7460936903953552
	0.7460854649543762
	0.7460857033729553
	0.7460845112800598
	0.7460976839065552
	0.7460998892784119
	0.746096134185791
	0.7460923194885254
	0.7461016178131104
	0.7461022138595581
	0.7461137175559998
	0.7461192011833191
	0.7461274862289429
	0.7461435794830322
	0.7461514472961426
	0.7461594343185425
	0.7461506724357605
	0.7461589574813843
	0.7461593151092529
	0.7461588382720947
	0.7461559176445007
	0.7461641430854797
	0.7461596727371216
	0.7461658120155334
	0.7461623549461365
	0.7461632490158081
	0.746157705783844
	0.7461621165275574
	0.7461584806442261
	0.7461628317832947
	0.7461757063865662
	0.7461816072463989
	0.7461860179901123
	0.746189534664154
	0.7461861968040466
	0.7461947202682495
	0.7461985349655151
	0.7462009191513062
	0.7462083101272583
	0.7462128400802612
	0.7462159395217896
	0.7462228536605835
	0.746222198009491
	0.7462233901023865
	0.7462401986122131
	0.7462459802627563
	0.7462349534034729
	0.7462317943572998
	0.7462272644042969
	0.7462318539619446
	0.7462469935417175
	0.7462435364723206
	0.7462337613105774
	0.7462455034255981
	0.7462533116340637
	0.7462563514709473
	0.7462624907493591
	0.7462543845176697
	0.7462374567985535
	0.7462379932403564
	0.7462390065193176
	0.7462460398674011
	0.7462440133094788
	0.7462428212165833
	0.7462432384490967
	0.7462419867515564
]