[
	1.0620447397232056
	1.061912178993225
	1.0617843866348267
	1.061660647392273
	1.0615233182907104
	1.0613826513290405
	1.061254620552063
	1.0611178874969482
	1.0609850883483887
	1.0608433485031128
	1.0607202053070068
	1.060591220855713
	1.0604588985443115
	1.0603302717208862
	1.06021249294281
	1.060084342956543
	1.0599621534347534
	1.059843897819519
	1.059719204902649
	1.0595879554748535
	1.0594562292099
	1.0593318939208984
	1.0592130422592163
	1.0590925216674805
	1.0589659214019775
	1.0588428974151611
	1.0587213039398193
	1.0585952997207642
	1.058473825454712
	1.0583577156066895
	1.0582334995269775
	1.0581151247024536
	1.0579911470413208
	1.0578718185424805
	1.0577597618103027
	1.0576339960098267
	1.0575236082077026
	1.0574055910110474
	1.0572893619537354
	1.0571718215942383
	1.057056188583374
	1.0569450855255127
	1.0568219423294067
	1.056716799736023
	1.056603193283081
	1.056491494178772
	1.0563772916793823
	1.056256651878357
	1.0561326742172241
	1.0560187101364136
	1.055911898612976
	1.055802822113037
	1.055692434310913
	1.0555858612060547
	1.0554805994033813
	1.0553592443466187
	1.0552514791488647
	1.0551484823226929
	1.0550459623336792
	1.0549383163452148
	1.0548298358917236
	1.0547218322753906
	1.0546249151229858
	1.0545159578323364
	1.0544171333312988
	1.0543049573898315
	1.054201364517212
	1.0540945529937744
	1.0539960861206055
	1.0538899898529053
	1.0537828207015991
	1.0536803007125854
	1.0535820722579956
	1.053478717803955
	1.0533827543258667
	1.053277611732483
	1.0531800985336304
	1.0530864000320435
	1.05299711227417
	1.0528991222381592
	1.0528004169464111
	1.0527029037475586
	1.0526076555252075
	1.052518367767334
	1.0524218082427979
	1.0523279905319214
	1.0522369146347046
	1.0521399974822998
	1.0520480871200562
	1.051945447921753
	1.0518437623977661
	1.051747441291809
	1.0516650676727295
	1.051559567451477
	1.051461100578308
	1.0513617992401123
	1.0512771606445312
	1.0511882305145264
	1.051089882850647
	1.0509979724884033
	1.050920844078064
	1.050831913948059
	1.0507445335388184
	1.0506538152694702
	1.0505664348602295
	1.0504693984985352
	1.0503785610198975
	1.0502920150756836
	1.0501993894577026
	1.0501062870025635
	1.0500200986862183
	1.0499426126480103
	1.0498600006103516
	1.0497750043869019
	1.0496803522109985
	1.0496046543121338
	1.0495193004608154
	1.0494321584701538
	1.049342155456543
	1.0492594242095947
	1.0491793155670166
	1.0490999221801758
	1.0490071773529053
	1.048918604850769
	1.0488300323486328
	1.0487446784973145
	1.0486705303192139
	1.048596739768982
	1.048517107963562
	1.048438549041748
	1.048353910446167
	1.0482769012451172
	1.048197627067566
	1.0481085777282715
	1.0480244159698486
	1.0479459762573242
	1.047861933708191
	1.0477899312973022
	1.047710657119751
	1.0476323366165161
	1.0475479364395142
	1.0474680662155151
	1.0473856925964355
	1.0473158359527588
	1.0472451448440552
	1.0471736192703247
	1.047102689743042
	1.0470198392868042
	1.0469425916671753
	1.0468708276748657
	1.046807885169983
	1.0467299222946167
	1.0466487407684326
	1.0465786457061768
	1.046507477760315
	1.0464433431625366
	1.0463727712631226
	1.0463021993637085
	1.0462303161621094
	1.0461632013320923
	1.0460841655731201
	1.0460187196731567
	1.0459489822387695
	1.0458709001541138
	1.0457992553710938
	1.0457254648208618
	1.0456571578979492
	1.0455769300460815
	1.045507550239563
	1.04542875289917
	1.0453530550003052
	1.0452818870544434
	1.0452072620391846
	1.045135498046875
	1.0450613498687744
	1.0449899435043335
	1.0449260473251343
	1.0448664426803589
	1.0448031425476074
	1.0447436571121216
	1.0446641445159912
	1.0446010828018188
	1.0445334911346436
	1.044467806816101
	1.0444051027297974
	1.0443345308303833
	1.044260025024414
	1.0441926717758179
	1.0441168546676636
	1.044048547744751
	1.0439778566360474
	1.0439085960388184
	1.043849229812622
	1.0437829494476318
	1.0437222719192505
	1.0436677932739258
	1.0435999631881714
	1.0435378551483154
	1.043468713760376
	1.04340660572052
	1.0433545112609863
	1.0432871580123901
	1.0432220697402954
	1.0431621074676514
	1.0431010723114014
	1.043043851852417
	1.0429755449295044
	1.042911171913147
	1.0428546667099
	1.0427976846694946
	1.042730450630188
	1.0426682233810425
	1.0426162481307983
	1.042551040649414
	1.0424937009811401
	1.0424437522888184
	1.0423874855041504
	1.04232656955719
	1.0422707796096802
	1.0422167778015137
	1.0421572923660278
	1.0421086549758911
	1.0420420169830322
	1.0419795513153076
	1.0419198274612427
	1.0418668985366821
	1.0418078899383545
	1.0417490005493164
	1.0416899919509888
	1.0416346788406372
	1.0415761470794678
	1.0415185689926147
	1.0414530038833618
	1.0414175987243652
	1.041357398033142
	1.0413118600845337
	1.0412548780441284
	1.0412005186080933
	1.0411436557769775
	1.0410962104797363
	1.0410447120666504
	1.0409924983978271
	1.0409317016601562
	1.0408844947814941
	1.0408353805541992
	1.0407801866531372
	1.0407288074493408
	1.0406779050827026
	1.0406290292739868
	1.0405793190002441
	1.0405278205871582
	1.0404746532440186
	1.0404201745986938
	1.040364384651184
	1.0403165817260742
	1.0402631759643555
	1.040210247039795
	1.040166974067688
	1.0401198863983154
	1.0400779247283936
	1.0400382280349731
	1.039982795715332
	1.03992760181427
	1.0398623943328857
	1.0398149490356445
	1.039753794670105
	1.0397080183029175
	1.0396597385406494
	1.039616346359253
	1.039555549621582
	1.0395053625106812
	1.0394635200500488
	1.0394119024276733
	1.0393704175949097
	1.0393189191818237
	1.0392709970474243
	1.039221167564392
	1.0391756296157837
	1.0391261577606201
	1.0390727519989014
	1.0390362739562988
	1.038992166519165
	1.0389405488967896
	1.0388991832733154
	1.038851261138916
	1.0388026237487793
	1.038751482963562
	1.0387017726898193
	1.0386533737182617
	1.0385990142822266
	1.0385527610778809
	1.038501501083374
	1.0384670495986938
	1.038421869277954
	1.038374900817871
	1.0383309125900269
	1.038282871246338
	1.0382426977157593
	1.0381968021392822
	1.0381507873535156
	1.0381065607070923
	1.0380604267120361
	1.0380136966705322
	1.0379587411880493
	1.037920594215393
	1.0378754138946533
	1.0378327369689941
	1.0378015041351318
	1.0377625226974487
	1.037715196609497
	1.0376769304275513
	1.0376322269439697
	1.0375772714614868
	1.0375248193740845
	1.0374854803085327
	1.0374526977539062
	1.0373973846435547
	1.0373510122299194
	1.0373148918151855
	1.0372724533081055
	1.0372332334518433
	1.0371915102005005
	1.037145972251892
	1.0371133089065552
	1.0370739698410034
	1.0370385646820068
	1.0369939804077148
	1.0369510650634766
	1.0369160175323486
	1.036868691444397
	1.0368285179138184
	1.0367895364761353
	1.0367579460144043
	1.0367177724838257
	1.0366894006729126
	1.0366439819335938
	1.03661048412323
	1.0365747213363647
	1.0365400314331055
	1.0365021228790283
	1.0364630222320557
	1.0364243984222412
	1.0363757610321045
	1.036335825920105
	1.0363017320632935
	1.036270022392273
	1.0362367630004883
	1.0362004041671753
	1.0361692905426025
	1.036124587059021
	1.036083459854126
	1.0360493659973145
	1.0360163450241089
	1.0359776020050049
	1.0359382629394531
	1.0359020233154297
	1.0358670949935913
	1.0358303785324097
	1.0357975959777832
	1.035759687423706
	1.0357286930084229
	1.0356863737106323
	1.0356553792953491
	1.0356171131134033
	1.0355873107910156
	1.0355525016784668
	1.0355241298675537
	1.0354926586151123
	1.0354615449905396
	1.0354321002960205
	1.0354020595550537
	1.0353690385818481
	1.0353341102600098
	1.0353018045425415
	1.0352592468261719
	1.0352222919464111
	1.0351914167404175
	1.0351616144180298
	1.0351170301437378
	1.0350849628448486
	1.0350514650344849
	1.0350146293640137
	1.034978985786438
	1.0349537134170532
	1.0349241495132446
	1.0348832607269287
	1.0348522663116455
	1.0348223447799683
	1.034790277481079
	1.0347627401351929
	1.0347260236740112
	1.0346884727478027
	1.0346516370773315
	1.034610629081726
	1.0345717668533325
	1.03453528881073
	1.034507155418396
	1.0344737768173218
	1.0344445705413818
	1.0344185829162598
	1.034385085105896
	1.0343536138534546
	1.034320592880249
	1.0342867374420166
	1.0342518091201782
	1.0342161655426025
	1.0341875553131104
	1.034153699874878
	1.0341203212738037
	1.0340933799743652
	1.0340654850006104
	1.034033179283142
	1.0340049266815186
	1.0339678525924683
	1.0339444875717163
	1.0339114665985107
	1.0338770151138306
	1.0338455438613892
	1.0338178873062134
	1.0337871313095093
	1.0337579250335693
	1.033729910850525
	1.0337059497833252
	1.0336822271347046
	1.033645510673523
	1.0336143970489502
	1.0335874557495117
	1.0335643291473389
	1.0335317850112915
	1.0335036516189575
	1.033464789390564
	1.0334357023239136
	1.0334062576293945
	1.033374309539795
	1.033351182937622
	1.0333225727081299
	1.033294439315796
	1.033265233039856
	1.033236026763916
	1.0332083702087402
	1.0331766605377197
	1.0331573486328125
	1.033135175704956
	1.0330969095230103
	1.0330736637115479
	1.0330510139465332
	1.0330259799957275
	1.0330010652542114
	1.0329761505126953
	1.032954454421997
	1.0329270362854004
	1.0328967571258545
	1.032872200012207
	1.0328425168991089
	1.03281569480896
	1.0327907800674438
	1.032761812210083
	1.0327168703079224
	1.0326857566833496
	1.0326536893844604
	1.0326318740844727
	1.0326038599014282
	1.0325783491134644
	1.0325530767440796
	1.0325310230255127
	1.032508373260498
	1.0324814319610596
	1.0324581861495972
	1.03242826461792
	1.0324010848999023
	1.03237783908844
	1.0323468446731567
	1.0323148965835571
	1.0322902202606201
	1.0322706699371338
	1.032238245010376
	1.032212734222412
	1.0322043895721436
	1.0321789979934692
	1.0321589708328247
	1.0321364402770996
	1.032119631767273
	1.032098412513733
	1.0320864915847778
	1.032071828842163
	1.0320463180541992
	1.0320279598236084
	1.0319972038269043
	1.0319691896438599
	1.031952977180481
	1.031930685043335
	1.0319130420684814
	1.0318896770477295
	1.0318671464920044
	1.0318470001220703
	1.0318222045898438
	1.0317999124526978
	1.0317808389663696
	1.0317611694335938
	1.0317363739013672
	1.0317167043685913
	1.0316963195800781
	1.0316842794418335
	1.0316600799560547
	1.0316200256347656
	1.0315948724746704
	1.0315738916397095
	1.031549334526062
	1.0315220355987549
	1.031502366065979
	1.0314817428588867
	1.0314568281173706
	1.0314338207244873
	1.0314139127731323
	1.0313911437988281
	1.0313804149627686
	1.0313585996627808
	1.0313431024551392
	1.0313175916671753
	1.0312976837158203
	1.0312811136245728
	1.0312645435333252
	1.0312366485595703
	1.0312212705612183
	1.0311968326568604
	1.031174659729004
	1.0311468839645386
	1.0311288833618164
	1.0311057567596436
	1.031083583831787
	1.0310639142990112
	1.031043291091919
	1.0310299396514893
	1.0310066938400269
	1.0309879779815674
	1.030967354774475
	1.0309606790542603
	1.0309388637542725
	1.0309182405471802
	1.0308984518051147
	1.0308789014816284
	1.0308611392974854
	1.030835509300232
	1.0308210849761963
	1.0308023691177368
	1.0307954549789429
	1.0307751893997192
	1.0307523012161255
	1.030737042427063
	1.0307179689407349
	1.030708909034729
	1.0306835174560547
	1.0306622982025146
	1.0306413173675537
	1.0306299924850464
	1.0306155681610107
	1.0306050777435303
	1.030592441558838
	1.0305769443511963
	1.0305639505386353
	1.0305417776107788
	1.030516505241394
	1.0305006504058838
	1.030478835105896
	1.0304595232009888
	1.0304392576217651
	1.030421495437622
	1.030410647392273
	1.0303927659988403
	1.030377745628357
	1.0303597450256348
	1.0303453207015991
	1.0303328037261963
	1.0303140878677368
	1.0303012132644653
	1.0302932262420654
	1.0302714109420776
	1.0302588939666748
	1.030245304107666
	1.0302238464355469
	1.0302015542984009
	1.0301828384399414
	1.0301634073257446
	1.0301457643508911
	1.0301234722137451
	1.030112862586975
	1.030099868774414
	1.0300934314727783
	1.0300878286361694
	1.0300779342651367
	1.0300620794296265
	1.0300517082214355
	1.03004789352417
	1.0300382375717163
	1.0300202369689941
	1.03001070022583
	1.029995322227478
	1.0299792289733887
	1.0299710035324097
	1.0299497842788696
	1.0299408435821533
	1.029921054840088
	1.0299062728881836
	1.0298863649368286
	1.0298830270767212
	1.0298655033111572
	1.029856562614441
	1.0298523902893066
	1.0298398733139038
	1.0298279523849487
	1.0298134088516235
	1.02980375289917
	1.0297971963882446
	1.0297858715057373
	1.0297757387161255
	1.0297633409500122
	1.0297515392303467
	1.0297353267669678
	1.0297280550003052
	1.0297125577926636
	1.0297068357467651
	1.0296955108642578
	1.0296865701675415
	1.0296826362609863
	1.0296645164489746
	1.0296549797058105
	1.0296425819396973
	1.0296298265457153
	1.0296235084533691
	1.0296164751052856
	1.0296043157577515
	1.0295823812484741
	1.0295711755752563
	1.0295586585998535
	1.029545545578003
	1.029534935951233
	1.0295276641845703
	1.0295218229293823
	1.0295058488845825
	1.0294958353042603
	1.0294758081436157
	1.0294607877731323
	1.029449701309204
	1.029441475868225
	1.0294309854507446
	1.0294305086135864
	1.0294259786605835
	1.029412031173706
	1.029400110244751
	1.029388189315796
	1.0293869972229004
	1.0293773412704468
	1.0293667316436768
	1.029355764389038
	1.0293561220169067
	1.0293415784835815
	1.0293383598327637
	1.0293298959732056
	1.0293292999267578
	1.029312014579773
	1.029305338859558
	1.0293043851852417
	1.0293067693710327
	1.0292967557907104
	1.0292896032333374
	1.0292705297470093
	1.0292513370513916
	1.0292361974716187
	1.0292375087738037
	1.0292232036590576
	1.029219627380371
	1.0292078256607056
	1.0292025804519653
	1.029192566871643
	1.029183268547058
	1.029173731803894
	1.0291683673858643
	1.0291650295257568
	1.0291540622711182
	1.0291523933410645
	1.029142141342163
	1.0291391611099243
	1.02914297580719
	1.0291273593902588
	1.0291285514831543
	1.0291264057159424
	1.0291166305541992
	1.0291156768798828
	1.0291035175323486
	1.0290906429290771
	1.0290837287902832
	1.0290769338607788
	1.0290772914886475
	1.0290663242340088
	1.0290652513504028
	1.0290499925613403
	1.02904212474823
	1.0290343761444092
	1.0290277004241943
	1.0290251970291138
	1.0290212631225586
	1.0290206670761108
	1.0290167331695557
	1.02901029586792
	1.0290107727050781
	1.028998851776123
	1.0289791822433472
	1.0289692878723145
	1.0289703607559204
	1.0289685726165771
	1.0289676189422607
	1.0289592742919922
	1.0289514064788818
	1.0289517641067505
	1.0289487838745117
	1.0289479494094849
	1.028935432434082
	1.0289300680160522
	1.0289183855056763
	1.0289257764816284
	1.0289273262023926
	1.0289230346679688
	1.0289322137832642
	1.0289199352264404
	1.0289146900177002
	1.0289063453674316
	1.028893232345581
	1.028884768486023
	1.0288830995559692
	1.0288753509521484
	1.0288673639297485
	1.028852939605713
	1.0288596153259277
	1.0288575887680054
	1.0288583040237427
	1.0288538932800293
	1.028856873512268
	1.0288499593734741
	1.028846025466919
	1.0288517475128174
	1.0288540124893188
	1.0288584232330322
	1.0288646221160889
	1.0288530588150024
	1.0288478136062622
	1.028836965560913
	1.0288361310958862
	1.0288357734680176
	1.028834342956543
	1.0288314819335938
	1.0288350582122803
	1.0288317203521729
	1.0288326740264893
	1.0288383960723877
	1.0288442373275757
	1.0288499593734741
	1.0288490056991577
	1.0288472175598145
	1.028846025466919
	1.0288492441177368
	1.0288478136062622
	1.028835654258728
	1.0288387537002563
	1.0288403034210205
	1.0288403034210205
	1.028835654258728
	1.0288312435150146
	1.0288338661193848
	1.0288326740264893
	1.0288336277008057
	1.028835415840149
	1.0288329124450684
	1.0288420915603638
	1.0288355350494385
	1.0288316011428833
	1.0288326740264893
	1.028832197189331
	1.028828740119934
	1.0288196802139282
	1.0288236141204834
	1.0288200378417969
	1.0288138389587402
	1.0288174152374268
	1.0288121700286865
	1.028810977935791
	1.0288082361221313
	1.0288156270980835
	1.028813362121582
	1.0288256406784058
	1.0288230180740356
	1.028813362121582
	1.0288137197494507
	1.0288101434707642
	1.0288124084472656
	1.028813362121582
	1.0288172960281372
	1.0288244485855103
	1.028828501701355
	1.0288243293762207
	1.0288242101669312
	1.0288227796554565
	1.028826117515564
	1.028829574584961
	1.0288279056549072
	1.0288305282592773
	1.028818130493164
	1.028824806213379
	1.0288307666778564
	1.0288355350494385
	1.028847098350525
	1.028839111328125
	1.0288389921188354
	1.0288361310958862
	1.028839349746704
	1.0288480520248413
	1.0288612842559814
	1.0288643836975098
	1.0288681983947754
	1.0288726091384888
	1.0288695096969604
	1.0288691520690918
	1.0288804769515991
	1.0288910865783691
	1.0289024114608765
	1.0289078950881958
	1.028911828994751
	1.028907299041748
	1.0289138555526733
	1.0289191007614136
	1.0289278030395508
	1.0289331674575806
	1.0289314985275269
	1.0289266109466553
	1.0289286375045776
	1.0289406776428223
	1.0289440155029297
	1.0289583206176758
	1.028967261314392
	1.0289674997329712
	1.0289793014526367
	1.0289825201034546
	1.028991937637329
	1.028999924659729
	1.0290056467056274
	1.0290098190307617
	1.0290168523788452
	1.0290206670761108
	1.0290272235870361
	1.0290336608886719
	1.0290287733078003
	1.0290300846099854
	1.0290379524230957
	1.0290435552597046
	1.0290452241897583
	1.0290552377700806
	1.0290619134902954
	1.0290734767913818
	1.0290879011154175
	1.0291038751602173
	1.0291134119033813
	1.0291228294372559
	1.0291364192962646
	1.0291457176208496
	1.0291534662246704
	1.029152274131775
	1.0291576385498047
	1.029159426689148
	1.0291575193405151
	1.0291622877120972
	1.029158353805542
	1.0291695594787598
	1.0291677713394165
	1.0291742086410522
	1.0291807651519775
	1.0291775465011597
	1.0291903018951416
	1.0291969776153564
	1.0291920900344849
	1.029185175895691
	1.0291997194290161
	1.0292069911956787
	1.0292011499404907
	1.0292032957077026
	1.0292108058929443
	1.0292072296142578
	1.029212236404419
	1.029223918914795
	1.0292316675186157
	1.029242753982544
	1.0292540788650513
	1.0292567014694214
	1.029271125793457
	1.0292805433273315
	1.0292764902114868
	1.029287576675415
	1.0292948484420776
	1.0292918682098389
	1.0293070077896118
	1.0293142795562744
	1.0293248891830444
	1.029329776763916
	1.029346227645874
	1.0293489694595337
	1.0293514728546143
	1.0293627977371216
	1.0293668508529663
	1.0293726921081543
	1.0293785333633423
	1.0293974876403809
	1.0294114351272583
	1.0294148921966553
	1.0294233560562134
	1.0294203758239746
	1.0294232368469238
	1.0294314622879028
	1.029434323310852
	1.0294404029846191
	1.0294548273086548
	1.0294650793075562
	1.0294777154922485
	1.029482364654541
	1.029488205909729
	1.0294978618621826
	1.0295137166976929
	1.0295236110687256
	1.0295230150222778
	1.0295368432998657
	1.0295484066009521
	1.029554009437561
	1.0295584201812744
	1.0295706987380981
	1.029579997062683
	1.0295928716659546
	1.0296049118041992
	1.029619574546814
	1.02963125705719
	1.0296422243118286
	1.0296515226364136
	1.0296666622161865
	1.0296740531921387
	1.0296788215637207
	1.0296900272369385
	1.0297026634216309
	1.0297291278839111
	1.0297324657440186
	1.02973473072052
	1.0297454595565796
	1.0297574996948242
	1.0297706127166748
	1.029778242111206
	1.0297825336456299
	1.0297744274139404
	1.0297834873199463
	1.0297858715057373
	1.0297901630401611
	1.0298045873641968
	1.0298185348510742
	1.0298305749893188
	1.0298484563827515
	1.0298551321029663
	1.0298616886138916
	1.029865026473999
	1.0298758745193481
	1.0298795700073242
	1.0298858880996704
	1.0298954248428345
	1.0299029350280762
	1.0299113988876343
	1.0299211740493774
	1.0299410820007324
	1.029955506324768
	1.0299668312072754
	1.0299814939498901
	1.029998540878296
	1.0300073623657227
	1.0300153493881226
	1.0300112962722778
	1.030021071434021
	1.0300414562225342
	1.0300602912902832
	1.0300668478012085
	1.0300743579864502
	1.030073881149292
	1.0300920009613037
	1.030108094215393
	1.0301264524459839
	1.0301463603973389
	1.0301581621170044
	1.0301703214645386
	1.0301752090454102
	1.0301812887191772
	1.0301913022994995
	1.0302062034606934
	1.0302163362503052
	1.0302371978759766
	1.0302404165267944
	1.0302547216415405
	1.0302656888961792
	1.0302714109420776
	1.0302847623825073
	1.0302996635437012
	1.0303047895431519
	1.0303142070770264
	1.03032386302948
	1.0303322076797485
	1.030348300933838
	1.0303630828857422
	1.030369758605957
	1.030385971069336
	1.0303899049758911
	1.0303961038589478
	1.0304059982299805
	1.0304136276245117
	1.030420184135437
	1.0304293632507324
	1.0304553508758545
	1.0304718017578125
	1.0304811000823975
	1.0304864645004272
	1.030494213104248
	1.0304999351501465
	1.0305122137069702
	1.0305238962173462
	1.0305311679840088
	1.030545949935913
	1.0305566787719727
	1.030564308166504
	1.0305805206298828
	1.0305958986282349
	1.030612587928772
	1.0306230783462524
	1.030640959739685
	1.030644416809082
	1.0306490659713745
	1.0306637287139893
	1.0306789875030518
	1.030684471130371
	1.030696988105774
	1.0307058095932007
	1.0307215452194214
	1.030735731124878
	1.0307477712631226
	1.0307554006576538
	1.0307655334472656
	1.0307668447494507
	1.0307658910751343
	1.0307741165161133
	1.0307903289794922
	1.0308094024658203
	1.0308208465576172
	1.0308319330215454
	1.0308468341827393
	1.0308599472045898
	1.0308781862258911
	1.0308849811553955
	1.0309040546417236
	1.0309215784072876
	1.0309369564056396
	1.0309414863586426
	1.0309563875198364
	1.03097403049469
	1.0309858322143555
	1.0310055017471313
	1.0310105085372925
	1.031022548675537
	1.0310555696487427
	1.0310701131820679
	1.0310688018798828
	1.0310814380645752
	1.0310795307159424
	1.03109610080719
	1.0311123132705688
	1.031126856803894
	1.0311295986175537
	1.0311564207077026
	1.031162142753601
	1.0311695337295532
	1.0311797857284546
	1.0312004089355469
	1.0311967134475708
	1.0312119722366333
	1.03121817111969
	1.0312262773513794
	1.0312321186065674
	1.0312581062316895
	1.0312793254852295
	1.0312960147857666
	1.0313106775283813
	1.031328797340393
	1.0313422679901123
	1.0313514471054077
	1.0313680171966553
	1.031383991241455
	1.0313938856124878
	1.0314005613327026
	1.0314171314239502
	1.0314319133758545
	1.0314387083053589
	1.0314528942108154
	1.0314733982086182
	1.0314865112304688
	1.0315024852752686
	1.0315216779708862
	1.0315320491790771
	1.0315515995025635
	1.0315734148025513
	1.031587839126587
	1.0315982103347778
	1.0316224098205566
	1.0316364765167236
	1.0316619873046875
	1.0316671133041382
	1.0316821336746216
	1.031700611114502
	1.0317211151123047
	1.0317338705062866
	1.0317431688308716
	1.0317496061325073
	1.0317836999893188
	1.0318015813827515
	1.031810998916626
	1.0318171977996826
	1.0318340063095093
	1.0318514108657837
	1.0318769216537476
	1.0318856239318848
	1.0318970680236816
	1.0319077968597412
	1.031922459602356
	1.0319292545318604
	1.031944990158081
	1.0319573879241943
	1.0319747924804688
	1.0319957733154297
	1.03201162815094
	1.0320343971252441
	1.0320485830307007
	1.032065510749817
	1.032088279724121
	1.0320948362350464
	1.0321106910705566
	1.0321285724639893
	1.0321394205093384
	1.0321543216705322
	1.0321695804595947
	1.0321897268295288
	1.0322048664093018
	1.032217025756836
	1.0322479009628296
	1.0322659015655518
	1.0322825908660889
	1.0322986841201782
	1.0323059558868408
	1.032326579093933
	1.032340407371521
	1.0323594808578491
	1.032378077507019
	1.0324010848999023
	1.032416582107544
	1.0324357748031616
	1.0324482917785645
	1.0324621200561523
	1.0324779748916626
	1.032486081123352
	1.0325005054473877
	1.0325074195861816
	1.032521367073059
	1.032530665397644
	1.032538890838623
	1.0325626134872437
	1.0325653553009033
	1.032585859298706
	1.0325931310653687
	1.0326002836227417
	1.0326191186904907
	1.0326344966888428
	1.0326528549194336
	1.0326651334762573
	1.0326834917068481
	1.0327059030532837
	1.032723307609558
	1.0327372550964355
	1.0327463150024414
	1.0327707529067993
	1.0327818393707275
	1.032788872718811
	1.032812476158142
	1.0328341722488403
	1.0328431129455566
	1.0328600406646729
	1.0328651666641235
	1.0328772068023682
	1.0328929424285889
	1.0329135656356812
	1.0329300165176392
	1.0329359769821167
	1.032954216003418
	1.0329713821411133
	1.0329959392547607
	1.0330158472061157
	1.0330314636230469
	1.0330469608306885
	1.0330581665039062
	1.0330581665039062
	1.0330679416656494
	1.0330798625946045
	1.0330978631973267
	1.0331145524978638
	1.0331330299377441
	1.0331525802612305
	1.0331782102584839
	1.0331908464431763
	1.0332043170928955
	1.0332021713256836
	1.0332236289978027
	1.0332311391830444
	1.0332635641098022
	1.0332680940628052
	1.033273458480835
	1.0332839488983154
	1.0333056449890137
	1.033319354057312
	1.033327341079712
	1.0333436727523804
	1.0333619117736816
	1.0333857536315918
	1.0334099531173706
	1.0334203243255615
	1.033443808555603
	1.033453106880188
	1.033466100692749
	1.033492922782898
	1.0335206985473633
	1.033528447151184
	1.0335443019866943
	1.0335646867752075
	1.033583164215088
	1.0336014032363892
	1.033617615699768
	1.033624529838562
	1.0336403846740723
	1.0336475372314453
	1.0336666107177734
	1.0336830615997314
	1.0336863994598389
	1.0336965322494507
	1.033724069595337
	1.0337445735931396
	1.0337737798690796
	1.0337913036346436
	1.0338126420974731
	1.0338294506072998
	1.033859133720398
	1.0338727235794067
	1.0338901281356812
	1.0339044332504272
	1.0339083671569824
	1.03392493724823
	1.0339336395263672
	1.0339548587799072
	1.0339691638946533
	1.0339932441711426
	1.0340163707733154
	1.0340356826782227
	1.034045934677124
	1.0340664386749268
	1.0340862274169922
	1.0341026782989502
	1.0341280698776245
	1.0341404676437378
	1.0341652631759644
	1.0341905355453491
	1.0342212915420532
	1.0342382192611694
	1.0342597961425781
	1.0342803001403809
	1.0342934131622314
	1.03431236743927
	1.0343375205993652
	1.0343594551086426
	1.0343706607818604
	1.034395694732666
	1.0344091653823853
	1.0344212055206299
	1.0344436168670654
	1.0344616174697876
	1.0344842672348022
	1.034510612487793
	1.0345319509506226
	1.0345474481582642
	1.0345659255981445
	1.0345985889434814
	1.034616470336914
	1.0346428155899048
	1.0346530675888062
	1.0346759557724
	1.034683346748352
	1.034693717956543
	1.0347082614898682
	1.0347166061401367
	1.0347415208816528
	1.0347615480422974
	1.034778118133545
	1.0347931385040283
	1.0348049402236938
	1.034827470779419
	1.0348409414291382
	1.034855842590332
	1.0348663330078125
	1.034889817237854
	1.0348995923995972
	1.0349094867706299
	1.0349211692810059
	1.0349454879760742
	1.0349522829055786
	1.0349558591842651
	1.0349832773208618
	1.0350009202957153
	1.0350199937820435
	1.0350276231765747
	1.0350465774536133
	1.0350728034973145
	1.03509521484375
	1.035096287727356
	1.035111665725708
	1.0351080894470215
	1.0351307392120361
	1.035144567489624
	1.0351642370224
	1.0351849794387817
	1.0351966619491577
	1.0352128744125366
	1.0352332592010498
	1.0352458953857422
	1.0352637767791748
	1.0352685451507568
	1.0352954864501953
	1.0353041887283325
	1.0353257656097412
	1.0353467464447021
	1.035370111465454
	1.035388708114624
	1.0354080200195312
	1.0354257822036743
	1.035454273223877
	1.0354639291763306
	1.0354794263839722
	1.0355054140090942
	1.0355277061462402
	1.0355397462844849
	1.0355498790740967
	1.0355743169784546
	1.0355908870697021
	1.035603404045105
	1.035625696182251
	1.0356411933898926
	1.0356601476669312
	1.0356836318969727
	1.035710096359253
	1.0357115268707275
	1.0357155799865723
	1.0357402563095093
	1.0357545614242554
	1.035771131515503
	1.0357954502105713
	1.0358164310455322
	1.0358405113220215
	1.0358526706695557
	1.035872459411621
	1.0358864068984985
	1.0358959436416626
	1.0359121561050415
	1.0359396934509277
	1.0359504222869873
	1.0359737873077393
	1.0359950065612793
	1.0360006093978882
	1.036015272140503
	1.0360411405563354
	1.0360554456710815
	1.0360761880874634
	1.0360913276672363
	1.03611421585083
	1.0361409187316895
	1.0361567735671997
	1.0361754894256592
	1.0361988544464111
	1.036218285560608
	1.0362404584884644
	1.036249041557312
	1.0362659692764282
	1.0362887382507324
	1.0363154411315918
	1.0363330841064453
	1.036340355873108
	1.0363569259643555
	1.0363720655441284
	1.0363868474960327
	1.0364035367965698
	1.0364223718643188
	1.0364415645599365
	1.0364627838134766
	1.036482334136963
	1.0365004539489746
	1.0365184545516968
	1.0365486145019531
	1.0365673303604126
	1.036588430404663
	1.0366026163101196
	1.0366111993789673
	1.036630392074585
	1.0366398096084595
	1.0366617441177368
	1.0366809368133545
	1.0366955995559692
	1.0367034673690796
	1.0367271900177002
	1.0367498397827148
	1.0367659330368042
	1.0367801189422607
	1.0368045568466187
	1.0368224382400513
	1.0368456840515137
	1.036859154701233
	1.0368856191635132
	1.036897897720337
	1.036928653717041
	1.0369513034820557
	1.0369713306427002
	1.0369793176651
	1.0370041131973267
	1.0370326042175293
	1.0370460748672485
	1.0370745658874512
	1.0370889902114868
	1.0371149778366089
	1.0371290445327759
	1.037135124206543
	1.0371508598327637
	1.037170171737671
	1.037176251411438
	1.0371919870376587
	1.0372087955474854
	1.0372275114059448
	1.037245750427246
	1.0372694730758667
	1.0372778177261353
	1.0372956991195679
	1.0373090505599976
	1.037325143814087
	1.0373388528823853
	1.037352442741394
	1.0373704433441162
	1.0373775959014893
	1.0373975038528442
	1.0374187231063843
	1.0374298095703125
	1.0374475717544556
	1.0374590158462524
	1.0374748706817627
	1.0374999046325684
	1.037518858909607
	1.0375303030014038
	1.0375418663024902
	1.0375604629516602
	1.0375767946243286
	1.0375818014144897
	1.037588357925415
	1.0376101732254028
	1.037637710571289
	1.0376520156860352
	1.0376613140106201
	1.0376688241958618
	1.0376850366592407
	1.0377079248428345
	1.0377063751220703
	1.0377182960510254
	1.0377347469329834
	1.0377449989318848
	1.0377660989761353
	1.037784457206726
	1.0377763509750366
	1.0377939939498901
	1.03780996799469
	1.0378315448760986
	1.0378566980361938
	1.0378791093826294
	1.0379085540771484
	1.0379287004470825
	1.037954330444336
	1.037971019744873
	1.037979245185852
	1.0379976034164429
	1.0380158424377441
	1.038030743598938
	1.038047194480896
	1.0380581617355347
	1.0380674600601196
	1.0380852222442627
	1.0381016731262207
	1.038123369216919
	1.0381463766098022
	1.038159728050232
	1.0381889343261719
	1.0382041931152344
	1.0382262468338013
	1.0382424592971802
	1.0382598638534546
	1.0382678508758545
	1.0382872819900513
	1.0383071899414062
	1.0383293628692627
	1.0383365154266357
	1.038338303565979
	1.0383634567260742
	1.0383776426315308
	1.0383998155593872
	1.0384221076965332
	1.0384401082992554
	1.0384485721588135
	1.0384596586227417
	1.0384773015975952
	1.0384786128997803
	1.0384981632232666
	1.0385030508041382
	1.0385183095932007
	1.038543939590454
	1.038560390472412
	1.0385841131210327
	1.0385955572128296
	1.0386244058609009
	1.038638949394226
	1.0386523008346558
	1.0386723279953003
	1.038679838180542
	1.038689374923706
	1.038702368736267
	1.0387228727340698
	1.0387502908706665
	1.038758635520935
	1.0387769937515259
	1.038788914680481
	1.0388109683990479
	1.038832187652588
	1.0388550758361816
	1.0388853549957275
	1.0389049053192139
	1.038919448852539
	1.0389477014541626
	1.038952112197876
	1.038967251777649
	1.0389893054962158
	1.0390046834945679
	1.0390230417251587
	1.0390321016311646
	1.039054274559021
	1.039082646369934
	1.0390808582305908
	1.0390986204147339
	1.0391063690185547
	1.0391173362731934
	1.0391381978988647
	1.0391592979431152
	1.0391833782196045
	1.0392028093338013
	1.0392245054244995
	1.039244294166565
	1.0392651557922363
	1.0392593145370483
	1.0392754077911377
	1.039292812347412
	1.0393027067184448
	1.0393332242965698
	1.0393306016921997
	1.0393484830856323
	1.0393798351287842
	1.0393999814987183
	1.0394134521484375
	1.0394295454025269
	1.0394401550292969
	1.0394593477249146
	1.0394867658615112
	1.0394920110702515
	1.0395119190216064
	1.0395222902297974
	1.039551854133606
	1.039571762084961
	1.0395793914794922
	1.0396007299423218
	1.0396240949630737
	1.0396451950073242
	1.0396796464920044
	1.0396922826766968
	1.0396960973739624
	1.0397089719772339
	1.0397205352783203
	1.0397428274154663
	1.0397627353668213
	1.0397875308990479
	1.0398151874542236
	1.039830207824707
	1.0398476123809814
	1.0398651361465454
	1.0398787260055542
	1.0398889780044556
	1.0399107933044434
	1.0399351119995117
	1.0399446487426758
	1.0399532318115234
	1.0399632453918457
	1.0399726629257202
	1.039979100227356
	1.039992332458496
	1.040024757385254
	1.0400360822677612
	1.0400481224060059
	1.040061593055725
	1.040084958076477
	1.0401149988174438
	1.0401285886764526
	1.0401370525360107
	1.0401567220687866
	1.0401802062988281
	1.0401928424835205
	1.04020357131958
	1.0402097702026367
	1.0402275323867798
	1.0402467250823975
	1.0402672290802002
	1.0402946472167969
	1.04031503200531
	1.0403306484222412
	1.0403538942337036
	1.0403687953948975
	1.040378212928772
	1.0403823852539062
	1.0404034852981567
	1.0403931140899658
	1.0403820276260376
	1.0403956174850464
	1.0404013395309448
	1.0404078960418701
	1.040419101715088
	1.0404284000396729
	1.040444016456604
	1.0404704809188843
	1.040476679801941
	1.040492057800293
	1.040500521659851
	1.0405079126358032
	1.0405186414718628
	1.0405428409576416
	1.0405547618865967
	1.040574550628662
	1.0405888557434082
	1.0405954122543335
	1.0406122207641602
	1.040632963180542
	1.0406274795532227
	1.0406361818313599
	1.0406513214111328
	1.0406643152236938
	1.0406854152679443
	1.0406867265701294
	1.0407078266143799
	1.0407233238220215
	1.0407381057739258
	1.0407565832138062
	1.0407652854919434
	1.0407875776290894
	1.040813684463501
	1.0408295392990112
	1.040839433670044
	1.0408517122268677
	1.0408751964569092
	1.0408928394317627
	1.0408986806869507
	1.040911078453064
	1.0409228801727295
	1.0409389734268188
	1.0409409999847412
	1.0409506559371948
	1.040960431098938
	1.0409785509109497
	1.04099702835083
	1.0410081148147583
	1.0410170555114746
	1.041039228439331
	1.0410648584365845
	1.0410703420639038
	1.0410951375961304
	1.0411145687103271
	1.0411245822906494
	1.0411335229873657
	1.0411428213119507
	1.0411466360092163
	1.0411629676818848
	1.0411806106567383
	1.0411946773529053
	1.041200876235962
	1.0412160158157349
	1.0412250757217407
	1.0412383079528809
	1.0412522554397583
	1.0412518978118896
	1.041279673576355
	1.0412907600402832
	1.0413004159927368
	1.0413261651992798
	1.0413398742675781
	1.0413516759872437
	1.0413708686828613
	1.0413833856582642
	1.0413968563079834
	1.0414133071899414
	1.0414232015609741
	1.0414444208145142
	1.0414588451385498
	1.0414825677871704
	1.041496753692627
	1.0414974689483643
	1.0415208339691162
	1.0415430068969727
	1.0415462255477905
	1.0415538549423218
	1.041567087173462
	1.0415856838226318
	1.0415889024734497
	1.0416048765182495
	1.0416163206100464
	1.0416237115859985
	1.041635513305664
	1.04164719581604
	1.0416679382324219
	1.0416911840438843
	1.0417048931121826
	1.0417202711105347
	1.041731834411621
	1.041739583015442
	1.0417463779449463
	1.041756272315979
	1.0417662858963013
	1.0417817831039429
	1.0417909622192383
	1.041795253753662
	1.0418068170547485
	1.041820764541626
	1.0418318510055542
	1.0418447256088257
	1.041852593421936
	1.0418826341629028
	1.0418986082077026
	1.041914701461792
	1.0419214963912964
	1.0419392585754395
	1.0419580936431885
	1.0419634580612183
	1.041974663734436
	1.0419851541519165
	1.042006015777588
	1.0420345067977905
	1.0420435667037964
	1.0420650243759155
	1.042073130607605
	1.0420753955841064
	1.0420923233032227
	1.0420913696289062
	1.0421103239059448
	1.0421251058578491
	1.04212486743927
	1.0421411991119385
	1.0421497821807861
	1.0421615839004517
	1.0421738624572754
	1.0421946048736572
	1.0422141551971436
	1.0422240495681763
	1.0422316789627075
	1.0422414541244507
	1.0422719717025757
	1.04228675365448
	1.0423039197921753
	1.0423270463943481
	1.042344093322754
	1.042346715927124
	1.0423551797866821
	1.042370319366455
	1.0423930883407593
	1.042412519454956
	1.042425274848938
	1.0424487590789795
	1.042463779449463
	1.042467474937439
	1.0424734354019165
	1.0424917936325073
	1.0425043106079102
	1.0425227880477905
	1.0425379276275635
	1.0425468683242798
	1.0425602197647095
	1.0425631999969482
	1.042564034461975
	1.04257333278656
	1.0425912141799927
	1.0425903797149658
	1.0426034927368164
	1.0426158905029297
	1.0426329374313354
	1.0426394939422607
	1.0426533222198486
	1.0426609516143799
	1.0426652431488037
	1.0426807403564453
	1.042694091796875
	1.0426989793777466
	1.042712926864624
	1.0427263975143433
	1.042726993560791
	1.0427286624908447
	1.0427289009094238
	1.0427342653274536
	1.0427511930465698
	1.0427546501159668
	1.0427621603012085
	1.042786717414856
	1.0427861213684082
	1.0427805185317993
	1.0428022146224976
	1.0428062677383423
	1.04281485080719
	1.042820930480957
	1.0428322553634644
	1.0428433418273926
	1.04286527633667
	1.042878270149231
	1.0428911447525024
	1.0428937673568726
	1.0429023504257202
	1.0428931713104248
	1.0429023504257202
	1.0429091453552246
	1.042911410331726
	1.0429202318191528
	1.042939305305481
	1.0429527759552002
	1.042959213256836
	1.042966604232788
	1.042968511581421
	1.0429807901382446
	1.0429898500442505
	1.0430103540420532
	1.0430277585983276
	1.0430327653884888
	1.043040156364441
	1.0430601835250854
	1.043068766593933
	1.0430933237075806
	1.0431065559387207
	1.0430978536605835
	1.0431033372879028
	1.0431045293807983
	1.0431036949157715
	1.0431010723114014
	1.0431222915649414
	1.0431346893310547
	1.0431479215621948
	1.0431692600250244
	1.043167233467102
	1.0431809425354004
	1.0431855916976929
	1.0432015657424927
	1.0432138442993164
	1.0432316064834595
	1.04324209690094
	1.0432521104812622
	1.0432666540145874
	1.0432770252227783
	1.0432850122451782
	1.0433005094528198
	1.0433191061019897
	1.043319821357727
	1.043330192565918
	1.0433416366577148
	1.0433365106582642
	1.043359398841858
	1.0433589220046997
	1.04337477684021
	1.0433794260025024
	1.0433977842330933
	1.0434167385101318
	1.0434309244155884
	1.0434330701828003
	1.0434452295303345
	1.043460726737976
	1.0434595346450806
	1.043465256690979
	1.0434839725494385
	1.0434997081756592
	1.0435174703598022
	1.0435212850570679
	1.043521761894226
	1.0435413122177124
	1.0435620546340942
	1.0435895919799805
	1.0436110496520996
	1.0436309576034546
	1.043637752532959
	1.0436431169509888
	1.0436581373214722
	1.0436731576919556
	1.0436676740646362
	1.043692708015442
	1.043705940246582
	1.0437229871749878
	1.0437461137771606
	1.0437644720077515
	1.0437861680984497
	1.0437873601913452
	1.0438052415847778
	1.0438114404678345
	1.0438203811645508
	1.0438402891159058
	1.0438481569290161
	1.043857455253601
	1.0438685417175293
	1.0438746213912964
	1.04387366771698
	1.0438891649246216
	1.0438984632492065
	1.0439120531082153
	1.0439342260360718
	1.0439465045928955
	1.0439509153366089
	1.0439507961273193
	1.0439659357070923
	1.043964147567749
	1.043974757194519
	1.0439718961715698
	1.0439841747283936
	1.0440045595169067
	1.044013261795044
	1.044032096862793
	1.0440338850021362
	1.0440508127212524
	1.0440698862075806
	1.0440747737884521
	1.0440844297409058
	1.0440987348556519
	1.0441046953201294
	1.044118881225586
	1.0441254377365112
	1.0441360473632812
	1.044146180152893
	1.0441442728042603
	1.044149398803711
	1.0441560745239258
	1.0441685914993286
	1.0441889762878418
	1.0441999435424805
	1.0442079305648804
	1.0442185401916504
	1.044217824935913
	1.0442184209823608
	1.044219732284546
	1.0442487001419067
	1.0442585945129395
	1.0442678928375244
	1.0442746877670288
	1.0442882776260376
	1.0443031787872314
	1.0443086624145508
	1.0443177223205566
	1.0443189144134521
	1.0443235635757446
	1.0443304777145386
	1.0443363189697266
	1.0443423986434937
	1.0443549156188965
	1.0443660020828247
	1.0443781614303589
	1.0443931818008423
	1.0444036722183228
	1.044399619102478
	1.044400930404663
	1.044411540031433
	1.0444139242172241
	1.0444074869155884
	1.0444186925888062
	1.0444247722625732
	1.0444300174713135
	1.0444451570510864
	1.0444676876068115
	1.044466495513916
	1.0444705486297607
	1.0444751977920532
	1.044478178024292
	1.0444777011871338
	1.0444766283035278
	1.0444868803024292
	1.0444709062576294
]