[
	0.7494192123413086
	0.7493005394935608
	0.7491859197616577
	0.7490630745887756
	0.7489221692085266
	0.7487901449203491
	0.7486646771430969
	0.748532235622406
	0.7484012246131897
	0.7482718825340271
	0.748149037361145
	0.7480229139328003
	0.7479015588760376
	0.747769832611084
	0.7476466298103333
	0.7475194334983826
	0.7473869323730469
	0.7472752928733826
	0.7471573948860168
	0.7470542192459106
	0.7469379305839539
	0.7468183636665344
	0.7466996312141418
	0.7465803623199463
	0.7464655637741089
	0.7463377714157104
	0.7462272644042969
	0.7461149096488953
	0.7459980249404907
	0.7458778023719788
	0.7457650899887085
	0.7456517219543457
	0.7455404996871948
	0.7454279661178589
	0.7453081607818604
	0.7451868057250977
	0.7450769543647766
	0.7449531555175781
	0.7448415756225586
	0.7447224855422974
	0.7446107268333435
	0.744498610496521
	0.7443960309028625
	0.7442737817764282
	0.744170606136322
	0.7440596222877502
	0.7439602613449097
	0.7438486814498901
	0.7437376379966736
	0.743624746799469
	0.7435098886489868
	0.7433978915214539
	0.7432761192321777
	0.7431581616401672
	0.743056058883667
	0.7429497241973877
	0.7428531646728516
	0.7427338361740112
	0.7426225543022156
	0.7425075769424438
	0.7424036860466003
	0.742293655872345
	0.7422055006027222
	0.7420901656150818
	0.7419943809509277
	0.7418839931488037
	0.7417938113212585
	0.7417087554931641
	0.7416147589683533
	0.7414973974227905
	0.7413923740386963
	0.7413033246994019
	0.7411994934082031
	0.7411023378372192
	0.7410026788711548
	0.7409021854400635
	0.7408105134963989
	0.7407132387161255
	0.740615725517273
	0.740517258644104
	0.7404270768165588
	0.7403390407562256
	0.7402306199073792
	0.7401299476623535
	0.7400516271591187
	0.7399573922157288
	0.7398598194122314
	0.7397698760032654
	0.7396791577339172
	0.7395788431167603
	0.7394865155220032
	0.7393831610679626
	0.7392849326133728
	0.7392028570175171
	0.7391108274459839
	0.7390078902244568
	0.7389076948165894
	0.7388201951980591
	0.7387267351150513
	0.7386417388916016
	0.738553524017334
	0.7384650707244873
	0.7383850812911987
	0.7382849454879761
	0.7381977438926697
	0.7381089329719543
	0.7380186915397644
	0.7379325032234192
	0.7378308773040771
	0.7377367615699768
	0.7376543879508972
	0.737572968006134
	0.7374904155731201
	0.7374117970466614
	0.7373307347297668
	0.7372561693191528
	0.7371692061424255
	0.7370794415473938
	0.7369934320449829
	0.7368983626365662
	0.736809253692627
	0.7367125749588013
	0.7366325259208679
	0.7365438938140869
	0.7364543080329895
	0.7363681197166443
	0.7362813353538513
	0.7361950874328613
	0.7361111640930176
	0.7360401749610901
	0.7359499335289001
	0.7358689904212952
	0.7357932925224304
	0.7357050180435181
	0.7356220483779907
	0.7355393171310425
	0.735458254814148
	0.7353784441947937
	0.735292375087738
	0.7352023720741272
	0.7351097464561462
	0.7350310683250427
	0.7349452376365662
	0.7348582744598389
	0.7347777485847473
	0.7346935272216797
	0.7346081137657166
	0.7345295548439026
	0.7344515919685364
	0.7343676686286926
	0.7342948317527771
	0.7342066764831543
	0.7341276407241821
	0.7340414524078369
	0.7339621186256409
	0.7338905334472656
	0.7338128685951233
	0.7337391972541809
	0.7336613535881042
	0.7335885763168335
	0.7335015535354614
	0.733418881893158
	0.7333236336708069
	0.7332314848899841
	0.7331648468971252
	0.7330915927886963
	0.7330121397972107
	0.7329416871070862
	0.7328577041625977
	0.7327823042869568
	0.7327139377593994
	0.7326309680938721
	0.7325577139854431
	0.7324874997138977
	0.7324080467224121
	0.7323336005210876
	0.7322562336921692
	0.7321887612342834
	0.7321094870567322
	0.7320441603660583
	0.7319682836532593
	0.7318945527076721
	0.7318260669708252
	0.7317550182342529
	0.7316778302192688
	0.7316040396690369
	0.7315266728401184
	0.7314533591270447
	0.7313767075538635
	0.7312986254692078
	0.7312221527099609
	0.7311450839042664
	0.7310842275619507
	0.7310090661048889
	0.7309214472770691
	0.7308478355407715
	0.7307774424552917
	0.7307118773460388
	0.7306501269340515
	0.7305818200111389
	0.7305012941360474
	0.7304433584213257
	0.7303682565689087
	0.730302095413208
	0.7302281856536865
	0.7301549911499023
	0.7300882935523987
	0.7300161123275757
	0.7299461364746094
	0.7298731207847595
	0.7298041582107544
	0.7297344207763672
	0.7296656966209412
	0.7295764088630676
	0.7295037508010864
	0.7294338345527649
	0.7293568849563599
	0.7292894124984741
	0.7292259335517883
	0.7291629910469055
	0.7290922403335571
	0.7290321588516235
	0.7289620637893677
	0.7288939952850342
	0.7288188934326172
	0.7287566065788269
	0.7286961674690247
	0.7286289930343628
	0.728561282157898
	0.7285007834434509
	0.7284433245658875
	0.728370189666748
	0.728287398815155
	0.7282247543334961
	0.7281526923179626
	0.7280893325805664
	0.7280208468437195
	0.7279636859893799
	0.7278978228569031
	0.7278326153755188
	0.7277653217315674
	0.7276999354362488
	0.7276331782341003
	0.7275705933570862
	0.7275055646896362
	0.7274354696273804
	0.7273731231689453
	0.7273099422454834
	0.7272489070892334
	0.7271916270256042
	0.7271308302879333
	0.727073073387146
	0.7270073890686035
	0.7269320487976074
	0.7268869280815125
	0.7268202900886536
	0.7267471551895142
	0.7266888618469238
	0.7266286015510559
	0.7265557646751404
	0.7264926433563232
	0.7264434099197388
	0.7263829708099365
	0.726315975189209
	0.7262517809867859
	0.7261950969696045
	0.726140558719635
	0.7260992527008057
	0.7260489463806152
	0.725986123085022
	0.725925862789154
	0.7258731722831726
	0.7258153557777405
	0.7257566452026367
	0.725696325302124
	0.7256285548210144
	0.7255675792694092
	0.7255104780197144
	0.7254485487937927
	0.7253814339637756
	0.7253277897834778
	0.7252621650695801
	0.7251993417739868
	0.7251365780830383
	0.7250840663909912
	0.725026547908783
	0.7249671816825867
	0.7249098420143127
	0.7248588800430298
	0.7248021364212036
	0.7247440218925476
	0.7246893048286438
	0.7246448397636414
	0.7245878577232361
	0.7245237827301025
	0.7244632244110107
	0.7244030833244324
	0.7243474125862122
	0.7242874503135681
	0.7242303490638733
	0.7241708636283875
	0.7241170406341553
	0.7240385413169861
	0.7239868640899658
	0.7239200472831726
	0.7238556742668152
	0.7238001823425293
	0.7237421274185181
	0.7236852049827576
	0.7236281037330627
	0.7235774993896484
	0.7235229015350342
	0.7234782576560974
	0.7234076857566833
	0.7233616709709167
	0.7233118414878845
	0.7232513427734375
	0.7231999635696411
	0.7231374382972717
	0.7230791449546814
	0.7230242490768433
	0.7229794263839722
	0.7229244709014893
	0.7228662967681885
	0.7228104472160339
	0.7227493524551392
	0.72269207239151
	0.7226240634918213
	0.7225680947303772
	0.7225094437599182
	0.7224553823471069
	0.722392737865448
	0.7223313450813293
	0.7222729921340942
	0.7222249507904053
	0.722172200679779
	0.7221210598945618
	0.7220728993415833
	0.7220137715339661
	0.7219644784927368
	0.7219150066375732
	0.7218575477600098
	0.7218027710914612
	0.7217554450035095
	0.7217094302177429
	0.7216587066650391
	0.7216075658798218
	0.7215588688850403
	0.7215156555175781
	0.7214658856391907
	0.7214073538780212
	0.7213588356971741
	0.7213183045387268
	0.721269428730011
	0.7212126851081848
	0.7211532592773438
	0.721095621585846
	0.7210418581962585
	0.7209883332252502
	0.7209275364875793
	0.7208702564239502
	0.7208165526390076
	0.7207706570625305
	0.7207167744636536
	0.7206711769104004
	0.7206215858459473
	0.7205688953399658
	0.7205224633216858
	0.7204680442810059
	0.7204185128211975
	0.7203630805015564
	0.7203177213668823
	0.7202566862106323
	0.7202081680297852
	0.7201507687568665
	0.7200865149497986
	0.7200354933738708
	0.7199946641921997
	0.7199462056159973
	0.7198991775512695
	0.719839870929718
	0.7197896838188171
	0.7197374701499939
	0.7196934819221497
	0.7196436524391174
	0.7195912003517151
	0.7195376753807068
	0.7194992899894714
	0.719459056854248
	0.7194133996963501
	0.719363808631897
	0.7193117737770081
	0.7192557454109192
	0.719200074672699
	0.7191468477249146
	0.7190896272659302
	0.7190412878990173
	0.7189871668815613
	0.7189317941665649
	0.7188830375671387
	0.7188282608985901
	0.7187802791595459
	0.7187278866767883
	0.7186821699142456
	0.7186328172683716
	0.7185812592506409
	0.7185224294662476
	0.7184791564941406
	0.7184343934059143
	0.7183914184570312
	0.718344509601593
	0.7182984948158264
	0.7182449102401733
	0.7181996703147888
	0.7181472778320312
	0.7180996537208557
	0.7180498838424683
	0.7179983258247375
	0.7179545760154724
	0.7179073095321655
	0.7178540229797363
	0.7178175449371338
	0.7177703976631165
	0.717734694480896
	0.7176832556724548
	0.7176344394683838
	0.7175841927528381
	0.7175366282463074
	0.7174842357635498
	0.7174436450004578
	0.7173985838890076
	0.7173569798469543
	0.7173115015029907
	0.7172662615776062
	0.717222273349762
	0.7171836495399475
	0.7171377539634705
	0.7170928716659546
	0.7170473337173462
	0.7169987559318542
	0.7169654369354248
	0.716924250125885
	0.7168757915496826
	0.7168307900428772
	0.7167923450469971
	0.7167534232139587
	0.7166990041732788
	0.71666020154953
	0.7166023850440979
	0.7165575623512268
	0.7165163159370422
	0.7164708971977234
	0.7164152264595032
	0.7163670659065247
	0.716323733329773
	0.7162865400314331
	0.7162402272224426
	0.7161901593208313
	0.7161383032798767
	0.716093897819519
	0.7160524725914001
	0.7160102725028992
	0.7159695029258728
	0.7159247398376465
	0.7158949971199036
	0.7158472537994385
	0.715805172920227
	0.7157689332962036
	0.7157221436500549
	0.7156828045845032
	0.7156520485877991
	0.715626060962677
	0.7155782580375671
	0.71554034948349
	0.7154938578605652
	0.7154483199119568
	0.7154026627540588
	0.7153616547584534
	0.7153220772743225
	0.7152745723724365
	0.7152248620986938
	0.7151924967765808
	0.7151482701301575
	0.7151050567626953
	0.7150680422782898
	0.7150271534919739
	0.7150001525878906
	0.7149519920349121
	0.714911937713623
	0.7148751616477966
	0.7148302793502808
	0.7147929668426514
	0.7147546410560608
	0.7147154211997986
	0.7146813273429871
	0.7146295309066772
	0.7145871520042419
	0.7145521640777588
	0.7145155072212219
	0.7144736051559448
	0.7144349813461304
	0.7143862247467041
	0.7143526077270508
	0.7143182158470154
	0.7142844796180725
	0.7142489552497864
	0.7142068147659302
	0.714158296585083
	0.7141155004501343
	0.7140777111053467
	0.714039146900177
	0.7140070796012878
	0.7139721512794495
	0.7139278054237366
	0.7138910293579102
	0.713850200176239
	0.7138016819953918
	0.713761568069458
	0.7137238383293152
	0.7136959433555603
	0.7136589884757996
	0.7136228680610657
	0.713584840297699
	0.7135539054870605
	0.7135060429573059
	0.7134688496589661
	0.7134272456169128
	0.7133779525756836
	0.7133316397666931
	0.7132893800735474
	0.7132558822631836
	0.7132237553596497
	0.7131879329681396
	0.7131387591362
	0.7130992412567139
	0.7130458950996399
	0.713012158870697
	0.7129595279693604
	0.7129327654838562
	0.7129018902778625
	0.712864875793457
	0.7128276228904724
	0.7127960920333862
	0.7127481698989868
	0.7127196192741394
	0.7126805186271667
	0.712643027305603
	0.7126093506813049
	0.7125701904296875
	0.7125388979911804
	0.7125046253204346
	0.7124691009521484
	0.7124273777008057
	0.712387204170227
	0.7123456597328186
	0.7123129367828369
	0.7122701406478882
	0.7122296094894409
	0.7121961712837219
	0.7121581435203552
	0.7121217846870422
	0.7120813131332397
	0.7120490074157715
	0.7120180130004883
	0.7119846940040588
	0.7119489312171936
	0.7119227647781372
	0.7118858098983765
	0.7118549942970276
	0.7118211984634399
	0.7117921113967896
	0.7117599844932556
	0.7117189168930054
	0.7116867303848267
	0.711651086807251
	0.7116184830665588
	0.7115787863731384
	0.7115526795387268
	0.711517870426178
	0.7114852666854858
	0.7114489078521729
	0.7114130854606628
	0.7113732099533081
	0.7113357782363892
	0.7113156318664551
	0.711293637752533
	0.7112629413604736
	0.7112272381782532
	0.7111950516700745
	0.7111548781394958
	0.7111155986785889
	0.7110857963562012
	0.7110522389411926
	0.7110201716423035
	0.7109878063201904
	0.7109535932540894
	0.7109202146530151
	0.7108917236328125
	0.7108621001243591
	0.7108246684074402
	0.7107880115509033
	0.7107528448104858
	0.7107077836990356
	0.7106665968894958
	0.7106360197067261
	0.7106069326400757
	0.7105696201324463
	0.7105339169502258
	0.7105123400688171
	0.7104815244674683
	0.7104530930519104
	0.7104220986366272
	0.7103869915008545
	0.7103519439697266
	0.710320234298706
	0.7102881669998169
	0.7102504968643188
	0.7102161645889282
	0.7101767659187317
	0.7101373672485352
	0.7101100087165833
	0.710070788860321
	0.7100304961204529
	0.7100006937980652
	0.7099737524986267
	0.7099396586418152
	0.7098965644836426
	0.7098754048347473
	0.7098476886749268
	0.70981365442276
	0.7097812294960022
	0.7097485065460205
	0.7097153067588806
	0.7096810340881348
	0.7096541523933411
	0.7096200585365295
	0.7095946669578552
	0.7095658183097839
	0.7095428109169006
	0.7095142602920532
	0.709478497505188
	0.7094407677650452
	0.7094087600708008
	0.7093813419342041
	0.7093439102172852
	0.7093208432197571
	0.709296703338623
	0.709269642829895
	0.7092307806015015
	0.7091991901397705
	0.7091643810272217
	0.7091395854949951
	0.7091143727302551
	0.7090816497802734
	0.7090604305267334
	0.7090287804603577
	0.7090004086494446
	0.7089768648147583
	0.7089434862136841
	0.7089115381240845
	0.7088855504989624
	0.708856999874115
	0.7088279128074646
	0.7088011503219604
	0.7087674736976624
	0.7087377309799194
	0.7087095379829407
	0.7086723446846008
	0.7086359262466431
	0.7085974216461182
	0.708568274974823
	0.7085430026054382
	0.7085092663764954
	0.7084757089614868
	0.7084490060806274
	0.7084247469902039
	0.7083939909934998
	0.7083602547645569
	0.7083321213722229
	0.70831298828125
	0.708289384841919
	0.708256185054779
	0.7082282304763794
	0.7081997394561768
	0.7081817388534546
	0.7081453204154968
	0.7081140279769897
	0.7080832123756409
	0.708050549030304
	0.7080217003822327
	0.7079918384552002
	0.7079611420631409
	0.7079338431358337
	0.707904577255249
	0.7078714370727539
	0.7078447341918945
	0.7078191637992859
	0.7078050971031189
	0.7077699899673462
	0.70773845911026
	0.7077129483222961
	0.7076877951622009
	0.7076645493507385
	0.7076355814933777
	0.7076137065887451
	0.707577109336853
	0.7075526714324951
	0.707526445388794
	0.7075061202049255
	0.7074676156044006
	0.7074444890022278
	0.7074286341667175
	0.7073912024497986
	0.7073575854301453
	0.7073405981063843
	0.7073211669921875
	0.7072979807853699
	0.7072813510894775
	0.7072593569755554
	0.7072375416755676
	0.7072147727012634
	0.7071877121925354
	0.70716792345047
	0.7071398496627808
	0.7071239948272705
	0.7070971727371216
	0.7070699334144592
	0.7070372700691223
	0.7070152163505554
	0.7069900631904602
	0.7069568037986755
	0.7069424986839294
	0.7069265842437744
	0.706899881362915
	0.7068785429000854
	0.7068642377853394
	0.7068426609039307
	0.7068264484405518
	0.7068188190460205
	0.7067977786064148
	0.7067723274230957
	0.7067375779151917
	0.7067099809646606
	0.7066856026649475
	0.7066571712493896
	0.7066351175308228
	0.7066155076026917
	0.7065931558609009
	0.7065659165382385
	0.7065429091453552
	0.7065184712409973
	0.7064924836158752
	0.7064700126647949
	0.7064434885978699
	0.7064231038093567
	0.7063926458358765
	0.7063657641410828
	0.7063519954681396
	0.7063284516334534
	0.7063045501708984
	0.7062917947769165
	0.7062791585922241
	0.7062637805938721
	0.706235408782959
	0.706214189529419
	0.7061935663223267
	0.7061746716499329
	0.7061538696289062
	0.7061310410499573
	0.7061123847961426
	0.7060949802398682
	0.7060757875442505
	0.7060568332672119
	0.7060292363166809
	0.7060032486915588
	0.70597243309021
	0.7059558033943176
	0.7059353590011597
	0.7059221267700195
	0.7059009671211243
	0.7058871388435364
	0.7058684825897217
	0.7058404088020325
	0.7058159708976746
	0.7057924270629883
	0.705771267414093
	0.7057539820671082
	0.7057384252548218
	0.7057189345359802
	0.705695629119873
	0.7056741714477539
	0.7056465744972229
	0.7056284546852112
	0.705605149269104
	0.705581784248352
	0.7055659294128418
	0.7055436372756958
	0.7055181860923767
	0.7054958939552307
	0.7054779529571533
	0.7054607272148132
	0.7054365277290344
	0.7054144144058228
	0.7053942680358887
	0.7053757309913635
	0.7053635120391846
	0.705344021320343
	0.7053238749504089
	0.7052986025810242
	0.7052800059318542
	0.7052628397941589
	0.7052402496337891
	0.7052187919616699
	0.7051956057548523
	0.705170214176178
	0.7051628232002258
	0.7051393389701843
	0.7051124572753906
	0.7050889730453491
	0.7050697207450867
	0.7050489783287048
	0.705029308795929
	0.7050085663795471
	0.70499187707901
	0.7049760222434998
	0.7049536108970642
	0.7049318552017212
	0.704913318157196
	0.7048903107643127
	0.704876184463501
	0.7048570513725281
	0.7048358917236328
	0.7048152089118958
	0.7048032283782959
	0.7047805786132812
	0.7047539949417114
	0.7047335505485535
	0.7047143578529358
	0.70470130443573
	0.7046909332275391
	0.7046746015548706
	0.7046577334403992
	0.704641580581665
	0.7046306133270264
	0.7046180963516235
	0.7046091556549072
	0.7045905590057373
	0.7045785188674927
	0.7045705914497375
	0.7045530080795288
	0.7045363783836365
	0.7045155167579651
	0.7045013308525085
	0.7044891119003296
	0.7044643759727478
	0.7044384479522705
	0.7044194936752319
	0.7044055461883545
	0.7043930292129517
	0.7043775916099548
	0.704357385635376
	0.704337477684021
	0.7043206691741943
	0.7043006420135498
	0.7042819857597351
	0.7042780518531799
	0.7042606472969055
	0.7042428851127625
	0.7042268514633179
	0.7042128443717957
	0.7041893601417542
	0.7041922807693481
	0.7041755318641663
	0.7041537761688232
	0.704132080078125
	0.7041099667549133
	0.7040944695472717
	0.7040823101997375
	0.7040689587593079
	0.7040555477142334
	0.7040493488311768
	0.7040244936943054
	0.7040141820907593
	0.704004168510437
	0.7039868235588074
	0.7039808630943298
	0.7039660215377808
	0.7039496898651123
	0.7039293050765991
	0.7039195895195007
	0.7038968205451965
	0.7038831114768982
	0.7038637399673462
	0.7038472294807434
	0.7038394212722778
	0.7038207054138184
	0.7038116455078125
	0.7038062810897827
	0.7037956714630127
	0.7037841081619263
	0.7037671804428101
	0.7037633657455444
	0.7037462592124939
	0.7037343978881836
	0.7037248611450195
	0.7037191390991211
	0.703705370426178
	0.7036914825439453
	0.7036796808242798
	0.7036594748497009
	0.703633189201355
	0.7036228775978088
	0.7036181688308716
	0.7036032676696777
	0.7035899758338928
	0.7035750150680542
	0.7035654783248901
	0.7035455107688904
	0.7035223841667175
	0.7035151720046997
	0.7035055756568909
	0.7034925818443298
	0.7034798264503479
	0.7034677267074585
	0.7034482359886169
	0.7034333348274231
	0.7034271955490112
	0.7034128308296204
	0.7034034729003906
	0.7033944129943848
	0.7033809423446655
	0.7033690214157104
	0.7033501267433167
	0.7033247947692871
	0.7033026218414307
	0.7032915353775024
	0.7032794952392578
	0.7032713294029236
	0.7032527327537537
	0.7032343745231628
	0.7032281160354614
	0.7032148838043213
	0.7031960487365723
	0.7031823992729187
	0.7031701803207397
	0.7031540274620056
	0.7031411528587341
	0.7031352519989014
	0.7031252384185791
	0.7031170129776001
	0.7030966281890869
	0.7030849456787109
	0.7030767798423767
	0.7030609250068665
	0.7030507326126099
	0.7030316591262817
	0.7030202150344849
	0.7029993534088135
	0.7029839158058167
	0.7029765248298645
	0.7029632329940796
	0.702957034111023
	0.7029433846473694
	0.7029402852058411
	0.7029333710670471
	0.7029263377189636
	0.7029187679290771
	0.7029142379760742
	0.7029153108596802
	0.7028979063034058
	0.7028806805610657
	0.7028675079345703
	0.7028568387031555
	0.7028425931930542
	0.7028319835662842
	0.7028211951255798
	0.7028138637542725
	0.7028080224990845
	0.7027949094772339
	0.7027789354324341
	0.702774703502655
	0.7027686238288879
	0.7027554512023926
	0.7027515769004822
	0.7027401924133301
	0.7027280926704407
	0.7027201652526855
	0.702711820602417
	0.7027024030685425
	0.7026844620704651
	0.7026773691177368
	0.7026655077934265
	0.702652633190155
	0.7026373744010925
	0.7026293277740479
	0.7026197910308838
	0.7026184797286987
	0.7026057839393616
	0.7026064991950989
	0.7025961875915527
	0.7025887966156006
	0.7025815844535828
	0.7025680541992188
	0.7025523781776428
	0.7025356888771057
	0.7025265097618103
	0.7025119066238403
	0.702497661113739
	0.7024859189987183
	0.7024770975112915
	0.7024763226509094
	0.7024692893028259
	0.7024574279785156
	0.7024574875831604
	0.7024505138397217
	0.7024375796318054
	0.7024261951446533
	0.7024132609367371
	0.7024091482162476
	0.7024008631706238
	0.7023879289627075
	0.702379584312439
	0.7023674845695496
	0.7023457884788513
	0.7023330330848694
	0.7023246884346008
	0.7023159265518188
	0.7023099064826965
	0.7022994160652161
	0.7022802233695984
	0.7022828459739685
	0.702271044254303
	0.7022521495819092
	0.702241837978363
	0.7022370100021362
	0.702231764793396
	0.7022290825843811
	0.7022222876548767
	0.7022106647491455
	0.7021939158439636
	0.7021837830543518
	0.7021750211715698
	0.7021657824516296
	0.7021525502204895
	0.7021419405937195
	0.7021183371543884
	0.7021107077598572
	0.7020925879478455
	0.7020866870880127
	0.7020742893218994
	0.7020660042762756
	0.7020502090454102
	0.7020387649536133
	0.7020248174667358
	0.7020117044448853
	0.7020133137702942
	0.7020022869110107
	0.7019868493080139
	0.7019741535186768
	0.7019565105438232
	0.7019314169883728
	0.7019171118736267
	0.7019010782241821
	0.7018887400627136
	0.7018840909004211
	0.7018830180168152
	0.7018743753433228
	0.7018657922744751
	0.7018494606018066
	0.7018542289733887
	0.7018408179283142
	0.7018345594406128
	0.7018247842788696
	0.7018192410469055
	0.7018139958381653
	0.7017967700958252
	0.7017920613288879
	0.7017773985862732
	0.7017595767974854
	0.7017569541931152
	0.7017490863800049
	0.7017326951026917
	0.7017258405685425
	0.7017207741737366
	0.7017127871513367
	0.7017072439193726
	0.7016963362693787
	0.7016886472702026
	0.7016787528991699
	0.7016716599464417
	0.7016597986221313
	0.7016406655311584
	0.7016331553459167
	0.7016192078590393
	0.7016050815582275
	0.701593816280365
	0.7015832662582397
	0.7015800476074219
	0.7015703320503235
	0.7015547752380371
	0.7015477418899536
	0.7015305757522583
	0.7015194296836853
	0.7015103697776794
	0.7014980912208557
	0.7014830708503723
	0.7014864683151245
	0.7014704346656799
	0.7014568448066711
	0.7014446258544922
	0.7014421224594116
	0.7014346718788147
	0.7014337182044983
	0.701416552066803
	0.7014031410217285
	0.7013900876045227
	0.7013835310935974
	0.7013809680938721
	0.7013667225837708
	0.7013548016548157
	0.7013442516326904
	0.7013316750526428
	0.7013304829597473
	0.7013176083564758
	0.7013110518455505
	0.7013133764266968
	0.7013003826141357
	0.7012962698936462
	0.7012928128242493
	0.701283872127533
	0.7012885808944702
	0.7012757062911987
	0.7012608647346497
	0.7012510299682617
	0.7012395858764648
	0.7012302875518799
	0.7012203335762024
	0.7012064456939697
	0.7011933326721191
	0.7011934518814087
	0.7011941075325012
	0.7011850476264954
	0.7011817097663879
	0.7011839151382446
	0.7011780738830566
	0.7011803984642029
	0.7011855244636536
	0.7011784315109253
	0.7011786103248596
	0.701178252696991
	0.7011712789535522
	0.7011691927909851
	0.7011640071868896
	0.7011551260948181
	0.7011558413505554
	0.7011492848396301
	0.7011430859565735
	0.7011293172836304
	0.7011258602142334
	0.7011200785636902
	0.7011129260063171
	0.7011058926582336
	0.7010944485664368
	0.7010903358459473
	0.7010862827301025
	0.7010866403579712
	0.7010873556137085
	0.7010706067085266
	0.7010651230812073
	0.7010544538497925
	0.7010390758514404
	0.7010354995727539
	0.7010331749916077
	0.7010267376899719
	0.7010197043418884
	0.7010171413421631
	0.7010089755058289
	0.7010042071342468
	0.7010006308555603
	0.7009943723678589
	0.7009929418563843
	0.7009766697883606
	0.7009780406951904
	0.7009729743003845
	0.7009689807891846
	0.7009724974632263
	0.7009685635566711
	0.7009626626968384
	0.7009657025337219
	0.7009617686271667
	0.7009562849998474
	0.7009441256523132
	0.7009466290473938
	0.7009474635124207
	0.700948178768158
	0.7009417414665222
	0.7009376883506775
	0.700920045375824
	0.7009150981903076
	0.700913667678833
	0.7009077072143555
	0.7009059190750122
	0.7008948922157288
	0.7008897662162781
	0.7008814215660095
	0.7008817791938782
	0.7008878588676453
	0.7008781433105469
	0.7008732557296753
	0.7008669376373291
	0.7008583545684814
	0.7008540034294128
	0.7008470892906189
	0.7008401155471802
	0.700839102268219
	0.7008464336395264
	0.7008361220359802
	0.7008330225944519
	0.7008247971534729
	0.7008217573165894
	0.7008154392242432
	0.7008183598518372
	0.7008126378059387
	0.7008095979690552
	0.7007969617843628
	0.7007887363433838
	0.7007829546928406
	0.7007783055305481
	0.7007748484611511
	0.7007616758346558
	0.7007583975791931
	0.7007454633712769
	0.7007327079772949
	0.7007270455360413
	0.7007242441177368
	0.7007207870483398
	0.7007007598876953
	0.700690507888794
	0.7006831765174866
	0.7006686329841614
	0.7006694078445435
	0.7006701231002808
	0.7006582021713257
	0.7006561756134033
	0.7006524801254272
	0.7006344199180603
	0.7006226181983948
	0.7006148099899292
	0.700617253780365
	0.7006179094314575
	0.7006093859672546
	0.7006091475486755
	0.7006043791770935
	0.7005962133407593
	0.7005969882011414
	0.7005935907363892
	0.700588047504425
	0.7005888223648071
	0.7005826234817505
	0.700577974319458
	0.7005743384361267
	0.7005663514137268
	0.7005689144134521
	0.7005655765533447
	0.7005650401115417
	0.7005593776702881
	0.7005496025085449
	0.7005522847175598
	0.7005422711372375
	0.7005349397659302
	0.7005288004875183
	0.7005380988121033
	0.7005338072776794
	0.7005407810211182
	0.7005394101142883
	0.7005385160446167
	0.700529932975769
	0.7005316615104675
	0.7005351781845093
	0.7005288004875183
	0.7005230784416199
	0.700520396232605
	0.7005146145820618
	0.7005157470703125
	0.7005186676979065
	0.7005182504653931
	0.7005139589309692
	0.7005010843276978
	0.7004938125610352
	0.7004933953285217
	0.700495719909668
	0.700486421585083
	0.7004890441894531
	0.7004854083061218
	0.7004830837249756
	0.7004786133766174
	0.700478196144104
	0.7004787921905518
	0.7004765868186951
	0.700477123260498
	0.7004692554473877
	0.7004625201225281
	0.7004636526107788
	0.7004638910293579
	0.7004610300064087
	0.7004601955413818
	0.7004551887512207
	0.7004457712173462
	0.7004468441009521
	0.7004397511482239
	0.7004369497299194
	0.7004271745681763
	0.7004193663597107
	0.7004245519638062
	0.7004291415214539
	0.7004265785217285
	0.7004203796386719
	0.7004122734069824
	0.7004067301750183
	0.7004023790359497
	0.7003920674324036
	0.7003823518753052
	0.7003743052482605
	0.7003783583641052
	0.7003726959228516
	0.7003809809684753
	0.7003816366195679
	0.7003771066665649
	0.700380802154541
	0.7003830075263977
	0.7003763914108276
	0.7003765106201172
	0.7003689408302307
	0.7003627419471741
	0.7003645300865173
	0.7003687024116516
	0.700359582901001
	0.7003622055053711
	0.7003564834594727
	0.7003452777862549
	0.7003405094146729
	0.7003375291824341
	0.7003343105316162
	0.700326144695282
	0.7003256678581238
	0.7003165483474731
	0.7003190517425537
	0.7003125548362732
	0.7003113627433777
	0.7003101706504822
	0.700316846370697
	0.7003137469291687
	0.7003073692321777
	0.7003090381622314
	0.700311005115509
	0.7003056406974792
	0.7003083825111389
	0.7003078460693359
	0.7003065943717957
	0.7002949118614197
	0.7002938985824585
	0.7002878189086914
	0.7002810835838318
	0.7002815008163452
	0.7002773880958557
	0.7002751231193542
	0.7002678513526917
	0.7002581357955933
	0.7002573609352112
	0.7002477049827576
	0.7002385854721069
	0.7002503275871277
	0.7002493143081665
	0.7002462148666382
	0.7002654671669006
	0.7002550959587097
	0.7002494931221008
	0.7002415060997009
	0.7002310156822205
	0.7002249956130981
	0.7002201080322266
	0.7002274990081787
	0.7002248167991638
	0.700217604637146
	0.7002144455909729
	0.7002176642417908
	0.7002131342887878
	0.7002090215682983
	0.7002036571502686
	0.700204074382782
	0.7002090215682983
	0.7002056241035461
	0.700208306312561
	0.7002026438713074
	0.700210690498352
	0.7002173662185669
	0.7002147436141968
	0.7002127170562744
	0.7002096772193909
	0.7002065777778625
	0.700197160243988
	0.7001896500587463
	0.7001963257789612
	0.7001920342445374
	0.7001834511756897
	0.7001791596412659
	0.7001791596412659
	0.7001733183860779
	0.7001687288284302
	0.7001649141311646
	0.7001649737358093
	0.7001664638519287
	0.7001588940620422
	0.7001502513885498
	0.7001471519470215
	0.7001388072967529
	0.7001402378082275
	0.7001433372497559
	0.7001404762268066
	0.700128972530365
	0.700127899646759
	0.7001345753669739
	0.7001319527626038
	0.7001339793205261
	0.7001287937164307
	0.7001242637634277
	0.7001237869262695
	0.7001145482063293
	0.7001131176948547
	0.7001018524169922
	0.7001039385795593
	0.7000977396965027
	0.7000911235809326
	0.7000939249992371
	0.7000924944877625
	0.7000903487205505
	0.7000890970230103
	0.7000839710235596
	0.7000811100006104
	0.7000799775123596
	0.7000869512557983
	0.7000938057899475
	0.7000871300697327
	0.7000923156738281
	0.7000858187675476
	0.7000762224197388
	0.7000703811645508
	0.7000555396080017
	0.700060248374939
	0.7000508308410645
	0.7000493407249451
	0.700045645236969
	0.7000518441200256
	0.7000519633293152
	0.700053334236145
	0.7000501155853271
	0.7000531554222107
	0.7000580430030823
	0.700057864189148
	0.7000550031661987
	0.7000525593757629
	0.7000467777252197
	0.7000426054000854
	0.7000423669815063
	0.7000394463539124
	0.7000392079353333
	0.7000447511672974
	0.7000318169593811
	0.7000300884246826
	0.7000290751457214
	0.7000264525413513
	0.7000283598899841
	0.7000357508659363
	0.7000373005867004
	0.7000375986099243
	0.7000291347503662
	0.7000192403793335
	0.7000203132629395
	0.7000195980072021
	0.700014591217041
	0.7000168561935425
	0.7000118494033813
	0.7000083327293396
	0.7000035643577576
	0.7000020742416382
	0.70000159740448
	0.6999953389167786
	0.7000038027763367
	0.6999975442886353
	0.7000003457069397
	0.7000078558921814
	0.7000163793563843
	0.7000137567520142
	0.7000117897987366
	0.700014054775238
	0.7000113129615784
	0.7000082731246948
	0.7000031471252441
	0.7000086903572083
	0.7000107169151306
	0.7000091075897217
	0.7000058889389038
	0.7000058889389038
	0.7000056505203247
	0.7000014185905457
	0.6999954581260681
	0.6999939680099487
	0.6999951601028442
	0.699985682964325
	0.6999853253364563
	0.699988603591919
	0.6999927163124084
	0.6999993920326233
	0.6999961137771606
	0.7000030279159546
	0.6999992728233337
	0.7000012397766113
	0.7000055909156799
	0.700006902217865
	0.7000120282173157
	0.7000139355659485
	0.7000173926353455
	0.7000357508659363
	0.7000470161437988
	0.7000478506088257
	0.7000430226325989
	0.7000479102134705
	0.7000584006309509
	0.7000529170036316
	0.7000515460968018
	0.7000542283058167
	0.7000522017478943
	0.7000553607940674
	0.7000444531440735
	0.7000412344932556
	0.7000383138656616
	0.700038731098175
	0.7000426054000854
	0.7000436186790466
	0.7000488042831421
	0.7000508904457092
	0.7000510692596436
	0.7000573873519897
	0.7000572681427002
	0.7000561952590942
	0.7000653147697449
	0.7000688910484314
	0.700062096118927
	0.7000632882118225
	0.7000615000724792
	0.7000659108161926
	0.7000553607940674
	0.7000446915626526
	0.7000468969345093
	0.7000482082366943
	0.7000685334205627
	0.7000671625137329
	0.7000649571418762
	0.7000644207000732
	0.7000679969787598
	0.7000641822814941
	0.7000582218170166
	0.7000566720962524
	0.7000566124916077
	0.7000571489334106
	0.7000524997711182
	0.7000498175621033
	0.7000551223754883
	0.7000601887702942
	0.7000604867935181
	0.7000674605369568
	0.7000651359558105
	0.7000585794448853
	0.7000612020492554
	0.7000666260719299
	0.7000707387924194
	0.700086772441864
	0.700092077255249
	0.7000945210456848
	0.7000954747200012
	0.7000890970230103
	0.7000926733016968
	0.7000945210456848
	0.700092077255249
	0.7000986337661743
	0.7000956535339355
	0.7001034617424011
	0.7000922560691833
	0.7000940442085266
	0.700085461139679
	0.7000746130943298
	0.700080931186676
	0.7000786662101746
	0.7000749707221985
	0.7000681757926941
	0.7000769376754761
	0.7000730037689209
	0.7000699639320374
	0.7000729441642761
	0.7000671029090881
	0.7000697255134583
	0.7000653147697449
	0.7000687122344971
	0.7000887989997864
	0.7000914812088013
	0.7000970244407654
	0.7001103758811951
	0.7001172304153442
	0.7001187205314636
	0.7001235485076904
	0.7001132965087891
	0.7001258134841919
	0.7001278400421143
	0.700131893157959
	0.7001373767852783
	0.7001321911811829
	0.7001268863677979
	0.7001358270645142
	0.7001310586929321
	0.7001312971115112
	0.7001333832740784
	0.700139045715332
	0.7001470923423767
	0.7001385688781738
	0.70013427734375
	0.7001338005065918
	0.7001335620880127
	0.7001343369483948
	0.7001362442970276
	0.700132429599762
	0.7001365423202515
	0.7001372575759888
	0.7001283168792725
	0.7001266479492188
	0.700120747089386
	0.7001193165779114
	0.7001206278800964
	0.7001189589500427
	0.7001209259033203
	0.7001315951347351
	0.7001329660415649
	0.700127363204956
	0.7001168727874756
	0.7001232504844666
	0.7001326084136963
	0.7001306414604187
	0.7001286149024963
	0.7001277804374695
	0.7001210451126099
	0.7001226544380188
	0.700122058391571
	0.7001295685768127
	0.7001315355300903
	0.7001372575759888
	0.7001394033432007
	0.7001374959945679
	0.7001292705535889
	0.7001329660415649
	0.7001398205757141
	0.7001388669013977
	0.7001382112503052
	0.7001500129699707
	0.7001551389694214
	0.7001522183418274
	0.7001503705978394
	0.7001454830169678
	0.7001492977142334
	0.7001561522483826
	0.7001535892486572
	0.7001588940620422
	0.7001658082008362
	0.7001653909683228
	0.7001611590385437
	0.7001681923866272
	0.700168251991272
	0.7001762390136719
	0.7001763582229614
	0.700178861618042
	0.7001785039901733
	0.7001819610595703
	0.7001835107803345
	0.7001785039901733
	0.7001813054084778
	0.7001829743385315
	0.7001915574073792
	0.7001890540122986
	0.7001861929893494
	0.7001882195472717
	0.7001983523368835
	0.7002002596855164
	0.7001869678497314
	0.7001838088035583
	0.7001949548721313
	0.7002024054527283
	0.7002055644989014
	0.70020991563797
	0.7002139091491699
	0.7002221345901489
	0.7002236843109131
	0.7002299427986145
	0.700233519077301
	0.7002329230308533
	0.7002266645431519
	0.7002270817756653
	0.7002338767051697
	0.7002377510070801
	0.7002431154251099
	0.7002454996109009
	0.7002487182617188
	0.7002490162849426
	0.7002456188201904
	0.7002372741699219
	0.7002419233322144
	0.7002418041229248
	0.7002506256103516
	0.7002567052841187
	0.7002537250518799
	0.7002524137496948
	0.7002591490745544
	0.7002604603767395
	0.7002639174461365
	0.7002631425857544
	0.7002695202827454
	0.7002729773521423
	0.7002729773521423
	0.7002678513526917
	0.7002750635147095
	0.7002755999565125
	0.7002722024917603
	0.7002722024917603
	0.7002733945846558
	0.7002757787704468
	0.7002728581428528
	0.7002719640731812
	0.7002809643745422
	0.7002817988395691
	0.7002769112586975
	0.7002823948860168
	0.7002846002578735
	0.7002947926521301
	0.7002973556518555
	0.7003069519996643
	0.7003046870231628
	0.7003008723258972
	0.7003036737442017
	0.7003056406974792
	0.7003121376037598
	0.7003116607666016
	0.7003200054168701
	0.7003306746482849
	0.7003301978111267
	0.700334370136261
	0.7003381252288818
	0.7003337144851685
	0.700340986251831
	0.7003568410873413
	0.7003542184829712
	0.700357973575592
	0.7003627419471741
	0.7003631591796875
	0.700360894203186
	0.7003644704818726
	0.7003567218780518
	0.7003658413887024
	0.7003629207611084
	0.7003621459007263
	0.7003666162490845
	0.7003570795059204
	0.7003607749938965
	0.7003666162490845
	0.7003651261329651
	0.7003681659698486
	0.7003618478775024
	0.7003709077835083
	0.7003771662712097
	0.7003805041313171
	0.7003887891769409
	0.7003886699676514
	0.7003877758979797
	0.7003887891769409
	0.700390100479126
	0.7003886103630066
	0.7003905773162842
	0.7003923654556274
	0.7003979682922363
	0.7003976106643677
	0.7003939151763916
	0.700393795967102
	0.7003891468048096
	0.7003965377807617
	0.7003952264785767
	0.7004079222679138
	0.7004063129425049
	0.7004111409187317
	0.7004103064537048
	0.7004035115242004
	0.7004088759422302
	0.7004177570343018
	0.7004258036613464
	0.7004353404045105
	0.7004398107528687
	0.7004398703575134
	0.7004373073577881
	0.700445294380188
	0.7004510760307312
	0.7004541754722595
	0.7004579901695251
	0.7004594802856445
	0.7004590034484863
	0.7004520297050476
	0.7004473209381104
	0.7004433274269104
	0.7004455924034119
	0.7004424929618835
	0.7004408836364746
	0.7004353404045105
	0.7004296183586121
	0.7004342675209045
	0.7004309892654419
	0.70042884349823
	0.7004265785217285
	0.7004274725914001
	0.7004194259643555
	0.7004233002662659
	0.7004271745681763
	0.7004270553588867
	0.7004213929176331
	0.700417697429657
	0.7004247307777405
	0.7004245519638062
	0.7004309892654419
	0.7004386782646179
	0.7004413604736328
	0.7004479169845581
	0.7004539966583252
	0.7004583477973938
	0.7004707455635071
	0.7004758715629578
	0.7004770040512085
	0.7004716992378235
	0.7004744410514832
	0.700467050075531
	0.7004679441452026
	0.7004754543304443
	0.7004808783531189
	0.7004834413528442
	0.7005006074905396
	0.7005025148391724
	0.7005100250244141
	0.7005196809768677
	0.7005258202552795
	0.70052570104599
	0.7005242705345154
	0.7005271315574646
	0.7005231976509094
	0.7005265355110168
	0.7005196213722229
	0.7005214095115662
	0.7005214691162109
	0.700534999370575
	0.7005465030670166
	0.7005466818809509
	0.7005516290664673
	0.7005593180656433
	0.7005687952041626
	0.7005860805511475
	0.7005900740623474
	0.7005849480628967
	0.7005913257598877
	0.7005918025970459
	0.7005963325500488
	0.7005999684333801
	0.7006069421768188
	0.7006093263626099
	0.7006115317344666
	0.700624942779541
	0.7006279230117798
	0.7006354331970215
	0.7006444931030273
	0.70064777135849
	0.7006537914276123
	0.7006527781486511
	0.7006511688232422
	0.7006515264511108
	0.7006558775901794
	0.7006625533103943
	0.700666606426239
	0.7006711363792419
	0.7006808519363403
	0.7006826400756836
	0.7006809115409851
	0.7006803750991821
	0.7006844282150269
	0.7006881833076477
	0.7006974816322327
	0.7006915807723999
	0.7006921172142029
	0.7006967663764954
	0.7007105350494385
	0.7007198929786682
	0.7007243633270264
	0.7007275223731995
	0.700715959072113
	0.7007248997688293
	0.7007331848144531
	0.7007359266281128
	0.7007405757904053
	0.7007460594177246
	0.7007368803024292
	0.700739860534668
	0.7007485628128052
	0.700751543045044
	0.7007570266723633
	0.7007631063461304
	0.7007697820663452
	0.7007756233215332
	0.7007833123207092
	0.7007829546928406
	0.70078444480896
	0.700785219669342
	0.7007922530174255
	0.7007912397384644
	0.7007957696914673
	0.7008000612258911
	0.7008053064346313
	0.7008169293403625
	0.7008102536201477
	0.7008203864097595
	0.7008322477340698
	0.7008299827575684
	0.7008373737335205
	0.7008369565010071
	0.7008421421051025
	0.7008410096168518
	0.7008412480354309
	0.7008456587791443
	0.7008395791053772
	0.7008463144302368
	0.7008536458015442
	0.7008581161499023
	0.7008601427078247
	0.7008610963821411
	0.7008731961250305
	0.7008737325668335
	0.7008786797523499
	0.7008942365646362
	0.7008927464485168
	0.7009024024009705
	0.7009102702140808
	0.7009095549583435
	0.7009114027023315
	0.7009127140045166
	0.7009164094924927
	0.700920045375824
	0.7009279131889343
	0.7009318470954895
	0.7009368538856506
	0.7009375691413879
	0.7009484767913818
	0.7009544372558594
	0.7009615898132324
	0.7009668350219727
	0.7009693384170532
	0.7009787559509277
	0.7009865641593933
	0.7009912133216858
	0.700990617275238
	0.7009893655776978
	0.7009967565536499
	0.7009994387626648
	0.7010000348091125
	0.7010079622268677
	0.7010097503662109
	0.7010113596916199
	0.7010108828544617
	0.7010255455970764
	0.7010279297828674
	0.7010324597358704
	0.7010458111763
	0.7010497450828552
	0.7010470032691956
	0.7010495662689209
	0.701062023639679
	0.7010639309883118
	0.7010654211044312
	0.7010688185691833
	0.7010759115219116
	0.7010789513587952
	0.7010804414749146
	0.7010800838470459
	0.701082706451416
	0.701086699962616
	0.701083242893219
	0.7010824084281921
	0.701082706451416
	0.7010849118232727
	0.7010828852653503
	0.7010809779167175
	0.701093316078186
	0.701093316078186
]