[
	1.0997965335845947
	1.0995540618896484
	1.0993000268936157
	1.0990502834320068
	1.0987927913665771
	1.0985445976257324
	1.098284125328064
	1.0980180501937866
	1.0977578163146973
	1.0974891185760498
	1.0972434282302856
	1.0969971418380737
	1.0967594385147095
	1.0965075492858887
	1.0962529182434082
	1.0960041284561157
	1.0957520008087158
	1.0955171585083008
	1.0952774286270142
	1.0950353145599365
	1.0947825908660889
	1.0945467948913574
	1.0943107604980469
	1.0940797328948975
	1.0938267707824707
	1.0935792922973633
	1.0933332443237305
	1.0930899381637573
	1.0928595066070557
	1.0926225185394287
	1.0923900604248047
	1.092148780822754
	1.0919159650802612
	1.0916860103607178
	1.0914541482925415
	1.0912269353866577
	1.0909923315048218
	1.0907604694366455
	1.090533971786499
	1.0902891159057617
	1.0900565385818481
	1.0898165702819824
	1.0895973443984985
	1.089362382888794
	1.0891424417495728
	1.0889078378677368
	1.0886988639831543
	1.0884777307510376
	1.0882575511932373
	1.0880234241485596
	1.0878002643585205
	1.0875767469406128
	1.0873457193374634
	1.0871238708496094
	1.0869086980819702
	1.086687445640564
	1.0864709615707397
	1.086247444152832
	1.0860368013381958
	1.085824728012085
	1.0856103897094727
	1.0853939056396484
	1.085182785987854
	1.0849628448486328
	1.084756851196289
	1.084532618522644
	1.0843193531036377
	1.0841261148452759
	1.08391535282135
	1.08368980884552
	1.0834742784500122
	1.0832642316818237
	1.0830538272857666
	1.0828406810760498
	1.0826388597488403
	1.0824342966079712
	1.0822346210479736
	1.0820220708847046
	1.081817388534546
	1.0816200971603394
	1.0814372301101685
	1.0812538862228394
	1.0810482501983643
	1.0808491706848145
	1.0806537866592407
	1.0804556608200073
	1.0802533626556396
	1.0800480842590332
	1.0798542499542236
	1.07965087890625
	1.0794514417648315
	1.0792540311813354
	1.079047679901123
	1.0788729190826416
	1.0786837339401245
	1.0784878730773926
	1.0782862901687622
	1.0780922174453735
	1.0778980255126953
	1.0777087211608887
	1.0775238275527954
	1.0773112773895264
	1.0771154165267944
	1.0769174098968506
	1.0767300128936768
	1.0765371322631836
	1.0763429403305054
	1.076157808303833
	1.07596755027771
	1.0757875442504883
	1.0756148099899292
	1.0754355192184448
	1.0752613544464111
	1.0750799179077148
	1.0748958587646484
	1.0747416019439697
	1.0745558738708496
	1.0743563175201416
	1.0741760730743408
	1.0740094184875488
	1.073833703994751
	1.0736372470855713
	1.0734591484069824
	1.073273777961731
	1.0730863809585571
	1.0729138851165771
	1.0727286338806152
	1.0725334882736206
	1.0723603963851929
	1.0721954107284546
	1.07200288772583
	1.0718352794647217
	1.0716735124588013
	1.071489691734314
	1.0713140964508057
	1.0711326599121094
	1.0709601640701294
	1.070770502090454
	1.0706017017364502
	1.0704236030578613
	1.070243239402771
	1.070070505142212
	1.069899320602417
	1.0697245597839355
	1.0695677995681763
	1.0693833827972412
	1.0692137479782104
	1.0690504312515259
	1.0688717365264893
	1.0686845779418945
	1.0685323476791382
	1.0683608055114746
	1.0681886672973633
	1.0680128335952759
	1.067858338356018
	1.0677045583724976
	1.0675323009490967
	1.0673729181289673
	1.0672162771224976
	1.067055583000183
	1.0668751001358032
	1.066711664199829
	1.0665327310562134
	1.0663515329360962
	1.0662031173706055
	1.066048264503479
	1.065886378288269
	1.0657343864440918
	1.0655736923217773
	1.0654196739196777
	1.0652538537979126
	1.0650814771652222
	1.0649285316467285
	1.0647549629211426
	1.0645921230316162
	1.0644186735153198
	1.0642634630203247
	1.0641109943389893
	1.0639537572860718
	1.063806176185608
	1.063643455505371
	1.0634888410568237
	1.0633269548416138
	1.0631800889968872
	1.0630227327346802
	1.0628632307052612
	1.0626980066299438
	1.062556266784668
	1.0623897314071655
	1.062242031097412
	1.062081217765808
	1.061918020248413
	1.0617567300796509
	1.06159508228302
	1.0614280700683594
	1.0612704753875732
	1.061119556427002
	1.0609709024429321
	1.0608289241790771
	1.0606837272644043
	1.0605292320251465
	1.0603893995285034
	1.0602359771728516
	1.0600868463516235
	1.059931755065918
	1.0597869157791138
	1.0596373081207275
	1.0594924688339233
	1.0593427419662476
	1.0591846704483032
	1.0590324401855469
	1.058882713317871
	1.0587271451950073
	1.058573842048645
	1.0584278106689453
	1.0582760572433472
	1.0581269264221191
	1.0579832792282104
	1.0578391551971436
	1.0576969385147095
	1.0575422048568726
	1.0574132204055786
	1.057267665863037
	1.0571092367172241
	1.0569618940353394
	1.0568382740020752
	1.056708812713623
	1.056563377380371
	1.0564154386520386
	1.0562880039215088
	1.0561467409133911
	1.055984377861023
	1.0558329820632935
	1.055699110031128
	1.0555490255355835
	1.0554075241088867
	1.0552741289138794
	1.0551369190216064
	1.0549921989440918
	1.054860234260559
	1.0547223091125488
	1.0545841455459595
	1.0544456243515015
	1.0543080568313599
	1.054175853729248
	1.0540337562561035
	1.053894281387329
	1.0537712574005127
	1.0536365509033203
	1.0534948110580444
	1.0533576011657715
	1.0532199144363403
	1.0530959367752075
	1.0529553890228271
	1.0528340339660645
	1.052699327468872
	1.052561640739441
	1.0524407625198364
	1.052302360534668
	1.0521570444107056
	1.0520275831222534
	1.0519061088562012
	1.051772117614746
	1.0516380071640015
	1.0515029430389404
	1.051377534866333
	1.0512406826019287
	1.0511245727539062
	1.0510122776031494
	1.0508875846862793
	1.0507662296295166
	1.0506484508514404
	1.0505256652832031
	1.0503953695297241
	1.050281286239624
	1.0501575469970703
	1.0500235557556152
	1.0498926639556885
	1.049753189086914
	1.0496217012405396
	1.049497127532959
	1.0493651628494263
	1.0492345094680786
	1.0490965843200684
	1.0489734411239624
	1.0488529205322266
	1.0487176179885864
	1.048587441444397
	1.048470377922058
	1.048346757888794
	1.0482213497161865
	1.0481010675430298
	1.0479991436004639
	1.0478768348693848
	1.0477511882781982
	1.0476237535476685
	1.0474947690963745
	1.0473614931106567
	1.0472387075424194
	1.0471056699752808
	1.0469800233840942
	1.046859622001648
	1.046720027923584
	1.046598196029663
	1.046466588973999
	1.0463353395462036
	1.0462051630020142
	1.0460808277130127
	1.0459671020507812
	1.0458582639694214
	1.0457333326339722
	1.0456112623214722
	1.0454949140548706
	1.04537034034729
	1.045264482498169
	1.0451453924179077
	1.045019507408142
	1.0449000597000122
	1.0447847843170166
	1.0446670055389404
	1.0445466041564941
	1.0444276332855225
	1.044305443763733
	1.0441845655441284
	1.0440746545791626
	1.0439552068710327
	1.0438319444656372
	1.0436947345733643
	1.0435718297958374
	1.0434426069259644
	1.0433324575424194
	1.0432026386260986
	1.043092966079712
	1.0429710149765015
	1.0428577661514282
	1.0427364110946655
	1.0426181554794312
	1.0425084829330444
	1.0423842668533325
	1.042272686958313
	1.0421561002731323
	1.0420376062393188
	1.041914939880371
	1.0418084859848022
	1.041703701019287
	1.0415900945663452
	1.0414843559265137
	1.0413798093795776
	1.0412752628326416
	1.041166067123413
	1.0410503149032593
	1.0409469604492188
	1.0408408641815186
	1.040736198425293
	1.0406218767166138
	1.0405035018920898
	1.0403904914855957
	1.0402799844741821
	1.0401703119277954
	1.040050745010376
	1.039939522743225
	1.0398200750350952
	1.0397127866744995
	1.0396000146865845
	1.0395092964172363
	1.0394001007080078
	1.0392966270446777
	1.0391956567764282
	1.0390840768814087
	1.0389708280563354
	1.038862705230713
	1.0387578010559082
	1.038647174835205
	1.03854501247406
	1.0384210348129272
	1.03830087184906
	1.0381999015808105
	1.038103699684143
	1.0379996299743652
	1.037886619567871
	1.037769079208374
	1.0376644134521484
	1.0375677347183228
	1.0374631881713867
	1.0373680591583252
	1.0372549295425415
	1.037148118019104
	1.0370512008666992
	1.0369592905044556
	1.0368528366088867
	1.0367505550384521
	1.0366398096084595
	1.0365283489227295
	1.036422848701477
	1.036307454109192
	1.0361965894699097
	1.0360890626907349
	1.0359841585159302
	1.0358718633651733
	1.03574800491333
	1.0356289148330688
	1.035513997077942
	1.0353941917419434
	1.0352891683578491
	1.035178780555725
	1.0350688695907593
	1.034968614578247
	1.034875512123108
	1.034775972366333
	1.0346845388412476
	1.0345906019210815
	1.034489393234253
	1.0343841314315796
	1.0342909097671509
	1.034186601638794
	1.0340856313705444
	1.033978819847107
	1.033876895904541
	1.0337687730789185
	1.033677339553833
	1.0335677862167358
	1.0334806442260742
	1.0333796739578247
	1.033293604850769
	1.03319251537323
	1.0330756902694702
	1.0329738855361938
	1.0328730344772339
	1.0327659845352173
	1.0326826572418213
	1.0325827598571777
	1.0324857234954834
	1.0323827266693115
	1.0322870016098022
	1.0321849584579468
	1.0320955514907837
	1.0320019721984863
	1.0319101810455322
	1.0318149328231812
	1.0317221879959106
	1.0316345691680908
	1.0315436124801636
	1.0314428806304932
	1.0313513278961182
	1.0312696695327759
	1.0311791896820068
	1.031075119972229
	1.0309799909591675
	1.0308743715286255
	1.0307812690734863
	1.0306968688964844
	1.030605673789978
	1.0305019617080688
	1.030395269393921
	1.0302951335906982
	1.0302047729492188
	1.0301107168197632
	1.0300191640853882
	1.0299204587936401
	1.0298261642456055
	1.0297315120697021
	1.029633641242981
	1.0295460224151611
	1.0294640064239502
	1.0293779373168945
	1.0292834043502808
	1.0291905403137207
	1.0291036367416382
	1.0290069580078125
	1.0289134979248047
	1.0288316011428833
	1.028753399848938
	1.0286478996276855
	1.028563141822815
	1.0284701585769653
	1.0283794403076172
	1.0282976627349854
	1.0282045602798462
	1.0281192064285278
	1.0280132293701172
	1.0279144048690796
	1.0278252363204956
	1.027730107307434
	1.0276412963867188
	1.0275591611862183
	1.0274734497070312
	1.027392029762268
	1.0272941589355469
	1.0271941423416138
	1.0271066427230835
	1.0270107984542847
	1.0269185304641724
	1.0268326997756958
	1.0267465114593506
	1.0266704559326172
	1.0265729427337646
	1.0264874696731567
	1.026398777961731
	1.026320457458496
	1.0262216329574585
	1.026140809059143
	1.0260446071624756
	1.0259665250778198
	1.0258785486221313
	1.0257936716079712
	1.025707721710205
	1.0256112813949585
	1.0255206823349
	1.025438666343689
	1.025357961654663
	1.0252690315246582
	1.0251916646957397
	1.0251065492630005
	1.0250219106674194
	1.0249310731887817
	1.0248515605926514
	1.024765968322754
	1.0246835947036743
	1.024605393409729
	1.0245462656021118
	1.0244704484939575
	1.0243946313858032
	1.0243054628372192
	1.0242245197296143
	1.024127721786499
	1.024041771888733
	1.0239524841308594
	1.0238707065582275
	1.0237714052200317
	1.0236859321594238
	1.0235962867736816
	1.023504376411438
	1.023419976234436
	1.0233289003372192
	1.0232384204864502
	1.0231434106826782
	1.0230698585510254
	1.0229765176773071
	1.0229073762893677
	1.0228317975997925
	1.0227560997009277
	1.0226774215698242
	1.0225975513458252
	1.0225083827972412
	1.0224298238754272
	1.0223479270935059
	1.0222582817077637
	1.0221898555755615
	1.0221105813980103
	1.0220280885696411
	1.0219430923461914
	1.021857738494873
	1.0217777490615845
	1.0216975212097168
	1.021620512008667
	1.0215402841567993
	1.0214530229568481
	1.021356225013733
	1.021286964416504
	1.0212116241455078
	1.0211290121078491
	1.0210422277450562
	1.0209521055221558
	1.0208828449249268
	1.020812749862671
	1.0207438468933105
	1.0206658840179443
	1.0205836296081543
	1.0205150842666626
	1.0204472541809082
	1.0203787088394165
	1.0203067064285278
	1.020222783088684
	1.0201431512832642
	1.0200691223144531
	1.0199981927871704
	1.0199201107025146
	1.0198522806167603
	1.0197819471359253
	1.0197088718414307
	1.0196332931518555
	1.01954984664917
	1.0194754600524902
	1.0194017887115479
	1.0193302631378174
	1.019268274307251
	1.0191876888275146
	1.0191197395324707
	1.0190467834472656
	1.0189725160598755
	1.0188939571380615
	1.0188275575637817
	1.0187472105026245
	1.01866614818573
	1.018584132194519
	1.0185121297836304
	1.0184372663497925
	1.0183725357055664
	1.0183007717132568
	1.0182324647903442
	1.0181561708450317
	1.0180743932724
	1.0179989337921143
	1.0179179906845093
	1.0178537368774414
	1.0177921056747437
	1.0177193880081177
	1.0176454782485962
	1.0175907611846924
	1.0175164937973022
	1.0174509286880493
	1.0173759460449219
	1.0172958374023438
	1.0172213315963745
	1.0171598196029663
	1.01710045337677
	1.0170187950134277
	1.0169365406036377
	1.016861915588379
	1.016789436340332
	1.0167187452316284
	1.0166412591934204
	1.0165636539459229
	1.0165044069290161
	1.0164358615875244
	1.0163650512695312
	1.0162991285324097
	1.0162444114685059
	1.0161815881729126
	1.0161068439483643
	1.0160390138626099
	1.0159679651260376
	1.0158909559249878
	1.0158239603042603
	1.0157616138458252
	1.0156935453414917
	1.0156264305114746
	1.015563726425171
	1.0155056715011597
	1.0154318809509277
	1.015367031097412
	1.0152945518493652
	1.015228271484375
	1.0151622295379639
	1.0150963068008423
	1.0150378942489624
	1.0149778127670288
	1.0149108171463013
	1.0148314237594604
	1.0147680044174194
	1.0147112607955933
	1.0146491527557373
	1.0145841836929321
	1.014514684677124
	1.014450192451477
	1.0143849849700928
	1.0143235921859741
	1.0142759084701538
	1.0142055749893188
	1.0141412019729614
	1.0140795707702637
	1.0140104293823242
	1.0139412879943848
	1.013872504234314
	1.0138076543807983
	1.0137425661087036
	1.0136818885803223
	1.013612985610962
	1.0135443210601807
	1.0134718418121338
	1.0133936405181885
	1.0133358240127563
	1.013263463973999
	1.0131933689117432
	1.01312255859375
	1.0130631923675537
	1.0129965543746948
	1.0129382610321045
	1.0128799676895142
	1.0128275156021118
	1.0127702951431274
	1.0126973390579224
	1.0126267671585083
	1.0125634670257568
	1.0125104188919067
	1.0124409198760986
	1.0123755931854248
	1.0123194456100464
	1.0122499465942383
	1.0121839046478271
	1.0121196508407593
	1.0120446681976318
	1.0119839906692505
	1.0119266510009766
	1.0118674039840698
	1.0118062496185303
	1.0117416381835938
	1.0116949081420898
	1.0116281509399414
	1.0115619897842407
	1.0115031003952026
	1.0114445686340332
	1.0113822221755981
	1.011307716369629
	1.011268138885498
	1.0111898183822632
	1.0111290216445923
	1.0110729932785034
	1.0110145807266235
	1.0109446048736572
	1.0108872652053833
	1.0108338594436646
	1.010761022567749
	1.010694980621338
	1.0106425285339355
	1.010602593421936
	1.0105528831481934
	1.010505199432373
	1.010459303855896
	1.0104029178619385
	1.0103492736816406
	1.0102940797805786
	1.0102375745773315
	1.010178804397583
	1.0101277828216553
	1.0100680589675903
	1.0100072622299194
	1.0099430084228516
	1.0098823308944702
	1.0098261833190918
	1.009766936302185
	1.0097262859344482
	1.0096837282180786
	1.0096306800842285
	1.0095820426940918
	1.0095293521881104
	1.0094777345657349
	1.0094377994537354
	1.009393572807312
	1.009335994720459
	1.009276032447815
	1.0092185735702515
	1.0091654062271118
	1.0091044902801514
	1.0090464353561401
	1.0089986324310303
	1.0089467763900757
	1.0088913440704346
	1.008828043937683
	1.0087683200836182
	1.008716344833374
	1.0086630582809448
	1.0086079835891724
	1.0085471868515015
	1.0084959268569946
	1.008445382118225
	1.00840425491333
	1.0083625316619873
	1.0082972049713135
	1.008257269859314
	1.0082128047943115
	1.0081629753112793
	1.0081192255020142
	1.0080690383911133
	1.0080246925354004
	1.007975697517395
	1.0079282522201538
	1.00788414478302
	1.0078264474868774
	1.0077893733978271
	1.0077468156814575
	1.0077095031738281
	1.0076595544815063
	1.0076035261154175
	1.0075541734695435
	1.0074983835220337
	1.007455825805664
	1.0074117183685303
	1.00736665725708
	1.007318139076233
	1.0072766542434692
	1.0072283744812012
	1.0071784257888794
	1.0071351528167725
	1.0070804357528687
	1.0070347785949707
	1.0069847106933594
	1.006953477859497
	1.0069019794464111
	1.0068501234054565
	1.006799340248108
	1.0067541599273682
	1.0067092180252075
	1.0066567659378052
	1.0066102743148804
	1.006563663482666
	1.0065281391143799
	1.006486415863037
	1.0064398050308228
	1.0063953399658203
	1.0063562393188477
	1.0063064098358154
	1.0062658786773682
	1.0062185525894165
	1.0061672925949097
	1.006130337715149
	1.0060741901397705
	1.0060303211212158
	1.0059711933135986
	1.0059183835983276
	1.005876898765564
	1.0058339834213257
	1.0057871341705322
	1.005748987197876
	1.0056970119476318
	1.0056605339050293
	1.0056122541427612
	1.0055720806121826
	1.0055263042449951
	1.0054746866226196
	1.0054385662078857
	1.0053948163986206
	1.0053472518920898
	1.005313515663147
	1.0052707195281982
	1.0052238702774048
	1.005185604095459
	1.0051360130310059
	1.0050889253616333
	1.0050501823425293
	1.0050153732299805
	1.00497305393219
	1.0049172639846802
	1.004878044128418
	1.0048344135284424
	1.0047837495803833
	1.0047346353530884
	1.004688024520874
	1.0046381950378418
	1.0045957565307617
	1.0045570135116577
	1.0045167207717896
	1.0044702291488647
	1.0044326782226562
	1.0043957233428955
	1.0043550729751587
	1.004323959350586
	1.0042800903320312
	1.004250407218933
	1.0042121410369873
	1.004176139831543
	1.0041322708129883
	1.0040901899337769
	1.004066824913025
	1.0040254592895508
	1.00398850440979
	1.003951072692871
	1.0039122104644775
	1.0038729906082153
	1.0038267374038696
	1.0037826299667358
	1.0037453174591064
	1.0037068128585815
	1.0036715269088745
	1.003633975982666
	1.0036015510559082
	1.0035573244094849
	1.0035150051116943
	1.003476858139038
	1.0034314393997192
	1.0033854246139526
	1.003366231918335
	1.0033302307128906
	1.0032838582992554
	1.0032570362091064
	1.0032109022140503
	1.003182291984558
	1.0031546354293823
	1.0031267404556274
	1.0030953884124756
	1.0030677318572998
	1.0030279159545898
	1.0029923915863037
	1.0029586553573608
	1.0029247999191284
	1.0028990507125854
	1.0028587579727173
	1.0028315782546997
	1.0027912855148315
	1.0027618408203125
	1.0027101039886475
	1.002668023109436
	1.0026330947875977
	1.0025956630706787
	1.0025739669799805
	1.0025399923324585
	1.0025123357772827
	1.0024746656417847
	1.0024371147155762
	1.0023936033248901
	1.0023537874221802
	1.0023224353790283
	1.0022876262664795
	1.0022562742233276
	1.0022286176681519
	1.0021946430206299
	1.0021567344665527
	1.0021165609359741
	1.0020825862884521
	1.0020382404327393
	1.0019944906234741
	1.001975178718567
	1.0019477605819702
	1.0019160509109497
	1.0018805265426636
	1.001844882965088
	1.001816987991333
	1.0017833709716797
	1.0017399787902832
	1.0017119646072388
	1.0016834735870361
	1.0016554594039917
	1.001626968383789
	1.0015870332717896
	1.0015474557876587
	1.0015158653259277
	1.0014851093292236
	1.0014516115188599
	1.0014259815216064
	1.0013924837112427
	1.0013628005981445
	1.0013328790664673
	1.0012975931167603
	1.0012593269348145
	1.0012176036834717
	1.0011874437332153
	1.0011439323425293
	1.0011180639266968
	1.0010817050933838
	1.0010430812835693
	1.001016616821289
	1.0009876489639282
	1.0009562969207764
	1.000924825668335
	1.0008957386016846
	1.0008612871170044
	1.0008282661437988
	1.000800609588623
	1.0007684230804443
	1.0007404088974
	1.0007030963897705
	1.000673770904541
	1.0006452798843384
	1.000605583190918
	1.0005735158920288
	1.0005314350128174
	1.000497817993164
	1.000465750694275
	1.0004284381866455
	1.0004041194915771
	1.0003764629364014
	1.000349760055542
	1.0003081560134888
	1.000274896621704
	1.00025475025177
	1.000234842300415
	1.000209927558899
	1.000180959701538
	1.000158667564392
	1.000117540359497
	1.0000790357589722
	1.0000499486923218
	1.0000231266021729
	0.9999929070472717
	0.9999600648880005
	0.999923586845398
	0.9999078512191772
	0.9998874664306641
	0.9998587965965271
	0.9998301863670349
	0.9998111128807068
	0.999786913394928
	0.9997562170028687
	0.9997305274009705
	0.9997050166130066
	0.9996699094772339
	0.999641478061676
	0.9996077418327332
	0.9995849132537842
	0.9995439052581787
	0.9995218515396118
	0.9994876980781555
	0.9994635581970215
	0.9994378089904785
	0.9994074702262878
	0.9993842840194702
	0.9993588924407959
	0.99933260679245
	0.9993069767951965
	0.9992817044258118
	0.9992520809173584
	0.999218761920929
	0.9991911053657532
	0.9991554617881775
	0.9991282820701599
	0.999106228351593
	0.9990742802619934
	0.9990425109863281
	0.9990110993385315
	0.9989833831787109
	0.9989532828330994
	0.9989311099052429
	0.9989015460014343
	0.9988921880722046
	0.9988631010055542
	0.9988390803337097
	0.9988157749176025
	0.9987815618515015
	0.998756468296051
	0.9987306594848633
	0.9987027645111084
	0.9986823201179504
	0.9986585974693298
	0.998626172542572
	0.9985976815223694
	0.9985740184783936
	0.99855637550354
	0.9985329508781433
	0.9985083341598511
	0.9984663128852844
	0.9984478950500488
	0.9984236359596252
	0.9983908534049988
	0.9983608722686768
	0.9983338713645935
	0.998310923576355
	0.9982895255088806
	0.9982762336730957
	0.9982523322105408
	0.9982247352600098
	0.9981923699378967
	0.9981578588485718
	0.9981337189674377
	0.9981042742729187
	0.9980825781822205
	0.9980407953262329
	0.9980099201202393
	0.997970461845398
	0.9979501366615295
	0.9979053735733032
	0.9978836178779602
	0.9978463649749756
	0.9978162050247192
	0.9977874159812927
	0.9977642893791199
	0.9977461099624634
	0.9977205991744995
	0.99769526720047
	0.9976720213890076
	0.9976388812065125
	0.9975979328155518
	0.9975683689117432
	0.9975380301475525
	0.9975142478942871
	0.9974870681762695
	0.997467577457428
	0.9974436163902283
	0.997428297996521
	0.9974063634872437
	0.997383177280426
	0.99735426902771
	0.9973283410072327
	0.9973087906837463
	0.9972926378250122
	0.997272253036499
	0.9972447752952576
	0.9972233772277832
	0.9971975684165955
	0.9971694946289062
	0.9971605539321899
	0.9971421957015991
	0.9971116781234741
	0.9970924258232117
	0.9970633387565613
	0.997045636177063
	0.9970225691795349
	0.996996283531189
	0.996971070766449
	0.9969453811645508
	0.996927797794342
	0.9969058632850647
	0.9968682527542114
	0.9968424439430237
	0.9968164563179016
	0.9967831969261169
	0.996758759021759
	0.9967371821403503
	0.9967266917228699
	0.9967047572135925
	0.9966744184494019
	0.9966468214988708
	0.996615469455719
	0.9965914487838745
	0.9965697526931763
	0.9965418577194214
	0.9965137839317322
	0.9965001940727234
	0.9964788556098938
	0.9964650273323059
	0.9964486956596375
	0.9964324235916138
	0.9964162707328796
	0.9963971972465515
	0.9963783025741577
	0.9963477849960327
	0.9963250756263733
	0.9963119626045227
	0.9962866902351379
	0.9962610602378845
	0.9962372183799744
	0.9962171912193298
	0.9961884021759033
	0.996170699596405
	0.9961497187614441
	0.9961249232292175
	0.9961085319519043
	0.9960857033729553
	0.9960660934448242
	0.9960429072380066
	0.9960252046585083
	0.9960119724273682
	0.995995283126831
	0.9959616661071777
	0.9959474802017212
	0.9959281086921692
	0.9959084391593933
	0.9958836436271667
	0.995859682559967
	0.9958377480506897
	0.9958296418190002
	0.9958242177963257
	0.9957997798919678
	0.995784342288971
	0.9957709312438965
	0.9957588911056519
	0.9957435131072998
	0.9957401156425476
	0.9957202672958374
	0.9957090020179749
	0.9956949949264526
	0.9956749081611633
	0.9956552982330322
	0.9956390857696533
	0.9956235289573669
	0.9956046342849731
	0.9955764412879944
	0.9955586791038513
	0.9955310225486755
	0.9955114126205444
	0.995499849319458
	0.9954738616943359
	0.9954515099525452
	0.9954278469085693
	0.9954087138175964
	0.9953919053077698
	0.9953740835189819
	0.9953555464744568
	0.9953263998031616
	0.9953176379203796
	0.9952959418296814
	0.9952695369720459
	0.995250403881073
	0.9952377676963806
	0.9952262043952942
	0.9952006340026855
	0.995188295841217
	0.9951727986335754
	0.9951447248458862
	0.9951363801956177
	0.9951139688491821
	0.9950883984565735
	0.9950610399246216
	0.9950428605079651
	0.9950251579284668
	0.9950170516967773
	0.9950154423713684
	0.9949953556060791
	0.9949774146080017
	0.9949696063995361
	0.994955837726593
	0.9949313998222351
	0.9949020147323608
	0.9948900938034058
	0.9948781132698059
	0.9948615431785583
	0.9948395490646362
	0.9948197603225708
	0.994789183139801
	0.9947789311408997
	0.9947679042816162
	0.9947565197944641
	0.9947392344474792
	0.9947187900543213
	0.9946991801261902
	0.9946776628494263
	0.9946664571762085
	0.9946538209915161
	0.9946290850639343
	0.9946079254150391
	0.9945866465568542
	0.9945695400238037
	0.9945552349090576
	0.9945263266563416
	0.9945142269134521
	0.9945071935653687
	0.9944952726364136
	0.9944761395454407
	0.9944674372673035
	0.994445264339447
	0.9944366216659546
	0.9944195747375488
	0.994417130947113
	0.994404673576355
	0.9943841695785522
	0.9943646192550659
	0.9943598508834839
	0.9943392872810364
	0.9943268895149231
	0.9943015575408936
	0.9942826628684998
	0.9942639470100403
	0.9942459464073181
	0.9942188262939453
	0.9942001104354858
	0.9941918253898621
	0.9941707849502563
	0.9941335916519165
	0.9941045641899109
	0.9940900802612305
	0.994062066078186
	0.9940468668937683
	0.9940255284309387
	0.9940089583396912
	0.9939971566200256
	0.9939791560173035
	0.993959903717041
	0.993935763835907
	0.993923008441925
	0.9939069151878357
	0.9938904047012329
	0.9938713312149048
	0.9938618540763855
	0.9938467741012573
	0.9938249588012695
	0.993811309337616
	0.9937990307807922
	0.9937797784805298
	0.9937604069709778
	0.9937472939491272
	0.9937196373939514
	0.9937005639076233
	0.9936873316764832
	0.9936774969100952
	0.9936665296554565
	0.9936457276344299
	0.9936268329620361
	0.9936095476150513
	0.9935968518257141
	0.9935759902000427
	0.9935564994812012
	0.9935439229011536
	0.9935325980186462
	0.9935200214385986
	0.9935117959976196
	0.9935042858123779
	0.9935014843940735
	0.9934834241867065
	0.9934682250022888
	0.9934579133987427
	0.9934471249580383
	0.9934317469596863
	0.9934132695198059
	0.9933919310569763
	0.9933731555938721
	0.9933621287345886
	0.9933550953865051
	0.9933345317840576
	0.99331134557724
	0.9932920932769775
	0.9932796955108643
	0.9932706356048584
	0.9932530522346497
	0.9932381510734558
	0.9932284355163574
	0.9932149648666382
	0.9931931495666504
	0.9931868314743042
	0.9931790828704834
	0.9931593537330627
	0.9931514859199524
	0.9931323528289795
	0.9931102991104126
	0.9930993914604187
	0.9930877685546875
	0.9930760860443115
	0.9930604100227356
	0.9930452704429626
	0.9930289387702942
	0.9930181503295898
	0.9929989576339722
	0.992986798286438
	0.9929695129394531
	0.9929556250572205
	0.9929503202438354
	0.9929454922676086
	0.9929282665252686
	0.9929113388061523
	0.9928946495056152
	0.9928752779960632
	0.9928548336029053
	0.9928361177444458
	0.9928271770477295
	0.9928090572357178
	0.9927980303764343
	0.9927807450294495
	0.9927725791931152
	0.9927590489387512
	0.9927428960800171
	0.9927335381507874
	0.9927263259887695
	0.99271559715271
	0.9926994442939758
	0.9926808476448059
	0.9926700592041016
	0.9926601648330688
	0.992648720741272
	0.9926345944404602
	0.9926249980926514
	0.992603600025177
	0.9925787448883057
	0.9925645589828491
	0.9925534129142761
	0.992541491985321
	0.9925243258476257
	0.992510974407196
	0.9924973249435425
	0.9924824833869934
	0.9924627542495728
	0.9924576878547668
	0.9924464225769043
	0.9924389123916626
	0.9924290180206299
	0.9924157857894897
	0.9924030900001526
	0.9924029111862183
	0.9923847317695618
	0.9923738241195679
	0.9923661947250366
	0.9923576712608337
	0.992340087890625
	0.9923368096351624
	0.9923206567764282
	0.9922997355461121
	0.9922975301742554
	0.9922886490821838
	0.99227374792099
	0.9922510981559753
	0.9922325015068054
	0.9922229051589966
	0.992201030254364
	0.9921828508377075
	0.9921882748603821
	0.9921736717224121
	0.9921604990959167
	0.9921799302101135
	0.9921635985374451
	0.9921574592590332
	0.9921430945396423
	0.9921263456344604
	0.9921182990074158
	0.9921044707298279
	0.9921025037765503
	0.9920909404754639
	0.9920699596405029
	0.992064356803894
	0.9920597672462463
	0.9920442700386047
	0.9920276403427124
	0.9920112490653992
	0.9919999837875366
	0.9919987320899963
	0.9919806718826294
	0.9919789433479309
	0.9919625520706177
	0.9919586181640625
	0.9919476509094238
	0.9919351935386658
	0.9919238090515137
	0.9919060468673706
	0.9918970465660095
	0.9918791651725769
	0.9918671250343323
	0.9918619990348816
	0.9918584823608398
	0.9918504357337952
	0.9918398857116699
	0.9918302893638611
	0.9918168783187866
	0.9918031096458435
	0.9917908310890198
	0.9917844533920288
	0.9917809963226318
	0.9917662143707275
	0.9917510747909546
	0.9917387366294861
	0.9917179942131042
	0.9917141199111938
	0.9917048215866089
	0.9916929006576538
	0.9916763305664062
	0.991662859916687
	0.9916604161262512
	0.9916494488716125
	0.9916442036628723
	0.9916215538978577
	0.9916061758995056
	0.9915887713432312
	0.9915847182273865
	0.9915790557861328
	0.9915571212768555
	0.9915561079978943
	0.9915463328361511
	0.9915246367454529
	0.9915178418159485
	0.991520881652832
	0.991508424282074
	0.9915058612823486
	0.9914898872375488
	0.9914804100990295
	0.9914728999137878
	0.9914679527282715
	0.9914667010307312
	0.9914588928222656
	0.9914507865905762
	0.9914373159408569
	0.9914193749427795
	0.9914064407348633
	0.9913939833641052
	0.9913855195045471
	0.9913659691810608
	0.9913546442985535
	0.9913409352302551
	0.9913385510444641
	0.9913359880447388
	0.9913256764411926
	0.9913091659545898
	0.9913023114204407
	0.9912995100021362
	0.9912798404693604
	0.9912774562835693
	0.9912640452384949
	0.99125736951828
	0.9912567138671875
	0.9912405610084534
	0.9912339448928833
	0.9912326335906982
	0.9912210702896118
	0.9912030100822449
	0.9911954998970032
	0.9911808967590332
	0.9911634922027588
	0.9911502003669739
	0.9911491274833679
	0.9911359548568726
	0.991124153137207
	0.9911133646965027
	0.9910997748374939
	0.9911001324653625
	0.9910925626754761
	0.9910807013511658
	0.991075336933136
	0.9910594820976257
	0.9910522103309631
	0.9910358786582947
	0.9910306930541992
	0.9910234212875366
	0.9910175204277039
	0.9910144209861755
	0.9909990429878235
	0.9909948706626892
	0.9909964799880981
	0.9909942150115967
	0.9909961223602295
	0.9909859895706177
	0.9909827709197998
	0.9909802079200745
	0.9909680485725403
	0.9909607768058777
	0.9909685850143433
	0.9909572601318359
	0.9909511804580688
	0.9909467101097107
	0.9909420013427734
	0.990939199924469
	0.9909356236457825
	0.9909200668334961
	0.9909115433692932
	0.9909064173698425
	0.9908933639526367
	0.9908900260925293
	0.9908838272094727
	0.9908785820007324
	0.9908769726753235
	0.9908739328384399
	0.9908787608146667
	0.9908775091171265
	0.9908679127693176
	0.990858256816864
	0.9908533692359924
	0.990851640701294
	0.9908493161201477
	0.9908523559570312
	0.9908649325370789
	0.9908625483512878
	0.9908502101898193
	0.9908440709114075
	0.9908403158187866
	0.9908361434936523
	0.9908229112625122
	0.9908180236816406
	0.9908106327056885
	0.9908022880554199
	0.9908055067062378
	0.9907912015914917
	0.9907875061035156
	0.9907748103141785
	0.9907737374305725
	0.9907769560813904
	0.9907719492912292
	0.9907655715942383
	0.9907629489898682
	0.9907604455947876
	0.9907568693161011
	0.9907439947128296
	0.9907310605049133
	0.9907366037368774
	0.9907400012016296
	0.9907364249229431
	0.9907311201095581
	0.9907203912734985
	0.9907227158546448
	0.9907094836235046
	0.9906933307647705
	0.9906893968582153
	0.9906905293464661
	0.9907056093215942
	0.9906967878341675
	0.9906860589981079
	0.9906780123710632
	0.9906771183013916
	0.9906620383262634
	0.9906516671180725
	0.9906426072120667
	0.9906344413757324
	0.9906319379806519
	0.9906289577484131
	0.9906222820281982
	0.9906136393547058
	0.9906160831451416
	0.9906105995178223
	0.9906068444252014
	0.9905914664268494
	0.9905720949172974
	0.9905727505683899
	0.9905698299407959
	0.9905707240104675
	0.9905783534049988
	0.9905749559402466
	0.9905694723129272
	0.9905650019645691
	0.9905491471290588
	0.9905466437339783
	0.9905489087104797
	0.9905362129211426
	0.990534245967865
	0.9905164837837219
	0.9905146956443787
	0.9904981851577759
	0.9904881715774536
	0.990472137928009
	0.9904601573944092
	0.9904588460922241
	0.9904540181159973
	0.990435779094696
	0.9904244542121887
	0.9904211163520813
	0.9904064536094666
	0.9903980493545532
	0.9903934597969055
	0.9903750419616699
	0.9903703331947327
	0.990356981754303
	0.9903497695922852
	0.9903543591499329
	0.9903534650802612
	0.9903557300567627
	0.990361750125885
	0.9903616309165955
	0.9903555512428284
	0.9903568625450134
	0.9903455376625061
	0.9903463125228882
	0.9903457760810852
	0.9903489947319031
	0.9903486967086792
	0.9903431534767151
	0.990338146686554
	0.990339994430542
	0.9903274178504944
	0.9903215765953064
	0.990312397480011
	0.990307629108429
	0.9903011918067932
	0.9902899861335754
	0.9902742505073547
	0.9902750849723816
	0.9902679920196533
	0.9902636408805847
	0.9902538061141968
	0.9902451038360596
	0.9902392625808716
	0.9902369976043701
	0.9902215003967285
	0.9902103543281555
	0.9902006387710571
	0.9901915788650513
	0.9901880621910095
	0.9901808500289917
	0.990172803401947
	0.9901790618896484
	0.9901796579360962
	0.9901629090309143
	0.9901458024978638
	0.990153968334198
	0.9901549220085144
	0.9901496171951294
	0.9901436567306519
	0.9901367425918579
	0.9901269674301147
	0.9901214838027954
	0.9901148676872253
	0.9901056289672852
	0.9900997281074524
	0.9900999665260315
	0.990098774433136
	0.9900938868522644
	0.9900755286216736
	0.9900767207145691
	0.9900847673416138
	0.990082859992981
	0.990083634853363
	0.9900878071784973
	0.9900849461555481
	0.9900789260864258
	0.9900714755058289
	0.9900632500648499
	0.9900627732276917
	0.9900709986686707
	0.9900674223899841
	0.9900658130645752
	0.9900726079940796
	0.9900698661804199
	0.990057647228241
	0.9900579452514648
	0.9900524020195007
	0.9900489449501038
	0.9900460243225098
	0.9900446534156799
	0.9900441765785217
	0.9900416731834412
	0.990036129951477
	0.9900217056274414
	0.9900175929069519
	0.9900178909301758
	0.99001145362854
	0.9899967312812805
	0.9899856448173523
	0.9899843335151672
	0.9899898767471313
	0.9899870157241821
	0.9899703860282898
	0.989957332611084
	0.9899588823318481
	0.9899577498435974
	0.9899606704711914
	0.9899599552154541
	0.9899689555168152
	0.9899686574935913
	0.9899624586105347
	0.9899686574935913
	0.9899736046791077
	0.9899635910987854
	0.9899576306343079
	0.9899517893791199
	0.9899525046348572
	0.9899479746818542
	0.9899481534957886
	0.9899423718452454
	0.9899402856826782
	0.9899311065673828
	0.9899271130561829
	0.9899112582206726
	0.9899099469184875
	0.9898963570594788
	0.989898145198822
	0.9899018406867981
	0.9898914098739624
	0.9898866415023804
	0.9898879528045654
	0.989886999130249
	0.9898850917816162
	0.9898813962936401
	0.9898855686187744
	0.9898824095726013
	0.9898824691772461
	0.9898713231086731
	0.989877462387085
	0.9898780584335327
	0.9898714423179626
	0.9898638725280762
	0.989855945110321
	0.9898509979248047
	0.9898417592048645
	0.9898384809494019
	0.9898395538330078
	0.9898337721824646
	0.9898254871368408
	0.9898308515548706
	0.9898310899734497
	0.9898338913917542
	0.9898362159729004
	0.989841103553772
	0.9898365139961243
	0.9898330569267273
	0.9898296594619751
	0.9898223280906677
	0.9898231625556946
	0.9898192286491394
	0.9898238778114319
	0.9898359179496765
	0.989828884601593
	0.9898287653923035
	0.9898302555084229
	0.9898243546485901
	0.9898219108581543
	0.9898295402526855
	0.9898223876953125
	0.9898282885551453
	0.9898240566253662
	0.9898157119750977
	0.9898044466972351
	0.9898045063018799
	0.9897923469543457
	0.9897980690002441
	0.9897964596748352
	0.989788830280304
	0.9897897839546204
	0.989779531955719
	0.9897777438163757
	0.9897863864898682
	0.9897831678390503
	0.9897810816764832
	0.9897708296775818
	0.9897739887237549
	0.9897698760032654
	0.9897721409797668
	0.9897862672805786
	0.9897834062576294
	0.9897833466529846
	0.9897742867469788
	0.989777684211731
	0.9897710680961609
	0.9897696375846863
	0.989762008190155
	0.9897664785385132
	0.989762008190155
	0.9897586107254028
	0.9897477626800537
	0.9897387623786926
	0.9897406101226807
	0.989741861820221
	0.9897475242614746
	0.989743709564209
	0.9897418022155762
	0.989738404750824
	0.9897263050079346
	0.9897328019142151
	0.9897370934486389
	0.9897356033325195
	0.9897362589836121
	0.9897364974021912
	0.9897252321243286
	0.989720344543457
	0.9897287487983704
	0.9897341132164001
	0.989726722240448
	0.9897239208221436
	0.989722728729248
	0.9897190928459167
	0.9896973371505737
	0.9896917939186096
	0.9896864891052246
	0.9896938800811768
	0.9896884560585022
	0.9896854162216187
	0.989680290222168
	0.9896726012229919
	0.9896708726882935
	0.9896586537361145
	0.9896566867828369
	0.9896500110626221
	0.9896426200866699
	0.9896257519721985
	0.9896235466003418
	0.9896276593208313
	0.9896180033683777
	0.9896129369735718
	0.9896089434623718
	0.9896129369735718
	0.9896131753921509
	0.989616334438324
	0.9896166920661926
	0.9896236062049866
	0.9896240234375
	0.9896363019943237
	0.9896347522735596
	0.989645779132843
	0.9896431565284729
	0.9896431565284729
	0.9896387457847595
	0.9896450638771057
	0.9896347522735596
	0.9896295666694641
	0.9896349310874939
	0.989631712436676
	0.9896252155303955
	0.9896326661109924
	0.9896352291107178
	0.9896361231803894
	0.9896406531333923
	0.9896466135978699
	0.9896380305290222
	0.9896363019943237
	0.9896316528320312
	0.9896150827407837
	0.9896172285079956
	0.9896073341369629
	0.9896069765090942
	0.9896026849746704
	0.9896029233932495
	0.9896101355552673
	0.9896007776260376
	0.9895966053009033
	0.9896018505096436
	0.9896076917648315
	0.9896218180656433
	0.9896301031112671
	0.9896259307861328
	0.9896314144134521
	0.9896230697631836
	0.9896137118339539
	0.9896103739738464
	0.9896093010902405
	0.9895982146263123
	0.9895980954170227
	0.9896088242530823
	0.98960942029953
	0.9896193146705627
	0.9896233677864075
	0.9896206259727478
	0.9896201491355896
	0.9896140694618225
	0.9896185398101807
	0.9896200299263
	0.9896182417869568
	0.9896133542060852
	0.9896150827407837
	0.9896140694618225
	0.9896273612976074
	0.9896207451820374
	0.9896243810653687
	0.9896095991134644
	0.9896093010902405
	0.9896034002304077
	0.9896102547645569
	0.9896016120910645
	0.9896032214164734
	0.9896063208580017
	0.9896125793457031
	0.9896212816238403
	0.9896199703216553
	0.9896128177642822
	0.9896020293235779
	0.9896053075790405
	0.9896075129508972
	0.9896005988121033
	0.9895960688591003
	0.9895994663238525
	0.9895840287208557
	0.9895817041397095
	0.9895905256271362
	0.9895821809768677
	0.9895800948143005
	0.9895837903022766
	0.9895925521850586
	0.9896038770675659
	0.9896082282066345
	0.9896042943000793
	0.9896031618118286
	0.9896088242530823
	0.9896115660667419
	0.9896060228347778
	0.9896056652069092
	0.9896084666252136
	0.9896169304847717
	0.9896172881126404
	0.9896062612533569
	0.9896124601364136
	0.9896228909492493
	0.9896149039268494
	0.9896204471588135
	0.9896224141120911
	0.9896209836006165
	0.9896210432052612
	0.9896220564842224
	0.9896209836006165
	0.9896116852760315
	0.989619255065918
	0.9896238446235657
	0.9896196722984314
	0.9896158576011658
	0.9896063804626465
	0.9896158576011658
	0.9896067380905151
	0.9896103739738464
	0.989631712436676
	0.9896256327629089
	0.989626944065094
	0.9896312355995178
	0.9896274209022522
	0.9896230697631836
	0.9896194338798523
	0.9896242022514343
	0.9896195530891418
	0.989622175693512
	0.989625871181488
	0.9896242022514343
	0.9896208047866821
	0.9896308779716492
	0.9896304607391357
	0.989630401134491
	0.9896342754364014
	0.9896371364593506
	0.9896368980407715
	0.9896388053894043
	0.9896445274353027
	0.9896420836448669
	0.9896382689476013
	0.9896416068077087
	0.9896425008773804
	0.9896438717842102
	0.9896488189697266
	0.9896481037139893
	0.9896481037139893
	0.989642858505249
	0.9896543025970459
	0.989656925201416
	0.9896594285964966
	0.9896666407585144
	0.989668071269989
	0.9896656274795532
	0.9896637201309204
	0.9896762371063232
	0.989678680896759
	0.9896765947341919
	0.98967444896698
	0.989678680896759
	0.98968505859375
	0.9896754026412964
	0.9896752238273621
	0.9896759390830994
	0.9896746277809143
	0.9896757006645203
	0.9896632432937622
	0.9896605610847473
	0.989658772945404
	0.9896596074104309
	0.9896540641784668
	0.9896672964096069
	0.9896641969680786
]