[
	0.6828679442405701
	0.6827409267425537
	0.6826249957084656
	0.6824936270713806
	0.682386040687561
	0.6822800040245056
	0.6821662783622742
	0.6820414662361145
	0.6819237470626831
	0.6818227767944336
	0.6817131042480469
	0.6815940141677856
	0.6815071702003479
	0.6813967823982239
	0.6812838912010193
	0.6811666488647461
	0.6810763478279114
	0.6809664368629456
	0.6808671355247498
	0.6807667016983032
	0.6806629300117493
	0.6805569529533386
	0.6804583668708801
	0.6803693771362305
	0.6802685260772705
	0.6801820993423462
	0.6800794005393982
	0.6799835562705994
	0.6798871755599976
	0.6797987222671509
	0.6797042489051819
	0.6795905232429504
	0.6794790029525757
	0.6793951988220215
	0.679302453994751
	0.6792088150978088
	0.679111123085022
	0.6790192723274231
	0.6789288520812988
	0.6788285970687866
	0.678740382194519
	0.6786545515060425
	0.6785597205162048
	0.6784727573394775
	0.6783835291862488
	0.6782917380332947
	0.6782170534133911
	0.6781418323516846
	0.6780524849891663
	0.6779606342315674
	0.677899181842804
	0.6778214573860168
	0.6777455806732178
	0.6776785850524902
	0.6775939464569092
	0.6775146722793579
	0.6774446964263916
	0.6773653626441956
	0.677286684513092
	0.6772165298461914
	0.6771504878997803
	0.6770936846733093
	0.6770212054252625
	0.6769557595252991
	0.6769006252288818
	0.6768377423286438
	0.6767716407775879
	0.676717221736908
	0.676641047000885
	0.6765835881233215
	0.6765134930610657
	0.6764534711837769
	0.6763688921928406
	0.676311731338501
	0.6762517094612122
	0.6761825084686279
	0.6761292219161987
	0.6760799884796143
	0.6760187745094299
	0.6759684085845947
	0.6759182214736938
	0.6758468747138977
	0.6757863759994507
	0.6757295727729797
	0.6756728887557983
	0.6756119728088379
	0.6755598187446594
	0.6755077242851257
	0.6754561066627502
	0.6754072904586792
	0.675365149974823
	0.6753309369087219
	0.6752929091453552
	0.6752469539642334
	0.6752143502235413
	0.675170361995697
	0.6751207113265991
	0.6750791072845459
	0.6750403046607971
	0.6749839782714844
	0.6749496459960938
	0.67490154504776
	0.6748595833778381
	0.6747976541519165
	0.6747496128082275
	0.6746950149536133
	0.6746527552604675
	0.6746070981025696
	0.6745580434799194
	0.6745164394378662
	0.6744652986526489
	0.6744311451911926
	0.674410879611969
	0.6743769645690918
	0.674344539642334
	0.6742898225784302
	0.6742580533027649
	0.6742182374000549
	0.6742042303085327
	0.6741674542427063
	0.6741291880607605
	0.6740980744361877
	0.6740542054176331
	0.6740142703056335
	0.673966646194458
	0.6739349961280823
	0.6739144921302795
	0.6738841533660889
	0.6738616824150085
	0.6738443374633789
	0.6738367676734924
	0.6738203763961792
	0.6738103628158569
	0.6737722754478455
	0.6737374067306519
	0.6737167835235596
	0.6736856698989868
	0.6736704707145691
	0.6736447811126709
	0.673620343208313
	0.6736024022102356
	0.6735847592353821
	0.6735610961914062
	0.6735275387763977
	0.6735197305679321
	0.6734937429428101
	0.6734811663627625
	0.6734588146209717
	0.6734384894371033
	0.6734226942062378
	0.673427939414978
	0.6734040975570679
	0.6733794808387756
	0.6733697652816772
	0.6733407974243164
	0.6733271479606628
	0.6733093857765198
	0.6733027100563049
	0.6732985377311707
	0.6732876300811768
	0.6732779145240784
	0.6732617020606995
	0.6732433438301086
	0.6732360124588013
	0.6732365489006042
	0.6732221841812134
	0.6732109785079956
	0.6731812357902527
	0.6731693744659424
	0.6731768250465393
	0.673160195350647
	0.6731618642807007
	0.6731433272361755
	0.6731321811676025
	0.6731305122375488
	0.6731058955192566
	0.6731011867523193
	0.6730972528457642
	0.6730868220329285
	0.6730819344520569
	0.6730698943138123
	0.6730788946151733
	0.6730678081512451
	0.6730605959892273
	0.673054575920105
	0.6730493307113647
	0.673048734664917
	0.6730389595031738
	0.6730391979217529
	0.6730305552482605
	0.6730319261550903
	0.6730161309242249
	0.6730154752731323
	0.6730181574821472
	0.6730085611343384
	0.6730071902275085
	0.6729996800422668
	0.6729814410209656
	0.6729755997657776
	0.6729846000671387
	0.6729967594146729
	0.6729983687400818
	0.673004686832428
	0.6729964017868042
	0.6730132699012756
	0.6730092763900757
	0.6730290651321411
	0.6730217337608337
	0.6730266213417053
	0.6730342507362366
	0.67304527759552
	0.6730425357818604
	0.6730427742004395
	0.6730465888977051
	0.6730470061302185
	0.6730625629425049
	0.6730672717094421
	0.6730760931968689
	0.6730866432189941
	0.6730944514274597
	0.6731154918670654
	0.6731258630752563
	0.6731411218643188
	0.6731449365615845
	0.6731764078140259
	0.6732007265090942
	0.6732165217399597
	0.6732288002967834
	0.6732410192489624
	0.6732641458511353
	0.6732903718948364
	0.6733088493347168
	0.6733232140541077
	0.6733326315879822
	0.6733349561691284
	0.6733595132827759
	0.673367977142334
	0.6733875870704651
	0.6734089851379395
	0.6734257936477661
	0.6734407544136047
	0.6734654903411865
	0.6734870076179504
	0.6735056042671204
	0.6735327839851379
	0.6735411882400513
	0.6735779047012329
	0.6735992431640625
	0.6736124753952026
	0.6736229658126831
	0.6736494898796082
	0.6736680865287781
	0.6736710071563721
	0.6736798286437988
	0.6736952066421509
	0.6737175583839417
	0.6737319827079773
	0.6737508773803711
	0.6737769246101379
	0.6738070249557495
	0.6738307476043701
	0.6738494634628296
	0.6738649606704712
	0.6738845109939575
	0.6739133596420288
	0.6739318370819092
	0.6739711165428162
	0.6739827990531921
	0.6740138530731201
	0.6740581393241882
	0.6740888953208923
	0.6740977764129639
	0.6741114258766174
	0.6741243600845337
	0.6741488575935364
	0.6741756200790405
	0.6742104887962341
	0.6742376685142517
	0.6742704510688782
	0.674298107624054
	0.6743268966674805
	0.6743502616882324
	0.6743701696395874
	0.6743844747543335
	0.6744142174720764
	0.6744469404220581
	0.6744751930236816
	0.6745103001594543
	0.6745390892028809
	0.674565851688385
	0.67458575963974
	0.6746228337287903
	0.6746480464935303
	0.6746768951416016
	0.6746998429298401
	0.6747375130653381
	0.6747561693191528
	0.6747881770133972
	0.6748154759407043
	0.6748571395874023
	0.6748878955841064
	0.6749165058135986
	0.674945056438446
	0.6749736070632935
	0.6750083565711975
	0.6750359535217285
	0.6750649213790894
	0.6750984787940979
	0.6751444935798645
	0.6751788854598999
	0.6752111911773682
	0.675251305103302
	0.6752817034721375
	0.6753166913986206
	0.6753573417663574
	0.6753939986228943
	0.6754340529441833
	0.675459086894989
	0.6754879951477051
	0.6755334138870239
	0.6755663752555847
	0.6755931973457336
	0.6756393909454346
	0.6756641268730164
	0.6756944060325623
	0.6757253408432007
	0.6757727265357971
	0.6758073568344116
	0.6758460402488708
	0.675879955291748
	0.6759136915206909
	0.6759450435638428
	0.675967812538147
	0.6760047674179077
	0.6760462522506714
	0.6760931611061096
	0.6761219501495361
	0.676150918006897
	0.6762067079544067
	0.6762393116950989
	0.6762619614601135
	0.6763066053390503
	0.6763479709625244
	0.6763851642608643
	0.6764337420463562
	0.6764770150184631
	0.6765218377113342
	0.6765584945678711
	0.6765892505645752
	0.6766201853752136
	0.6766485571861267
	0.6766892075538635
	0.6767354011535645
	0.6767669320106506
	0.6768096089363098
	0.6768445372581482
	0.6768704056739807
	0.6769077777862549
	0.6769537329673767
	0.6770036220550537
	0.6770312190055847
	0.6770710945129395
	0.6771189570426941
	0.6771643161773682
	0.6772146224975586
	0.6772591471672058
	0.6773079633712769
	0.6773396134376526
	0.6773812770843506
	0.6774248480796814
	0.6774657964706421
	0.6775109171867371
	0.6775528788566589
	0.6775919198989868
	0.6776254177093506
	0.6776651740074158
	0.6777085065841675
	0.6777442097663879
	0.6777874827384949
	0.6778411269187927
	0.6778756976127625
	0.6779258251190186
	0.6779834628105164
	0.678014874458313
	0.6780610084533691
	0.6781013607978821
	0.6781414747238159
	0.6781995892524719
	0.6782523393630981
	0.6782945394515991
	0.6783487796783447
	0.678391695022583
	0.678429365158081
	0.6784707307815552
	0.6785120964050293
	0.6785646080970764
	0.678615152835846
	0.6786615252494812
	0.6787100434303284
	0.6787539720535278
	0.6788000464439392
	0.6788354516029358
	0.678881824016571
	0.6789141893386841
	0.678969144821167
	0.6790080666542053
	0.6790559887886047
	0.6790904402732849
	0.6791349053382874
	0.679180920124054
	0.6792216300964355
	0.6792704463005066
	0.6793145537376404
	0.6793696880340576
	0.679417073726654
	0.6794723868370056
	0.6795178651809692
	0.6795751452445984
	0.6796351075172424
	0.6796825528144836
	0.6797268986701965
	0.6797797679901123
	0.6798205971717834
	0.6798595786094666
	0.679905891418457
	0.6799620389938354
	0.6800085306167603
	0.6800535917282104
	0.680095911026001
	0.6801486611366272
	0.6802070736885071
	0.6802441477775574
	0.6802954077720642
	0.6803421378135681
	0.6804049015045166
	0.6804512143135071
	0.6804990172386169
	0.6805440187454224
	0.6806021332740784
	0.6806479096412659
	0.6806967854499817
	0.6807611584663391
	0.6807960867881775
	0.6808478832244873
	0.680890679359436
	0.6809468865394592
	0.6809998154640198
	0.6810504198074341
	0.6811014413833618
	0.6811614036560059
	0.6812111139297485
	0.6812621355056763
	0.6813252568244934
	0.6813771724700928
	0.6814345717430115
	0.6814962029457092
	0.6815441250801086
	0.6815840005874634
	0.6816310286521912
	0.6816865801811218
	0.6817391514778137
	0.6817706823348999
	0.6818180680274963
	0.6818689703941345
	0.6819178462028503
	0.6819733381271362
	0.6820316910743713
	0.6820774674415588
	0.6821420788764954
	0.6822012066841125
	0.682263195514679
	0.6823173761367798
	0.6823695302009583
	0.6824161410331726
	0.6824674606323242
	0.6825351119041443
	0.6825860738754272
	0.682640552520752
	0.6827006936073303
	0.6827579736709595
	0.6828069686889648
	0.682870090007782
	0.682931125164032
	0.6829718947410583
	0.683033287525177
	0.683087944984436
	0.6831250786781311
	0.6831797361373901
	0.6832365989685059
	0.6832894682884216
	0.6833437085151672
	0.6833801865577698
	0.6834272146224976
	0.6834704875946045
	0.6835245490074158
	0.6835845708847046
	0.6836348176002502
	0.6836979985237122
	0.6837692260742188
	0.6838229894638062
	0.6838868856430054
	0.683936357498169
	0.6839913129806519
	0.6840312480926514
	0.6840813159942627
	0.6841323375701904
	0.6841858625411987
	0.6842421889305115
	0.6842939853668213
	0.6843371987342834
	0.6843923330307007
	0.6844488382339478
	0.6844874620437622
	0.6845327019691467
	0.6845901608467102
	0.6846471428871155
	0.6847081184387207
	0.6847581267356873
	0.6848019957542419
	0.6848488450050354
	0.6849000453948975
	0.6849745512008667
	0.6850326061248779
	0.6850871443748474
	0.6851491928100586
	0.6851998567581177
	0.6852506399154663
	0.6853160262107849
	0.6853762269020081
	0.6854333281517029
	0.6854916214942932
	0.6855331659317017
	0.6855936646461487
	0.6856629252433777
	0.6857160329818726
	0.6857602596282959
	0.685817301273346
	0.6858767867088318
	0.6859428882598877
	0.6860082745552063
	0.6860537528991699
	0.6861019730567932
	0.6861600279808044
	0.6862003803253174
	0.6862564086914062
	0.6863002777099609
	0.6863567233085632
	0.6864181756973267
	0.6864676475524902
	0.6865159273147583
	0.6865730881690979
	0.6866349577903748
	0.6866990923881531
	0.6867690086364746
	0.6868160367012024
	0.6868724822998047
	0.6869333386421204
	0.6869986653327942
	0.6870497465133667
	0.687106192111969
	0.687164843082428
	0.6872205138206482
	0.6872913837432861
	0.6873452067375183
	0.6873903274536133
	0.6874343156814575
	0.6874895691871643
	0.6875519752502441
	0.6876053810119629
	0.6876543164253235
	0.6877136826515198
	0.6877662539482117
	0.6878271698951721
	0.6878923177719116
	0.6879458427429199
	0.6879990696907043
	0.6880688667297363
	0.6881292462348938
	0.6881779432296753
	0.6882205605506897
	0.6882798671722412
	0.6883497834205627
	0.6883958578109741
	0.6884511709213257
	0.6884958744049072
	0.6885380744934082
	0.6886037588119507
	0.6886391043663025
	0.6886993646621704
	0.6887447237968445
	0.6887994408607483
	0.6888622641563416
	0.688917338848114
	0.6889739036560059
	0.6890287399291992
	0.6890632510185242
	0.689127504825592
	0.6891710758209229
	0.6892465353012085
	0.6893069744110107
	0.6893669366836548
	0.6894233226776123
	0.6894684433937073
	0.6895370483398438
	0.6895997524261475
	0.6896623373031616
	0.6897159814834595
	0.6897732615470886
	0.6898204684257507
	0.6898744702339172
	0.6899500489234924
	0.690022349357605
	0.6900810599327087
	0.6901553273200989
	0.6902007460594177
	0.6902576088905334
	0.6903132200241089
	0.6903691291809082
	0.6904367208480835
	0.6904970407485962
	0.6905509829521179
	0.6906123161315918
	0.6906707286834717
	0.6907330751419067
	0.6907796263694763
	0.6908554434776306
	0.6909139752388
	0.6909696459770203
	0.691017210483551
	0.691077470779419
	0.6911402344703674
	0.691195011138916
	0.6912569403648376
	0.6912940144538879
	0.6913276314735413
	0.6913929581642151
	0.6914458870887756
	0.6914991140365601
	0.6915702223777771
	0.6916336417198181
	0.6916778683662415
	0.6917424201965332
	0.6917915344238281
	0.691856861114502
	0.691923201084137
	0.6919832825660706
	0.6920497417449951
	0.6921101808547974
	0.6921597719192505
	0.6922164559364319
	0.6922684907913208
	0.6923285722732544
	0.6923738718032837
	0.692438006401062
	0.6924809217453003
	0.6925328969955444
	0.6925883293151855
	0.6926351189613342
	0.6926943063735962
	0.6927421689033508
	0.6927918791770935
	0.6928532719612122
	0.6929246187210083
	0.6929841637611389
	0.6930524110794067
	0.6931024789810181
	0.6931557059288025
	0.6932073831558228
	0.6932781338691711
	0.6933286786079407
	0.6933674216270447
	0.6934170126914978
	0.6934754252433777
	0.6935131549835205
	0.6935648918151855
	0.6936146020889282
	0.693669855594635
	0.6937322020530701
	0.6937823295593262
	0.6938475966453552
	0.6938998699188232
	0.6939554810523987
	0.6940184831619263
	0.6940661072731018
	0.6941016316413879
	0.694159746170044
	0.6942228078842163
	0.6942797899246216
	0.6943269371986389
	0.6943759322166443
	0.6944252848625183
	0.6944873332977295
	0.694542407989502
	0.6946033835411072
	0.6946536898612976
	0.6947132349014282
	0.6947454810142517
	0.694797694683075
	0.6948651671409607
	0.6949204802513123
	0.6949543356895447
	0.6950133442878723
	0.6950748562812805
	0.6951305866241455
	0.6951643824577332
	0.6952024102210999
	0.6952441930770874
	0.6952971816062927
	0.6953455805778503
	0.6953966021537781
	0.6954503059387207
	0.695506751537323
	0.6955575942993164
	0.6956261992454529
	0.6956781148910522
	0.6957454085350037
	0.6958053708076477
	0.6958714723587036
	0.695914089679718
	0.6959463357925415
	0.6960027813911438
	0.6960768103599548
	0.6961383819580078
	0.6961997747421265
	0.696261465549469
	0.6963226795196533
	0.6963735222816467
	0.696445882320404
	0.6964862942695618
	0.6965475082397461
	0.6966122984886169
	0.6966622471809387
	0.6967214345932007
	0.6967533826828003
	0.6968067288398743
	0.6968684196472168
	0.6969430446624756
	0.697001576423645
	0.6970533728599548
	0.6971083283424377
	0.6971499919891357
	0.6971997022628784
	0.697251558303833
	0.6972942352294922
	0.6973377466201782
	0.697404146194458
	0.6974632740020752
	0.6975206136703491
	0.6975697875022888
	0.6976302266120911
	0.6976690888404846
	0.6977206468582153
	0.6977859139442444
	0.6978533267974854
	0.6979038119316101
	0.6979547142982483
	0.6979982852935791
	0.6980507969856262
	0.6981045603752136
	0.6981685757637024
	0.6982322931289673
	0.6982702016830444
	0.6983175873756409
	0.6983785033226013
	0.6984215974807739
	0.6984651684761047
	0.6985218524932861
	0.6985792517662048
	0.6986373066902161
	0.6986974477767944
	0.698747456073761
	0.6988072395324707
	0.6988623738288879
	0.6989244818687439
	0.6989717483520508
	0.6990266442298889
	0.6990545392036438
	0.6991065144538879
	0.6991521716117859
	0.699219286441803
	0.6992747187614441
	0.6993358731269836
	0.6993987560272217
	0.6994476318359375
	0.6994903683662415
	0.6995352506637573
	0.6995892524719238
	0.6996442079544067
	0.6996851563453674
	0.6997287273406982
	0.6997841000556946
	0.6998441219329834
	0.6998937129974365
	0.6999467015266418
	0.6999962329864502
	0.700035572052002
	0.7000836730003357
	0.700127899646759
	0.7001785039901733
	0.7002242803573608
	0.7002686858177185
	0.7003172636032104
	0.7003596425056458
	0.7004097104072571
	0.7004678845405579
	0.7005198001861572
	0.700565755367279
	0.7006378173828125
	0.7007042765617371
	0.7007626891136169
	0.7008096575737
	0.7008622884750366
	0.700922429561615
	0.7009757161140442
	0.7010357975959778
	0.7010829448699951
	0.7011405229568481
	0.7011906504631042
	0.7012353539466858
	0.7012712359428406
	0.701316237449646
	0.7013683915138245
	0.7014281749725342
	0.7014846205711365
	0.7015261054039001
	0.7015854716300964
	0.7016533613204956
	0.7016937732696533
	0.7017478942871094
	0.7017936110496521
	0.7018529772758484
	0.7018968462944031
	0.7019610404968262
	0.7020145058631897
	0.702070951461792
	0.7021125555038452
	0.7021459341049194
	0.7021685838699341
	0.702223002910614
	0.7022792100906372
	0.7023258209228516
	0.7023818492889404
	0.7024259567260742
	0.7024713754653931
	0.7025309801101685
	0.7025829553604126
	0.702653706073761
	0.702686607837677
	0.7027246952056885
	0.7027791142463684
	0.7028347849845886
	0.7028767466545105
	0.7029306888580322
	0.7029516100883484
	0.703010082244873
	0.7030603885650635
	0.7031229734420776
	0.703163743019104
	0.7032042741775513
	0.7032539248466492
	0.7032953500747681
	0.7033402919769287
	0.7033964395523071
	0.7034428715705872
	0.7034906148910522
	0.7035449743270874
	0.7035970687866211
	0.703637957572937
	0.7036880850791931
	0.7037122845649719
	0.7037652730941772
	0.7038129568099976
	0.7038614749908447
	0.7039080262184143
	0.7039618492126465
	0.7040187120437622
	0.7040636539459229
	0.7041191458702087
	0.704166054725647
	0.7042056322097778
	0.7042643427848816
	0.7043232917785645
	0.7043675184249878
	0.7044099569320679
	0.7044611573219299
	0.704525351524353
	0.7045888304710388
	0.7046381235122681
	0.7046540379524231
	0.7046961784362793
	0.7047231793403625
	0.7047790884971619
	0.7048381567001343
	0.7048816084861755
	0.7049341797828674
	0.7049902677536011
	0.7050338983535767
	0.7050891518592834
	0.7051408886909485
	0.7051753401756287
	0.7052217721939087
	0.7052707672119141
	0.7053183317184448
	0.7053549885749817
	0.7053911089897156
	0.7054405212402344
	0.7054633498191833
	0.7055099606513977
	0.705549418926239
	0.7056003212928772
	0.7056471109390259
	0.7057021856307983
	0.7057565450668335
	0.7058150768280029
	0.7058520317077637
	0.7058901190757751
	0.7059180736541748
	0.7059585452079773
	0.7059895396232605
	0.7060417532920837
	0.7060887217521667
	0.7061241269111633
	0.7061846852302551
	0.7062391638755798
	0.7062898278236389
	0.7063310742378235
	0.7063711285591125
	0.7064241766929626
	0.7064718008041382
	0.7065116167068481
	0.7065528631210327
	0.7066049575805664
	0.7066428065299988
	0.7066850066184998
	0.7067376971244812
	0.7067753076553345
	0.7068304419517517
	0.7068743109703064
	0.7069296836853027
	0.706973671913147
	0.7070198655128479
	0.7070871591567993
	0.707130491733551
	0.7071624398231506
	0.7072105407714844
	0.707250714302063
	0.7072777152061462
	0.7073245644569397
	0.7073473930358887
	0.7073967456817627
	0.7074594497680664
	0.7074970602989197
	0.7075442671775818
	0.7076118588447571
	0.7076618671417236
	0.7077096104621887
	0.7077575325965881
	0.7077916264533997
	0.7078236937522888
	0.7078837156295776
	0.7079378962516785
	0.707986056804657
	0.7080238461494446
	0.7080613970756531
	0.7081121206283569
	0.7081525921821594
	0.7082011699676514
	0.7082346081733704
	0.7082873582839966
	0.7083377838134766
	0.7083896398544312
	0.7084342837333679
	0.7084612846374512
	0.7085210084915161
	0.7085767388343811
	0.7086139917373657
	0.7086583971977234
	0.708705723285675
	0.7087717056274414
	0.7088399529457092
	0.7088943719863892
	0.7089439630508423
	0.7089905738830566
	0.7090165615081787
	0.7090663909912109
	0.7091183662414551
	0.7091670036315918
	0.7091953754425049
	0.7092410922050476
	0.7092986702919006
	0.7093700170516968
	0.7093984484672546
	0.7094418406486511
	0.7094914317131042
	0.7095322012901306
	0.7095813155174255
	0.7096238136291504
	0.7096526622772217
	0.7097034454345703
	0.7097626328468323
	0.7098100185394287
	0.7098337411880493
	0.7098883986473083
	0.7099310755729675
	0.7099860310554504
	0.7100313901901245
	0.7100514769554138
	0.7100961804389954
	0.7101066708564758
	0.7101564407348633
	0.7101945877075195
	0.7102433443069458
	0.7102799415588379
	0.7103382349014282
	0.7103948593139648
	0.7104302644729614
	0.7104797959327698
	0.7105003595352173
	0.7105514407157898
	0.7106059789657593
	0.7106425166130066
	0.7106988430023193
	0.7107423543930054
	0.7107794284820557
	0.710814356803894
	0.710884690284729
	0.7109281420707703
	0.7109664678573608
	0.7110105752944946
	0.7110791206359863
	0.711125373840332
	0.7111794948577881
	0.7112302780151367
	0.7112755179405212
	0.7113220691680908
	0.7113880515098572
	0.7114092111587524
	0.711441159248352
	0.7114748358726501
	0.7115135192871094
	0.7115614414215088
	0.7116106152534485
	0.7116497755050659
	0.7117121815681458
	0.7117616534233093
	0.7117995619773865
	0.7118406295776367
	0.7118818163871765
	0.7119275331497192
	0.7119714021682739
	0.71200031042099
	0.7120552062988281
	0.7120854258537292
	0.7121257185935974
	0.7121678590774536
	0.7122312188148499
	0.7122852206230164
	0.7123437523841858
	0.712384045124054
	0.7124253511428833
	0.7124512195587158
	0.7124900221824646
	0.7125309705734253
	0.7125649452209473
	0.712567150592804
	0.7126239538192749
	0.7126671671867371
	0.7127152681350708
	0.7127506732940674
	0.7127909660339355
	0.7128374576568604
	0.7128848433494568
	0.7129070162773132
	0.7129245400428772
	0.7129884958267212
	0.7130424380302429
	0.713087797164917
	0.7131234407424927
	0.7131698131561279
	0.7132237553596497
	0.7132711410522461
	0.7133012413978577
	0.7133339643478394
	0.7133557200431824
	0.7133941650390625
	0.7134386301040649
	0.7135044932365417
	0.7135487198829651
	0.7135871052742004
	0.7136154770851135
	0.713672935962677
	0.7137108445167542
	0.7137479186058044
	0.71378493309021
	0.7138330936431885
	0.7138652205467224
	0.7139264941215515
	0.7139436602592468
	0.7139711380004883
	0.7140148878097534
	0.7140501737594604
	0.7141135334968567
	0.714159369468689
	0.7141719460487366
	0.7142124772071838
	0.7142500877380371
	0.7142906188964844
	0.7143212556838989
	0.7143604755401611
	0.7144127488136292
	0.7144412398338318
	0.7144813537597656
	0.7145054936408997
	0.714539647102356
	0.7145587801933289
	0.7145916223526001
	0.7146387100219727
	0.7146690487861633
	0.7147290110588074
	0.7147871851921082
	0.7148444056510925
	0.7148880362510681
	0.7149361968040466
	0.7149840593338013
	0.7150357365608215
	0.7150790095329285
	0.7151333689689636
	0.7151901721954346
	0.7152273058891296
	0.7152559161186218
	0.7153069376945496
	0.7153493165969849
	0.7153899669647217
	0.7154255509376526
	0.7154620289802551
	0.7154942750930786
	0.7155382037162781
	0.7155840992927551
	0.7156392335891724
	0.7156651020050049
	0.7156960368156433
	0.715749979019165
	0.715787410736084
	0.7158237099647522
	0.7158874273300171
	0.7159385085105896
	0.7159772515296936
	0.716017484664917
	0.7160570025444031
	0.7160967588424683
	0.7161290049552917
	0.7161853313446045
	0.7162301540374756
	0.7162706255912781
	0.7163137793540955
	0.716357409954071
	0.7163960933685303
	0.7164393067359924
	0.716489315032959
	0.7165321707725525
	0.7165743708610535
	0.7166246175765991
	0.7166455388069153
	0.7166764140129089
	0.7167205214500427
	0.7167537808418274
	0.7167986631393433
	0.7168335318565369
	0.7168671488761902
	0.7168987989425659
	0.7169401049613953
	0.7169910669326782
	0.7170407772064209
	0.7170944213867188
	0.7171512842178345
	0.7171810269355774
	0.7172114849090576
	0.7172596454620361
	0.7172999382019043
	0.7173362970352173
	0.7173713445663452
	0.7174062132835388
	0.7174335718154907
	0.7174713015556335
	0.7175230979919434
	0.7175659537315369
	0.7176134586334229
	0.7176623344421387
	0.7176928520202637
	0.7177063822746277
	0.7177383303642273
	0.7177953720092773
	0.7178410291671753
	0.7178698778152466
	0.7179247736930847
	0.7179421782493591
	0.7179773449897766
	0.718010425567627
	0.7180546522140503
	0.7181039452552795
	0.7181469798088074
	0.7181770205497742
	0.7181983590126038
	0.7182417511940002
	0.7182725667953491
	0.7182976603507996
	0.7183313965797424
	0.7183570265769958
	0.7183902859687805
	0.7184140682220459
	0.7184541821479797
	0.7184796929359436
	0.7185075879096985
	0.7185207009315491
	0.7185342907905579
	0.718568742275238
	0.7186006903648376
	0.7186374068260193
	0.7186864614486694
	0.7187299728393555
	0.7187849879264832
	0.718824565410614
	0.7188645601272583
	0.7189088463783264
	0.7189332842826843
	0.7189595699310303
	0.718988299369812
	0.7190260291099548
	0.7190662026405334
	0.7191112637519836
	0.7191489338874817
	0.7191726565361023
	0.719211220741272
	0.7192313075065613
	0.7192651629447937
	0.7193082571029663
	0.7193363308906555
	0.719383955001831
	0.7194146513938904
	0.7194522619247437
	0.7195037007331848
	0.7195345759391785
	0.7195647358894348
	0.7195819616317749
	0.7196332812309265
	0.7196821570396423
	0.7197067737579346
	0.7197300791740417
	0.7197574377059937
	0.7197893857955933
	0.7198333740234375
	0.7198604345321655
	0.7198721170425415
	0.7199113965034485
	0.719944953918457
	0.7199766039848328
	0.7200185060501099
	0.7200515866279602
	0.7200839519500732
	0.720115602016449
	0.7201488018035889
	0.720180332660675
	0.7202252745628357
	0.7202566862106323
	0.7202938795089722
	0.7203291058540344
	0.7203620672225952
	0.720389187335968
	0.720426082611084
	0.7204580903053284
	0.7204894423484802
	0.7205126285552979
	0.720554769039154
	0.7205842733383179
	0.7206280827522278
	0.720667839050293
	0.720706582069397
	0.7207706570625305
	0.7207943797111511
	0.720843493938446
	0.7208803296089172
	0.7209266424179077
	0.7209581136703491
	0.7209640741348267
	0.7210014462471008
	0.7210162281990051
	0.7210354208946228
	0.7210622429847717
	0.7210748195648193
	0.7210948467254639
	0.7211289405822754
	0.7211366891860962
	0.7211707234382629
	0.7212052941322327
	0.7212387919425964
	0.7212470769882202
	0.7212803959846497
	0.7213154435157776
	0.7213588953018188
	0.7213796377182007
	0.7214213609695435
	0.7214628458023071
	0.7215222716331482
	0.7215547561645508
	0.7215834259986877
	0.7216163277626038
	0.7216573357582092
	0.7216834425926208
	0.7217122912406921
	0.7217546105384827
	0.721792459487915
	0.7218198776245117
	0.7218697667121887
	0.7218942046165466
	0.7219318151473999
	0.7219597101211548
	0.7219905257225037
	0.7220402359962463
	0.7220765352249146
	0.7221137285232544
	0.7221333980560303
	0.7221436500549316
	0.7221837043762207
	0.7222134470939636
	0.722240686416626
	0.7222691178321838
	0.7222973704338074
	0.722330629825592
	0.7223777770996094
	0.722396969795227
	0.7224409580230713
	0.7224792242050171
	0.7225174903869629
	0.7225624322891235
	0.7225920557975769
	0.722626268863678
	0.7226569056510925
	0.7226850986480713
	0.7227151989936829
	0.7227341532707214
	0.7227602601051331
	0.7227972149848938
	0.7228149175643921
	0.7228384613990784
	0.7228644490242004
	0.7228817939758301
	0.722915530204773
	0.7229481339454651
	0.7229697108268738
	0.7229894995689392
	0.7230172157287598
	0.7230227589607239
	0.723061740398407
	0.7230889201164246
	0.7231200337409973
	0.7231480479240417
	0.723199188709259
	0.7232384085655212
	0.7232776284217834
	0.7233119606971741
	0.7233521938323975
	0.7234030961990356
	0.7234411239624023
	0.7234629392623901
	0.7234757542610168
	0.7235191464424133
	0.7235473990440369
	0.7235614061355591
	0.7236171960830688
	0.7236265540122986
	0.7236654758453369
	0.723686695098877
	0.723716676235199
	0.7237517833709717
	0.7237896919250488
	0.7238268852233887
	0.7238348126411438
	0.7238635420799255
	0.7238932847976685
	0.7239463925361633
	0.723995566368103
	0.7240273952484131
	0.7240548729896545
	0.724089503288269
	0.7241113185882568
	0.724134087562561
	0.7241676449775696
	0.7242139577865601
	0.7242410778999329
	0.724258542060852
	0.724286675453186
	0.7243292331695557
	0.724353551864624
	0.7243849039077759
	0.724425733089447
	0.7244544625282288
	0.7244890928268433
	0.7245008945465088
	0.72453773021698
	0.7245741486549377
	0.7245863676071167
	0.7246173620223999
	0.7246591448783875
	0.7246913313865662
	0.7247316837310791
	0.7247587442398071
	0.724789023399353
	0.7248030304908752
	0.7248278856277466
	0.7248804569244385
	0.7249038815498352
	0.724928617477417
	0.7249445915222168
	0.7249675393104553
	0.7249819040298462
	0.724991500377655
	0.7250146269798279
	0.7250396609306335
	0.7250633835792542
	0.7251014113426208
	0.7251373529434204
	0.7251775860786438
	0.7252162098884583
	0.7252271175384521
	0.7252444624900818
	0.7252594828605652
	0.7252875566482544
	0.7253003120422363
	0.725326657295227
	0.7253602743148804
	0.7253866791725159
	0.7254038453102112
	0.7254357933998108
	0.7254886627197266
	0.7255023121833801
	0.725532054901123
	0.7255600094795227
	0.725601851940155
	0.7256312966346741
	0.7256407141685486
	0.7256680727005005
	0.725695013999939
	0.725707471370697
	0.7257324457168579
	0.7257491946220398
	0.7257823348045349
	0.7257970571517944
	0.7258211374282837
	0.7258545756340027
	0.725870668888092
	0.7258974313735962
	0.725917398929596
	0.7259472012519836
	0.7259699106216431
	0.7260130643844604
	0.726030170917511
	0.7260626554489136
	0.7260792851448059
	0.726117730140686
	0.7261527180671692
	0.726174533367157
	0.7262069582939148
	0.7262446284294128
	0.7262758612632751
	0.726308286190033
	0.7263227701187134
	0.726352334022522
	0.7263662219047546
	0.726394772529602
	0.7264326214790344
	0.7264539003372192
	0.7264717221260071
	0.7265074253082275
	0.7265561819076538
	0.7265822887420654
	0.7265934348106384
	0.7266278266906738
	0.7266343235969543
	0.7266568541526794
	0.726678729057312
	0.7267144918441772
	0.7267528772354126
	0.7267723679542542
	0.7267994284629822
	0.7268469333648682
	0.7268880605697632
	0.7269278764724731
	0.7269649505615234
	0.7270007133483887
	0.7270307540893555
	0.7270452976226807
	0.7270696759223938
	0.7270931005477905
	0.7271167039871216
	0.7271308898925781
	0.7271547317504883
	0.7271690368652344
	0.7271854281425476
	0.7272120714187622
	0.7272433638572693
	0.7272623181343079
	0.7273049354553223
	0.7273010015487671
	0.7273200154304504
	0.7273335456848145
	0.7273371815681458
	0.7273659110069275
	0.727393388748169
	0.727405309677124
	0.72742760181427
	0.7274702191352844
	0.7274850010871887
	0.7275159358978271
	0.7275288105010986
	0.7275697588920593
	0.7276079058647156
	0.7276226282119751
	0.727652370929718
	0.7276732325553894
	0.7276991605758667
	0.7277320027351379
	0.7277465462684631
	0.7277439832687378
	0.7277535796165466
	0.7277642488479614
	0.7277796864509583
	0.7277956008911133
	0.7278052568435669
	0.7278450727462769
	0.7278684973716736
	0.7279037833213806
	0.7279147505760193
	0.7279291749000549
	0.7279477119445801
	0.7279816269874573
	0.7280092835426331
	0.7280440330505371
	0.7280394434928894
	0.7280676364898682
	0.7280948162078857
	0.7281231880187988
	0.7281450629234314
	0.728157103061676
	0.7282081246376038
	0.728236198425293
	0.7282472848892212
	0.728278398513794
	0.728305459022522
	0.7283236980438232
	0.7283333539962769
	0.7283657193183899
	0.7283927202224731
	0.7284100651741028
	0.7284364700317383
	0.7284526228904724
	0.7284636497497559
	0.7284691333770752
	0.7285211086273193
	0.7285453677177429
	0.7285726070404053
	0.7285894751548767
	0.7286301851272583
	0.7286277413368225
	0.7286503911018372
	0.7286577224731445
	0.7286722660064697
	0.7287007570266724
	0.728715717792511
	0.7287346720695496
	0.728742241859436
	0.72874915599823
	0.728777289390564
	0.7288239002227783
	0.7288261651992798
	0.728847086429596
	0.7288810014724731
	0.7289214730262756
	0.7289499640464783
	0.7289643883705139
	0.7289981245994568
	0.7290134429931641
	0.729028046131134
	0.7290454506874084
	0.7290785908699036
	0.7290889024734497
	0.7291126251220703
	0.7291290163993835
	0.7291431427001953
	0.7291628122329712
	0.7291778922080994
	0.7291834354400635
	0.7292044162750244
	0.7292143702507019
	0.7292419672012329
	0.7292684316635132
	0.7292963862419128
	0.7293165326118469
	0.7293316721916199
	0.7293311357498169
	0.7293649315834045
	0.7293607592582703
	0.7293744683265686
	0.7293986678123474
	0.7294151782989502
	0.7294332981109619
	0.7294551134109497
	0.7294715046882629
	0.7294924855232239
	0.7295068502426147
	0.729522168636322
	0.7295296788215637
	0.7295488715171814
	0.7295809388160706
	0.7295911908149719
	0.7296139001846313
	0.7296371459960938
	0.7296647429466248
	0.7296897172927856
	0.7297252416610718
	0.7297487854957581
	0.7297556400299072
	0.7297869324684143
	0.7298186421394348
	0.7298447489738464
	0.7298517227172852
	0.7298743724822998
	0.7298860549926758
	0.7299111485481262
	0.7299412488937378
	0.7299705147743225
	0.7300018072128296
	0.73003089427948
	0.7300577163696289
	0.7300934195518494
	0.7300949096679688
	0.7301169633865356
	0.7301235795021057
	0.7301377058029175
	0.7301539182662964
	0.730160117149353
	0.7301902174949646
	0.730223536491394
	0.7302277684211731
	0.7302491664886475
	0.7302857637405396
	0.7303065657615662
	0.730329155921936
	0.7303431034088135
	0.7303365468978882
	0.7303605079650879
	0.730385959148407
	0.7303789258003235
	0.7304064631462097
	0.7304276823997498
	0.7304438948631287
	0.7304584980010986
	0.7304840683937073
	0.730526328086853
	0.7305466532707214
	0.7305434942245483
	0.7305846214294434
	0.7306024432182312
	0.7306214570999146
	0.7306355237960815
	0.7306695580482483
	0.7306885719299316
	0.7306866645812988
	0.730699896812439
	0.7307022213935852
	0.7307166457176208
	0.7307347059249878
	0.7307478785514832
	0.7307635545730591
	0.7307866811752319
	0.7308000922203064
	0.7308223247528076
	0.7308521270751953
	0.7308586239814758
	0.7308834791183472
	0.7309014201164246
	0.7309169769287109
	0.7309316992759705
	0.7309377789497375
	0.7309648394584656
	0.7309859395027161
	0.7310049533843994
	0.731022834777832
	0.7310536503791809
	0.731086790561676
	0.7310957908630371
	0.7311205863952637
	0.7311323881149292
	0.7311515212059021
	0.73117595911026
	0.7311865091323853
	0.7311976552009583
	0.7312350869178772
	0.7312418222427368
	0.731238842010498
	0.7312570810317993
	0.7312833070755005
	0.7312928438186646
	0.7313144207000732
	0.7313176393508911
	0.7313382029533386
	0.7313652634620667
	0.7313754558563232
	0.7313888669013977
	0.7313958406448364
	0.7314134240150452
	0.7314236760139465
	0.7314324378967285
	0.7314300537109375
	0.7314434051513672
	0.7314454317092896
	0.7314711213111877
	0.7314720153808594
	0.7314797639846802
	0.7315141558647156
	0.7315278053283691
	0.7315484881401062
	0.7315592169761658
	0.7315603494644165
	0.7315842509269714
	0.7316086888313293
	0.7316386699676514
	0.7316724061965942
	0.7317051887512207
	0.7317338585853577
	0.7317405939102173
	0.7317562699317932
	0.731777548789978
	0.7317962050437927
	0.731805145740509
	0.7318274974822998
	0.7318604588508606
	0.7318503856658936
	0.7318650484085083
	0.7318845391273499
	0.7319072484970093
	0.7319343686103821
	0.7319574952125549
	0.7319701910018921
	0.7319854497909546
	0.7320014834403992
	0.7320354580879211
	0.7320461273193359
	0.7320703268051147
	0.7320564389228821
	0.732056736946106
	0.7320731282234192
	0.7320715188980103
	0.732099175453186
	0.7321226000785828
	0.7321361899375916
	0.7321378588676453
	0.7321518063545227
	0.7321795225143433
	0.7321769595146179
	0.7321822047233582
	0.7322121262550354
	0.7322490811347961
	0.7322564721107483
	0.7322704195976257
	0.7322909235954285
	0.7323150634765625
	0.7323169112205505
	0.7323539853096008
	0.7323664426803589
	0.7323870658874512
	0.7324154376983643
	0.7324281930923462
	0.7324434518814087
	0.7324557900428772
	0.7324708700180054
	0.7324668765068054
	0.7324622273445129
	0.7324821949005127
	0.7325094938278198
	0.7325223684310913
	0.7325243949890137
	0.7325578331947327
	0.7325953841209412
	0.7326168417930603
	0.7326351404190063
	0.7326525449752808
	0.7326692938804626
	0.7326801419258118
	0.7327074408531189
	0.732722282409668
	0.7327415943145752
	0.7327489256858826
	0.732757568359375
	0.732779860496521
	0.7327972054481506
	0.7328011393547058
	0.7328227758407593
	0.7328565120697021
	0.73285973072052
	0.732877790927887
	0.7328933477401733
	0.7329146265983582
	0.7329362034797668
	0.732949435710907
	0.7329660654067993
	0.7329750061035156
	0.7329864501953125
	0.7329968214035034
	0.7330303192138672
	0.7330592274665833
	0.7330626845359802
	0.7330576777458191
	0.7330752611160278
	0.73308926820755
	0.7330981492996216
	0.733096182346344
	0.7331026792526245
	0.7331241965293884
	0.7331253886222839
	0.733136773109436
	0.7331548929214478
	0.7331802845001221
	0.733180582523346
	0.7331870198249817
	0.7331951260566711
	0.7332022786140442
	0.7332209944725037
	0.7332109808921814
	0.7332285642623901
	0.7332367897033691
	0.733253002166748
	0.7332713007926941
	0.7332726716995239
	0.7332863807678223
	0.7333027124404907
	0.7333219051361084
	0.7333452105522156
	0.7333592772483826
	0.7333749532699585
	0.7333844304084778
	0.7333733439445496
	0.7333924770355225
	0.7334045171737671
	0.7334091663360596
	0.7334049344062805
	0.7334154844284058
	0.7334133386611938
	0.7334387302398682
	0.7334561944007874
	0.7334619760513306
	0.7334784865379333
	0.733465850353241
	0.7334752678871155
	0.7334638237953186
	0.7334945797920227
	0.7335073351860046
	0.7335060238838196
	0.7335085868835449
	0.7335326075553894
	0.7335410118103027
	0.7335379719734192
	0.7335663437843323
	0.7335875034332275
	0.7336083054542542
	0.7336158752441406
	0.7336429357528687
	0.7336315512657166
	0.7336359620094299
	0.733636736869812
	0.7336363196372986
	0.7336255311965942
	0.7336236834526062
	0.7336386442184448
	0.733660101890564
	0.733676016330719
	0.7336925864219666
	0.7337170243263245
	0.7337141036987305
	0.7337242960929871
	0.7337306141853333
	0.7337499856948853
	0.7337549924850464
	0.7337650656700134
	0.7337672114372253
	0.7337805032730103
	0.7337896823883057
	0.7337990999221802
	0.7338184714317322
	0.7338430881500244
	0.7338607907295227
	0.7338739633560181
	0.7338710427284241
	0.7338681817054749
	0.7338660359382629
	0.7338785529136658
	0.7339006662368774
	0.7338957190513611
	0.7339262962341309
	0.7339284420013428
	0.7339482307434082
	0.7339666485786438
	0.7339774370193481
	0.7339947819709778
	0.7340041399002075
	0.7340050935745239
	0.734004020690918
	0.7340009808540344
	0.7340080142021179
	0.7340251803398132
	0.7340549230575562
	0.7340638637542725
	0.7340691089630127
	0.7340767979621887
	0.7341036796569824
	0.7340938448905945
	0.7340989112854004
	0.7341059446334839
	0.7341285347938538
	0.7341352105140686
	0.7341292500495911
	0.7341267466545105
	0.734128475189209
	0.7341345548629761
	0.7341374754905701
	0.7341567873954773
	0.7341588139533997
	0.734187126159668
	0.7341996431350708
	0.7342316508293152
	0.7342596650123596
	0.7342808842658997
	0.7342854142189026
	0.7342952489852905
	0.7342899441719055
	0.7342843413352966
	0.7342677116394043
	0.7342772483825684
	0.7342861890792847
	0.7342925071716309
	0.7343019843101501
	0.7343010306358337
	0.7343322038650513
	0.7343406677246094
	0.7343153953552246
	0.7343303561210632
	0.7343401312828064
	0.7343446016311646
	0.734372615814209
	0.7343815565109253
	0.7343712449073792
	0.7343845963478088
	0.734399139881134
	0.7344112396240234
	0.7344231605529785
	0.734437108039856
	0.7344642281532288
	0.7344745993614197
	0.7344610691070557
	0.734467625617981
	0.7345018982887268
	0.734526515007019
	0.7345287799835205
	0.7345620393753052
	0.7345444560050964
	0.7345442175865173
	0.7345209121704102
	0.7345350980758667
	0.7345494031906128
	0.7345407009124756
	0.7345476746559143
	0.7345646023750305
	0.7345802783966064
	0.7345841526985168
	0.7345898747444153
	0.7346057295799255
	0.7346200942993164
	0.7346252799034119
	0.7346280217170715
	0.7346362471580505
	0.734649658203125
	0.7346524000167847
	0.7346404790878296
	0.7346262335777283
	0.7346188426017761
	0.7346289753913879
	0.7346261143684387
	0.7346516847610474
	0.7346709966659546
	0.7346848845481873
	0.7346924543380737
	0.7346798181533813
	0.7346699237823486
	0.734666109085083
	0.7346850037574768
	0.7346932888031006
	0.7346956133842468
	0.7347248792648315
	0.7347373366355896
	0.734715461730957
	0.7347401976585388
]