[
	1.2087736129760742
	1.2086044549942017
	1.2084609270095825
	1.208323359489441
	1.2081611156463623
	1.2079880237579346
	1.207825779914856
	1.2076786756515503
	1.207540512084961
	1.2073960304260254
	1.2072482109069824
	1.2070908546447754
	1.2069391012191772
	1.2067861557006836
	1.2066316604614258
	1.2064729928970337
	1.2063312530517578
	1.2061784267425537
	1.2060314416885376
	1.2058885097503662
	1.2057371139526367
	1.2055866718292236
	1.205424427986145
	1.205289602279663
	1.2051490545272827
	1.2049903869628906
	1.2048230171203613
	1.2046709060668945
	1.20454740524292
	1.2043932676315308
	1.2042614221572876
	1.2041107416152954
	1.203977108001709
	1.2038328647613525
	1.2036784887313843
	1.2035428285598755
	1.2033966779708862
	1.2032601833343506
	1.203125238418579
	1.2030061483383179
	1.202866554260254
	1.2027109861373901
	1.2025690078735352
	1.2024277448654175
	1.2022799253463745
	1.2021328210830688
	1.2019997835159302
	1.20187509059906
	1.2017139196395874
	1.201567530632019
	1.2014273405075073
	1.2012909650802612
	1.2011598348617554
	1.2010257244110107
	1.2008953094482422
	1.200771689414978
	1.2006343603134155
	1.2004897594451904
	1.2003511190414429
	1.2002105712890625
	1.2000818252563477
	1.1999415159225464
	1.19981849193573
	1.199680209159851
	1.1995552778244019
	1.1994175910949707
	1.1992766857147217
	1.199141502380371
	1.1990066766738892
	1.1988723278045654
	1.1987271308898926
	1.1986083984375
	1.1984713077545166
	1.1983352899551392
	1.1982202529907227
	1.1980962753295898
	1.1979689598083496
	1.197847604751587
	1.1977206468582153
	1.1975888013839722
	1.197456955909729
	1.19733726978302
	1.197200894355774
	1.197100043296814
	1.1969536542892456
	1.19680917263031
	1.1967052221298218
	1.1965850591659546
	1.1964473724365234
	1.1963038444519043
	1.1961805820465088
	1.1960644721984863
	1.1959550380706787
	1.1958345174789429
	1.1957179307937622
	1.1956055164337158
	1.1954926252365112
	1.1953808069229126
	1.1952745914459229
	1.195164680480957
	1.1950364112854004
	1.1949231624603271
	1.194790005683899
	1.1946711540222168
	1.194545030593872
	1.194414496421814
	1.1943011283874512
	1.1942065954208374
	1.1940969228744507
	1.193981647491455
	1.1938536167144775
	1.193722128868103
	1.1935975551605225
	1.1934832334518433
	1.193355679512024
	1.1932320594787598
	1.1930960416793823
	1.1930009126663208
	1.1928753852844238
	1.1927598714828491
	1.1926419734954834
	1.192528486251831
	1.1924090385437012
	1.1923106908798218
	1.1922119855880737
	1.1921031475067139
	1.1919991970062256
	1.191895604133606
	1.1917718648910522
	1.1916574239730835
	1.191551923751831
	1.191439151763916
	1.1913273334503174
	1.1912046670913696
	1.191096305847168
	1.1909980773925781
	1.1908937692642212
	1.190789818763733
	1.1906840801239014
	1.1905710697174072
	1.1904666423797607
	1.1903529167175293
	1.190225601196289
	1.1901105642318726
	1.1899946928024292
	1.1898975372314453
	1.1897908449172974
	1.189684510231018
	1.189573049545288
	1.1894619464874268
	1.1893595457077026
	1.1892492771148682
	1.1891506910324097
	1.1890352964401245
	1.1889382600784302
	1.188828706741333
	1.1887190341949463
	1.1886112689971924
	1.1884925365447998
	1.1883763074874878
	1.1882754564285278
	1.1881592273712158
	1.1880593299865723
	1.1879498958587646
	1.1878575086593628
	1.1877635717391968
	1.187650203704834
	1.1875519752502441
	1.187461256980896
	1.1873494386672974
	1.1872438192367554
	1.1871365308761597
	1.187040090560913
	1.1869354248046875
	1.18683660030365
	1.1867543458938599
	1.1866732835769653
	1.1865804195404053
	1.1864932775497437
	1.1863869428634644
	1.186285376548767
	1.1861783266067505
	1.1860742568969727
	1.1859748363494873
	1.1858700513839722
	1.1857796907424927
	1.1856764554977417
	1.1855889558792114
	1.1854804754257202
	1.1853989362716675
	1.1852984428405762
	1.1851980686187744
	1.1850820779800415
	1.184984803199768
	1.1848984956741333
	1.1847951412200928
	1.1847069263458252
	1.184603214263916
	1.1845030784606934
	1.1844041347503662
	1.1843012571334839
	1.1841837167739868
	1.184095025062561
	1.1839962005615234
	1.1839126348495483
	1.1838303804397583
	1.1837348937988281
	1.1836484670639038
	1.1835511922836304
	1.1834584474563599
	1.183381199836731
	1.1832877397537231
	1.1832078695297241
	1.1831088066101074
	1.183029055595398
	1.1829335689544678
	1.1828422546386719
	1.182752013206482
	1.1826530694961548
	1.1825639009475708
	1.1824688911437988
	1.1823617219924927
	1.1822705268859863
	1.182178258895874
	1.182085633277893
	1.1819852590560913
	1.1818888187408447
	1.1817985773086548
	1.1817104816436768
	1.1816250085830688
	1.1815378665924072
	1.1814311742782593
	1.1813468933105469
	1.1812671422958374
	1.1811792850494385
	1.1810870170593262
	1.1809970140457153
	1.180909514427185
	1.180820345878601
	1.180741548538208
	1.180659532546997
	1.1805797815322876
	1.1805031299591064
	1.1804296970367432
	1.1803505420684814
	1.1802679300308228
	1.1801681518554688
	1.180073857307434
	1.1799813508987427
	1.179885745048523
	1.1798049211502075
	1.1797295808792114
	1.179646372795105
	1.1795610189437866
	1.1794756650924683
	1.1793856620788574
	1.179301142692566
	1.179221749305725
	1.1791198253631592
	1.1790368556976318
	1.178949236869812
	1.1788580417633057
	1.178782343864441
	1.1786901950836182
	1.1786117553710938
	1.1785104274749756
	1.17844557762146
	1.1783565282821655
	1.1782664060592651
	1.1781747341156006
	1.1780871152877808
	1.1779944896697998
	1.1779046058654785
	1.1778093576431274
	1.1777191162109375
	1.177619457244873
	1.1775423288345337
	1.1774803400039673
	1.1774024963378906
	1.1773157119750977
	1.1772300004959106
	1.177146553993225
	1.1770684719085693
	1.176978349685669
	1.1768885850906372
	1.1768033504486084
	1.1767313480377197
	1.1766397953033447
	1.1765607595443726
	1.1764672994613647
	1.1763960123062134
	1.1763180494308472
	1.1762360334396362
	1.1761643886566162
	1.1760921478271484
	1.1760163307189941
	1.175929307937622
	1.1758549213409424
	1.1757980585098267
	1.175729751586914
	1.1756635904312134
	1.175589680671692
	1.1755070686340332
	1.1754204034805298
	1.1753414869308472
	1.1752701997756958
	1.1751856803894043
	1.17510986328125
	1.1750329732894897
	1.1749491691589355
	1.174868106842041
	1.174789309501648
	1.1747241020202637
	1.1746467351913452
	1.174574851989746
	1.1745063066482544
	1.1744275093078613
	1.1743437051773071
	1.1742656230926514
	1.1741948127746582
	1.1741111278533936
	1.1740354299545288
	1.173964023590088
	1.173901915550232
	1.1738227605819702
	1.1737457513809204
	1.1736640930175781
	1.1735812425613403
	1.1734999418258667
	1.1734319925308228
	1.1733629703521729
	1.1732919216156006
	1.1732176542282104
	1.173147201538086
	1.173082709312439
	1.1729997396469116
	1.1729111671447754
	1.172859787940979
	1.1727991104125977
	1.172722339630127
	1.172634482383728
	1.172553539276123
	1.1724799871444702
	1.1724177598953247
	1.1723434925079346
	1.1722667217254639
	1.1722023487091064
	1.172141432762146
	1.1720621585845947
	1.1719974279403687
	1.171924352645874
	1.1718472242355347
	1.1717664003372192
	1.1716957092285156
	1.1716208457946777
	1.1715511083602905
	1.1714799404144287
	1.1714117527008057
	1.1713534593582153
	1.1712920665740967
	1.1712244749069214
	1.1711535453796387
	1.171091079711914
	1.1710206270217896
	1.1709591150283813
	1.1708896160125732
	1.1708142757415771
	1.1707571744918823
	1.1706957817077637
	1.170637607574463
	1.170580506324768
	1.1705079078674316
	1.1704423427581787
	1.1703879833221436
	1.1703110933303833
	1.170249342918396
	1.1701767444610596
	1.1700960397720337
	1.170027732849121
	1.1699564456939697
	1.1698939800262451
	1.1698259115219116
	1.1697511672973633
	1.1696852445602417
	1.1696141958236694
	1.1695520877838135
	1.169490933418274
	1.169429063796997
	1.1693660020828247
	1.1693003177642822
	1.1692323684692383
	1.1691625118255615
	1.1690943241119385
	1.1690229177474976
	1.168957233428955
	1.1688824892044067
	1.1688339710235596
	1.1687639951705933
	1.1687138080596924
	1.1686521768569946
	1.1685874462127686
	1.1685192584991455
	1.1684495210647583
	1.168379783630371
	1.1683199405670166
	1.1682528257369995
	1.1681817770004272
	1.1681171655654907
	1.1680631637573242
	1.168006181716919
	1.1679373979568481
	1.1678766012191772
	1.1678245067596436
	1.167773962020874
	1.1677172183990479
	1.1676602363586426
	1.1675950288772583
	1.1675426959991455
	1.1674957275390625
	1.1674391031265259
	1.1673730611801147
	1.1673086881637573
	1.1672371625900269
	1.1671773195266724
	1.1671262979507446
	1.1670584678649902
	1.167001485824585
	1.1669468879699707
	1.1669014692306519
	1.1668550968170166
	1.1667840480804443
	1.1667282581329346
	1.1666685342788696
	1.1666083335876465
	1.1665449142456055
	1.1664949655532837
	1.166438102722168
	1.1663856506347656
	1.1663150787353516
	1.1662514209747314
	1.1661936044692993
	1.1661430597305298
	1.1660816669464111
	1.166016936302185
	1.1659578084945679
	1.165910243988037
	1.165854811668396
	1.1657978296279907
	1.165737509727478
	1.1656813621520996
	1.1656149625778198
	1.1655519008636475
	1.1654921770095825
	1.1654348373413086
	1.1653709411621094
	1.1653176546096802
	1.1652652025222778
	1.165191888809204
	1.16514253616333
	1.1650803089141846
	1.165026068687439
	1.1649703979492188
	1.1649105548858643
	1.164851188659668
	1.1648069620132446
	1.1647484302520752
	1.1646907329559326
	1.1646506786346436
	1.1645984649658203
	1.1645441055297852
	1.1645039319992065
	1.164453148841858
	1.1644036769866943
	1.1643487215042114
	1.1643116474151611
	1.1642404794692993
	1.1642005443572998
	1.1641426086425781
	1.1640833616256714
	1.1640340089797974
	1.1639783382415771
	1.1639169454574585
	1.1638660430908203
	1.163816213607788
	1.163757085800171
	1.1637037992477417
	1.163649082183838
	1.163596272468567
	1.1635442972183228
	1.1634894609451294
	1.1634387969970703
	1.1633975505828857
	1.1633590459823608
	1.1632996797561646
	1.1632463932037354
	1.1631824970245361
	1.163137435913086
	1.1630827188491821
	1.1630289554595947
	1.1629716157913208
	1.1629146337509155
	1.1628658771514893
	1.1628156900405884
	1.1627625226974487
	1.1626954078674316
	1.162635326385498
	1.1625843048095703
	1.1625308990478516
	1.1624855995178223
	1.162429690361023
	1.1623873710632324
	1.1623427867889404
	1.1622909307479858
	1.1622343063354492
	1.1621733903884888
	1.162131428718567
	1.1620718240737915
	1.1620163917541504
	1.1619688272476196
	1.1619316339492798
	1.1618931293487549
	1.1618510484695435
	1.1618009805679321
	1.1617512702941895
	1.161691665649414
	1.1616358757019043
	1.161572813987732
	1.1615267992019653
	1.1614779233932495
	1.161423683166504
	1.1613680124282837
	1.1613341569900513
	1.1612858772277832
	1.161237120628357
	1.1611882448196411
	1.161123514175415
	1.1610734462738037
	1.161026120185852
	1.160979151725769
	1.1609457731246948
	1.1609082221984863
	1.1608620882034302
	1.1608177423477173
	1.1607624292373657
	1.1607102155685425
	1.160670518875122
	1.1606323719024658
	1.1605781316757202
	1.1605308055877686
	1.1604816913604736
	1.160426139831543
	1.160377025604248
	1.1603361368179321
	1.1602890491485596
	1.160233974456787
	1.160190463066101
	1.1601485013961792
	1.1601113080978394
	1.1600666046142578
	1.1600110530853271
	1.1599605083465576
	1.1599032878875732
	1.1598511934280396
	1.1598105430603027
	1.1597639322280884
	1.1597150564193726
	1.159664273262024
	1.159613013267517
	1.159562587738037
	1.1595114469528198
	1.1594653129577637
	1.1594316959381104
	1.1593925952911377
	1.1593445539474487
	1.1593058109283447
	1.1592549085617065
	1.159205436706543
	1.159157156944275
	1.1591321229934692
	1.159087061882019
	1.159050464630127
	1.1589999198913574
	1.1589453220367432
	1.158888339996338
	1.1588475704193115
	1.1588009595870972
	1.1587486267089844
	1.1587047576904297
	1.1586589813232422
	1.1586154699325562
	1.1585716009140015
	1.1585243940353394
	1.1584690809249878
	1.1584255695343018
	1.1583720445632935
	1.1583284139633179
	1.158286690711975
	1.158233404159546
	1.158188819885254
	1.1581469774246216
	1.1581090688705444
	1.1580535173416138
	1.1580119132995605
	1.1579746007919312
	1.1579461097717285
	1.1578885316848755
	1.157851219177246
	1.1578119993209839
	1.1577783823013306
	1.1577376127243042
	1.157690405845642
	1.1576628684997559
	1.157624363899231
	1.1575769186019897
	1.157530665397644
	1.1574821472167969
	1.1574498414993286
	1.1574201583862305
	1.157374620437622
	1.1573240756988525
	1.1572895050048828
	1.1572530269622803
	1.1572221517562866
	1.1571837663650513
	1.1571316719055176
	1.157092809677124
	1.1570565700531006
	1.1570026874542236
	1.1569615602493286
	1.1569267511367798
	1.1568858623504639
	1.1568524837493896
	1.1568067073822021
	1.156758427619934
	1.1567174196243286
	1.156672716140747
	1.1566450595855713
	1.1566026210784912
	1.1565680503845215
	1.1565302610397339
	1.1564968824386597
	1.1564582586288452
	1.1564154624938965
	1.1563880443572998
	1.1563453674316406
	1.156317114830017
	1.1562774181365967
	1.1562342643737793
	1.1561962366104126
	1.156154990196228
	1.1561087369918823
	1.1560639142990112
	1.1560125350952148
	1.1559654474258423
	1.1559244394302368
	1.1558805704116821
	1.1558449268341064
	1.1558119058609009
	1.1557636260986328
	1.1557148694992065
	1.1556618213653564
	1.15562105178833
	1.155590534210205
	1.1555509567260742
	1.1555171012878418
	1.1554863452911377
	1.1554545164108276
	1.1554068326950073
	1.1553704738616943
	1.1553187370300293
	1.1552766561508179
	1.1552296876907349
	1.1551847457885742
	1.1551395654678345
	1.155105710029602
	1.1550661325454712
	1.155024766921997
	1.1549897193908691
	1.1549535989761353
	1.154920220375061
	1.1548869609832764
	1.1548511981964111
	1.1548137664794922
	1.154776930809021
	1.1547319889068604
	1.1547027826309204
	1.1546669006347656
	1.1546260118484497
	1.1545933485031128
	1.15455162525177
	1.1545166969299316
	1.1544686555862427
	1.1544355154037476
	1.1543817520141602
	1.154348373413086
	1.154310941696167
	1.1542853116989136
	1.1542565822601318
	1.1542280912399292
	1.1541883945465088
	1.1541574001312256
	1.1541160345077515
	1.154078483581543
	1.1540460586547852
	1.1540206670761108
	1.1539971828460693
	1.1539418697357178
	1.1538972854614258
	1.1538602113723755
	1.1538265943527222
	1.1537935733795166
	1.1537504196166992
	1.153704047203064
	1.153671383857727
	1.153637170791626
	1.153585433959961
	1.1535582542419434
	1.15351140499115
	1.1534829139709473
	1.1534452438354492
	1.1534172296524048
	1.1533817052841187
	1.1533467769622803
	1.1533031463623047
	1.1532646417617798
	1.1532180309295654
	1.1531758308410645
	1.1531325578689575
	1.1530969142913818
	1.1530561447143555
	1.1530275344848633
	1.1529872417449951
	1.1529502868652344
	1.152904748916626
	1.1528680324554443
	1.1528337001800537
	1.152801275253296
	1.1527596712112427
	1.1527327299118042
	1.1526974439620972
	1.152658462524414
	1.1526274681091309
	1.152603268623352
	1.152574062347412
	1.1525449752807617
	1.1525068283081055
	1.1524876356124878
	1.152449607849121
	1.1524059772491455
	1.1523655652999878
	1.1523364782333374
	1.1522949934005737
	1.152268886566162
	1.152226448059082
	1.1522032022476196
	1.1521620750427246
	1.152138352394104
	1.152103304862976
	1.1520583629608154
	1.1520329713821411
	1.151996374130249
	1.1519588232040405
	1.1519191265106201
	1.1518851518630981
	1.151855230331421
	1.1518168449401855
	1.1517497301101685
	1.151729702949524
	1.151694893836975
	1.1516636610031128
	1.1516214609146118
	1.151586651802063
	1.1515436172485352
	1.1515065431594849
	1.1514801979064941
	1.1514309644699097
	1.1513957977294922
	1.1513526439666748
	1.1513190269470215
	1.1512739658355713
	1.151235818862915
	1.1512068510055542
	1.151165246963501
	1.1511194705963135
	1.1510859727859497
	1.1510518789291382
	1.1510062217712402
	1.1509802341461182
	1.1509407758712769
	1.150898814201355
	1.1508597135543823
	1.1508307456970215
	1.150796890258789
	1.1507678031921387
	1.1507338285446167
	1.1507058143615723
	1.1506561040878296
	1.1506210565567017
	1.150573968887329
	1.1505389213562012
	1.1505080461502075
	1.1504727602005005
	1.1504302024841309
	1.150389552116394
	1.1503441333770752
	1.150296926498413
	1.150266170501709
	1.150219202041626
	1.1501833200454712
	1.1501389741897583
	1.1500957012176514
	1.1500593423843384
	1.1500188112258911
	1.1499786376953125
	1.1499500274658203
	1.1499197483062744
	1.149883508682251
	1.1498550176620483
	1.149821162223816
	1.1497931480407715
	1.149755835533142
	1.1497344970703125
	1.1496975421905518
	1.1496609449386597
	1.1496140956878662
	1.1495685577392578
	1.1495062112808228
	1.1494669914245605
	1.1494334936141968
	1.1494004726409912
	1.149375557899475
	1.1493523120880127
	1.1493171453475952
	1.1492650508880615
	1.1492176055908203
	1.149175763130188
	1.1491479873657227
	1.1491081714630127
	1.1490693092346191
	1.1490294933319092
	1.1489852666854858
	1.148943543434143
	1.1489050388336182
	1.1488752365112305
	1.1488399505615234
	1.1487880945205688
	1.148749589920044
	1.1487075090408325
	1.1486618518829346
	1.1486124992370605
	1.1485792398452759
	1.1485519409179688
	1.1485172510147095
	1.1484978199005127
	1.148464322090149
	1.1484174728393555
	1.1483792066574097
	1.1483502388000488
	1.1483181715011597
	1.148284673690796
	1.148247241973877
	1.1482148170471191
	1.148197054862976
	1.1481561660766602
	1.1481106281280518
	1.1480804681777954
	1.1480374336242676
	1.1479932069778442
	1.1479493379592896
	1.147917628288269
	1.1478948593139648
	1.1478519439697266
	1.1478303670883179
	1.1477980613708496
	1.1477550268173218
	1.1477229595184326
	1.1476932764053345
	1.1476531028747559
	1.1476030349731445
	1.147566556930542
	1.1475441455841064
	1.1474934816360474
	1.1474523544311523
	1.1474130153656006
	1.1473642587661743
	1.1473360061645508
	1.1472995281219482
	1.1472563743591309
	1.1472153663635254
	1.1471749544143677
	1.1471339464187622
	1.1470915079116821
	1.1470516920089722
	1.1470082998275757
	1.1469757556915283
	1.1469359397888184
	1.146888017654419
	1.1468520164489746
	1.1468058824539185
	1.146773338317871
	1.1467316150665283
	1.1467090845108032
	1.1466556787490845
	1.1466022729873657
	1.1465623378753662
	1.146525502204895
	1.1464784145355225
	1.146445870399475
	1.1464135646820068
	1.14637291431427
	1.146338939666748
	1.1462920904159546
	1.1462513208389282
	1.1462010145187378
	1.146172046661377
	1.1461207866668701
	1.1460834741592407
	1.1460567712783813
	1.1460210084915161
	1.1459846496582031
	1.145951747894287
	1.145909309387207
	1.145863652229309
	1.1458348035812378
	1.145804524421692
	1.145761251449585
	1.1457184553146362
	1.145691156387329
	1.1456514596939087
	1.1456129550933838
	1.1455833911895752
	1.1455544233322144
	1.1455057859420776
	1.1454613208770752
	1.1454193592071533
	1.1453980207443237
	1.1453660726547241
	1.1453282833099365
	1.1452971696853638
	1.1452622413635254
	1.1452380418777466
	1.1452035903930664
	1.1451703310012817
	1.1451395750045776
	1.14508855342865
	1.1450451612472534
	1.145004391670227
	1.1449726819992065
	1.1449294090270996
	1.1448918581008911
	1.1448484659194946
	1.1448090076446533
	1.1447715759277344
	1.1447240114212036
	1.1446765661239624
	1.1446298360824585
	1.1446057558059692
	1.1445708274841309
	1.1445244550704956
	1.1444690227508545
	1.1444278955459595
	1.1443967819213867
	1.1443719863891602
	1.1443287134170532
	1.1442852020263672
	1.1442466974258423
	1.1442104578018188
	1.1441689729690552
	1.1441190242767334
	1.1440759897232056
	1.1440399885177612
	1.1440000534057617
	1.1439533233642578
	1.1439300775527954
	1.143905520439148
	1.1438738107681274
	1.1438350677490234
	1.143799901008606
	1.1437700986862183
	1.143729329109192
	1.1437010765075684
	1.1436673402786255
	1.143621563911438
	1.1435834169387817
	1.1435433626174927
	1.1435024738311768
	1.143454670906067
	1.143399953842163
	1.1433525085449219
	1.1433168649673462
	1.1432700157165527
	1.1432408094406128
	1.1432138681411743
	1.1431686878204346
	1.1431440114974976
	1.1431009769439697
	1.14306640625
	1.143021821975708
	1.1429723501205444
	1.1429345607757568
	1.1428930759429932
	1.1428526639938354
	1.1428147554397583
	1.1427534818649292
	1.1427143812179565
	1.1426682472229004
	1.1426353454589844
	1.1425895690917969
	1.142547369003296
	1.142511010169983
	1.1424760818481445
	1.1424461603164673
	1.1424012184143066
	1.142364740371704
	1.1423264741897583
	1.1422914266586304
	1.1422404050827026
	1.1421992778778076
	1.1421308517456055
	1.142105221748352
	1.1420586109161377
	1.1420259475708008
	1.1419752836227417
	1.1419367790222168
	1.1418999433517456
	1.1418479681015015
	1.1417988538742065
	1.1417567729949951
	1.1417242288589478
	1.141681432723999
	1.1416441202163696
	1.1415990591049194
	1.1415613889694214
	1.1415270566940308
	1.1414947509765625
	1.1414415836334229
	1.1413934230804443
	1.141370415687561
	1.1413203477859497
	1.141294240951538
	1.141248345375061
	1.1412019729614258
	1.1411755084991455
	1.1411397457122803
	1.1410936117172241
	1.1410562992095947
	1.1410069465637207
	1.1409733295440674
	1.1409227848052979
	1.140886664390564
	1.140849232673645
	1.1408114433288574
	1.1407610177993774
	1.1407182216644287
	1.1406689882278442
	1.140635371208191
	1.1405943632125854
	1.1405448913574219
	1.140498161315918
	1.1404492855072021
	1.140427827835083
	1.1403993368148804
	1.1403584480285645
	1.1403136253356934
	1.1402881145477295
	1.140239953994751
	1.1402090787887573
	1.140152931213379
	1.1401135921478271
	1.1400656700134277
	1.1400444507598877
	1.140010118484497
	1.1399955749511719
	1.1399602890014648
	1.1399140357971191
	1.1398801803588867
	1.1398452520370483
	1.1398093700408936
	1.1397745609283447
	1.139730453491211
	1.1396982669830322
	1.1396504640579224
	1.1396079063415527
	1.1395721435546875
	1.1395431756973267
	1.1395020484924316
	1.139452338218689
	1.1394178867340088
	1.1393681764602661
	1.1393191814422607
	1.1392838954925537
	1.139251708984375
	1.139203429222107
	1.1391624212265015
	1.1391186714172363
	1.1390763521194458
	1.1390327215194702
	1.138983130455017
	1.138966679573059
	1.138936996459961
	1.1388795375823975
	1.1388479471206665
	1.1387989521026611
	1.138772964477539
	1.1387449502944946
	1.1387048959732056
	1.138669729232788
	1.1386326551437378
	1.1385948657989502
	1.1385549306869507
	1.1385141611099243
	1.1384693384170532
	1.1384167671203613
	1.138378620147705
	1.1383452415466309
	1.1383169889450073
	1.138260006904602
	1.138201117515564
	1.1381675004959106
	1.1381425857543945
	1.138099193572998
	1.1380596160888672
	1.1380213499069214
	1.1379857063293457
	1.1379462480545044
	1.1378984451293945
	1.1378570795059204
	1.1378217935562134
	1.1377830505371094
	1.1377426385879517
	1.1377005577087402
	1.1376736164093018
	1.1376473903656006
	1.1376283168792725
	1.1375879049301147
	1.1375446319580078
	1.1375210285186768
	1.1374917030334473
	1.137473464012146
	1.1374379396438599
	1.1374014616012573
	1.1373636722564697
	1.137312889099121
	1.137266993522644
	1.1372350454330444
	1.1371843814849854
	1.1371644735336304
	1.1371371746063232
	1.1370850801467896
	1.1370344161987305
	1.1369826793670654
	1.1369569301605225
	1.1368944644927979
	1.1368441581726074
	1.136805772781372
	1.1367658376693726
	1.1367228031158447
	1.1366795301437378
	1.1366467475891113
	1.1366196870803833
	1.1365904808044434
	1.1365538835525513
	1.1365258693695068
	1.1364896297454834
	1.1364599466323853
	1.1364226341247559
	1.1363837718963623
	1.136305332183838
	1.1362632513046265
	1.1362370252609253
	1.13619065284729
	1.1361567974090576
	1.1361249685287476
	1.1360963582992554
	1.1360574960708618
	1.136009693145752
	1.1359617710113525
	1.135913610458374
	1.135880470275879
	1.1358343362808228
	1.13581383228302
	1.1357682943344116
	1.1357239484786987
	1.135675072669983
	1.135642170906067
	1.135602593421936
	1.1355642080307007
	1.1355317831039429
	1.1354942321777344
	1.1354634761810303
	1.1354223489761353
	1.1353859901428223
	1.1353493928909302
	1.1353089809417725
	1.1352421045303345
	1.135213851928711
	1.135176420211792
	1.1351253986358643
	1.1351048946380615
	1.1350986957550049
	1.1350711584091187
	1.135021686553955
	1.1349726915359497
	1.1349173784255981
	1.1348544359207153
	1.1348077058792114
	1.1347568035125732
	1.134714126586914
	1.134677767753601
	1.134634017944336
	1.134588599205017
	1.1345549821853638
	1.134499192237854
	1.134446382522583
	1.134401559829712
	1.1343700885772705
	1.1343275308609009
	1.1343002319335938
	1.13426673412323
	1.1342326402664185
	1.1341954469680786
	1.1341623067855835
	1.1341263055801392
	1.1341006755828857
	1.1340701580047607
	1.134044885635376
	1.1340054273605347
	1.1339623928070068
	1.1339219808578491
	1.1338844299316406
	1.1338447332382202
	1.1338062286376953
	1.1337525844573975
	1.1337124109268188
	1.1336840391159058
	1.1336655616760254
	1.133637547492981
	1.1336121559143066
	1.133575677871704
	1.1335347890853882
	1.133506178855896
	1.1334673166275024
	1.1334421634674072
	1.1334019899368286
	1.1333553791046143
	1.1333086490631104
	1.1332826614379883
	1.1332424879074097
	1.1332035064697266
	1.133162260055542
	1.1331112384796143
	1.1330655813217163
	1.133019208908081
	1.1329766511917114
	1.132938265800476
	1.1328991651535034
	1.132857322692871
	1.1328123807907104
	1.1327701807022095
	1.1327463388442993
	1.132697582244873
	1.132662296295166
	1.1326196193695068
	1.1325856447219849
	1.1325494050979614
	1.1325148344039917
	1.1324832439422607
	1.1324454545974731
	1.1324081420898438
	1.1323713064193726
	1.1323331594467163
	1.1322929859161377
	1.1322612762451172
	1.1322298049926758
	1.132204532623291
	1.1321706771850586
	1.1321262121200562
	1.1320816278457642
	1.1320451498031616
	1.1320146322250366
	1.1319701671600342
	1.131943941116333
	1.1319082975387573
	1.1318864822387695
	1.1318485736846924
	1.1318104267120361
	1.1317540407180786
	1.131718635559082
	1.1316790580749512
	1.1316401958465576
	1.131596565246582
	1.1315604448318481
	1.1315134763717651
	1.1314791440963745
	1.1314564943313599
	1.131431221961975
	1.1313903331756592
	1.1313573122024536
	1.1313190460205078
	1.1312624216079712
	1.1312220096588135
	1.131174921989441
	1.131130576133728
	1.13107430934906
	1.1310230493545532
	1.130991816520691
	1.1309454441070557
	1.13090980052948
	1.1308667659759521
	1.1308352947235107
	1.1307878494262695
	1.1307456493377686
	1.1306977272033691
	1.1306711435317993
	1.130647897720337
	1.1306145191192627
	1.1306039094924927
	1.1305820941925049
	1.1305428743362427
	1.130508542060852
	1.1304750442504883
	1.1304301023483276
	1.130385160446167
	1.1303436756134033
	1.130306601524353
	1.1302621364593506
	1.1302305459976196
	1.1301807165145874
	1.1301326751708984
	1.1300816535949707
	1.130048155784607
	1.130013108253479
	1.1299721002578735
	1.1299446821212769
	1.1299117803573608
	1.1298695802688599
	1.1298497915267944
	1.1298162937164307
	1.1297799348831177
	1.12973952293396
	1.129723072052002
	1.1296916007995605
	1.129649043083191
	1.1296241283416748
	1.1296029090881348
	1.1295589208602905
	1.1295287609100342
	1.1295008659362793
	1.129473328590393
	1.129433274269104
	1.1293957233428955
	1.1293565034866333
	1.1293166875839233
	1.1292728185653687
	1.1292409896850586
	1.1292072534561157
	1.1291805505752563
	1.1291422843933105
	1.1291301250457764
	1.1291109323501587
	1.1290643215179443
	1.129050612449646
	1.1290078163146973
	1.1289658546447754
	1.1289401054382324
	1.1289204359054565
	1.1288789510726929
	1.1288522481918335
	1.128828525543213
	1.128788948059082
	1.1287517547607422
	1.1287046670913696
	1.128675937652588
	1.128636360168457
	1.1285979747772217
	1.1285706758499146
	1.1285440921783447
	1.1285117864608765
	1.1284730434417725
	1.128436803817749
	1.1284079551696777
	1.1283762454986572
	1.1283378601074219
	1.1283118724822998
	1.1282753944396973
	1.1282168626785278
	1.1281894445419312
	1.1281706094741821
	1.1281261444091797
	1.1280884742736816
	1.1280527114868164
	1.1280213594436646
	1.1279890537261963
	1.127961277961731
	1.1279196739196777
	1.127880573272705
	1.1278364658355713
	1.1278156042099
	1.127781629562378
	1.1277376413345337
	1.1277120113372803
	1.1276757717132568
	1.1276494264602661
	1.1276055574417114
	1.12758207321167
	1.1275625228881836
	1.1275311708450317
	1.1275081634521484
	1.1274816989898682
	1.1274337768554688
	1.1273844242095947
	1.1273611783981323
	1.1273393630981445
	1.1273072957992554
	1.127277135848999
	1.1272484064102173
	1.1272308826446533
	1.1271915435791016
	1.1271507740020752
	1.127132773399353
	1.1270989179611206
	1.1270689964294434
	1.1270389556884766
	1.126992106437683
	1.1269620656967163
	1.1269230842590332
	1.1268961429595947
	1.1268550157546997
	1.1268203258514404
	1.1267834901809692
	1.1267602443695068
	1.1267210245132446
	1.1266858577728271
	1.1266511678695679
	1.1266160011291504
	1.1265835762023926
	1.1265442371368408
	1.1265052556991577
	1.1264747381210327
	1.126440405845642
	1.126400351524353
	1.1263806819915771
	1.1263418197631836
	1.1263139247894287
	1.1262903213500977
	1.1262624263763428
	1.12623131275177
	1.126196026802063
	1.1261627674102783
	1.1261266469955444
	1.1260945796966553
	1.1260720491409302
	1.1260508298873901
	1.1260195970535278
	1.1259911060333252
	1.125957727432251
	1.1259299516677856
	1.1259019374847412
	1.12586510181427
	1.1258190870285034
	1.1257922649383545
	1.1257574558258057
	1.1257249116897583
	1.125706434249878
	1.1256738901138306
	1.1256427764892578
	1.1256054639816284
	1.1255673170089722
	1.1255441904067993
	1.1255216598510742
	1.125493049621582
	1.1254539489746094
	1.1254322528839111
	1.1254045963287354
	1.1253762245178223
	1.1253207921981812
	1.1252833604812622
	1.1252405643463135
	1.1252176761627197
	1.1251871585845947
	1.1251503229141235
	1.1251122951507568
	1.1250951290130615
	1.1250613927841187
	1.1250386238098145
	1.1250044107437134
	1.1249738931655884
	1.1249340772628784
	1.1249074935913086
	1.1248737573623657
	1.1248506307601929
	1.124808430671692
	1.1247704029083252
	1.1247364282608032
	1.1247127056121826
	1.124665379524231
	1.1246404647827148
	1.1246126890182495
	1.1245834827423096
	1.1245495080947876
	1.124528408050537
	1.1245030164718628
	1.1244823932647705
	1.1244556903839111
	1.1244107484817505
	1.1243853569030762
	1.1243425607681274
	1.1243069171905518
	1.1242752075195312
	1.1242467164993286
	1.1242164373397827
	1.1241931915283203
	1.1241626739501953
	1.124133586883545
	1.1241059303283691
	1.1240720748901367
	1.124029517173767
	1.1240050792694092
	1.1239748001098633
	1.1239451169967651
	1.1239173412322998
	1.1238895654678345
	1.1238585710525513
	1.12383234500885
	1.1238142251968384
	1.1237953901290894
	1.1237561702728271
	1.123729944229126
	1.1237107515335083
	1.1236871480941772
	1.1236648559570312
	1.1236369609832764
	1.1236052513122559
	1.1235876083374023
	1.1235641241073608
	1.1235301494598389
	1.1234924793243408
	1.1234654188156128
	1.1234476566314697
	1.1234259605407715
	1.1233874559402466
	1.1233376264572144
	1.1233230829238892
	1.1233243942260742
	1.1233099699020386
	1.1232714653015137
	1.123247504234314
	1.1232198476791382
	1.123203158378601
	1.1231716871261597
	1.1231486797332764
	1.1231290102005005
	1.1230944395065308
	1.1230623722076416
	1.1230249404907227
	1.1230071783065796
	1.122978687286377
	1.1229594945907593
	1.1229257583618164
	1.1228857040405273
	1.122854471206665
	1.1228331327438354
	1.1228121519088745
	1.1227915287017822
	1.122762680053711
	1.1227469444274902
	1.122725248336792
	1.12271249294281
	1.1226733922958374
	1.122647762298584
	1.1226365566253662
	1.122613787651062
	1.1226041316986084
	1.1225672960281372
	1.1225464344024658
	1.1225172281265259
	1.1225001811981201
	1.1224710941314697
	1.1224452257156372
	1.122435450553894
	1.1224136352539062
	1.1223820447921753
	1.1223556995391846
	1.122352957725525
	1.1223393678665161
	1.1223162412643433
	1.1222870349884033
	1.1222691535949707
	1.1222504377365112
	1.1222234964370728
	1.122199535369873
	1.122175693511963
	1.1221369504928589
	1.1221013069152832
	1.1220704317092896
	1.1220557689666748
	1.1220316886901855
	1.1220084428787231
	1.1219894886016846
	1.1219691038131714
	1.121966004371643
	1.121949315071106
	1.1219183206558228
	1.1218949556350708
	1.121848702430725
	1.1218302249908447
	1.121792197227478
	1.1217654943466187
	1.1217392683029175
	1.121692419052124
	1.1216647624969482
	1.1216493844985962
	1.1216219663619995
	1.1216126680374146
	1.121599555015564
	1.1215801239013672
	1.121565818786621
	1.1215415000915527
	1.1215184926986694
	1.1214958429336548
	1.1214706897735596
	1.1214302778244019
	1.1214197874069214
	1.1213994026184082
	1.1213603019714355
	1.1213232278823853
	1.1213066577911377
	1.1212915182113647
	1.1212706565856934
	1.121246576309204
	1.1212172508239746
	1.121200442314148
	1.121185302734375
	1.1211528778076172
	1.1211228370666504
	1.1210944652557373
	1.1210765838623047
	1.1210545301437378
	1.1210193634033203
	1.121004343032837
	1.1209743022918701
	1.1209545135498047
	1.1209325790405273
	1.1208999156951904
	1.1208641529083252
	1.1208592653274536
	1.1208436489105225
	1.1208148002624512
	1.1207994222640991
	1.120773434638977
	1.120755672454834
	1.120727777481079
	1.1207129955291748
	1.1206973791122437
	1.1206685304641724
	1.1206402778625488
	1.120619773864746
	1.1206072568893433
	1.120577096939087
	1.1205544471740723
	1.1205321550369263
	1.1205092668533325
	1.120484471321106
	1.1204454898834229
	1.1204289197921753
	1.1204100847244263
	1.1203861236572266
	1.1203793287277222
	1.1203601360321045
	1.1203428506851196
	1.1203120946884155
	1.1202932596206665
	1.1202701330184937
	1.1202629804611206
	1.1202528476715088
	1.1202350854873657
	1.1202093362808228
	1.1201783418655396
	1.1201682090759277
	1.1201618909835815
	1.1201320886611938
	1.120106816291809
	1.1200857162475586
	1.1200615167617798
	1.120033860206604
	1.1200106143951416
	1.1199880838394165
	1.1199767589569092
	1.119958519935608
	1.119938611984253
	1.1199105978012085
	1.1198909282684326
	1.1198662519454956
	1.1198419332504272
	1.1198171377182007
	1.1197834014892578
	1.1197683811187744
	1.1197400093078613
	1.1197236776351929
	1.119707465171814
	1.1196811199188232
	1.1196531057357788
	1.119640588760376
	1.1196184158325195
	1.119579792022705
	1.1195614337921143
	1.1195422410964966
	1.1195131540298462
	1.1194876432418823
	1.1194647550582886
	1.1194519996643066
	1.1194218397140503
	1.1193856000900269
	1.119368076324463
	1.1193615198135376
	1.1193326711654663
	1.1192939281463623
	1.1192675828933716
	1.119246482849121
	1.119236707687378
	1.1192104816436768
	1.119189739227295
	1.119157314300537
	1.1191366910934448
	1.11912202835083
	1.1190834045410156
	1.119060754776001
	1.119045615196228
	1.1190259456634521
	1.119009256362915
	1.1189820766448975
	1.1189658641815186
	1.1189398765563965
	1.1189230680465698
	1.1189144849777222
	1.118889331817627
	1.1188838481903076
	1.1188560724258423
	1.1188384294509888
	1.1188297271728516
	1.1188260316848755
	1.1188023090362549
	1.1187727451324463
	1.1187564134597778
	1.118727684020996
	1.1187013387680054
	1.1186603307724
	1.1186373233795166
	1.1186221837997437
	1.1186095476150513
	1.1185946464538574
	1.1185790300369263
	1.1185582876205444
	1.1185351610183716
	1.1185306310653687
	1.1185060739517212
	1.118492841720581
	1.1184762716293335
	1.1184546947479248
	1.1184428930282593
	1.1184343099594116
	1.118410348892212
	1.1183907985687256
	1.1183676719665527
	1.1183624267578125
	1.118346095085144
	1.1183234453201294
	1.1183127164840698
	1.118294358253479
	1.1182740926742554
	1.1182419061660767
	1.1182223558425903
	1.1182109117507935
	1.1181931495666504
	1.1181849241256714
	1.1181654930114746
	1.1181550025939941
	1.1181312799453735
	1.118102788925171
	1.1180896759033203
	1.118074893951416
	1.1180654764175415
	1.1180590391159058
	1.11806321144104
	1.118019700050354
	1.118003010749817
	1.1179816722869873
	1.1179628372192383
	1.1179430484771729
	1.1179295778274536
	1.1179293394088745
	1.1179057359695435
	1.1178921461105347
	1.117867112159729
	1.1178512573242188
	1.1178255081176758
	1.1178058385849
	1.1177902221679688
	1.11777663230896
	1.117748498916626
	1.117732048034668
	1.1176942586898804
	1.1176766157150269
	1.1176621913909912
	1.117647409439087
	1.1176321506500244
	1.1176193952560425
	1.1175973415374756
	1.1175732612609863
	1.1175719499588013
	1.1175599098205566
	1.1175302267074585
	1.117523193359375
	1.1175059080123901
	1.1174944639205933
	1.1174832582473755
	1.1174603700637817
	1.1174358129501343
	1.1174101829528809
	1.1173924207687378
	1.1173754930496216
	1.1173592805862427
	1.1173419952392578
	1.1173185110092163
	1.1173007488250732
	1.1172776222229004
	1.1172561645507812
	1.1172478199005127
	1.1172163486480713
	1.117201805114746
	1.1171751022338867
	1.1171629428863525
	1.1171505451202393
	1.1171386241912842
	1.1171281337738037
	1.1171120405197144
	1.117095708847046
	1.117074966430664
	1.1170655488967896
	1.1170458793640137
	1.1170353889465332
	1.1170188188552856
	1.117007851600647
	1.1169977188110352
	1.1169978380203247
	1.1169747114181519
	1.1169604063034058
	1.1169459819793701
	1.11693274974823
	1.1169064044952393
	1.1168978214263916
	1.1168931722640991
	1.1168817281723022
	1.1168692111968994
	1.1168550252914429
	1.116824984550476
	1.1168172359466553
	1.1167986392974854
	1.1167891025543213
	1.1167752742767334
	1.1167571544647217
	1.1167343854904175
	1.1167190074920654
	1.1167083978652954
	1.1166858673095703
	1.1166646480560303
	1.1166542768478394
	1.1166419982910156
	1.1166189908981323
	1.116611123085022
	1.1166030168533325
	1.1165883541107178
	1.116584300994873
	1.1165591478347778
	1.1165437698364258
	1.1165310144424438
	1.1165107488632202
	1.1164987087249756
	1.1164883375167847
	1.116478443145752
	1.1164778470993042
	1.1164731979370117
	1.116472840309143
	1.116456151008606
	1.1164417266845703
	1.116433024406433
	1.116420865058899
	1.1164089441299438
	1.1163947582244873
	1.116376280784607
	1.1163712739944458
	1.1163493394851685
	1.1163402795791626
	1.1163268089294434
	1.1163067817687988
	1.1162939071655273
	1.1162846088409424
	1.1162633895874023
	1.1162445545196533
	1.1162303686141968
	1.116202473640442
	1.1162090301513672
	1.1162134408950806
	1.1162234544754028
	1.1162219047546387
	1.1162095069885254
	1.1162053346633911
	1.1161867380142212
	1.1161749362945557
	1.1161704063415527
	1.1161482334136963
	1.1161298751831055
	1.1160976886749268
	1.1160900592803955
	1.1160767078399658
	1.1160739660263062
	1.1160569190979004
	1.1160551309585571
	1.1160519123077393
	1.116026520729065
	1.116021990776062
	1.1160143613815308
	1.1159842014312744
	1.1159785985946655
	1.1159666776657104
	1.1159535646438599
	1.1159508228302002
	1.1159392595291138
	1.1159178018569946
	1.115912914276123
	1.1159007549285889
	1.1158833503723145
	1.1158666610717773
	1.1158533096313477
	1.115826964378357
	1.115809679031372
	1.1158020496368408
	1.1157783269882202
	1.1157662868499756
	1.115757703781128
	1.1157472133636475
	1.1157187223434448
	1.1157060861587524
	1.1156980991363525
	1.1156774759292603
	1.1156668663024902
	1.1156574487686157
	1.1156398057937622
	1.115635871887207
	1.11561918258667
	1.1156145334243774
	1.1155908107757568
	1.115580439567566
	1.1155591011047363
	1.1155422925949097
	1.1155272722244263
	1.1155132055282593
	1.1154975891113281
	1.1154859066009521
	1.115477442741394
	1.1154530048370361
	1.115432858467102
	1.1154178380966187
	1.1154042482376099
	1.1153957843780518
	1.1153788566589355
	1.1153677701950073
	1.1153545379638672
	1.115358591079712
	1.1153463125228882
	1.1153370141983032
	1.1153264045715332
	1.1153051853179932
	1.1152907609939575
	1.1152864694595337
	1.1152795553207397
	1.1152724027633667
	1.1152571439743042
	1.1152526140213013
	1.115241527557373
	1.1152335405349731
	1.1152247190475464
	1.1152124404907227
	1.1152021884918213
	1.1151984930038452
	1.1151840686798096
	1.1151729822158813
	1.1151567697525024
	1.115144968032837
	1.1151355504989624
	1.1151301860809326
	1.115112543106079
	1.1150950193405151
	1.1150765419006348
	1.1150587797164917
	1.1150449514389038
	1.1150424480438232
	1.1150312423706055
	1.1150221824645996
	1.1149927377700806
]