[
	0.6828679442405701
	0.6828450560569763
	0.6828136444091797
	0.6827911734580994
	0.6827670931816101
	0.6827386021614075
	0.6827069520950317
	0.682673990726471
	0.682637631893158
	0.6826069951057434
	0.6825721263885498
	0.6825365424156189
	0.6825134754180908
	0.6824738383293152
	0.6824411153793335
	0.6824137568473816
	0.6823654174804688
	0.6823338270187378
	0.6823164820671082
	0.6822866797447205
	0.6822474002838135
	0.6822245121002197
	0.6822013854980469
	0.6821826100349426
	0.6821661591529846
	0.6821558475494385
	0.6821309328079224
	0.6820998191833496
	0.6820673942565918
	0.6820417642593384
	0.68202143907547
	0.6820142865180969
	0.6820091605186462
	0.6820070147514343
	0.6819725632667542
	0.6819502115249634
	0.6819440722465515
	0.6819259524345398
	0.6819180846214294
	0.6818994283676147
	0.6818828582763672
	0.6818624138832092
	0.6818528771400452
	0.6818625330924988
	0.6818525791168213
	0.6818420886993408
	0.681836724281311
	0.6818239688873291
	0.6818081140518188
	0.6818031072616577
	0.6817880272865295
	0.6817772388458252
	0.6817811727523804
	0.6817774176597595
	0.6817684769630432
	0.6817585229873657
	0.6817659735679626
	0.6817629933357239
	0.6817610263824463
	0.6817499995231628
	0.6817523241043091
	0.6817305684089661
	0.6817291975021362
	0.6817120313644409
	0.6817053556442261
	0.681702733039856
	0.6816856861114502
	0.6816834211349487
	0.6816787719726562
	0.6816770434379578
	0.6816709041595459
	0.6816640496253967
	0.6816642880439758
	0.6816638112068176
	0.6816603541374207
	0.6816584467887878
	0.6816718578338623
	0.6817017793655396
	0.6817061305046082
	0.6817259192466736
	0.6817265748977661
	0.681733250617981
	0.6817414164543152
	0.6817399263381958
	0.6817528605461121
	0.6817655563354492
	0.6817490458488464
	0.6817514896392822
	0.6817657947540283
	0.6817792654037476
	0.6817694306373596
	0.6817775964736938
	0.6817954182624817
	0.6818138957023621
	0.6818279027938843
	0.6818435192108154
	0.6818579435348511
	0.6818995475769043
	0.6819161772727966
	0.6819250583648682
	0.6819518804550171
	0.6819737553596497
	0.6819971799850464
	0.68202143907547
	0.682041585445404
	0.6820538640022278
	0.6820636987686157
	0.6820811629295349
	0.6820999979972839
	0.6821280717849731
	0.6821362972259521
	0.6821518540382385
	0.6821678876876831
	0.6821911334991455
	0.6822119951248169
	0.6822283267974854
	0.682257354259491
	0.6822832822799683
	0.6823074221611023
	0.6823307275772095
	0.6823550462722778
	0.6823886632919312
	0.6824171543121338
	0.6824455261230469
	0.6824909448623657
	0.6825087070465088
	0.6825445890426636
	0.6825616359710693
	0.6825839281082153
	0.682593047618866
	0.6826168298721313
	0.6826565861701965
	0.6826796531677246
	0.6827049851417542
	0.6827259063720703
	0.6827598214149475
	0.6827986836433411
	0.6828137040138245
	0.6828575730323792
	0.6828799843788147
	0.6829128861427307
	0.6829468607902527
	0.6829894185066223
	0.6830177307128906
	0.6830434799194336
	0.6830788850784302
	0.6831180453300476
	0.6831681728363037
	0.6832043528556824
	0.6832412481307983
	0.6832802295684814
	0.6833234429359436
	0.683342695236206
	0.6833705306053162
	0.6834059357643127
	0.683448851108551
	0.6834867596626282
	0.6835265159606934
	0.683559000492096
	0.6836038827896118
	0.6836406588554382
	0.6836724877357483
	0.683713436126709
	0.6837542057037354
	0.68378746509552
	0.683819055557251
	0.6838566660881042
	0.6838952302932739
	0.6839367747306824
	0.683968722820282
	0.6840035915374756
	0.6840519309043884
	0.6841062903404236
	0.6841463446617126
	0.6841824650764465
	0.6842233538627625
	0.684261679649353
	0.6843079328536987
	0.6843546032905579
	0.6843918561935425
	0.6844280362129211
	0.6844627857208252
	0.6844972968101501
	0.6845418810844421
	0.6845715641975403
	0.6846155524253845
	0.6846576929092407
	0.6846913695335388
	0.6847387552261353
	0.6847765445709229
	0.6848089098930359
	0.6848576664924622
	0.6849024891853333
	0.6849479079246521
	0.6850027441978455
	0.6850448250770569
	0.6851000189781189
	0.6851376891136169
	0.6851760745048523
	0.685230553150177
	0.6852733492851257
	0.6853165030479431
	0.6853675246238708
	0.6854139566421509
	0.6854609847068787
	0.6855087280273438
	0.685547411441803
	0.6855977773666382
	0.6856386065483093
	0.685695230960846
	0.6857495307922363
	0.6858084201812744
	0.6858447790145874
	0.685889482498169
	0.6859447956085205
	0.6859906911849976
	0.6860338449478149
	0.686076819896698
	0.6861154437065125
	0.6861620545387268
	0.6862170696258545
	0.6862610578536987
	0.6863114833831787
	0.6863784193992615
	0.6864325404167175
	0.6864860653877258
	0.6865361332893372
	0.686593234539032
	0.6866510510444641
	0.6867033243179321
	0.6867557168006897
	0.686802327632904
	0.6868526935577393
	0.6869141459465027
	0.686963677406311
	0.6870077252388
	0.6870651841163635
	0.687126100063324
	0.6871871948242188
	0.6872386932373047
	0.687286913394928
	0.6873368620872498
	0.6873875856399536
	0.6874352693557739
	0.6874797940254211
	0.6875281929969788
	0.6875708103179932
	0.6876372694969177
	0.6877015829086304
	0.6877714395523071
	0.6878288984298706
	0.687896728515625
	0.6879477500915527
	0.6880060434341431
	0.6880449652671814
	0.6880999803543091
	0.6881577372550964
	0.6882171630859375
	0.6882691383361816
	0.6883218288421631
	0.6883645057678223
	0.6884229779243469
	0.6884711384773254
	0.6885281801223755
	0.6885738372802734
	0.6886368989944458
	0.6886827945709229
	0.6887446641921997
	0.688793420791626
	0.6888487339019775
	0.6889005899429321
	0.6889609098434448
	0.6890178322792053
	0.6890853643417358
	0.6891357898712158
	0.6891950368881226
	0.6892561316490173
	0.689307689666748
	0.6893590688705444
	0.6894077062606812
	0.689473032951355
	0.6895433664321899
	0.6895934343338013
	0.6896622180938721
	0.6897209882736206
	0.689789891242981
	0.6898401379585266
	0.689892053604126
	0.6899493336677551
	0.6900068521499634
	0.690069317817688
	0.6901191473007202
	0.6901829838752747
	0.6902421116828918
	0.6903057098388672
	0.6903509497642517
	0.6903992891311646
	0.690447986125946
	0.6905148029327393
	0.69057697057724
	0.6906338930130005
	0.6906977891921997
	0.6907458305358887
	0.6907851696014404
	0.6908445954322815
	0.69089674949646
	0.6909533739089966
	0.6910180449485779
	0.691072404384613
	0.6911224126815796
	0.6911670565605164
	0.6912167072296143
	0.6912692189216614
	0.6913221478462219
	0.6913753151893616
	0.6914331912994385
	0.691483736038208
	0.6915300488471985
	0.6915751695632935
	0.6916329264640808
	0.6916824579238892
	0.6917391419410706
	0.6917901039123535
	0.6918520331382751
	0.6919093728065491
	0.6919634342193604
	0.692022979259491
	0.6920790076255798
	0.6921406388282776
	0.6921999454498291
	0.6922519207000732
	0.6923165321350098
	0.6923747062683105
	0.6924357414245605
	0.6924970746040344
	0.692557692527771
	0.6926279067993164
	0.692685067653656
	0.6927452683448792
	0.692798912525177
	0.6928486824035645
	0.692903459072113
	0.6929638981819153
	0.6930228471755981
	0.6930723786354065
	0.6931387782096863
	0.6932073831558228
	0.6932688355445862
	0.6933364868164062
	0.6934001445770264
	0.6934642791748047
	0.6935308575630188
	0.6935968399047852
	0.6936468482017517
	0.6936938762664795
	0.6937465667724609
	0.6938040852546692
	0.6938770413398743
	0.6939422488212585
	0.6940045952796936
	0.6940653920173645
	0.6941325664520264
	0.6942004561424255
	0.6942603588104248
	0.6943259239196777
	0.6943973898887634
	0.6944642066955566
	0.6945205330848694
	0.6945763230323792
	0.6946372985839844
	0.6947000622749329
	0.6947489976882935
	0.694817304611206
	0.6948702335357666
	0.6949203014373779
	0.6949810981750488
	0.6950409412384033
	0.6950922012329102
	0.6951561570167542
	0.6952099204063416
	0.6952649354934692
	0.6953281760215759
	0.6953862309455872
	0.6954479217529297
	0.6955123543739319
	0.6955647468566895
	0.6956220269203186
	0.6956770420074463
	0.6957418322563171
	0.6957979798316956
	0.6958579421043396
	0.6959266662597656
	0.6959803104400635
	0.6960458755493164
	0.696104884147644
	0.6961557269096375
	0.6962109208106995
	0.6962695121765137
	0.6963387131690979
	0.6963827610015869
	0.6964420676231384
	0.6965051293373108
	0.6965622901916504
	0.6966155171394348
	0.6966820955276489
	0.6967369914054871
	0.6968066692352295
	0.6968615651130676
	0.6969131231307983
	0.69697505235672
	0.697029173374176
	0.6970787644386292
	0.6971340775489807
	0.6972007155418396
	0.6972615718841553
	0.6973181366920471
	0.6973927617073059
	0.6974396109580994
	0.6974934339523315
	0.6975585222244263
	0.697615385055542
	0.6976813673973083
	0.6977478265762329
	0.6978151798248291
	0.6978763341903687
	0.6979271769523621
	0.6979819536209106
	0.698035717010498
	0.6981037259101868
	0.6981616616249084
	0.6982123851776123
	0.6982806921005249
	0.6983320713043213
	0.6983960270881653
	0.6984509229660034
	0.6985028386116028
	0.6985552906990051
	0.6986067295074463
	0.6986554265022278
	0.6987136006355286
	0.6987715363502502
	0.6988129615783691
	0.6988738179206848
	0.6989291310310364
	0.6989812850952148
	0.6990443468093872
	0.6990923285484314
	0.6991485357284546
	0.6991931796073914
	0.6992534399032593
	0.6993249654769897
	0.699388325214386
	0.6994413137435913
	0.6994994878768921
	0.6995369791984558
	0.699596643447876
	0.6996712684631348
	0.6997303366661072
	0.6997841596603394
	0.6998303532600403
	0.6998712420463562
	0.6999377608299255
	0.7000054717063904
	0.7000600099563599
	0.7001132965087891
	0.7001628875732422
	0.7002158164978027
	0.7002651691436768
	0.7003278732299805
	0.700363039970398
	0.7004131078720093
	0.7004712820053101
	0.7005406618118286
	0.700608491897583
	0.7006626129150391
	0.700715959072113
	0.7007782459259033
	0.7008481621742249
	0.7009173035621643
	0.7009703516960144
	0.7010173797607422
	0.7010787725448608
	0.7011227607727051
	0.7011810541152954
	0.7012414336204529
	0.7012925148010254
	0.7013538479804993
	0.7014122605323792
	0.7014705538749695
	0.7015113830566406
	0.7015743255615234
	0.7016368508338928
	0.7016909122467041
	0.7017524838447571
	0.7017952799797058
	0.7018450498580933
	0.7019172310829163
	0.7019701600074768
	0.7020229697227478
	0.7020780444145203
	0.7021206617355347
	0.7021638751029968
	0.7022261619567871
	0.7022861242294312
	0.7023467421531677
	0.7023904323577881
	0.702434241771698
	0.7024794220924377
	0.7025246024131775
	0.7025749683380127
	0.7026306986808777
	0.7026754021644592
	0.7027238607406616
	0.7027744054794312
	0.7028452157974243
	0.7028875350952148
	0.7029672861099243
	0.7030218243598938
	0.7030922770500183
	0.7031471729278564
	0.703205943107605
	0.7032614946365356
	0.7033176422119141
	0.7033699154853821
	0.7034308910369873
	0.7034769058227539
	0.7035413980484009
	0.7035984992980957
	0.7036528587341309
	0.7037238478660583
	0.7037676572799683
	0.7038168907165527
	0.7038806080818176
	0.7039348483085632
	0.7039982080459595
	0.7040517330169678
	0.7041088938713074
	0.7041603326797485
	0.704213559627533
	0.704272985458374
	0.7043184041976929
	0.70436692237854
	0.7044144868850708
	0.7044607996940613
	0.7045108675956726
	0.7045701742172241
	0.7046202421188354
	0.7046726942062378
	0.7047199606895447
	0.7047681212425232
	0.704829752445221
	0.7048854231834412
	0.7049471735954285
	0.7050084471702576
	0.7050604820251465
	0.7051059007644653
	0.7051745057106018
	0.7052271962165833
	0.70528644323349
	0.7053369283676147
	0.7053800225257874
	0.7054095268249512
	0.7054493427276611
	0.7054872512817383
	0.7055438160896301
	0.7055844068527222
	0.7056346535682678
	0.7057088017463684
	0.7057728171348572
	0.7058265805244446
	0.7058769464492798
	0.7059328556060791
	0.705980658531189
	0.7060340642929077
	0.7060812711715698
	0.7061244249343872
	0.7061702013015747
	0.7062150835990906
	0.7062721252441406
	0.7063292860984802
	0.7063865065574646
	0.7064223289489746
	0.7064566016197205
	0.7065066695213318
	0.7065687775611877
	0.7066367864608765
	0.7066745758056641
	0.7067268490791321
	0.7067775726318359
	0.7068253755569458
	0.7068678736686707
	0.7069136500358582
	0.706963062286377
	0.7070190906524658
	0.7070667743682861
	0.7071079611778259
	0.707141637802124
	0.7071948647499084
	0.7072275876998901
	0.7072728276252747
	0.7073301076889038
	0.7073959112167358
	0.7074393630027771
	0.7074862718582153
	0.7075343728065491
	0.7075731158256531
	0.7076170444488525
	0.7076647281646729
	0.70771324634552
	0.7077634930610657
	0.7078152894973755
	0.707881510257721
	0.7079259157180786
	0.7079691290855408
	0.7080040574073792
	0.7080546617507935
	0.7081239819526672
	0.7081672549247742
	0.7082170844078064
	0.7082676291465759
	0.7083042860031128
	0.7083777785301208
	0.70840984582901
	0.7084441781044006
	0.7084837555885315
	0.7085341215133667
	0.7085646986961365
	0.7086044549942017
	0.7086338996887207
	0.7086734175682068
	0.7087418437004089
	0.7087902426719666
	0.7088393568992615
	0.7088785171508789
	0.7089487910270691
	0.7089909315109253
	0.7090296149253845
	0.7090481519699097
	0.7090926766395569
	0.7091537117958069
	0.7091907262802124
	0.7092134356498718
	0.7092563509941101
	0.7092974185943604
	0.709342896938324
	0.7093743085861206
	0.7094162702560425
	0.7094671130180359
	0.7095103859901428
	0.7095447778701782
	0.7095947861671448
	0.7096346020698547
	0.7096846699714661
	0.70973801612854
	0.7097887396812439
	0.7098363637924194
	0.7098824977874756
	0.7099391222000122
	0.7099896669387817
	0.7100386023521423
	0.7100717425346375
	0.7100996375083923
	0.7101513743400574
	0.7102001905441284
	0.7102448344230652
	0.710262656211853
	0.7103156447410583
	0.7103670835494995
	0.7104247212409973
	0.7104751467704773
	0.7105312347412109
	0.7105749249458313
	0.7106277346611023
	0.7106800079345703
	0.7107357978820801
	0.7107709646224976
	0.7108237743377686
	0.7108682990074158
	0.7109025120735168
	0.7109310626983643
	0.7109732627868652
	0.7110170125961304
	0.7110605835914612
	0.711097240447998
	0.7111428380012512
	0.7111819982528687
	0.7112197875976562
	0.7112579941749573
	0.7112934589385986
	0.71132892370224
	0.7113527655601501
	0.7113932371139526
	0.7114413976669312
	0.7114982604980469
	0.7115492224693298
	0.7115871906280518
	0.7116414904594421
	0.7116841673851013
	0.711730420589447
	0.7117795348167419
	0.7118264436721802
	0.7118736505508423
	0.7119228839874268
	0.7119680643081665
	0.712010383605957
	0.712058961391449
	0.7121022939682007
	0.7121676802635193
	0.7122059464454651
	0.7122555375099182
	0.7123034596443176
	0.7123485803604126
	0.7123871445655823
	0.7124320864677429
	0.7124713063240051
	0.7125170826911926
	0.7125601172447205
	0.712595522403717
	0.7126432061195374
	0.7127005457878113
	0.7127363681793213
	0.7127752304077148
	0.7128241658210754
	0.7128663063049316
	0.7129204869270325
	0.7129468321800232
	0.7129846215248108
	0.7130240201950073
	0.713055431842804
	0.7130872011184692
	0.7131245136260986
	0.7131621241569519
	0.7132057547569275
	0.7132528424263
	0.7133124470710754
	0.7133371233940125
	0.7133810520172119
	0.7134212255477905
	0.7134673595428467
	0.7135085463523865
	0.7135422825813293
	0.7135806679725647
	0.7136251926422119
	0.7136498689651489
	0.7136949300765991
	0.7137176990509033
	0.713753342628479
	0.7137738466262817
	0.713797390460968
	0.7138290405273438
	0.7138670086860657
	0.7138944864273071
	0.7139368653297424
	0.7139685153961182
	0.7140160202980042
	0.714049756526947
	0.7140886783599854
	0.7141318321228027
	0.7141861915588379
	0.7142279744148254
	0.7142744660377502
	0.7143023610115051
	0.7143419981002808
	0.7143718600273132
	0.7144187092781067
	0.7144673466682434
	0.7145163416862488
	0.7145524024963379
	0.7145932912826538
	0.7146292328834534
	0.7146791815757751
	0.7147203683853149
	0.7147432565689087
	0.7147703766822815
	0.714817225933075
	0.7148599624633789
	0.7148891687393188
	0.7149248719215393
	0.7149559855461121
	0.7150055170059204
	0.7150349020957947
	0.7150566577911377
	0.7150909900665283
	0.7151232361793518
	0.7151340842247009
	0.7151806950569153
	0.7152262926101685
	0.7152600884437561
	0.715298056602478
	0.7153260707855225
	0.7153736352920532
	0.7154136896133423
	0.7154353260993958
	0.7154726982116699
	0.7154915928840637
	0.7155247926712036
	0.715545654296875
	0.7155789136886597
	0.7156084775924683
	0.7156193852424622
	0.715671181678772
	0.7157114744186401
	0.715751588344574
	0.715794026851654
	0.7158233523368835
	0.715856671333313
	0.7158851027488708
	0.7159336805343628
	0.7159607410430908
	0.7159883975982666
	0.716019332408905
	0.7160477638244629
	0.7160928845405579
	0.7161481380462646
	0.7161771655082703
	0.7162142992019653
	0.716259777545929
	0.7162697911262512
	0.7163211703300476
	0.7163650393486023
	0.7163845896720886
	0.7164097428321838
	0.7164403796195984
	0.7164850234985352
	0.716508150100708
	0.716535210609436
	0.7165657877922058
	0.7165793180465698
	0.7166192531585693
	0.7166727781295776
	0.7167102694511414
	0.7167239785194397
	0.7167561650276184
	0.71680748462677
	0.7168264389038086
	0.7168526649475098
	0.7168845534324646
	0.7169205546379089
	0.7169387340545654
	0.7169816493988037
	0.7170184254646301
	0.7170295715332031
	0.7170443534851074
	0.7170737385749817
	0.7170947790145874
	0.7171469926834106
	0.7171832919120789
	0.7172338962554932
	0.717252790927887
	0.7172831892967224
	0.7173325419425964
	0.7173678278923035
	0.7174085378646851
	0.7174204587936401
	0.7174624800682068
	0.7175074219703674
	0.7175430059432983
	0.7175858616828918
	0.7176042795181274
	0.7176390886306763
	0.7176612615585327
	0.7176621556282043
	0.7176849246025085
	0.7177172899246216
	0.7177518010139465
	0.7177753448486328
	0.7178134918212891
	0.7178367972373962
	0.7178756594657898
	0.7179168462753296
	0.7179440855979919
	0.7179720401763916
	0.7179786562919617
	0.7180091738700867
	0.7180398106575012
	0.7180826663970947
	0.7181165814399719
	0.7181572318077087
	0.7181973457336426
	0.7182328104972839
	0.7182735800743103
	0.7182955741882324
	0.7183214426040649
	0.7183547019958496
	0.7183794379234314
	0.7184118628501892
	0.7184261083602905
	0.7184632420539856
	0.7184826731681824
	0.7185246348381042
	0.7185589671134949
	0.7186141610145569
	0.7186557054519653
	0.7186861038208008
	0.7187082767486572
	0.7187442779541016
	0.7187778949737549
	0.7188208699226379
	0.718820333480835
	0.7188537120819092
	0.7188963294029236
	0.7189174890518188
	0.7189607620239258
	0.7189747095108032
	0.719015896320343
	0.719042181968689
	0.7190568447113037
	0.7190878987312317
	0.719123363494873
	0.7191700339317322
	0.7191871404647827
	0.719214677810669
	0.719243049621582
	0.7192808389663696
	0.7193148136138916
	0.7193552255630493
	0.7193998098373413
	0.7194080948829651
	0.7194458246231079
	0.7194859385490417
	0.7195246815681458
	0.7195638418197632
	0.7196074724197388
	0.7196422219276428
	0.7196699380874634
	0.7197163701057434
	0.719750702381134
	0.7197850346565247
	0.7198194265365601
	0.7198675870895386
	0.719918429851532
	0.7199369072914124
	0.7199544906616211
	0.7199810147285461
	0.720001757144928
	0.7200337648391724
	0.7200442552566528
	0.7200890183448792
	0.720123827457428
	0.7201605439186096
	0.7201738953590393
	0.7202072739601135
	0.7202412486076355
	0.7202920913696289
	0.7203251123428345
	0.7203547358512878
	0.7203953266143799
	0.7204131484031677
	0.7204382419586182
	0.720461905002594
	0.7205057740211487
	0.7205429673194885
	0.7205718755722046
	0.7206120491027832
	0.7206411957740784
	0.7206698656082153
	0.7207048535346985
	0.7207380533218384
	0.720767080783844
	0.7207800149917603
	0.7208167314529419
	0.7208471298217773
	0.7208723425865173
	0.7209179997444153
	0.7209459543228149
	0.7210040092468262
	0.7210180759429932
	0.7210416197776794
	0.7210691571235657
	0.7210958003997803
	0.721104621887207
	0.7211407423019409
	0.721152663230896
	0.7212126851081848
	0.721249520778656
	0.7212807536125183
	0.7213127613067627
	0.7213375568389893
	0.7213695645332336
	0.7213731408119202
	0.7214129567146301
	0.721432089805603
	0.7214682698249817
	0.7215123772621155
	0.7215604186058044
	0.7215909361839294
	0.7216098308563232
	0.7216215133666992
	0.7216598987579346
	0.7216727137565613
	0.721712589263916
	0.7217185497283936
	0.7217532992362976
	0.7218046188354492
	0.721826434135437
	0.7218604683876038
	0.7218837738037109
	0.7219125032424927
	0.7219588756561279
	0.721986711025238
	0.7220259308815002
	0.7220442891120911
	0.7220779061317444
	0.7220926880836487
	0.722092866897583
	0.7221171855926514
	0.7221376299858093
	0.7221658229827881
	0.7221973538398743
	0.7222183346748352
	0.7222777009010315
	0.7223169803619385
	0.7223433256149292
	0.7223689556121826
	0.722406804561615
	0.722436785697937
	0.7224829792976379
	0.7225116491317749
	0.7225360870361328
	0.7225652933120728
	0.7226114869117737
	0.7226354479789734
	0.7226735353469849
	0.7226890921592712
	0.7227177619934082
	0.7227479219436646
	0.7227588295936584
	0.7227744460105896
	0.7227998375892639
	0.7228243947029114
	0.7228375673294067
	0.722864031791687
	0.7228925228118896
	0.7229199409484863
	0.7229521870613098
	0.7229667901992798
	0.7230161428451538
	0.7230367064476013
	0.7230560183525085
	0.7230982780456543
	0.7231153845787048
	0.7231283187866211
	0.7231625914573669
	0.7231922149658203
	0.7232013940811157
	0.7232207655906677
	0.7232677340507507
	0.7232876420021057
	0.7233262658119202
	0.7233505249023438
	0.7233868837356567
	0.7234249711036682
	0.7234352231025696
	0.7234578132629395
	0.7234799861907959
	0.723497748374939
	0.7235251665115356
	0.7235661745071411
	0.7236046195030212
	0.7236297130584717
	0.7236620187759399
	0.7236886024475098
	0.7237371802330017
	0.723773181438446
	0.7238009572029114
	0.7238044738769531
	0.7238283753395081
]