[
	1.0604260982080946
	1.0604260982080942
	1.0604260982081324
	1.0604260982090137
	1.0604260982069145
	1.060426091060023
	1.0604261495950833
	1.0604531978510576
	1.060528402328194
	1.060611930464099
	1.0606873346874361
	1.0607480736056145
	1.060827678889964
	1.060905244506217
	1.060983483235515
	1.061043500067595
	1.061093495454657
	1.061146724480881
	1.0611918937365743
	1.0612416202086594
	1.0612965148203817
	1.0613459756560004
	1.0613901596854696
	1.0614357273415673
	1.0614878314473808
	1.061524648600945
	1.0615660317787592
	1.0616036561703472
	1.061644589813899
	1.0616777304435572
	1.0617069393101888
	1.0617426287003926
	1.061769785738002
	1.0617975748769959
	1.0618206956047143
	1.0618511795574797
	1.061871431504153
	1.0618900729158018
	1.061925302676548
	1.0619429389189912
	1.061967983507205
	1.0619800404240214
	1.0620000859985006
	1.0620274641644083
	1.062049470211402
	1.0620694786664946
	1.062085438421937
	1.0620974140408574
	1.0621137877586184
	1.0621254956177997
	1.0621430406762025
	1.0621497593563387
	1.0621541132115464
	1.062164230593266
	1.0621807749963823
	1.0621928234840305
	1.0622019773499325
	1.0622076648980563
	1.0622204736792258
	1.0622285033884986
	1.0622429708745211
	1.0622421744866148
	1.0622472119092234
	1.0622537823654512
	1.0622720816916054
	1.0622654933699196
	1.0622753111436756
	1.0622664087990765
	1.0622683623923177
	1.0622742128809712
	1.0622837675117442
	1.0622809126468165
	1.0622723958807119
	1.0622679281580314
	1.0622753179801767
	1.0622741485233422
	1.0622706417657597
	1.0622718713412298
	1.062282076371589
	1.0622765568441312
	1.0622852385079276
	1.0622863370410893
	1.0622910905370337
	1.0623047988393288
	1.062308487289268
	1.062304902143244
	1.062291805895446
	1.0622885409008105
	1.0622909829239722
	1.0622842981674032
	1.0622853635606753
	1.0622791792616058
	1.0622741400635027
	1.0622743515609763
	1.0622728087203333
	1.062268743637655
	1.0622729436704004
	1.0622723823736633
	1.0622613284864488
	1.062253401775102
	1.062245702935904
	1.062250647903208
	1.0622510507401166
	1.0622468208036702
	1.0622349938733084
	1.0622342128472833
	1.0622321726109591
	1.06222239355423
	1.062211043600633
	1.0622137668896992
	1.0622007437731724
	1.062201538557587
	1.0621921920088153
	1.0621872476788736
	1.0621807221702686
	1.0621716244383688
	1.0621628110055
	1.0621573150897272
	1.0621504345083645
	1.0621444165811558
	1.062138421738469
	1.0621290335045905
	1.062121209783014
	1.0621072083340806
	1.0621041294329954
	1.0620907522977676
	1.062085523770486
	1.0620731614445238
	1.0620703356237173
	1.0620695398844986
	1.062056892676473
	1.0620452822099762
	1.0620430291897056
	1.0620341143883574
	1.0620294513885908
	1.0620226103603556
	1.0620153381595618
	1.062005025823514
	1.0619948543635427
	1.061986633375825
	1.0619791996601022
	1.0619752582514612
	1.0619631604966528
	1.061956102855622
	1.061946794335185
	1.0619345171955143
	1.0619267559383603
	1.0619178461980223
	1.0619124085574456
	1.061914403624439
	1.0619084464322683
	1.0619083764532462
	1.061896321957009
	1.0618892577736696
	1.061873856912279
	1.0618668101207145
	1.0618583920453328
	1.0618556382387618
	1.061844778622469
	1.0618421521147305
	1.0618441661185978
	1.0618379621517804
	1.061842441116625
	1.0618333715331139
	1.0618314638538005
	1.061830025047888
	1.0618247017473406
	1.061814657681992
	1.0618142427503618
	1.0618071998983676
	1.0617974408809767
	1.0617895175846743
	1.0617757940700272
	1.0617657557084184
	1.0617604914841672
	1.0617508470712655
	1.0617435187511288
	1.0617388776397838
	1.0617273519220605
	1.061720499739323
	1.0617109877894007
	1.0617090900954131
	1.0616980509037526
	1.0616926566763956
	1.0616933644514732
	1.0616908189665129
	1.0616845763090836
	1.0616718162555112
	1.0616648388712773
	1.0616545374840514
	1.0616534911742253
	1.061648468435795
	1.0616514956211645
	1.0616560610945769
	1.0616512412250634
	1.0616345236388014
	1.0616335682925202
	1.06162401070399
	1.061616177659443
	1.0616159618677987
	1.0616127847241885
	1.0616024415584997
	1.061593252610486
	1.061589362260316
	1.0615777196770537
	1.0615726155382197
	1.0615636964852702
	1.0615608591202441
	1.0615524696530638
	1.061540154035569
	1.0615290473693357
	1.0615235633387632
	1.061516873517096
	1.0615086206824065
	1.0615019486909654
	1.0614947518288844
	1.0614840870206461
	1.0614797274457213
	1.061474565595582
	1.0614686113787724
	1.0614625130700346
	1.0614565346715812
	1.0614501716874307
	1.0614470947331331
	1.0614443522927284
	1.0614371063715569
	1.061434408546978
	1.0614305475695778
	1.061430887912553
	1.061424324653924
	1.0614190069100582
	1.0614098454595848
	1.0614133379239423
	1.061408931793193
	1.061399006459535
	1.0613941714491542
	1.0613881827778928
	1.061384643554848
	1.0613791368116425
	1.0613736180433042
	1.061373187049273
	1.0613667407740057
	1.0613632309458418
	1.0613589507112258
	1.0613550397888636
	1.06135187699294
	1.061348844996962
	1.06134383691434
	1.0613385063551393
	1.0613432746097144
	1.0613401012509072
	1.0613388417510523
	1.0613357813404698
	1.0613313582072228
	1.061329391283986
	1.0613254163921142
	1.0613169352071583
	1.061315506049454
	1.0613106758160402
	1.0613042114383409
	1.0612984509629733
	1.0612966949821532
	1.0612944418040966
	1.061289832649158
	1.0612888641748852
	1.0612903621955108
	1.0612812426782954
	1.0612860591637947
	1.0612770713868511
	1.0612739465640952
	1.0612685432568274
	1.0612646048042143
	1.0612629297496003
	1.061262037028155
	1.06125982610404
	1.0612597878173997
	1.06126076709637
	1.0612580612770484
	1.061252043139635
	1.0612526970909462
	1.0612484627055632
	1.0612418971762179
	1.0612368811040394
	1.0612316711214826
	1.0612295392691025
	1.0612245243496445
	1.0612184462711751
	1.061218426187965
	1.0612117379194677
	1.0612075654707844
	1.0612049033662936
	1.0612047135588314
	1.0612047128798483
	1.0612051318674596
	1.0612050794200736
	1.0612020753880844
	1.061199450678561
	1.0611978446794657
	1.0611959884081394
	1.0611940051869801
	1.06118872573919
	1.0611871534252872
	1.0611845074845119
	1.0611828227795193
	1.0611754884489164
	1.061173880613645
	1.0611758235346518
	1.0611726062467086
	1.0611702432763939
	1.061167383844103
	1.0611653718100176
	1.0611630895911486
	1.0611593298264728
	1.0611574988515566
	1.061152827038927
	1.0611507234577464
	1.0611473609195752
	1.0611454611778837
	1.0611449219681066
	1.0611399142615068
	1.0611392365436845
	1.0611351733857843
	1.061133194043564
	1.0611297640941542
	1.0611338128353012
	1.061130116595417
	1.0611262164305093
	1.06112512932769
	1.0611236913171
	1.061120493896986
	1.0611189976996929
	1.0611185408706587
	1.0611190725770177
	1.0611185524566908
	1.0611181251117983
	1.0611147920993722
	1.0611176328884044
	1.0611234561558267
	1.0611256734325367
	1.06112539380012
	1.0611197101374321
	1.0611163234580183
	1.0611167274071287
	1.0611152240603667
	1.0611161971952803
	1.0611126421789765
	1.0611126193615052
	1.061107379871812
	1.0611075620697008
	1.0611105606993096
	1.0611128068593885
	1.0611116142110637
	1.0611095915395672
	1.0611116829943021
	1.0611067286010274
	1.0611044421967226
	1.0611012983998822
	1.0611018951666433
	1.0611019760488019
	1.0611003597000253
	1.0610988093162967
	1.061094941065424
	1.061096275630738
	1.0610983629182573
	1.0610981010420695
	1.061094588322825
	1.0610896422317553
	1.0610891284113215
	1.0610900652786006
	1.061092248588044
	1.0610944402513298
	1.0610939634635699
	1.0610966531498303
	1.0610893425305574
	1.0610926266888605
	1.061091389056212
	1.0610889205125573
	1.0610897403033768
	1.0610905194620657
	1.0610900169414808
	1.0610849088297198
	1.061085080768091
	1.0610824282402758
	1.0610835836130348
	1.0610835295674113
	1.0610787455036284
	1.061077751180052
	1.061077240324711
	1.0610789570731136
	1.0610804246180872
	1.0610759098595834
	1.0610782016108062
	1.0610785173017192
	1.0610775204328662
	1.0610795695055761
	1.0610765859871982
	1.061073488343098
	1.061074707833828
	1.06108066385738
	1.0610804494497952
	1.0610822489834522
	1.0610831051628755
	1.0610841619770768
	1.0610878074294998
	1.0610880267218137
	1.0610912985214114
	1.0610884674636594
	1.061088291111325
	1.0610872091847827
	1.0610893949167697
	1.0610869847654247
	1.0610841565671036
	1.0610853776162532
	1.0610840700489568
	1.06108765413679
	1.0610853438615069
	1.0610900914619787
	1.0610918572410746
	1.0610914781879497
	1.0610890808747282
	1.0610922204563125
	1.0610883365208872
	1.0610888822503022
	1.06108622735566
	1.0610876621276961
	1.0610815665567883
	1.0610818395193673
	1.061082677355351
	1.0610813150735767
	1.0610798496564617
	1.061077640935808
	1.0610762829140912
	1.061076395213907
	1.061079741136895
	1.061074872624443
	1.0610800272469243
	1.0610812010203143
	1.0610845911073943
	1.0610843714149025
	1.0610858855068042
	1.0610869005451344
	1.0610861737829205
	1.0610888408678139
	1.0610835757445063
	1.0610805062122395
	1.0610822051182933
	1.0610853340189466
	1.0610888531048646
	1.0610865855982472
	1.061089307461563
	1.0610848401508666
	1.0610824969590236
	1.0610790442580609
	1.0610833327916824
	1.0610832211877046
	1.0610836080989103
	1.0610871347086706
	1.06108592433739
	1.0610832609032237
	1.0610873990907166
	1.0610917498883035
	1.061092459289668
	1.0610903658975996
	1.0610893695882526
	1.0610942335228937
	1.0610908961780863
	1.0610923561434524
	1.061095314086092
	1.0610990475085045
	1.0611009087015428
	1.0610993020398716
	1.0611101427122305
	1.0611119069113406
	1.0611049717361878
	1.061105270535478
	1.0611045438306979
	1.0611010872734854
	1.0611010563118224
	1.0611045350154003
	1.061105896913575
	1.061106325009206
	1.0611070340058222
	1.0611040311871809
	1.0611033309312952
	1.061104126200003
	1.0611048978058653
	1.0611001035035417
	1.0610991623072046
	1.0610961398942291
	1.0610958847968766
	1.0610983379294507
	1.0610948233023327
	1.0610964337663764
	1.0610960796406226
	1.0610951052173947
	1.0610950518081401
	1.061095183884956
	1.0610961270066583
	1.0610972732048316
	1.0610950617866128
	1.061100396873261
	1.061101355141973
	1.061100144692348
	1.061104964613472
	1.061104533993924
	1.061103212564603
	1.0611062233111472
	1.0611054507031061
	1.0611093029858387
	1.0611067147918503
	1.0611096105623112
	1.0611040873343935
	1.0611105206936313
	1.06111081742095
	1.0611119897505166
	1.0611169442411377
	1.0611213665862111
	1.0611238869721256
	1.0611270996538362
	1.0611279801034315
	1.0611295954475395
	1.0611301552952888
	1.0611305352574387
	1.0611304248223716
	1.0611322695529304
	1.0611343980354075
	1.0611327953799778
	1.0611317306536852
	1.0611391311332552
	1.0611404841264784
	1.0611410368240322
	1.061144166923733
	1.0611438742400758
	1.0611516542886195
	1.0611513323272632
	1.0611516809325845
	1.0611512814911237
	1.0611472845552319
	1.0611489013348576
	1.061152268224923
	1.0611510854876893
	1.0611568169374315
	1.0611596790044782
	1.0611627769791834
	1.0611691877477194
	1.0611752650044968
	1.061174916770001
	1.0611785879192992
	1.0611750393547734
	1.0611780335913035
	1.0611768366486845
	1.0611773653601668
	1.0611782079763175
	1.0611771557428178
	1.0611780941985485
	1.0611776607398586
	1.061184745502469
	1.061185609450844
	1.0611884154445037
	1.061188325355559
	1.0611904080784975
	1.061195195596429
	1.0611982728280807
	1.0611997577133978
	1.0612020507788462
	1.0612017895433006
	1.0612010748617278
	1.061197133892732
	1.0611948875548982
	1.061187717710865
	1.0611887418802162
	1.0611891856400015
	1.0611911886892382
	1.061193660356429
	1.0611917166477955
	1.0611907997086476
	1.0611918110717555
	1.061192209896784
	1.0611958074488899
	1.0611944003839064
	1.0611960212100116
	1.06119355934269
	1.0611981612780024
	1.0612040546522366
	1.0612033799045193
	1.0612045124407306
	1.061207091182641
	1.0612135153949698
	1.061211981855072
	1.0612110954629028
	1.0612096633818724
	1.0612074548552983
	1.0612070114183823
	1.0612076745363137
	1.0612052902024571
	1.0612086292872462
	1.0612114166057662
	1.061209257362476
	1.0612066688777948
	1.061205898203788
	1.0612019083435007
	1.0612053162943451
	1.0612096094440122
	1.061213866383023
	1.0612134211315414
	1.0612101761758428
	1.0612134794752086
	1.0612102271005115
	1.0612079382254422
	1.0612076898397804
	1.0612061893840796
	1.0612085876050568
	1.0612055804207665
	1.0612009522821062
	1.0612020810777227
	1.061198458397366
	1.061197685650647
	1.061203508802996
	1.061201410634891
	1.0612017977655075
	1.0611967488216536
	1.06119646662942
	1.0611987373212581
	1.0611963953576278
	1.0612006483839298
	1.0612027675434765
	1.0612005659303947
	1.0611989271662805
	1.0611953473596833
	1.0611915781162098
	1.0611861724051712
	1.0611893612559724
	1.0611857327967233
	1.0611886886470492
	1.0611878737106022
	1.0611884873976967
	1.0611914929522237
	1.0611930375733722
	1.0611938608264302
	1.061193410839318
	1.0611904093777709
	1.061188281964896
	1.061187591636068
	1.0611951539009947
	1.0611997721349467
	1.0612014408065458
	1.0611992963436023
	1.0612019606372485
	1.0611984515928627
	1.061199067920363
	1.061197931164024
	1.0611989636488945
	1.0611962614293724
	1.0611963746493334
	1.0612018739635136
	1.0611964240534504
	1.061200251815684
	1.0611982089977343
	1.061199034331173
	1.0611985843515277
	1.061201686157575
	1.061204219867147
	1.0612019644811268
	1.0611992592373622
	1.0611988004359334
	1.0612005979557615
	1.0612037190303893
	1.061205444195048
	1.0612026488920232
	1.061202647338207
	1.061201516816902
	1.061197867102885
	1.0611936206828232
	1.0611950316185117
	1.0611948250053074
	1.0611859347781645
	1.0611879902396948
	1.0611816520945292
	1.0611852621930153
	1.0611899649511445
	1.0611913038620708
	1.061191607333242
	1.0611869003075216
	1.0611902391391221
	1.0611901421691075
	1.061195900435785
	1.0611989350283513
	1.0611990150619972
	1.0611975672014573
	1.061201549885025
	1.0611996746177752
	1.0612051644107439
	1.0612095378279567
	1.0612094685731885
	1.0612088647153464
	1.0612099253129614
	1.0612085496981634
	1.0612067688715126
	1.0612076680980995
	1.0612052160324803
	1.0612043227320151
	1.06120241905893
	1.0612037306322808
	1.061203257238986
	1.0612051378398057
	1.0612098979533278
	1.0612125747870993
	1.0612084721657147
	1.0612075616895054
	1.0612081132815663
	1.0612081832923412
	1.0612113534954613
	1.0612120460263277
	1.0612136239034913
	1.0612181801351872
	1.0612219179753866
	1.0612237777028575
	1.0612245693336786
	1.0612310944619718
	1.0612316648075948
	1.061231260907557
	1.0612342820334335
	1.0612302554092605
	1.0612320330779046
	1.0612301086661613
	1.0612277597361868
	1.0612260551592634
	1.0612249986970212
	1.0612255942788122
	1.0612278912630981
	1.0612260764312869
	1.06122383725463
	1.061224362911452
	1.0612247952442524
	1.0612228047595968
	1.0612231238852965
	1.0612252443041825
	1.0612255359073097
	1.0612253967202039
	1.061224860914332
	1.0612224706560927
	1.0612171006292117
	1.0612190225202691
	1.0612157193745475
	1.0612137514765025
	1.0612174060796196
	1.0612150094365183
	1.0612139788347597
	1.0612148429393702
	1.061214536659645
	1.0612134830859545
	1.0612133845969403
	1.0612124985560225
	1.0612122972524032
	1.06120969088756
	1.0612078025973413
	1.0612030617220094
	1.0612010299136423
	1.0612009060207943
	1.0611980816087585
	1.0611934568581336
	1.0611923919507744
	1.0611916664036953
	1.0611990300738108
	1.0611975409168937
	1.0611985263150785
	1.0611994339832727
	1.0612036031645449
	1.0612050979944447
	1.0612015454257753
	1.0612045107717842
	1.0612057306832485
	1.0612049590147925
	1.061209508037374
	1.0612114593701794
	1.061212111449471
	1.0612126138602465
	1.0612150801075475
	1.0612152212746426
	1.0612170192647354
	1.0612168066256704
	1.0612196202559592
	1.0612175991722461
	1.0612152963998611
	1.0612148977715856
	1.0612141720098553
	1.0612166871123636
	1.0612136954113867
	1.0612145308593004
	1.0612150687002584
	1.0612165029754248
	1.0612153525461077
	1.061213325744671
	1.0612168494883478
	1.0612150297895944
	1.0612171668196748
	1.0612175208431804
	1.0612164787118792
	1.0612196568566756
	1.0612180703972582
	1.0612138556890953
	1.0612138746807471
	1.0612142172869845
	1.0612137641163302
	1.0612087667221557
	1.06121093586861
	1.061214026960461
	1.0612106857892885
	1.0612160008322504
	1.061217350977248
	1.0612136683282574
	1.0612078959682063
	1.0612081812074823
	1.0612030177222314
	1.0612095936232926
	1.0612093058829617
	1.0612080862838267
	1.0612016662425254
	1.0611989075620956
	1.0611959533726205
	1.0611924602120708
	1.0611896127274911
	1.0611869265937506
	1.0611887760496606
	1.0611898558271284
	1.0611842971315009
	1.061184093609635
	1.0611866161838055
	1.0611861930616473
	1.0611844655189204
	1.061183639081269
	1.0611833668079154
	1.0611847501493912
	1.0611858595334938
	1.0611842638773858
	1.0611836770705363
	1.0611846961810367
	1.0611847228272078
	1.061185522890844
	1.061185122871563
	1.0611852420655874
	1.0611791965431674
	1.0611821030530932
	1.0611894569167637
	1.0611866371005299
	1.0611872947722327
	1.061198261638252
	1.0611972759727752
	1.061195291671175
	1.0611961290273084
	1.0611954407971171
	1.0611952097103252
	1.0611970315773906
	1.061199256060516
	1.0611985478668926
	1.06119937963953
	1.0612023117378109
	1.0612006022928697
	1.0612027647765405
	1.0612040586972058
	1.0612058844951018
	1.0612055490946808
	1.0612056716452842
	1.061207164862448
	1.0612069498354464
	1.0612049299118793
	1.0612069358301022
	1.0612057160738757
	1.0612081439903416
	1.061209281630154
	1.0612094739123157
	1.0612094976520665
	1.0612118463580553
	1.0612114645876651
	1.0612125091615938
	1.061210609793041
	1.0612107777252617
	1.0612088856806192
	1.0612097381004713
	1.0612085564666456
	1.0612050969817926
	1.0612066592401934
	1.061203238441298
	1.0612057332953928
	1.0612071613536134
	1.061207428684519
	1.0612070664306321
	1.061200493248867
	1.0611974383505656
	1.0611981387559843
	1.0611969176979181
	1.0611926474702258
	1.0611935165297335
	1.061195155188037
	1.0611932852106116
	1.0611901019973298
	1.0611881404683132
	1.061185757300556
	1.0611879132299773
	1.0611929546168684
	1.0611960401416352
	1.0611949122854052
	1.0611958114049083
	1.0611927524697624
	1.061196171179633
	1.0611976530074279
	1.0611926440132071
	1.0611948525010886
	1.061200158358882
	1.061200986139353
	1.0611985997670617
	1.0611987444152389
	1.0611963502676407
	1.061197454816201
	1.0611967879000812
	1.0611993694657207
	1.0612003892365756
	1.0611980595247674
	1.0612000173537444
	1.061195652060067
	1.0611944263712354
	1.0611974876367214
	1.0611962734142655
	1.0611919506860705
	1.061190574025372
	1.061189547629768
	1.061190461599216
	1.0611881829244239
	1.0611901704063376
	1.061195881589965
	1.0611950074679926
	1.061193405530929
	1.0611933545688057
	1.0611919357637634
	1.0611908623179584
	1.0611890815628395
	1.0611882676291813
	1.0611888381474806
	1.0611885664293785
	1.0611860624992913
	1.0611881812037152
	1.061189346501262
	1.0611850911778113
	1.0611829965686084
	1.0611822141145013
	1.0611802041478624
	1.061175592906019
	1.0611762112666476
	1.0611789981835513
	1.061181220090944
	1.0611771630683404
	1.0611777702134115
	1.061174534655373
	1.0611721552365974
	1.0611702763060662
	1.0611734554966004
	1.0611750727959484
	1.061179349874281
	1.061180274640916
	1.061178311053674
	1.0611803359707503
	1.06118329541327
	1.0611800666940172
	1.0611830101014172
	1.0611829504416506
	1.0611822204149417
	1.0611777710876804
	1.0611767832253447
	1.0611822291682584
	1.0611780457734943
	1.0611789317795333
	1.061179371185513
	1.061181124132636
	1.061178688723829
	1.061173590193704
	1.0611693712906336
	1.0611695337220148
	1.06117106804699
	1.0611652322137195
	1.0611649968262715
	1.0611635530151955
	1.0611661008362734
	1.0611663022092879
	1.061169348962124
	1.061172866963912
	1.0611769272977758
	1.0611793611015825
	1.0611796006323655
	1.0611760247441435
	1.061174426246897
	1.061173823958246
	1.0611778681431485
	1.061178695475111
	1.0611798297110813
	1.0611809435670612
	1.0611785999295253
	1.061179394603725
	1.0611804245772982
	1.0611792967920919
	1.0611781421797986
	1.0611793762774855
	1.0611779518534945
	1.061180016600413
	1.0611800959289954
	1.061178835278338
	1.0611740737336395
	1.0611725497543854
	1.061172000043719
	1.0611746420668946
	1.0611751955676223
	1.0611776235164878
	1.0611790851931775
	1.0611765398967827
	1.0611777545791654
	1.0611743478180555
	1.0611689421453214
	1.0611700968875177
	1.0611728628121768
	1.061172706211312
	1.061169960389962
	1.061169705364235
	1.0611690662569329
	1.061169758864188
	1.0611685261112513
	1.0611662185962396
	1.0611625409872354
	1.061165720395407
	1.0611627907719696
	1.061160493021016
	1.0611663189535114
	1.0611623063122522
	1.061164901749511
	1.0611667693499898
	1.061165944431397
	1.0611676755944215
	1.0611683138191648
	1.0611693737400971
	1.0611683473674163
	1.0611708946663045
	1.0611720932810391
	1.061171996479838
	1.061172673489927
	1.0611757183424728
	1.0611783452097172
	1.0611765001769105
	1.0611735311717265
	1.0611746886951978
	1.0611760689149312
	1.0611747518600616
	1.0611725090915032
	1.061173437221562
	1.061170726702456
	1.061167573489473
	1.0611621104649287
	1.0611581311949454
	1.0611586834715379
	1.0611564823728659
	1.0611589641913937
	1.061159768873827
	1.0611679248962391
	1.0611708915938824
	1.0611696023321682
	1.061168832553343
	1.0611698234398714
	1.061168618293248
	1.0611731835175289
	1.0611705615841882
	1.061168521206583
	1.0611707402541493
	1.0611686835958347
	1.061163513601056
	1.061164529663064
	1.0611645829467693
	1.0611644108319598
	1.061166381463422
	1.06116329115295
	1.0611646849805532
	1.0611627228076994
	1.0611603634512643
	1.0611601826156334
	1.0611620784617914
	1.0611621753259017
	1.0611596396124388
	1.0611601270892348
	1.0611632115324137
	1.0611610563910752
	1.0611638878295357
	1.061164553683618
	1.0611616136920603
	1.061162942710698
	1.061162777188246
	1.0611638021934153
	1.0611665796604723
	1.0611683417124416
	1.0611683506656089
	1.0611682693003142
	1.0611656401950984
	1.0611661356227122
	1.0611687510047796
	1.0611663284770785
	1.0611681481545223
	1.0611698528347546
	1.061172594819103
	1.0611706211889944
	1.0611664440423663
	1.061167481265171
	1.0611649819132367
	1.0611613376270097
	1.0611561022924476
	1.0611611352929988
	1.0611635681507898
	1.0611638916094954
	1.0611623510189745
	1.0611645174248852
	1.0611630272741497
	1.0611647944901716
	1.0611678870709902
	1.0611634692018284
	1.0611580028865706
	1.0611607139166126
	1.061162040390744
	1.0611618589345742
	1.0611633158366043
	1.0611647970313203
	1.061168132220211
	1.0611633459363545
	1.061161433481637
	1.0611588494101676
	1.0611600251994433
	1.0611610174038535
	1.061163039746324
	1.061166526861945
	1.061166806762461
	1.061165846308978
	1.0611686702187286
	1.0611710932935785
	1.0611746869435297
	1.061172921530998
	1.0611710259056193
	1.061174422708867
	1.0611716097235824
	1.061170482062028
	1.061171089099721
	1.061171741702563
	1.061172585847862
	1.0611725822798692
	1.061172705897543
	1.0611710557612237
	1.061170866546517
	1.0611633393861728
	1.0611640353303022
	1.061161695704269
	1.0611621561342643
	1.0611615236919072
	1.0611612397567252
	1.06116469156642
	1.0611658702939892
	1.0611721101285887
	1.061172722813636
	1.0611724077814713
	1.0611735701582001
	1.0611796930832011
	1.0611786695900058
	1.0611791560888195
	1.0611810150310945
	1.0611826804316635
	1.0611821480790924
	1.061186154804001
	1.0611884489500685
	1.06118890156364
	1.0611877838976096
	1.0611871725851016
	1.061187933922343
	1.0611924148611604
	1.0611938996568644
	1.061190688514373
	1.0611954424841952
	1.0611897592979134
	1.0611937615129479
	1.0611965213266314
	1.0611965051951557
	1.0612002837428938
	1.0611992831069297
	1.0611959981196846
	1.0611949565932066
	1.0611956436784242
	1.061193904665984
	1.0611964332442663
	1.0611963718347508
	1.0611922301240009
	1.061188260173523
	1.0611911484672252
	1.0611926617828837
	1.0611942445017242
	1.0611947017884822
	1.0611916385105375
	1.0611902619513938
	1.0611854417032809
	1.0611848167670686
	1.0611887685269106
	1.061187567483633
	1.0611913022662645
	1.061195844559765
	1.0611941266808949
	1.0611952394085733
	1.0611958325589907
	1.0612014774909428
	1.061205948018497
	1.0612086111262484
	1.0612102405342838
	1.061210669701453
	1.0612102741925629
	1.0612063704097745
	1.061205938246674
	1.0612084832271478
	1.0612056546781632
	1.0612051695084659
	1.0612048974743966
	1.0612033171125943
	1.0612028191628982
	1.0612015007837052
	1.061201298583542
	1.0611993065898953
	1.061195874635716
	1.0611950716169134
	1.061195819230612
	1.0611949395983233
	1.0611940365991546
	1.0611963849715946
	1.0611926927639033
	1.0611912177511853
	1.0611910700687586
	1.061190780778425
	1.0611938945540726
	1.061194637139277
	1.0611909669643793
	1.0611934338644415
	1.0611946378567594
	1.0611981685927367
	1.061198579918815
	1.06119676689622
	1.0611945530757814
	1.06119052309627
	1.0611917424059933
	1.0611879337094812
	1.0611923126019753
	1.0611954685622895
	1.0612002022223483
	1.061199450701255
	1.0612012039567573
	1.0612011395350798
	1.0611953089280812
	1.061196231859538
	1.0611932954276708
	1.0611969942058248
	1.061203733794618
	1.0612009248018628
	1.061199489332122
	1.0611977968460653
	1.0612008502287478
	1.06120542836828
	1.0612029281173685
	1.0612004761204046
	1.0612004357000486
	1.0611963768481152
	1.061194298773502
	1.061193783731586
	1.0611952867949732
	1.0611911986280593
	1.0611896591600924
	1.0611870082194161
	1.0611836288715542
	1.061185559153859
	1.0611848498955798
	1.0611859642487476
	1.0611830085743903
	1.0611886289095611
	1.0611898310414984
	1.0611937530598847
	1.0611921921078435
	1.061189020735515
	1.0611872408687395
	1.0611893785297737
	1.0611848668426873
	1.0611846063912136
	1.0611891461825813
	1.0611891039282966
	1.0611897291044146
	1.0611913518837723
	1.0611889720295842
	1.0611939500044645
	1.0611945974471768
	1.0611922717648365
	1.0611895995831215
	1.0611874744517276
	1.061188047844014
	1.0611888795295459
	1.061194478271778
	1.061195984171726
	1.0611948662790778
	1.06119774722548
	1.0611994338690844
	1.061202943091222
	1.0612007429907102
	1.0612000628609553
	1.0611989099392316
	1.0611970249498874
	1.0611977893578945
	1.061192197713064
	1.0611943721304045
	1.061197980811808
	1.0611937369809274
	1.061194342101292
	1.0611974072480312
	1.0611957771121727
	1.0611982818399521
	1.061197446256455
	1.061199994022419
	1.061200497106013
	1.061200981296213
	1.0612028779542804
	1.0612001084125378
	1.0612000902688667
	1.06119889979394
	1.0611995521676876
	1.061201101668975
	1.0612019049342418
	1.0612022236880676
	1.0612056808180572
	1.0612077803974704
	1.0612099682215659
	1.0612099074914358
	1.0612087917853312
	1.0612062036807108
	1.061202576247695
	1.061201018708647
	1.0611986680934327
	1.0611999318071428
	1.0611990078821538
	1.0612087905723746
	1.0612068706177131
	1.061212404310129
	1.061210906252727
	1.061211194853771
	1.061213872180963
	1.0612178986458982
	1.0612166319258172
	1.0612097525522948
	1.0612070033704992
	1.0612100741783932
	1.061211979214867
	1.0612065896267422
	1.0612088757847031
	1.0612132587184708
	1.061208932386187
	1.0612068871362599
	1.061209375640395
	1.0612099709406018
	1.0612024410483083
	1.0612018239798187
	1.0612056157681558
	1.0612036291152407
	1.061204411475299
	1.0612017537044471
	1.0612009613299231
	1.0611965226558706
	1.0611980907355163
	1.061196234372687
	1.0611963117858978
	1.061197508305934
	1.0611984202505045
	1.0612011771094099
	1.061202011319063
	1.0612018287999319
	1.0612027948405944
	1.0612025371023732
	1.0612054352618239
	1.0612060044121303
	1.0612043664907225
	1.0612052926854922
	1.0612046870890308
	1.0612026469779308
	1.061202114634306
	1.061205193688921
	1.0612115856665403
	1.0612159760512385
	1.06120946394673
	1.0612134087996141
	1.0612135919688437
	1.061212685594485
	1.0612130000280895
	1.0612102450893028
	1.061208253751764
	1.0612074244253737
	1.06120655213213
	1.061207915888492
	1.0612039972489824
	1.061208913341786
	1.06121059271351
	1.061215149379984
	1.0612139079097755
	1.061212052662345
	1.061211236595397
	1.061210675032896
	1.061205169802646
	1.0612052692866019
	1.0612072805990749
	1.0612096180807054
	1.0612083063341637
	1.0612086869171435
	1.0612087394641703
	1.061207001158099
	1.0612033288980895
	1.061202481555134
	1.061199623865462
	1.061200709267135
	1.0612019464513103
	1.0612052103403744
	1.0612054191562588
	1.0612090733155466
	1.0612056146249453
	1.0612071632569609
	1.0612057703303637
	1.0612060783038968
	1.0612016934067072
	1.061197125401767
	1.0611994593679928
	1.0611955507074493
	1.0611957712086675
	1.0611975408610939
	1.0611941819528659
	1.0611899903469804
	1.0611892563520107
	1.061186507295634
	1.061187443729576
	1.0611874339028764
	1.0611918112721639
	1.061198296073243
	1.0611970510415936
	1.0611975772624067
	1.0611987755493517
	1.0612043201558092
	1.0612031259308021
	1.0612038772663364
	1.0612069070504677
	1.0612108215818914
	1.0612069243228934
	1.061204443210519
	1.061204262683048
	1.061200772759123
	1.0612042848249015
	1.06120471504201
	1.061207427161433
	1.0612048108036412
	1.0612016201536179
	1.0612008835984998
	1.0611995946064943
	1.0611975547771584
	1.0611952341774977
	1.0611905521319511
	1.0611900512175612
	1.0611908509633372
	1.061189574309716
	1.061187304347351
	1.061189718999036
	1.0611913372080766
	1.0611955157075996
	1.0611957324232013
	1.061193655815174
	1.0611930672906695
	1.061189545816264
	1.0611889770760252
	1.0611914796282484
	1.0611908651463167
	1.0611896775291367
	1.0611888104705918
	1.0611902244659335
	1.0611860539193176
	1.0611875669455848
	1.0611872497097377
	1.0611886400481678
	1.0611900146259068
	1.0611946022556422
	1.0611922202882746
	1.0611939418114507
	1.0611960917996288
	1.0611968138146277
	1.0611967449768775
	1.0611975056683485
	1.0611949427455716
	1.0611965230438676
	1.0611974175725962
	1.0612003649380415
	1.061199562418153
	1.061199134114327
	1.0611970663108656
	1.0611892899535642
	1.061193826991688
	1.0612001274081657
	1.0611963041049282
	1.0612002715928979
	1.0612019219219808
	1.0612042327465327
	1.061207414409425
	1.0612057783133013
	1.061200896406124
	1.061203728212063
	1.0612040463844086
	1.0612061080248656
	1.0612012314558166
	1.0612015891203128
	1.061197497474338
	1.0611923425904248
	1.0611919377922507
	1.0611933291263613
	1.061195043347281
	1.0611919395309974
	1.0611907359977635
	1.0611903955751087
	1.061183720993598
	1.0611872639787803
	1.0611877384560224
	1.061187743603232
	1.0611856274860552
	1.0611845864485394
	1.0611804649391252
	1.0611782736753925
	1.0611738969936362
	1.06117361673198
	1.0611711205713639
	1.0611722825132026
	1.0611712458449196
	1.0611699537001469
	1.0611703946832443
	1.061166972582444
	1.0611683169504846
	1.0611776215043174
	1.0611817965339816
	1.0611796999226026
	1.061182299092745
	1.0611841399808397
	1.0611853759920515
	1.061184525360411
	1.0611852591894546
	1.0611857279986951
	1.061185410896452
	1.0611826035276388
	1.0611850138135288
	1.0611875509702342
	1.0611812120583195
	1.0611807829588662
	1.0611838417771353
	1.0611841647276856
	1.061181171935703
	1.061179511668761
	1.061179620273787
	1.0611863885769466
	1.0611886824314685
	1.061189971590313
	1.061191005232418
	1.0611928502311332
	1.0611919758069503
	1.061186579940531
	1.0611827766260316
	1.0611833674118065
	1.0611794881144196
	1.0611824512283554
	1.061184426635439
	1.0611836077454107
	1.0611859617900703
	1.0611851786146589
	1.0611841006244507
	1.061183163410306
	1.061185751766022
	1.0611879125445034
	1.0611884332750767
	1.0611929359771175
	1.0611945985388078
	1.0611931700752144
	1.0611921060005767
	1.0611903345356766
	1.0611840018415433
	1.0611819491940024
	1.0611833500255958
	1.0611840077021895
	1.0611843780688015
	1.0611817251336835
	1.061182157845357
	1.0611784815828682
	1.0611758889808889
	1.0611745076392862
	1.0611798221789805
	1.061183421079509
	1.0611831082100447
	1.0611806376910564
	1.0611782755659545
	1.0611798049381627
	1.0611769872635226
	1.0611799127348671
	1.0611810163468147
	1.0611813798786052
	1.061180438045668
	1.061180954233321
	1.0611801714518911
	1.06118352584385
	1.0611799157354362
	1.0611786293774714
	1.0611776707150113
	1.061175012826015
	1.0611737120270441
	1.0611743475698598
	1.0611777421314634
	1.06118162056489
	1.0611804990915543
	1.0611785936866394
	1.0611760599369624
	1.0611755329101937
	1.0611748205546405
	1.0611734216155484
	1.0611767238746321
	1.0611743263237503
	1.0611696275139293
	1.0611717527716567
	1.0611707080423733
	1.0611691004035602
	1.0611734693275845
	1.0611748277208506
	1.0611741005205813
	1.0611777780060199
	1.0611802731156568
	1.0611775230297713
	1.061179271947944
	1.061181693093066
	1.0611844133909178
	1.0611812593752135
	1.061183240878585
	1.061183992816164
	1.061185596207718
	1.0611889783191517
	1.0611879814385188
	1.0611887837215472
	1.061186551280173
	1.0611841932414152
	1.0611856613654842
	1.0611843383553639
	1.0611843808896415
	1.0611870468251043
	1.0611892268608822
	1.0611925613768185
	1.0611938165129686
	1.0611990770626356
	1.0611976924935167
	1.0611938122099778
	1.0611954817970166
	1.0611944724815054
	1.0611925583451876
	1.0611960150844593
	1.0612011453141081
	1.0611956437746233
	1.0611956764231305
	1.0612010828126113
	1.0611954349258683
	1.061193425578168
	1.06119611891805
	1.061192360235535
	1.0611940207553001
	1.061195834105795
	1.0611996849929828
	1.0612023156538062
	1.06120290006941
	1.0612067957778084
	1.0612091451154835
	1.0612010184285285
	1.0611995806423271
	1.061198061020259
	1.0611997564423832
	1.061203072946299
	1.0612003918635773
	1.0611996349888004
	1.0611969742042826
	1.061194057427964
	1.0611988262083594
	1.0611988919535587
	1.0611945548454098
	1.0611899820299797
	1.0611915629094146
	1.0611945864909307
	1.0611942216531929
	1.061192641450261
	1.0611931116819695
	1.0611905800632175
	1.0611899198119354
	1.0611865573219277
	1.0611872577481478
	1.0611942756262782
	1.0611946728161628
	1.0611962997486295
	1.0612030484808546
	1.0612058206967327
	1.061209094025972
	1.0612091206179928
	1.061206782016693
	1.0612077529360777
	1.061212159294572
	1.061212064344489
	1.0612095454291954
	1.0612096374228497
	1.061208132095232
	1.06120811966872
	1.0611998586502676
	1.0611976805965901
	1.0611958167932531
	1.061194520005244
	1.0611904100558036
	1.0611908915964436
	1.0611904063199027
	1.0611899152964726
	1.061189728594248
	1.06118720764531
	1.0611881388019784
	1.0611859778197863
	1.0611812102155154
	1.0611741953089748
	1.061174689216196
	1.0611740660589875
	1.0611718206679979
	1.061172048627224
	1.061170410979227
	1.0611761473508239
	1.061176993738668
	1.0611738802024775
	1.0611775515131825
	1.0611797800045126
	1.0611823728546361
	1.0611832388054472
	1.061182877261532
	1.0611798595031785
	1.0611838191816574
	1.061182905494698
	1.0611845223217873
	1.0611811042733335
	1.061179542731771
	1.0611773659748132
	1.0611822114580707
	1.0611802689251761
	1.0611811388034855
	1.061180881288793
	1.0611803276781229
	1.0611855277434743
	1.0611817253462594
	1.0611813531377505
	1.061187533184357
	1.0611848407865663
	1.0611857977267585
	1.06118703442968
	1.0611871928994512
	1.0611853614645363
	1.061187169425183
	1.0611831360512674
	1.061179407786438
	1.061178750443043
	1.0611778905183489
	1.061178860046434
	1.0611721316004263
	1.0611714093308433
	1.0611711542417321
	1.0611771969676402
	1.0611812933796714
	1.061187109757199
	1.0611839916295158
	1.0611789719457512
	1.061177506244672
	1.0611804181068571
	1.0611827529456994
	1.061179723765125
	1.0611771360617608
	1.0611805556067708
	1.0611805910487302
	1.061181570632538
	1.0611785390532043
	1.0611796843446069
	1.06117953824073
	1.061178235183474
	1.0611793298442846
	1.0611802832142434
	1.061176543694252
	1.0611783302859479
	1.061175922817224
	1.0611744503286369
	1.0611769456490463
	1.0611738317774484
	1.0611729822778284
	1.061175908676559
	1.0611770291933675
	1.0611799209397017
	1.0611858100139302
	1.0611850406990564
	1.0611864863547216
	1.0611871800518757
	1.0611886068283123
	1.061186193760628
	1.0611891367244826
	1.0611874167575326
	1.0611843812466308
	1.061183175881327
	1.0611838002042315
	1.0611841342593407
	1.0611827870427177
	1.0611767432730028
	1.0611739822609796
	1.0611802828735697
	1.0611832643509713
	1.0611873199243236
	1.0611836628303575
	1.0611851734821247
	1.0611824183474972
	1.0611821606321523
	1.0611807962481103
	1.0611801012095303
	1.061179777499614
	1.061176853866679
	1.061177471981148
	1.0611777057864096
	1.0611773670009061
	1.061179080784025
	1.0611785495690047
	1.0611860060996143
	1.0611876509741174
	1.0611872156133122
	1.061189881232557
	1.0611904414720792
	1.0611865150900603
	1.0611830904913948
	1.0611829613693335
	1.0611864598819853
	1.0611828329846202
	1.0611850795984195
	1.0611841388819259
	1.0611839609411464
	1.0611841095286558
	1.061186107995507
	1.0611880606111106
	1.0611922264784914
	1.061190759638377
	1.061186695809027
	1.061188182193378
	1.0611872430826474
	1.0611817234917444
	1.0611766053919311
	1.0611793308811892
	1.0611754017592265
	1.0611753533230348
	1.061176610096454
	1.0611742102117603
	1.0611822742582737
	1.0611801135796308
	1.0611827228188517
	1.0611840331025693
	1.0611848681275988
	1.0611848520336793
	1.0611839398714589
	1.0611839212843044
	1.0611808024131089
	1.0611784963951203
	1.0611771505523417
	1.0611765648278824
	1.0611778309053248
	1.0611801609876435
	1.061179834131244
	1.0611783163922897
	1.061180794646534
	1.0611773006690401
	1.0611836330896462
	1.0611816044579558
	1.0611785558309883
	1.061175280042631
	1.06117974559453
	1.0611790913630155
	1.061176339733743
	1.0611750498155206
	1.0611755133640766
	1.061175884060121
	1.0611750121697539
	1.0611744466607174
	1.0611758652676222
	1.0611729084533845
	1.061171914693447
	1.0611692444259069
	1.0611723327577012
	1.0611726051439698
	1.0611710915286883
	1.0611709072576014
	1.061171647911378
	1.061170720642436
	1.0611736698691494
	1.0611683300603734
	1.0611697785574963
	1.061166783036182
	1.0611692934932961
	1.0611756280049167
	1.061173964066713
	1.0611719610245796
	1.0611757569859506
	1.0611734357981188
	1.0611763617915815
	1.0611760108248256
	1.0611788805495117
	1.061178733179782
	1.061180099655839
	1.0611771355429507
	1.0611775943477144
	1.0611782937309524
	1.0611818128993158
	1.0611818606457664
	1.0611840111529847
	1.0611871904092889
	1.0611847969565384
	1.061183700993296
	1.0611878592827348
	1.0611883427154463
	1.0611887814639631
	1.0611928833004267
	1.0611958625820785
	1.0611988103548513
	1.0611953982622093
	1.0611947961756145
	1.061195641400327
	1.0611935403462482
	1.061194054800735
	1.061193555839274
	1.061195420424739
	1.0612016513820657
	1.0612022309004652
	1.0612054665534816
	1.0612060939786765
	1.0612058001941822
	1.0612027385928295
	1.0612040535699057
	1.0612031962765585
	1.061207998539979
	1.0612055329097778
	1.0612052878971516
	1.0612097451286793
	1.0612074267042964
	1.0612091161501755
	1.0612131072162212
	1.0612164976273075
	1.0612197359386397
	1.061217562645124
	1.0612196529195237
	1.0612209790564804
	1.0612191185865518
	1.0612197876570773
	1.0612168854249935
	1.061217289517218
	1.0612164705889977
	1.0612168222584994
	1.0612154051875733
	1.0612089118022368
	1.0612077755408138
	1.0612060071976426
	1.061208475055498
	1.0612039789750924
	1.0612042569657107
	1.0612007773522516
	1.06119719061672
	1.0611970020559747
	1.0611932374774122
	1.0611939716867036
	1.0611938219750763
	1.0611952184287174
	1.0611945519997679
	1.0611966568884057
	1.0611907519583907
	1.0611893406972965
	1.0611879791739254
	1.0611831775579597
	1.0611818901545513
	1.0611812072846767
	1.061182021905291
	1.0611809432946409
	1.0611775333469546
	1.0611790684663898
	1.0611816126465663
	1.0611810318697947
	1.0611819548045054
	1.0611818448392232
	1.061182690536239
	1.061179587035641
	1.0611766507129208
	1.0611740843729562
	1.0611796387271453
	1.0611776779697157
	1.0611773095118124
	1.061176920893681
	1.0611804740809192
	1.0611810799852404
	1.0611858018831157
	1.0611897012091198
	1.061190674446846
]