[
	1.0146853923797607
	1.0146255493164062
	1.0145294666290283
	1.0144187211990356
	1.0143178701400757
	1.0142160654067993
	1.0141100883483887
	1.014002799987793
	1.013901948928833
	1.0137864351272583
	1.0136960744857788
	1.0135855674743652
	1.0134438276290894
	1.0133417844772339
	1.0132415294647217
	1.0131436586380005
	1.0130587816238403
	1.012965202331543
	1.0128663778305054
	1.0127911567687988
	1.0127102136611938
	1.0126051902770996
	1.0125107765197754
	1.0124074220657349
	1.0123233795166016
	1.0122312307357788
	1.012137770652771
	1.0120571851730347
	1.0119802951812744
	1.0119011402130127
	1.0118141174316406
	1.0117194652557373
	1.0116256475448608
	1.0115474462509155
	1.011457920074463
	1.011343002319336
	1.011260747909546
	1.0111855268478394
	1.011093020439148
	1.0110076665878296
	1.0109429359436035
	1.0108572244644165
	1.010774850845337
	1.0106711387634277
	1.0106066465377808
	1.0105105638504028
	1.0104559659957886
	1.0103752613067627
	1.0102986097335815
	1.0102102756500244
	1.0101302862167358
	1.0100312232971191
	1.0099328756332397
	1.0098594427108765
	1.009795904159546
	1.0097068548202515
	1.0096341371536255
	1.0095458030700684
	1.0094770193099976
	1.009407877922058
	1.0093104839324951
	1.0092313289642334
	1.0091744661331177
	1.0091031789779663
	1.0090301036834717
	1.00894296169281
	1.0088704824447632
	1.0088118314743042
	1.0087330341339111
	1.0086555480957031
	1.0085861682891846
	1.008535385131836
	1.0084532499313354
	1.0083858966827393
	1.0082931518554688
	1.008217215538025
	1.0081509351730347
	1.0080724954605103
	1.0080041885375977
	1.0079425573349
	1.0078799724578857
	1.0078002214431763
	1.0077279806137085
	1.0076528787612915
	1.0075849294662476
	1.007525086402893
	1.0074682235717773
	1.0074046850204468
	1.0073295831680298
	1.0072656869888306
	1.0072104930877686
	1.0071640014648438
	1.00711989402771
	1.0070480108261108
	1.0069925785064697
	1.0069200992584229
	1.0068570375442505
	1.006805181503296
	1.0067421197891235
	1.0066992044448853
	1.0066343545913696
	1.0065648555755615
	1.006496548652649
	1.00642728805542
	1.006356954574585
	1.006281852722168
	1.0062179565429688
	1.006165862083435
	1.0061075687408447
	1.0060449838638306
	1.0059661865234375
	1.005895733833313
	1.0058321952819824
	1.0057839155197144
	1.0057060718536377
	1.0056469440460205
	1.0055772066116333
	1.0055063962936401
	1.0054512023925781
	1.0053757429122925
	1.0053037405014038
	1.0052413940429688
	1.0051898956298828
	1.005130648612976
	1.005088210105896
	1.0050395727157593
	1.00497567653656
	1.00491464138031
	1.004852056503296
	1.0047885179519653
	1.0047450065612793
	1.004693865776062
	1.004622459411621
	1.0045632123947144
	1.0044947862625122
	1.0044296979904175
	1.004370927810669
	1.0043214559555054
	1.0042515993118286
	1.0041929483413696
	1.0041338205337524
	1.0040794610977173
	1.004025936126709
	1.0039645433425903
	1.003892421722412
	1.0038373470306396
	1.0037739276885986
	1.003727674484253
	1.0036628246307373
	1.003610610961914
	1.003572702407837
	1.0034964084625244
	1.0034403800964355
	1.0033814907073975
	1.0033150911331177
	1.0032659769058228
	1.0032343864440918
	1.0031821727752686
	1.0031147003173828
	1.0030640363693237
	1.003017783164978
	1.0029572248458862
	1.00291109085083
	1.0028674602508545
	1.002806305885315
	1.0027490854263306
	1.0026956796646118
	1.002639889717102
	1.0025914907455444
	1.0025395154953003
	1.00248384475708
	1.002423882484436
	1.00236177444458
	1.002301812171936
	1.0022484064102173
	1.0021973848342896
	1.0021378993988037
	1.0020811557769775
	1.002040982246399
	1.0019804239273071
	1.0019149780273438
	1.0018632411956787
	1.0018244981765747
	1.0017579793930054
	1.0017063617706299
	1.0016449689865112
	1.0015869140625
	1.0015407800674438
	1.0014808177947998
	1.0014328956604004
	1.0013697147369385
	1.0013076066970825
	1.0012602806091309
	1.0012006759643555
	1.0011450052261353
	1.0011043548583984
	1.00104558467865
	1.0009924173355103
	1.000918984413147
	1.0008604526519775
	1.0008127689361572
	1.0007569789886475
	1.0006917715072632
	1.0006574392318726
	1.000606894493103
	1.0005518198013306
	1.0004935264587402
	1.000443935394287
	1.0003929138183594
	1.0003410577774048
	1.0003070831298828
	1.0002672672271729
	1.0002163648605347
	1.0001728534698486
	1.0001288652420044
	1.0000779628753662
	1.0000200271606445
	0.9999861121177673
	0.9999421834945679
	0.9998978972434998
	0.9998425245285034
	0.9997962713241577
	0.9997569918632507
	0.9997194409370422
	0.9996731877326965
	0.999611496925354
	0.9995673894882202
	0.999506950378418
	0.999470055103302
	0.9994201064109802
	0.9993758797645569
	0.9993321895599365
	0.9992783665657043
	0.9992097020149231
	0.999157726764679
	0.9990926384925842
	0.9990522861480713
	0.9990077018737793
	0.9989565014839172
	0.9989083409309387
	0.9988599419593811
	0.9988187551498413
	0.9987503886222839
	0.9987112283706665
	0.9986560940742493
	0.9985979199409485
	0.9985513687133789
	0.9984802007675171
	0.9984386563301086
	0.99839186668396
	0.9983553886413574
	0.9983164668083191
	0.9982808828353882
	0.9982331991195679
	0.9982010722160339
	0.9981428384780884
	0.9980969429016113
	0.9980442523956299
	0.9979937076568604
	0.9979583621025085
	0.9979162216186523
	0.9978720545768738
	0.9978206157684326
	0.9977736473083496
	0.997708797454834
	0.9976698160171509
	0.9976345896720886
	0.9975870847702026
	0.9975445866584778
	0.9975011348724365
	0.9974507093429565
	0.9974051713943481
	0.9973636865615845
	0.9973276853561401
	0.997287929058075
	0.9972555041313171
	0.9972110986709595
	0.9971667528152466
	0.9971254467964172
	0.9970945119857788
	0.9970418810844421
	0.9970183968544006
	0.9969798922538757
	0.9969419240951538
	0.9969124794006348
	0.9968656897544861
	0.9968323111534119
	0.9967977404594421
	0.9967643618583679
	0.9967314004898071
	0.9966813921928406
	0.9966365694999695
	0.9965952038764954
	0.9965580701828003
	0.9965131282806396
	0.9964760541915894
	0.996447741985321
	0.9964194893836975
	0.9963765740394592
	0.996337354183197
	0.9962960481643677
	0.9962398409843445
	0.9962129592895508
	0.9961890578269958
	0.9961382746696472
	0.9961031079292297
	0.9960572123527527
	0.9960039258003235
	0.9959611296653748
	0.9959108233451843
	0.9958555698394775
	0.9958142042160034
	0.995751678943634
	0.9957221746444702
	0.9956663846969604
	0.9956167340278625
	0.9955822229385376
	0.9955331087112427
	0.9955034852027893
	0.9954814910888672
	0.9954482913017273
	0.9954079985618591
	0.9953697919845581
	0.9953274130821228
	0.9952901005744934
	0.9952514171600342
	0.9952129125595093
	0.9951664209365845
	0.9951257705688477
	0.9950727224349976
	0.9950461983680725
	0.9950056672096252
	0.9949617385864258
	0.9949154853820801
	0.9948758482933044
	0.9948347210884094
	0.9947941303253174
	0.9947578310966492
	0.99472576379776
	0.9946911334991455
	0.9946572184562683
	0.9946408867835999
	0.9946091771125793
	0.9945663213729858
	0.9945176243782043
	0.994493842124939
	0.9944402575492859
	0.9944193959236145
	0.9943749308586121
	0.9943564534187317
	0.9943071007728577
	0.9942676424980164
	0.9942367076873779
	0.9941903948783875
	0.994153618812561
	0.9941069483757019
	0.9940795302391052
	0.9940390586853027
	0.9940085411071777
	0.9939714670181274
	0.9939408302307129
	0.9938998818397522
	0.9938661456108093
	0.9938421249389648
	0.9938076138496399
	0.993773341178894
	0.9937260150909424
	0.9936711192131042
	0.9936197996139526
	0.9935709834098816
	0.9935392141342163
	0.9934954643249512
	0.9934694766998291
	0.9934148192405701
	0.9933795928955078
	0.9933282136917114
	0.9932765364646912
	0.9932543039321899
	0.993220865726471
	0.9931718111038208
	0.9931356310844421
	0.993087112903595
	0.9930450320243835
	0.9930263161659241
	0.9929940700531006
	0.9929710030555725
	0.9929303526878357
	0.9928805828094482
	0.9928492903709412
	0.9928131699562073
	0.9927671551704407
	0.9927339553833008
	0.9926907420158386
	0.9926552176475525
	0.992622971534729
	0.9925767779350281
	0.9925390481948853
	0.9925042390823364
	0.9924789667129517
	0.9924429655075073
	0.9924030900001526
	0.9923694133758545
	0.9923219084739685
	0.992266058921814
	0.9922357797622681
	0.9921906590461731
	0.9921498894691467
	0.992114245891571
	0.9920856952667236
	0.9920510053634644
	0.9920148253440857
	0.9919816255569458
	0.9919261336326599
	0.9918957352638245
	0.9918661117553711
	0.9918206334114075
	0.9917808771133423
	0.9917507171630859
	0.9917089343070984
	0.9916895627975464
	0.9916433691978455
	0.9916141629219055
	0.9915883541107178
	0.9915433526039124
	0.9915019273757935
	0.9914626479148865
	0.9914352893829346
	0.9914037585258484
	0.9913588166236877
	0.9913262724876404
	0.9912897944450378
	0.9912626147270203
	0.9912151098251343
	0.9911694526672363
	0.9911268353462219
	0.9911032319068909
	0.9910638332366943
	0.9910266399383545
	0.9909936785697937
	0.9909446835517883
	0.9909074306488037
	0.9908649921417236
	0.9908304214477539
	0.990806519985199
	0.9907737374305725
	0.9907456636428833
	0.9907127618789673
	0.9906697869300842
	0.9906455278396606
	0.9906278252601624
	0.9905803203582764
	0.9905327558517456
	0.9904869198799133
	0.9904513955116272
	0.990424394607544
	0.9903957843780518
	0.990374743938446
	0.9903291463851929
	0.9902939796447754
	0.990246057510376
	0.9902182221412659
	0.9901908040046692
	0.9901500940322876
	0.9901096224784851
	0.9900718331336975
	0.9900411367416382
	0.9900050163269043
	0.9899768233299255
	0.9899178743362427
	0.9898952841758728
	0.989869236946106
	0.9898142218589783
	0.9897832870483398
	0.9897416830062866
	0.989707887172699
	0.9896830320358276
	0.9896444082260132
	0.9895957708358765
	0.9895538091659546
	0.9895172119140625
	0.9894953966140747
	0.989459216594696
	0.9894310235977173
	0.9893901944160461
	0.989342987537384
	0.9892913699150085
	0.989260733127594
	0.9892365336418152
	0.9892101883888245
	0.9891657829284668
	0.9891306161880493
	0.9891015887260437
	0.9890549182891846
	0.9890238046646118
	0.9889839887619019
	0.9889369010925293
	0.98891282081604
	0.9888834953308105
	0.9888436198234558
	0.9888035655021667
	0.988755464553833
]