[
	0.8495587110519409
	0.8493115305900574
	0.8490424156188965
	0.8487768173217773
	0.8485050797462463
	0.8482348918914795
	0.8479679226875305
	0.8477110862731934
	0.8474506139755249
	0.8471879363059998
	0.8469259738922119
	0.8466626405715942
	0.8464020490646362
	0.8461467623710632
	0.8458863496780396
	0.8456395268440247
	0.8453848361968994
	0.8451243042945862
	0.844862163066864
	0.8446053862571716
	0.844340980052948
	0.8440874814987183
	0.8438377976417542
	0.8435853719711304
	0.8433331251144409
	0.8430876135826111
	0.8428357839584351
	0.8425729870796204
	0.8423270583152771
	0.8420726656913757
	0.8418208360671997
	0.8415626287460327
	0.8413156270980835
	0.8410668969154358
	0.8408128619194031
	0.8405691385269165
	0.8403239250183105
	0.840069591999054
	0.839811384677887
	0.8395678400993347
	0.839319109916687
	0.8390654921531677
	0.8388095498085022
	0.8385593891143799
	0.8383214473724365
	0.8380891680717468
	0.8378452658653259
	0.8376028537750244
	0.8373637795448303
	0.8371176719665527
	0.8368749022483826
	0.8366274833679199
	0.8363906145095825
	0.8361566662788391
	0.8359188437461853
	0.8356849551200867
	0.8354544639587402
	0.8352154493331909
	0.8349838852882385
	0.8347430229187012
	0.8345073461532593
	0.834269106388092
	0.8340475559234619
	0.833824098110199
	0.8335942029953003
	0.8333812952041626
	0.8331550359725952
	0.8329306244850159
	0.8327035903930664
	0.8324636220932007
	0.832255482673645
	0.8320198059082031
	0.8318026065826416
	0.8315723538398743
	0.8313474059104919
	0.8311152458190918
	0.8308935761451721
	0.8306798934936523
	0.8304575085639954
	0.8302326798439026
	0.8300262689590454
	0.8298109173774719
	0.8295915126800537
	0.8293742537498474
	0.8291510939598083
	0.8289405107498169
	0.8287374973297119
	0.8285199403762817
	0.8283061385154724
	0.828090488910675
	0.8278831243515015
	0.8276806473731995
	0.8274691700935364
	0.8272625803947449
	0.827049970626831
	0.8268550038337708
	0.8266540169715881
	0.8264501690864563
	0.8262380361557007
	0.8260359168052673
	0.8258315920829773
	0.8256317973136902
	0.8254265785217285
	0.8252213597297668
	0.8250270485877991
	0.8248279094696045
	0.8246307969093323
	0.8244441151618958
	0.824238121509552
	0.8240509033203125
	0.8238564133644104
	0.8236758708953857
	0.8234917521476746
	0.8232995867729187
	0.8231056928634644
	0.8229107856750488
	0.8227357864379883
	0.822555422782898
	0.8223670125007629
	0.8221839070320129
	0.8220043182373047
	0.8218135237693787
	0.8216333985328674
	0.8214519619941711
	0.8212684392929077
	0.821078360080719
	0.8209078311920166
	0.8207133412361145
	0.820542573928833
	0.8203602433204651
	0.8201881647109985
	0.8199976682662964
	0.8198110461235046
	0.8196293711662292
	0.8194462656974792
	0.8192566633224487
	0.8190757632255554
	0.8189160227775574
	0.8187367916107178
	0.8185489773750305
	0.8183680772781372
	0.8182014226913452
	0.8180332779884338
	0.8178619742393494
	0.817687451839447
	0.8175197243690491
	0.8173460364341736
	0.8171725869178772
	0.8170117735862732
	0.8168482780456543
	0.8166813254356384
	0.8164982199668884
	0.8163241744041443
	0.8161534070968628
	0.8159893155097961
	0.8158180713653564
	0.815642774105072
	0.8154880404472351
	0.8153287172317505
	0.8151677846908569
	0.8150116801261902
	0.8148434162139893
	0.8146686553955078
	0.8145063519477844
	0.8143441081047058
	0.8141888976097107
	0.8140246272087097
	0.8138710260391235
	0.8137218356132507
	0.8135595321655273
	0.81340092420578
	0.8132485151290894
	0.813094437122345
	0.8129352331161499
	0.8127841353416443
	0.8126433491706848
	0.8124911785125732
	0.8123354315757751
	0.8121716380119324
	0.8120328783988953
	0.8118885159492493
	0.8117218613624573
	0.8115748167037964
	0.8114147782325745
	0.8112539052963257
	0.8111080527305603
	0.8109560012817383
	0.8108048439025879
	0.8106471300125122
	0.8104879856109619
	0.8103533983230591
	0.8102135062217712
	0.8100563287734985
	0.8098919987678528
	0.8097543120384216
	0.8096089959144592
	0.8094678521156311
	0.809319019317627
	0.8091788291931152
	0.809026837348938
	0.8088779449462891
	0.8087319135665894
	0.8085921406745911
	0.8084709644317627
	0.8083264231681824
	0.8081809878349304
	0.8080399036407471
	0.8078934550285339
	0.8077520728111267
	0.8076077699661255
	0.8074653148651123
	0.8073325753211975
	0.8071963787078857
	0.8070634007453918
	0.8069268465042114
	0.8068063855171204
	0.8066699504852295
	0.8065274357795715
	0.8063865303993225
	0.8062528371810913
	0.8061249256134033
	0.8059910535812378
	0.8058521747589111
	0.8057224750518799
	0.8055850863456726
	0.8054449558258057
	0.8053045272827148
	0.8051718473434448
	0.8050533533096313
	0.8049165606498718
	0.8047762513160706
	0.8046534061431885
	0.8045195937156677
	0.8043895959854126
	0.8042694926261902
	0.8041400909423828
	0.8040103912353516
	0.8038705587387085
	0.8037418723106384
	0.8036065101623535
	0.8034719228744507
	0.8033414483070374
	0.8032227754592896
	0.8030970096588135
	0.8029686212539673
	0.8028391003608704
	0.8027085661888123
	0.8025751113891602
	0.8024472594261169
	0.8023284673690796
	0.8022099137306213
	0.8020941615104675
	0.8019647002220154
	0.801857054233551
	0.8017346262931824
	0.8016291260719299
	0.8015123605728149
	0.8013836741447449
	0.8012648820877075
	0.8011482954025269
	0.8010207414627075
	0.800900399684906
	0.8007708191871643
	0.8006517887115479
	0.8005367517471313
	0.8004152178764343
	0.8002935647964478
	0.8001744151115417
	0.800058901309967
	0.7999372482299805
	0.7998188734054565
	0.7997015118598938
	0.7995858788490295
	0.799473226070404
	0.7993616461753845
	0.7992343902587891
	0.7991250157356262
	0.7990104556083679
	0.7988966703414917
	0.7987820506095886
	0.798672616481781
	0.7985541820526123
	0.7984431385993958
	0.7983352541923523
	0.7982253432273865
	0.7981020212173462
	0.7979886531829834
	0.797875165939331
	0.7977678775787354
	0.79765784740448
	0.797537624835968
	0.7974294424057007
	0.7973189353942871
	0.7972074747085571
	0.7970926761627197
	0.7969927787780762
	0.796885073184967
	0.7967802882194519
	0.7966630458831787
	0.7965491414070129
	0.7964391708374023
	0.796330988407135
	0.7962309718132019
	0.7961304187774658
	0.796023964881897
	0.795922040939331
	0.7958104610443115
	0.7957132458686829
	0.795602560043335
	0.7954987287521362
	0.795391857624054
	0.7952902913093567
	0.7951804995536804
	0.7950766086578369
	0.794971227645874
	0.7948616743087769
	0.7947559952735901
	0.7946426272392273
	0.7945334911346436
	0.7944232821464539
	0.7943108677864075
	0.7942102551460266
	0.794105052947998
	0.7940040826797485
	0.7938949465751648
	0.7937957048416138
	0.7937012910842896
	0.7936090230941772
	0.7935134172439575
	0.7934166789054871
	0.7933099269866943
	0.7932130694389343
	0.7931215763092041
	0.7930245399475098
	0.7929240465164185
	0.7928168773651123
	0.7927128076553345
	0.7926058769226074
	0.7925108075141907
	0.7924137115478516
	0.7923207879066467
	0.7922182083129883
	0.7921175360679626
	0.7920187711715698
	0.7919197678565979
	0.7918042540550232
	0.7916997075080872
	0.7916085124015808
	0.7915022373199463
	0.7914037704467773
	0.7913089394569397
	0.7912074327468872
	0.7910991311073303
	0.7909986972808838
	0.7909072041511536
	0.790807843208313
	0.7907136082649231
	0.7906243205070496
	0.7905310988426208
	0.7904247641563416
	0.7903262972831726
	0.790232241153717
	0.7901395559310913
	0.7900413870811462
	0.7899375557899475
	0.7898406982421875
	0.7897440791130066
	0.7896419167518616
	0.7895475029945374
	0.7894529700279236
	0.7893614172935486
	0.7892605662345886
	0.7891601324081421
	0.7890662550926208
	0.7889724969863892
	0.7888782024383545
	0.7887824773788452
	0.7886945605278015
	0.7886095643043518
	0.7885190844535828
	0.788421630859375
	0.7883264422416687
	0.7882378101348877
	0.788148045539856
	0.7880659699440002
	0.7879728674888611
	0.7878900170326233
	0.7878037691116333
	0.7877299189567566
	0.7876389622688293
	0.7875345349311829
	0.7874407768249512
	0.7873508334159851
	0.7872598171234131
	0.7871677875518799
	0.7870770692825317
	0.7869943380355835
	0.7869076728820801
	0.7868162393569946
	0.7867273092269897
	0.7866419553756714
	0.7865581512451172
	0.7864593863487244
	0.7863760590553284
	0.78629070520401
	0.7861973643302917
	0.786111056804657
	0.7860198616981506
	0.7859285473823547
	0.7858391404151917
	0.7857511639595032
	0.7856663465499878
	0.7855795621871948
	0.7854964733123779
	0.7854070067405701
	0.7853208780288696
	0.7852355241775513
	0.785152792930603
	0.7850676774978638
	0.7849830985069275
	0.7849115133285522
	0.7848231196403503
	0.784741997718811
	0.7846518158912659
	0.7845686078071594
	0.7844812273979187
	0.7843961715698242
	0.7843194603919983
	0.7842351794242859
	0.784153163433075
	0.7840679883956909
	0.7839810252189636
	0.7838971018791199
	0.7838175892829895
	0.7837353348731995
	0.7836598753929138
	0.7835787534713745
	0.7834973335266113
	0.7834069132804871
	0.7833189368247986
	0.7832340002059937
	0.783147931098938
	0.7830600142478943
	0.7829822301864624
	0.7828911542892456
	0.7828012704849243
	0.7827114462852478
	0.7826274037361145
	0.7825427651405334
	0.7824567556381226
	0.782380223274231
	0.7822961807250977
	0.7822193503379822
	0.7821398973464966
	0.7820494174957275
	0.7819712162017822
	0.7818959951400757
	0.7818211317062378
	0.7817360162734985
	0.7816573977470398
	0.7815808653831482
	0.7815039157867432
	0.7814272046089172
	0.7813419103622437
	0.7812754511833191
	0.7811893820762634
	0.7811108231544495
	0.7810314297676086
	0.7809523940086365
	0.7808801531791687
	0.7808017134666443
	0.7807222604751587
	0.7806466817855835
	0.7805694341659546
	0.7804962992668152
	0.7804150581359863
	0.7803348302841187
	0.7802543640136719
	0.7801717519760132
	0.7800912857055664
	0.7800062298774719
	0.7799278497695923
	0.779852032661438
	0.7797796726226807
	0.7797083854675293
	0.7796360850334167
	0.7795678973197937
	0.779491662979126
	0.7794187664985657
	0.779334545135498
	0.7792587876319885
	0.7791805863380432
	0.779101550579071
	0.7790221571922302
	0.7789431810379028
	0.7788599729537964
	0.7787867784500122
	0.7787137627601624
	0.778636634349823
	0.7785612940788269
	0.7784869074821472
	0.778414249420166
	0.7783412933349609
	0.7782650589942932
	0.7781906723976135
	0.7781181931495667
	0.7780416011810303
	0.7779639363288879
	0.7778830528259277
	0.7778079509735107
	0.7777383327484131
	0.7776662707328796
	0.7775872349739075
	0.7775196433067322
	0.777449905872345
	0.7773724794387817
	0.7772994637489319
	0.7772291302680969
	0.7771479487419128
	0.7770750522613525
	0.7770060896873474
	0.7769407033920288
	0.7768692374229431
	0.7767879962921143
	0.7767243385314941
	0.77665776014328
	0.7765865325927734
	0.7765111923217773
	0.7764443755149841
	0.7763692140579224
	0.7763034105300903
	0.7762358784675598
	0.7761698961257935
	0.7760997414588928
	0.7760265469551086
	0.7759599089622498
	0.7758988738059998
	0.7758345007896423
	0.775770902633667
	0.7756951451301575
	0.7756279706954956
	0.7755546569824219
	0.7754908204078674
	0.775414228439331
	0.7753440737724304
	0.7752799987792969
	0.7752151489257812
	0.7751471996307373
	0.7750811576843262
	0.7750186920166016
	0.7749483585357666
	0.7748797535896301
	0.7748140692710876
	0.7747465968132019
	0.7746767997741699
	0.7746078968048096
	0.774543046951294
	0.7744814157485962
	0.7744197845458984
	0.7743517160415649
	0.7742882966995239
	0.7742230296134949
	0.774154543876648
	0.7740876078605652
	0.774013340473175
	0.7739466428756714
	0.7738856673240662
	0.7738320827484131
	0.7737647891044617
	0.7737059593200684
	0.7736481428146362
	0.7735829949378967
	0.773529052734375
	0.773464024066925
	0.7734038233757019
	0.7733385562896729
	0.7732629179954529
	0.7732017636299133
	0.773142397403717
	0.7730774879455566
	0.7730211019515991
	0.7729617357254028
	0.7728962302207947
	0.7728301882743835
	0.7727660536766052
	0.7726991772651672
	0.772628128528595
	0.7725671529769897
	0.7725039720535278
	0.7724464535713196
	0.7723827362060547
	0.7723206877708435
	0.7722586989402771
	0.7722034454345703
	0.7721382975578308
	0.7720718383789062
	0.7720136046409607
	0.7719454169273376
	0.7718861103057861
	0.7718269228935242
	0.7717722654342651
	0.7717074155807495
	0.771653950214386
	0.7715941667556763
	0.7715318202972412
	0.7714729309082031
	0.7714118957519531
	0.771355390548706
	0.7712922692298889
	0.771239697933197
	0.7711739540100098
	0.7711129784584045
	0.7710632681846619
	0.7709954977035522
	0.7709334492683411
	0.7708815336227417
	0.7708105444908142
	0.7707558870315552
	0.7707013487815857
	0.770642876625061
	0.7705822587013245
	0.7705172300338745
	0.7704642415046692
	0.7704162001609802
	0.7703609466552734
	0.7702903151512146
	0.7702372074127197
	0.7701787352561951
	0.7701247334480286
	0.7700608372688293
	0.7699998617172241
	0.7699435353279114
	0.7698912620544434
	0.7698361873626709
	0.7697754502296448
	0.7697206735610962
	0.7696548700332642
	0.7695981860160828
	0.769536554813385
	0.7694790363311768
	0.7694229483604431
	0.7693610191345215
	0.769309937953949
	0.7692492604255676
	0.7691895961761475
	0.7691247463226318
	0.7690744996070862
	0.7690267562866211
	0.7689641714096069
	0.7689090371131897
	0.7688494920730591
	0.7688021659851074
	0.7687471508979797
	0.7686966061592102
	0.7686401605606079
	0.7685832381248474
	0.7685270309448242
	0.7684735059738159
	0.7684200406074524
	0.7683686017990112
	0.7683159112930298
	0.7682607769966125
	0.768195629119873
	0.7681372165679932
	0.7680860757827759
	0.7680255770683289
	0.7679688334465027
	0.7679183483123779
	0.767863392829895
	0.7678120732307434
	0.7677592635154724
	0.7677066922187805
	0.7676510810852051
	0.7675957083702087
	0.7675472497940063
	0.7674927711486816
	0.7674369215965271
	0.7673835158348083
	0.7673287987709045
	0.767279863357544
	0.7672321796417236
	0.7671784162521362
	0.7671228051185608
	0.7670704126358032
	0.7670303583145142
	0.7669829726219177
	0.7669327259063721
	0.7668833136558533
	0.7668286561965942
	0.7667767405509949
	0.7667208313941956
	0.7666694521903992
	0.7666215300559998
	0.7665753960609436
	0.7665331959724426
	0.7664877772331238
	0.76644366979599
	0.7663949728012085
	0.7663365602493286
	0.766283392906189
	0.7662316560745239
	0.7661733031272888
	0.7661159038543701
	0.7660660743713379
	0.7660107612609863
	0.7659618258476257
	0.7659165263175964
	0.7658624649047852
	0.7658154964447021
	0.7657656669616699
	0.7657200694084167
	0.7656747102737427
	0.7656282186508179
	0.765575110912323
	0.7655216455459595
	0.7654854655265808
	0.765440821647644
	0.765387773513794
	0.7653454542160034
	0.7652958631515503
	0.7652478218078613
	0.7652084231376648
	0.7651544809341431
	0.7650963664054871
	0.7650452256202698
	0.7649871706962585
	0.7649392485618591
	0.7648929953575134
	0.7648360133171082
	0.7647938132286072
	0.7647462487220764
	0.7647047638893127
	0.7646634578704834
	0.7646159529685974
	0.7645692229270935
	0.7645230293273926
	0.7644758820533752
	0.7644259929656982
	0.7643715739250183
	0.7643230557441711
	0.7642772197723389
	0.764232873916626
	0.7641900777816772
	0.7641459107398987
	0.7641032934188843
	0.7640586495399475
	0.7640150785446167
	0.7639679312705994
	0.7639228105545044
	0.7638798356056213
	0.7638392448425293
	0.7638002634048462
	0.7637512683868408
	0.7637094855308533
	0.7636644244194031
	0.7636224031448364
	0.7635820508003235
	0.7635377049446106
	0.7635012865066528
	0.763460099697113
	0.763414204120636
	0.7633642554283142
	0.7633190751075745
	0.7632761597633362
	0.7632291913032532
	0.7631879448890686
	0.7631485462188721
	0.763100802898407
	0.7630512118339539
	0.7630075216293335
	0.7629629969596863
	0.762919008731842
	0.7628749012947083
	0.7628410458564758
	0.7628030180931091
	0.7627623677253723
	0.7627244591712952
	0.7626879215240479
	0.7626504898071289
	0.7626128196716309
	0.7625731229782104
	0.762535035610199
	0.7624935507774353
	0.7624539732933044
	0.7624198794364929
	0.7623813152313232
	0.7623443603515625
	0.7623080611228943
	0.7622658610343933
	0.7622284293174744
	0.7621831297874451
	0.7621427178382874
	0.7620959877967834
	0.7620521783828735
	0.7620022892951965
	0.761966347694397
	0.7619209289550781
	0.7618785500526428
	0.7618398666381836
	0.7618010640144348
	0.7617682218551636
	0.7617266178131104
	0.7616850733757019
	0.76163649559021
	0.7616019248962402
	0.7615514397621155
	0.7615131735801697
	0.7614600658416748
	0.761420488357544
	0.7613863945007324
	0.7613490223884583
	0.76130610704422
	0.7612597942352295
	0.7612206935882568
	0.7611777782440186
	0.7611396908760071
	0.7610991597175598
	0.761062741279602
	0.7610229849815369
	0.7609835863113403
	0.76095050573349
	0.7609123587608337
	0.7608741521835327
	0.760837733745575
	0.76079922914505
	0.7607579827308655
	0.7607141137123108
	0.7606799602508545
	0.7606434226036072
	0.7606111764907837
	0.7605656981468201
	0.7605276107788086
	0.7604897618293762
	0.7604576349258423
	0.760415256023407
	0.7603766918182373
	0.7603395581245422
	0.7603046298027039
	0.7602712512016296
	0.7602347731590271
	0.7602009177207947
	0.7601612210273743
	0.7601121664047241
	0.7600832581520081
	0.7600498199462891
	0.760013222694397
	0.7599799633026123
	0.7599387764930725
	0.7599019408226013
	0.7598647475242615
	0.7598280310630798
	0.7597938179969788
	0.7597526907920837
	0.7597165107727051
	0.7596827745437622
	0.7596411108970642
	0.7596033811569214
	0.7595735192298889
	0.7595318555831909
	0.7594966888427734
	0.7594625353813171
	0.7594296932220459
	0.7593975067138672
	0.759367823600769
	0.759336531162262
	0.7592986822128296
	0.7592620849609375
	0.7592256665229797
	0.7591919302940369
	0.7591582536697388
	0.7591209411621094
	0.7590742111206055
	0.7590372562408447
	0.7590076923370361
	0.7589725852012634
	0.7589381337165833
	0.7589043378829956
	0.7588722705841064
	0.7588397264480591
	0.7588027715682983
	0.7587780356407166
	0.7587448954582214
	0.7587074637413025
	0.7586706876754761
	0.7586352825164795
	0.7586051225662231
	0.7585805654525757
	0.758545458316803
	0.7585070133209229
	0.7584714293479919
	0.7584341764450073
	0.7584065794944763
	0.758375346660614
	0.7583413124084473
	0.7583051323890686
	0.7582677006721497
	0.7582424283027649
	0.7582131624221802
	0.7581870555877686
	0.7581580281257629
	0.7581175565719604
	0.7580826282501221
	0.758048415184021
	0.7580168843269348
	0.7579787969589233
	0.7579436898231506
	0.757912814617157
	0.7578756809234619
	0.7578522562980652
	0.7578176259994507
	0.7577853798866272
	0.7577548623085022
	0.7577260732650757
	0.7576879262924194
	0.757652759552002
	0.7576249241828918
	0.7575932741165161
	0.7575662732124329
	0.7575355172157288
	0.757500946521759
	0.7574723362922668
	0.7574478387832642
	0.7574108242988586
	0.7573822140693665
	0.7573510408401489
	0.7573172450065613
	0.7572814226150513
	0.7572489380836487
	0.7572138905525208
	0.7571821808815002
	0.7571571469306946
	0.7571197748184204
	0.7570894956588745
	0.7570549249649048
	0.7570322751998901
	0.7570049166679382
	0.7569820284843445
	0.7569531202316284
	0.7569282650947571
	0.756894588470459
	0.7568718791007996
	0.756843626499176
	0.7568149566650391
	0.7567717432975769
	0.7567418217658997
	0.7567182183265686
	0.7566878795623779
	0.7566518783569336
	0.7566215395927429
	0.7565867304801941
	0.7565557360649109
	0.7565227150917053
	0.7564957737922668
	0.7564555406570435
	0.7564308047294617
	0.7564036250114441
	0.7563768625259399
	0.756340503692627
	0.7563096284866333
	0.756289005279541
	0.7562682032585144
	0.7562354207038879
	0.7562073469161987
	0.7561749815940857
	0.7561525106430054
	0.7561317682266235
	0.7561022639274597
	0.7560774087905884
	0.7560510039329529
	0.7560255527496338
	0.7560022473335266
	0.7559711337089539
	0.7559412121772766
	0.7559159994125366
	0.7558900713920593
	0.7558631300926208
	0.7558370232582092
	0.7558039426803589
	0.7557756900787354
	0.7557533383369446
	0.7557315826416016
	0.7557048797607422
	0.7556822299957275
	0.755653440952301
	0.755627453327179
	0.7555989027023315
	0.7555698752403259
	0.755540668964386
	0.7555175423622131
	0.7554856538772583
	0.7554547190666199
	0.7554289698600769
	0.7554067373275757
	0.7553756833076477
	0.7553467154502869
	0.7553216218948364
	0.7552946209907532
	0.7552734613418579
	0.7552489042282104
	0.7552227973937988
	0.7551946640014648
	0.7551648020744324
	0.755127489566803
	0.755092203617096
	0.7550617456436157
	0.755034327507019
	0.7550079822540283
	0.7549858093261719
	0.7549581527709961
	0.7549355030059814
	0.7549068331718445
	0.7548837661743164
	0.7548609972000122
	0.7548381686210632
	0.7548083662986755
	0.7547758221626282
	0.7547444701194763
	0.7547270655632019
	0.7546911239624023
	0.7546660900115967
	0.7546402215957642
	0.7546026706695557
	0.7545838356018066
	0.75455242395401
	0.7545271515846252
	0.7545002698898315
	0.7544689178466797
	0.7544389963150024
	0.754410982131958
	0.7543835043907166
	0.7543585896492004
	0.7543318867683411
	0.7543114423751831
	0.754279375076294
	0.7542577981948853
	0.7542332410812378
	0.7541998624801636
	0.7541710138320923
	0.7541518211364746
	0.7541277408599854
	0.7540994882583618
	0.7540736198425293
	0.7540522217750549
	0.7540149092674255
	0.7539871335029602
	0.7539732456207275
	0.7539429664611816
	0.7539159059524536
	0.7538888454437256
	0.7538566589355469
	0.7538298964500427
	0.753807783126831
	0.753782331943512
	0.7537582516670227
	0.75372713804245
	0.7537016272544861
	0.75368732213974
	0.7536617517471313
	0.753628671169281
	0.7536070942878723
	0.753587007522583
	0.7535640597343445
	0.7535415887832642
	0.7535190582275391
	0.7534986734390259
	0.7534794807434082
	0.753454864025116
	0.7534357905387878
	0.7534108757972717
	0.7533952593803406
	0.7533677220344543
	0.7533437609672546
	0.7533188462257385
	0.7532980442047119
	0.7532755136489868
	0.7532532811164856
	0.753230631351471
	0.7532050013542175
	0.7531874179840088
	0.753167986869812
	0.7531372904777527
	0.7531108260154724
	0.7530978918075562
	0.7530784606933594
	0.753058135509491
	0.7530405521392822
	0.7530108094215393
	0.7529862523078918
	0.7529701590538025
	0.7529355883598328
	0.752911388874054
	0.7528863549232483
	0.752861499786377
	0.7528428435325623
	0.7528231739997864
	0.7528004050254822
	0.7527762651443481
	0.7527584433555603
	0.7527333498001099
	0.7527185678482056
	0.7526947259902954
	0.752667248249054
	0.752648651599884
	0.7526252269744873
	0.7525959610939026
	0.7525776624679565
	0.7525551319122314
	0.7525386214256287
	0.7525250911712646
	0.7525043487548828
	0.7524836659431458
	0.7524677515029907
	0.7524486184120178
	0.7524203062057495
	0.752394437789917
	0.7523719668388367
	0.7523481249809265
	0.752321183681488
	0.7522966861724854
	0.7522740960121155
	0.7522516250610352
	0.7522234916687012
	0.7522042989730835
	0.7521857023239136
	0.7521659731864929
	0.7521386742591858
	0.7521169185638428
	0.7520871758460999
	0.7520642876625061
	0.7520425319671631
	0.7520389556884766
	0.752018928527832
	0.751997709274292
	0.7519839406013489
	0.7519612908363342
	0.7519423961639404
	0.7519176006317139
	0.7519004940986633
	0.7518747448921204
	0.7518503665924072
	0.7518354654312134
	0.7518151998519897
	0.751789391040802
	0.7517783641815186
	0.751748263835907
	0.7517347931861877
	0.751713752746582
	0.7516922354698181
	0.7516728639602661
	0.7516517043113708
	0.7516316175460815
	0.7516091465950012
	0.7515913248062134
	0.7515697479248047
	0.7515522837638855
	0.7515336275100708
	0.7515146136283875
	0.7514932155609131
	0.7514740228652954
	0.7514607310295105
	0.7514449954032898
	0.7514179348945618
	0.7514076232910156
	0.7513852715492249
	0.7513663172721863
	0.751341700553894
	0.7513177394866943
	0.7513061165809631
	0.7512865662574768
	0.7512556910514832
	0.7512280941009521
	0.7512109279632568
	0.7511926293373108
	0.7511773109436035
	0.7511544823646545
	0.7511345148086548
	0.7511127591133118
	0.751093327999115
	0.7510776519775391
	0.751063346862793
	0.7510351538658142
	0.7510131597518921
	0.7509855628013611
	0.7509714365005493
	0.7509556412696838
	0.7509374618530273
	0.7509235739707947
	0.7509005665779114
	0.7508870959281921
	0.7508658170700073
	0.7508469820022583
	0.7508175373077393
	0.7508049607276917
	0.7507785558700562
	0.750758707523346
	0.75074702501297
	0.7507194876670837
	0.7506996989250183
	0.7506765127182007
	0.750658392906189
	0.7506493330001831
	0.7506327629089355
	0.7506197094917297
	0.7506083846092224
	0.7505859136581421
	0.7505571842193604
	0.7505404353141785
	0.7505230903625488
	0.7505009174346924
	0.7504889369010925
	0.7504702806472778
	0.7504526376724243
	0.7504318952560425
	0.7504042387008667
	0.7503886222839355
	0.750372052192688
	0.7503541111946106
	0.7503352761268616
	0.7503204345703125
	0.7502983212471008
	0.750282347202301
	0.7502588629722595
	0.7502424716949463
	0.7502284646034241
	0.7502127885818481
	0.7501893043518066
	0.7501655220985413
	0.7501525282859802
	0.750131368637085
	0.7501161098480225
	0.7500947713851929
	0.7500671744346619
	0.7500523924827576
	0.7500317096710205
	0.7500181198120117
	0.7500085234642029
	0.749992311000824
	0.7499704360961914
	0.7499522566795349
	0.749937117099762
	0.74991375207901
	0.7499022483825684
	0.749882698059082
	0.7498680353164673
	0.7498524188995361
	0.749830961227417
	0.7498155236244202
	0.7498037815093994
	0.7497861981391907
	0.7497612237930298
	0.7497393488883972
	0.7497230768203735
	0.7497142553329468
	0.7496975660324097
	0.7496810555458069
	0.7496500611305237
	0.7496355175971985
	0.7496229410171509
	0.7496016621589661
	0.749586820602417
	0.7495704293251038
	0.7495497465133667
	0.7495269775390625
	0.7495068311691284
	0.7494879364967346
	0.7494766116142273
	0.7494658827781677
	0.7494558095932007
	0.7494420409202576
	0.7494395971298218
	0.7494250535964966
	0.7494027018547058
	0.7493893504142761
	0.7493792176246643
	0.7493557929992676
	0.7493426203727722
	0.7493318319320679
	0.7493134140968323
	0.7492926120758057
	0.7492789626121521
	0.7492675185203552
	0.7492550015449524
	0.7492419481277466
	0.7492266893386841
	0.7492157220840454
	0.7491896748542786
	0.7491763234138489
	0.7491492629051208
	0.7491365671157837
	0.7491245865821838
	0.7491047382354736
	0.749078094959259
	0.7490670680999756
	0.7490534782409668
	0.7490367889404297
	0.7490272521972656
	0.7490156292915344
	0.7489981055259705
	0.7489773035049438
	0.748963475227356
	0.7489544153213501
	0.7489482164382935
	0.7489176392555237
	0.7489100694656372
	0.7488962411880493
	0.7488812804222107
	0.7488658428192139
	0.748854398727417
	0.7488296627998352
	0.7488163113594055
	0.7487967014312744
	0.7487833499908447
	0.7487693428993225
	0.7487593293190002
	0.7487450242042542
	0.748734176158905
	0.7487258911132812
	0.7487089037895203
	0.7486974596977234
	0.7486834526062012
	0.748662531375885
	0.7486442923545837
	0.7486312389373779
	0.7486152052879333
	0.7485986948013306
	0.7485815286636353
	0.7485760450363159
	0.7485520243644714
	0.7485440373420715
	0.7485207319259644
	0.7485060691833496
	0.7484889030456543
	0.7484731078147888
	0.7484519481658936
	0.7484304308891296
	0.7484244108200073
	0.7484062314033508
	0.7483965754508972
	0.7483785152435303
	0.7483547925949097
	0.7483278512954712
	0.7483009099960327
	0.7483009099960327
	0.748292863368988
	0.7482795715332031
	0.7482699751853943
	0.7482621073722839
	0.7482532262802124
	0.7482381463050842
	0.7482228875160217
	0.7482054233551025
	0.7481981515884399
	0.7481853365898132
	0.748171329498291
	0.7481530904769897
	0.748135507106781
	0.7481169700622559
	0.7480924129486084
	0.7480759024620056
	0.7480644583702087
	0.7480520606040955
	0.7480376362800598
	0.7480286359786987
	0.7480052709579468
	0.7479822635650635
	0.7479711174964905
	0.7479513883590698
	0.747948408126831
	0.7479312419891357
	0.7479242086410522
	0.7479012608528137
	0.7478854656219482
	0.7478641867637634
	0.7478463649749756
	0.7478362321853638
	0.747822642326355
	0.7478013038635254
	0.7477846145629883
	0.7477656006813049
	0.747752845287323
	0.7477414608001709
	0.7477316856384277
	0.7477198243141174
	0.7477118372917175
	0.7476964592933655
	0.7476881146430969
	0.7476758360862732
	0.7476614117622375
	0.7476434707641602
	0.7476289868354797
	0.7476216554641724
	0.747606098651886
	0.747582197189331
	0.7475668787956238
	0.7475590705871582
	0.747551679611206
	0.747545063495636
	0.7475351691246033
	0.7475124597549438
	0.7474895715713501
	0.7474648356437683
	0.7474473118782043
	0.7474300265312195
	0.7474174499511719
	0.7474109530448914
	0.7473903298377991
	0.7473786473274231
	0.747370719909668
	0.7473462820053101
	0.7473317384719849
	0.7473214268684387
	0.7473125457763672
	0.747296929359436
	0.7472843527793884
	0.747279942035675
	0.7472690343856812
	0.7472562193870544
	0.7472460865974426
	0.747230589389801
	0.747208297252655
	0.7471905946731567
	0.7471795678138733
	0.7471699118614197
	0.7471532225608826
	0.7471405863761902
	0.7471291422843933
	0.7471166253089905
	0.7470939755439758
	0.7470791339874268
	0.7470654845237732
	0.7470498085021973
	0.7470405697822571
	0.7470176815986633
	0.7470065355300903
	0.7469964027404785
	0.7469974756240845
	0.7469876408576965
	0.7469834685325623
	0.7469650506973267
	0.746959924697876
	0.7469503283500671
	0.7469431757926941
	0.7469320297241211
	0.7469127774238586
	0.7468961477279663
	0.7468776106834412
	0.7468696236610413
	0.7468575239181519
	0.7468393445014954
	0.746839165687561
	0.7468273043632507
	0.7468180060386658
	0.7468018531799316
	0.7467916011810303
	0.7467780113220215
	0.7467696666717529
	0.7467578053474426
	0.7467500567436218
	0.7467352151870728
	0.7467146515846252
	0.746701717376709
	0.7466901540756226
	0.7466847896575928
	0.7466751933097839
	0.7466651797294617
	0.7466610074043274
	0.7466596364974976
	0.7466390132904053
	0.7466228604316711
	0.7466039657592773
	0.7465944886207581
	0.7465823292732239
	0.746575653553009
	0.7465617656707764
	0.7465446591377258
	0.7465373873710632
	0.7465305924415588
	0.7465150356292725
	0.7465127110481262
	0.7464972734451294
	0.7464835047721863
	0.7464768290519714
	0.7464561462402344
	0.7464459538459778
	0.746422290802002
	0.7464092969894409
	0.7463954091072083
	0.7463730573654175
	0.74635910987854
	0.7463396787643433
	0.7463283538818359
	0.7463216781616211
	0.7463116645812988
	0.7463067173957825
	0.7462946176528931
	0.7462754845619202
	0.7462604641914368
	0.7462543249130249
	0.7462425231933594
	0.7462288737297058
	0.7462193369865417
	0.7462123036384583
	0.7461891174316406
	0.7461755275726318
	0.7461671829223633
	0.7461492419242859
	0.7461333274841309
	0.7461163401603699
	0.7461003661155701
	0.7460916638374329
	0.7460839748382568
	0.7460658550262451
	0.746058464050293
	0.7460411787033081
	0.7460278868675232
	0.7460002303123474
	0.7459892630577087
	0.7459859251976013
	0.745979368686676
	0.7459566593170166
	0.7459457516670227
	0.7459421753883362
	0.7459381222724915
	0.7459242343902588
	0.7459065914154053
	0.7458950281143188
	0.7458839416503906
	0.7458741664886475
	0.7458655834197998
	0.7458544373512268
	0.7458558678627014
	0.7458523511886597
	0.745853066444397
	0.7458364367485046
	0.7458226680755615
	0.7458071112632751
	0.745797872543335
	0.7457918524742126
	0.7457783222198486
	0.7457736134529114
	0.7457526326179504
	0.7457422018051147
	0.7457252144813538
	0.7457255721092224
	0.7457303404808044
	0.745710551738739
	0.7456931471824646
	0.7456820011138916
	0.7456751465797424
	0.7456552982330322
	0.7456464767456055
	0.745643138885498
	0.7456257939338684
	0.745602548122406
	0.7455857396125793
	0.7455691695213318
	0.7455520629882812
	0.7455481290817261
	0.7455354332923889
	0.7455240488052368
	0.7455148696899414
	0.7454984784126282
	0.7454751133918762
	0.7454552054405212
	0.745439350605011
	0.7454258799552917
	0.7454138398170471
	0.7453874349594116
	0.7453786134719849
	0.7453703284263611
	0.7453597784042358
	0.7453482151031494
	0.7453376650810242
	0.745327889919281
	0.7453181743621826
	0.7453113794326782
	0.7453008890151978
	0.7452853918075562
	0.7452757954597473
	0.7452651262283325
	0.7452515363693237
	0.7452389597892761
	0.7452331185340881
	0.7452305555343628
	0.7452094554901123
	0.7452017664909363
	0.7451891899108887
	0.7451781034469604
	0.7451574802398682
	0.7451547980308533
	0.7451450824737549
	0.7451356649398804
	0.7451272010803223
	0.7451180815696716
	0.745103657245636
	0.7450902462005615
	0.7450886964797974
	0.7450839877128601
	0.7450706362724304
	0.7450599670410156
	0.7450604438781738
	0.7450456619262695
	0.7450335025787354
	0.745018720626831
	0.7450012564659119
	0.7449890971183777
	0.7449767589569092
	0.7449607253074646
	0.7449548840522766
	0.7449265718460083
	0.7449076175689697
	0.744899570941925
	0.7448865175247192
	0.7448765635490417
	0.7448652386665344
	0.7448603510856628
	0.7448549866676331
	0.7448397278785706
	0.7448254227638245
	0.7448136210441589
	0.7447955012321472
	0.7447832226753235
	0.7447665333747864
	0.7447553277015686
	0.7447332143783569
	0.7447242140769958
	0.7446997761726379
	0.7446929216384888
	0.7446795701980591
	0.7446686029434204
	0.7446539402008057
	0.7446572184562683
	0.7446509003639221
	0.7446376085281372
	0.7446260452270508
	0.7446179986000061
	0.7445986270904541
	0.7445955872535706
	0.7445821762084961
	0.7445714473724365
	0.7445737719535828
	0.7445688843727112
	0.7445546388626099
	0.744550347328186
	0.74454265832901
	0.7445328235626221
	0.7445234656333923
	0.7445189952850342
	0.7445038557052612
	0.7444955110549927
	0.74449223279953
	0.7444885969161987
	0.7444871068000793
	0.7444826364517212
	0.7444725036621094
	0.7444652318954468
	0.7444566488265991
	0.7444467544555664
	0.7444354891777039
	0.7444262504577637
	0.7444114089012146
	0.7443983554840088
	0.7443930506706238
	0.7443879246711731
	0.7443833947181702
	0.7443735003471375
	0.7443662285804749
	0.7443456053733826
	0.7443253993988037
	0.7443047761917114
	0.7442904710769653
	0.7442798018455505
	0.7442612051963806
	0.7442587018013
	0.7442518472671509
	0.7442443370819092
	0.7442355155944824
	0.7442252039909363
	0.7442154884338379
	0.7442086338996887
	0.7441929578781128
	0.7441782355308533
	0.7441693544387817
	0.7441633343696594
	0.7441553473472595
	0.7441396713256836
	0.7441331148147583
	0.7441262602806091
	0.7441208362579346
	0.7441139817237854
	0.744097888469696
	0.7440869808197021
	0.7440747618675232
	0.7440646290779114
	0.7440637350082397
	0.744053840637207
	0.7440353035926819
	0.7440199851989746
	0.7440069913864136
	0.7439939379692078
	0.7439868450164795
	0.7439807653427124
	0.7439565062522888
	0.7439548373222351
	0.7439521551132202
	0.7439336776733398
	0.7439174056053162
	0.7439011335372925
	0.7438927888870239
	0.7438943982124329
	0.7438725233078003
	0.7438653707504272
	0.7438628673553467
	0.7438593506813049
	0.7438449859619141
	0.7438337802886963
	0.7438138723373413
	0.7438111305236816
	0.7438041567802429
	0.7437935471534729
	0.7437804341316223
	0.7437626719474792
	0.7437543869018555
	0.7437402606010437
	0.7437361478805542
	0.7437319755554199
	0.743719756603241
	0.7437039613723755
	0.7436918616294861
	0.7436818480491638
	0.743679940700531
	0.743671178817749
	0.743652880191803
	0.7436459064483643
	0.7436297535896301
	0.7436121106147766
	0.7436091899871826
	0.7435948848724365
	0.7435906529426575
	0.7435810565948486
	0.7435766458511353
	0.743560254573822
	0.7435497045516968
	0.743539035320282
	0.7435312867164612
	0.7435109615325928
	0.7435055375099182
	0.7435067892074585
	0.743506908416748
	0.7435038685798645
	0.743488073348999
	0.7434757947921753
	0.7434641122817993
	0.7434536814689636
	0.7434394359588623
	0.7434332370758057
	0.743423342704773
	0.743415355682373
	0.7434120774269104
	0.7434040307998657
	0.7434024214744568
	0.743384599685669
	0.7433695793151855
	0.743353009223938
	0.7433408498764038
	0.743328869342804
	0.7433162927627563
	0.7433050870895386
	0.7432975769042969
	0.7432942986488342
	0.7432829141616821
	0.7432681918144226
	0.7432585954666138
	0.7432567477226257
	0.7432595491409302
	0.7432552576065063
	0.7432520985603333
	0.7432342767715454
	0.7432277798652649
	0.7432183623313904
	0.7432112097740173
	0.7431967258453369
	0.743188738822937
	0.7431781888008118
	0.743172287940979
	0.7431603074073792
	0.7431480288505554
	0.7431276440620422
	0.7431177496910095
	0.7430986166000366
	0.7430813908576965
	0.743064284324646
	0.743060290813446
	0.7430523037910461
	0.7430515289306641
	0.7430421710014343
	0.7430406808853149
	0.7430388927459717
	0.7430209517478943
	0.7430146336555481
	0.7430096864700317
	0.7430045008659363
	0.7430087327957153
	0.743004560470581
	0.74300217628479
	0.7429924607276917
	0.742971658706665
	0.742963969707489
	0.7429580688476562
	0.7429568767547607
	0.7429442405700684
	0.7429383397102356
	0.7429379820823669
	0.7429276704788208
	0.7429221272468567
	0.7429036498069763
	0.7428871989250183
	0.7428791522979736
	0.7428690195083618
	0.7428677082061768
	0.7428606152534485
	0.7428433299064636
	0.7428368330001831
	0.7428429126739502
	0.7428366541862488
	0.7428202629089355
	0.7428111433982849
	0.7428091764450073
	0.7427966594696045
	0.7427853941917419
	0.742770254611969
	0.7427595853805542
	0.7427470684051514
	0.7427318096160889
	0.742731511592865
	0.7427240610122681
	0.742706835269928
	0.7426988482475281
	0.7426976561546326
	0.7426944375038147
	0.7426761984825134
	0.7426699995994568
	0.742669403553009
	0.742662250995636
	0.7426565885543823
	0.7426465153694153
	0.7426350712776184
	0.7426371574401855
	0.74262535572052
	0.7426212430000305
	0.7426169514656067
	0.7426003217697144
	0.7425874471664429
	0.7425775527954102
	0.7425717711448669
	0.7425439357757568
	0.7425392866134644
	0.7425249218940735
	0.7425116300582886
	0.7424939870834351
	0.7424840331077576
	0.7424789667129517
	0.7424694895744324
	0.7424632906913757
	0.742460310459137
	0.7424606680870056
	0.7424565553665161
	0.7424463033676147
	0.7424336671829224
	0.7424282431602478
	0.7424216270446777
	0.7424162030220032
	0.7424124479293823
	0.7424013018608093
	0.7423988580703735
	0.7423959970474243
	0.7423923015594482
	0.7423846125602722
	0.7423737049102783
	0.7423626780509949
	0.742347776889801
	0.7423354983329773
	0.7423153519630432
	0.7423103451728821
	0.742307722568512
	0.7423113584518433
	0.7423091530799866
	0.7422904372215271
	0.7422789931297302
	0.7422761917114258
	0.7422663569450378
	0.7422571182250977
	0.7422420978546143
	0.7422289848327637
	0.7422218918800354
	0.742215633392334
	0.7422146797180176
	0.7422048449516296
	0.7421994805335999
	0.7421814799308777
	0.7421824932098389
	0.7421683073043823
	0.742163896560669
	0.7421581149101257
	0.7421463131904602
	0.7421344518661499
	0.742129921913147
	0.7421257495880127
	0.7421135902404785
	0.7421020269393921
	0.7420837879180908
	0.7420682907104492
	0.7420606017112732
	0.742048442363739
	0.7420248985290527
	0.742013692855835
	0.7420065402984619
	0.7420017123222351
	0.7419909238815308
	0.74198979139328
	0.7419876456260681
	0.7419871687889099
	0.7419710159301758
	0.7419659495353699
	0.741960346698761
	0.7419609427452087
	0.7419481873512268
	0.7419376969337463
	0.741936206817627
	0.7419286370277405
	0.74192214012146
	0.7419111132621765
	0.7419069409370422
	0.7418842911720276
	0.7418719530105591
	0.7418628931045532
	0.7418538331985474
	0.7418494820594788
	0.7418470978736877
	0.7418407201766968
	0.7418288588523865
	0.7418263554573059
	0.741818368434906
	0.7418115735054016
	0.7417919635772705
	0.7417857646942139
	0.7417820692062378
	0.7417729496955872
	0.7417656183242798
	0.741761326789856
	0.7417557835578918
	0.741750180721283
	0.7417413592338562
	0.7417335510253906
	0.7417327165603638
	0.7417254447937012
	0.7417200803756714
	0.7417036890983582
	0.7417053580284119
	0.741690993309021
	0.7416875958442688
	0.7416794896125793
	0.7416654229164124
	0.7416605353355408
	0.7416551113128662
	0.741646945476532
	0.7416409850120544
	0.7416432499885559
	0.7416259050369263
	0.7416232228279114
	0.7416108846664429
	0.7415967583656311
	0.7415905594825745
	0.7415752410888672
	0.741579532623291
	0.7415704131126404
	0.7415498495101929
	0.7415476441383362
	0.7415457367897034
	0.7415460348129272
	0.741543710231781
	0.7415438890457153
	0.7415398359298706
	0.7415245771408081
	0.741521418094635
	0.7415212988853455
	0.7415183782577515
	0.7415176033973694
	0.7415179014205933
	0.7415146231651306
	0.741506814956665
	0.7415013313293457
	0.7414882183074951
	0.7414897680282593
	0.7414870858192444
	0.7414714097976685
	0.7414703369140625
	0.7414574027061462
	0.7414318323135376
	0.7414215207099915
]