[
	1.0465134382247925
	1.0464487075805664
	1.046365737915039
	1.0462746620178223
	1.0461843013763428
	1.046102523803711
	1.0460295677185059
	1.0459513664245605
	1.0458858013153076
	1.0458009243011475
	1.0457240343093872
	1.0456429719924927
	1.0455602407455444
	1.0454847812652588
	1.0454052686691284
	1.0453308820724487
	1.0452582836151123
	1.045163869857788
	1.045098066329956
	1.0450223684310913
	1.0449466705322266
	1.044865608215332
	1.0448049306869507
	1.0447386503219604
	1.0446730852127075
	1.0445927381515503
	1.0445252656936646
	1.0443918704986572
	1.044268250465393
	1.0441513061523438
	1.044028401374817
	1.0439156293869019
	1.0438034534454346
	1.043694257736206
	1.043567419052124
	1.0434439182281494
	1.043343186378479
	1.0432353019714355
	1.0431195497512817
	1.043019413948059
	1.042909860610962
	1.0427942276000977
	1.04267418384552
	1.0425690412521362
	1.04245126247406
	1.042336106300354
	1.0422214269638062
	1.0421178340911865
	1.042022943496704
	1.0419031381607056
	1.041793942451477
	1.0416985750198364
	1.0415958166122437
	1.0414915084838867
	1.041395902633667
	1.0412882566452026
	1.0411947965621948
	1.041089415550232
	1.0409799814224243
	1.040866494178772
	1.040754795074463
	1.0406603813171387
	1.0405480861663818
	1.0404325723648071
	1.0403351783752441
	1.040237307548523
	1.0401437282562256
	1.0400418043136597
	1.0399349927902222
	1.0398378372192383
	1.0397228002548218
	1.0396134853363037
	1.0395300388336182
	1.0394333600997925
	1.0393399000167847
	1.0392464399337769
	1.0391441583633423
	1.0390537977218628
	1.0389373302459717
	1.0388545989990234
	1.0387539863586426
	1.0386602878570557
	1.038584589958191
	1.038490653038025
	1.0384020805358887
	1.038303017616272
	1.0382132530212402
	1.0381345748901367
	1.0380557775497437
	1.0379765033721924
	1.037888526916504
	1.0378131866455078
	1.0377120971679688
	1.037610411643982
	1.0375186204910278
	1.0374318361282349
	1.0373467206954956
	1.0372552871704102
	1.0371781587600708
	1.0370861291885376
	1.0369871854782104
	1.0368982553482056
	1.0368155241012573
	1.036712646484375
	1.0366276502609253
	1.0365355014801025
	1.036453127861023
	1.0363562107086182
	1.036259412765503
	1.036171793937683
	1.0360842943191528
	1.0359911918640137
	1.0359160900115967
	1.0358288288116455
	1.0357261896133423
	1.0356438159942627
	1.0355581045150757
	1.035479187965393
	1.0353796482086182
	1.035295844078064
	1.0352036952972412
	1.035134196281433
	1.035058617591858
	1.0349878072738647
	1.034899353981018
	1.0348105430603027
	1.034726858139038
	1.0346322059631348
	1.0345622301101685
	1.0344830751419067
	1.0343782901763916
	1.034294843673706
	1.0342166423797607
	1.0341267585754395
	1.0340365171432495
	1.0339642763137817
	1.0338727235794067
	1.0337942838668823
	1.0337121486663818
	1.0336273908615112
	1.0335500240325928
	1.0334594249725342
	1.0333995819091797
	1.033318281173706
	1.0332386493682861
	1.0331636667251587
	1.033078670501709
	1.0329945087432861
	1.0329217910766602
	1.0328373908996582
	1.032753825187683
	1.0326827764511108
	1.0326154232025146
	1.0325461626052856
	1.0324755907058716
	1.0324170589447021
	1.0323489904403687
	1.032263159751892
	1.0321944952011108
	1.0321288108825684
	1.0320602655410767
	1.0319846868515015
	1.0318925380706787
	1.031818151473999
	1.031736969947815
	1.0316518545150757
	1.031569242477417
	1.0314933061599731
	1.0314252376556396
	1.0313485860824585
	1.0312771797180176
	1.0312100648880005
	1.0311329364776611
	1.0310484170913696
	1.0309791564941406
	1.03089439868927
	1.030805230140686
	1.030730962753296
	1.0306648015975952
	1.0305986404418945
	1.030518651008606
	1.0304429531097412
	1.0303651094436646
	1.030295968055725
	1.0302194356918335
	1.030149221420288
	1.0300880670547485
	1.0300164222717285
	1.0299519300460815
	1.0298763513565063
	1.0297963619232178
	1.0297297239303589
	1.0296623706817627
	1.029584527015686
	1.0295296907424927
	1.0294631719589233
	1.029382348060608
	1.029308795928955
	1.029229760169983
	1.0291770696640015
	1.029097318649292
	1.0290287733078003
	1.0289535522460938
	1.028887152671814
	1.0288169384002686
	1.0287443399429321
	1.0286717414855957
	1.028597116470337
	1.0285260677337646
	1.0284538269042969
	1.028371810913086
	1.0283116102218628
	1.0282400846481323
	1.0281668901443481
	1.028090238571167
	1.0280253887176514
	1.0279576778411865
	1.0278888940811157
	1.0278197526931763
	1.027756929397583
	1.0276885032653809
	1.0276139974594116
	1.027550458908081
	1.0274853706359863
	1.027405023574829
	1.0273455381393433
	1.0272730588912964
	1.0272023677825928
	1.0271191596984863
	1.0270477533340454
	1.0269824266433716
	1.0269027948379517
	1.0268328189849854
	1.0267682075500488
	1.026703953742981
	1.0266284942626953
	1.026573657989502
	1.0265055894851685
	1.0264333486557007
	1.0263564586639404
	1.0262997150421143
	1.0262271165847778
	1.0261727571487427
	1.0260971784591675
	1.0260350704193115
	1.0259745121002197
	1.0258992910385132
	1.0258476734161377
	1.0257900953292847
	1.0257269144058228
	1.0256597995758057
	1.0255917310714722
	1.0255235433578491
	1.025457739830017
	1.0253963470458984
	1.0253386497497559
	1.0252724885940552
	1.0252113342285156
	1.0251349210739136
	1.0250598192214966
	1.024996042251587
	1.0249395370483398
	1.0248676538467407
	1.024794340133667
	1.0247300863265991
	1.0246636867523193
	1.0245877504348755
	1.024519443511963
	1.0244510173797607
	1.0243788957595825
	1.0243158340454102
	1.0242458581924438
	1.0241836309432983
	1.0241239070892334
	1.024054765701294
	1.0239877700805664
	1.0239174365997314
	1.0238512754440308
	1.023803472518921
	1.0237470865249634
	1.0236831903457642
	1.0236238241195679
	1.0235590934753418
	1.023477554321289
	1.0233986377716064
	1.0233166217803955
	1.0232617855072021
	1.0231996774673462
	1.0231329202651978
	1.0230673551559448
	1.0230001211166382
	1.0229429006576538
	1.022869348526001
	1.0228004455566406
	1.0227376222610474
	1.0226776599884033
	1.0226179361343384
	1.0225321054458618
	1.0224765539169312
	1.0224093198776245
	1.022330641746521
	1.0222574472427368
	1.0221941471099854
	1.0221198797225952
	1.0220510959625244
	1.0219765901565552
	1.0219157934188843
	1.0218496322631836
	1.0217934846878052
	1.0217254161834717
	1.0216665267944336
	1.021607518196106
	1.0215460062026978
	1.0214993953704834
	1.0214256048202515
	1.021373987197876
	1.021314263343811
	1.0212634801864624
	1.0212030410766602
	1.0211262702941895
	1.0210648775100708
	1.021011233329773
	1.0209544897079468
	1.0208890438079834
	1.0208216905593872
	1.020756483078003
	1.0207030773162842
	1.0206354856491089
	1.020563006401062
	1.0204910039901733
	1.02042818069458
	1.0203814506530762
	1.0203214883804321
	1.0202521085739136
	1.0202012062072754
	1.0201282501220703
	1.0200693607330322
	1.0199934244155884
	1.019920825958252
	1.019860863685608
	1.0198049545288086
	1.0197278261184692
	1.0196613073349
	1.0196031332015991
	1.0195488929748535
	1.0194950103759766
	1.0194449424743652
	1.0193878412246704
	1.0193426609039307
	1.0192842483520508
	1.0192360877990723
	1.0191823244094849
	1.0191165208816528
	1.0190496444702148
	1.0189847946166992
	1.0189213752746582
	1.0188779830932617
	1.0188026428222656
	1.0187256336212158
	1.0186752080917358
	1.0186055898666382
	1.0185490846633911
	1.018499493598938
	1.0184322595596313
	1.0183558464050293
	1.0182996988296509
	1.0182181596755981
	1.0181586742401123
	1.0181093215942383
	1.0180405378341675
	1.0179675817489624
	1.017911434173584
	1.0178543329238892
	1.0177857875823975
	1.0177280902862549
	1.0176554918289185
	1.0175914764404297
	1.0175479650497437
	1.0175021886825562
	1.0174390077590942
	1.0173782110214233
	1.0173250436782837
	1.017266869544983
	1.0171928405761719
	1.0171300172805786
	1.0170698165893555
	1.0170150995254517
	1.0169504880905151
	1.0168941020965576
	1.0168193578720093
	1.016768217086792
	1.0167253017425537
	1.0166754722595215
	1.016611933708191
	1.0165355205535889
	1.0164852142333984
	1.0164337158203125
	1.0163689851760864
	1.0163061618804932
	1.0162533521652222
	1.0162060260772705
	1.0161550045013428
	1.016091227531433
	1.016048789024353
	1.0159928798675537
	1.0159341096878052
	1.015893816947937
	1.01582670211792
	1.0157734155654907
	1.0157244205474854
	1.0156528949737549
	1.0156060457229614
	1.0155383348464966
	1.015481948852539
	1.0154147148132324
	1.0153535604476929
	1.0153154134750366
	1.0152218341827393
	1.0151633024215698
	1.0151113271713257
	1.0150551795959473
	1.0149976015090942
	1.014944314956665
	1.014878511428833
	1.0148311853408813
	1.0147802829742432
	1.0147346258163452
	1.014678955078125
	1.014624834060669
	1.014557957649231
	1.0144866704940796
	1.0144364833831787
	1.0143970251083374
	1.0143216848373413
	1.0142688751220703
	1.0142015218734741
	1.0141328573226929
	1.0140693187713623
	1.0139951705932617
	1.013932466506958
	1.0138685703277588
	1.013809084892273
	1.0137391090393066
	1.0136781930923462
	1.0136260986328125
	1.0135685205459595
	1.0134999752044678
	1.0134551525115967
	1.0133899450302124
	1.0133379697799683
	1.0133056640625
	1.013249158859253
	1.0131992101669312
	1.0131462812423706
	1.0130953788757324
	1.0130265951156616
	1.012961506843567
	1.0128998756408691
	1.0128422975540161
	1.0127832889556885
	1.0127180814743042
	1.0126659870147705
	1.0125998258590698
	1.0125218629837036
	1.0124565362930298
	1.0124077796936035
	1.0123398303985596
	1.012286901473999
	1.0122311115264893
	1.0121781826019287
	1.0121146440505981
	1.012038230895996
	1.011993408203125
	1.0119476318359375
	1.0118893384933472
	1.0118331909179688
	1.011764645576477
	1.0117149353027344
	1.011659860610962
	1.0115975141525269
	1.0115389823913574
	1.0114827156066895
	1.0114479064941406
	1.0113835334777832
	1.0113303661346436
	1.0112802982330322
	1.011215329170227
	1.0111750364303589
	1.0111359357833862
	1.011086344718933
	1.0110270977020264
	1.0109596252441406
	1.0109138488769531
	1.010854721069336
	1.0108050107955933
	1.0107500553131104
	1.0107003450393677
	1.0106384754180908
	1.0105843544006348
	1.0105277299880981
	1.0104869604110718
	1.0104303359985352
	1.0103493928909302
	1.0102887153625488
	1.0102230310440063
	1.0101662874221802
	1.0101267099380493
	1.0100806951522827
	1.0100435018539429
	1.0099846124649048
	1.0099530220031738
	1.0098835229873657
	1.009832739830017
	1.0097687244415283
	1.0097213983535767
	1.0096582174301147
	1.009609341621399
	1.0095518827438354
	1.00950026512146
	1.009461760520935
	1.0094159841537476
	1.0093568563461304
	1.0093047618865967
	1.009263038635254
	1.0092084407806396
	1.009164810180664
	1.0091218948364258
	1.009073257446289
	1.0090303421020508
	1.0089772939682007
	1.0089224576950073
	1.0088779926300049
	1.0088194608688354
	1.0087811946868896
	1.0087167024612427
	1.0086538791656494
	1.008602499961853
	1.008538007736206
	1.0084975957870483
	1.0084764957427979
	1.0084306001663208
	1.0083690881729126
	1.0083190202713013
	1.0082708597183228
	1.0082242488861084
	1.008132815361023
	1.0080984830856323
	1.0080403089523315
	1.0079865455627441
	1.0079336166381836
	1.007888674736023
	1.007828950881958
	1.0077755451202393
	1.0077179670333862
	1.007649540901184
	1.007583498954773
	1.0075095891952515
	1.0074619054794312
	1.007413387298584
	1.0073716640472412
	1.0073271989822388
	1.0072799921035767
	1.0072312355041504
	1.0071837902069092
	1.007135272026062
	1.0070915222167969
	1.0070335865020752
	1.0069847106933594
	1.006935954093933
	1.006894826889038
	1.0068451166152954
	1.0067728757858276
	1.0067421197891235
	1.0066847801208496
	1.0066393613815308
	1.0065962076187134
	1.0065584182739258
	1.006505012512207
	1.0064606666564941
	1.0064140558242798
	1.0063437223434448
	1.0062984228134155
	1.0062514543533325
	1.0061839818954468
	1.0061445236206055
	1.0060983896255493
	1.0060603618621826
	1.0060234069824219
	1.0059868097305298
	1.0059213638305664
	1.0058605670928955
	1.0058072805404663
	1.0057681798934937
	1.0057293176651
	1.0056726932525635
	1.0056170225143433
	1.0055809020996094
	1.0055516958236694
	1.0054852962493896
	1.005432367324829
	1.0053857564926147
	1.00532865524292
	1.0052950382232666
	1.0052462816238403
	1.0051965713500977
	1.0051685571670532
	1.00511634349823
	1.0050705671310425
	1.0050323009490967
	1.0049837827682495
	1.0049433708190918
	1.004888892173767
	1.0048460960388184
	1.0048034191131592
	1.004740834236145
	1.0047013759613037
	1.004650592803955
	1.0046179294586182
	1.0045616626739502
	1.0045208930969238
	1.0044618844985962
	1.0043944120407104
	1.0043588876724243
	1.0043189525604248
	1.0042812824249268
	1.0042296648025513
	1.0041509866714478
	1.0041158199310303
	1.0040769577026367
	1.0040454864501953
	1.0040130615234375
	1.0039616823196411
	1.0039246082305908
	1.00387704372406
	1.0038301944732666
	1.0037710666656494
	1.003738284111023
	1.003670573234558
	1.0036238431930542
	1.0035828351974487
	1.0035178661346436
	1.003462553024292
	1.003427267074585
	1.0033761262893677
	1.0033289194107056
	1.0032985210418701
	1.0032360553741455
	1.0031957626342773
	1.0031509399414062
	1.0030983686447144
	1.0030462741851807
	1.0029900074005127
	1.0029523372650146
	1.0029053688049316
	1.0028554201126099
	1.0028185844421387
	1.0027869939804077
	1.0027340650558472
	1.0026710033416748
	1.0026155710220337
	1.002561330795288
	1.0025017261505127
	1.0024511814117432
	1.0024151802062988
	1.0023775100708008
	1.002335548400879
	1.002288818359375
	1.002229928970337
	1.0022035837173462
	1.0021557807922363
	1.0020900964736938
	1.0020347833633423
	1.0019879341125488
	1.00197172164917
	1.0019044876098633
	1.0018587112426758
	1.0018231868743896
	1.001779317855835
	1.001739263534546
	1.0016989707946777
	1.0016628503799438
	1.0016180276870728
	1.0015602111816406
	1.001514196395874
	1.0014662742614746
	1.0014240741729736
	1.0013774633407593
	1.0013090372085571
	1.0012831687927246
	1.001242995262146
	1.0011956691741943
	1.001165509223938
	1.0011415481567383
	1.0010961294174194
	1.001051425933838
	1.0009955167770386
	1.0009641647338867
	1.0009204149246216
	1.0008734464645386
	1.000832200050354
	1.0007789134979248
	1.0007166862487793
	1.0006444454193115
	1.0005935430526733
	1.0005179643630981
	1.0004900693893433
	1.0004379749298096
	1.000381350517273
	1.0003390312194824
	1.0003085136413574
	1.0002714395523071
	1.0002268552780151
	1.0001741647720337
	1.0001237392425537
	1.0000739097595215
	1.0000221729278564
	0.9999823570251465
	0.9999343156814575
	0.9998871684074402
	0.9998548626899719
	0.9998101592063904
	0.9997637271881104
	0.9997249841690063
	0.9996749758720398
	0.9996340870857239
	0.9995841979980469
	0.999553918838501
	0.9995330572128296
	0.9994696974754333
	0.9994421601295471
	0.9993724822998047
	0.9993342161178589
	0.9992969632148743
	0.9992445111274719
	0.9991883039474487
	0.9991469383239746
	0.9991066455841064
	0.9990739226341248
	0.999024510383606
	0.9989686012268066
	0.99892258644104
	0.9988744854927063
	0.9988325834274292
	0.998807966709137
	0.9987560510635376
	0.9987174868583679
	0.9986642003059387
	0.9986223578453064
	0.9985724091529846
	0.9985373020172119
	0.9985023140907288
	0.9984686970710754
	0.9984164834022522
	0.998371958732605
	0.998335599899292
	0.9983034729957581
	0.9982467889785767
	0.9981857538223267
	0.9981335997581482
	0.9980789422988892
	0.9980190396308899
	0.9979759454727173
	0.997914731502533
	0.997861921787262
	0.9978190660476685
	0.99778813123703
	0.9977659583091736
	0.9977335929870605
	0.9976769685745239
	0.9976162314414978
	0.9975751638412476
	0.9975411891937256
	0.9975040555000305
	0.9974693655967712
	0.9974281787872314
	0.9973978996276855
	0.9973524212837219
	0.9973161220550537
	0.9972758889198303
	0.9972487688064575
	0.9971942901611328
	0.9971408843994141
	0.9970927834510803
	0.9970539808273315
	0.9970071911811829
	0.9969661235809326
	0.9969233870506287
	0.9968635439872742
	0.9968159794807434
	0.9967861175537109
	0.9967455267906189
	0.9966938495635986
	0.9966524839401245
	0.9965988397598267
	0.9965506196022034
	0.9964913725852966
	0.996447741985321
	0.9964104294776917
	0.9963572025299072
	0.9963140487670898
	0.9962549805641174
	0.9962111711502075
	0.996169924736023
	0.9961361289024353
	0.9960882067680359
	0.9960458278656006
	0.9959831237792969
	0.9959429502487183
	0.9959256052970886
	0.9958893060684204
	0.99586021900177
	0.9958256483078003
	0.9957724213600159
	0.9957214593887329
	0.9956574440002441
	0.9955989718437195
	0.99556565284729
	0.9955363273620605
	0.9954944849014282
	0.9954460263252258
	0.9953891038894653
	0.9953451156616211
	0.9953143000602722
	0.9952784776687622
	0.995225727558136
	0.9951584935188293
	0.9950928688049316
	0.9950531721115112
	0.9950087070465088
	0.9949687123298645
	0.994925320148468
	0.9948790669441223
	0.9948449730873108
	0.9947872161865234
	0.9947295784950256
	0.9946776628494263
	0.9946056604385376
	0.9945719838142395
	0.9945322275161743
	0.9944970607757568
	0.9944518804550171
	0.9944180250167847
	0.9943759441375732
	0.9943175315856934
	0.9942724704742432
	0.994236409664154
	0.9941985011100769
	0.9941608309745789
	0.9941045045852661
	0.9940598607063293
	0.9940138459205627
	0.9939849972724915
	0.9939407706260681
	0.9939019083976746
	0.9938610792160034
	0.9938298463821411
	0.9937830567359924
	0.9937407374382019
	0.9936966896057129
	0.9936493039131165
	0.9936106204986572
	0.9935691952705383
	0.9935206770896912
	0.9934878349304199
	0.9934506416320801
	0.9934037923812866
	0.9933523535728455
	0.9933361411094666
	0.9933046698570251
	0.9932490587234497
	0.9932043552398682
	0.993169903755188
	0.9931352138519287
	0.9930912256240845
	0.9930402636528015
	0.9930077195167542
	0.9929629564285278
	0.9929059743881226
	0.9928799271583557
	0.9928402900695801
	0.9927905797958374
	0.9927455186843872
	0.9926947355270386
	0.9926459789276123
	0.992623507976532
	0.992598831653595
	0.9925423860549927
	0.9925054907798767
	0.9924493432044983
	0.992411196231842
	0.9923816323280334
	0.9923411011695862
	0.9922999143600464
	0.9922305345535278
	0.9922019243240356
	0.9921593070030212
	0.9921212196350098
	0.9920631647109985
	0.9920347332954407
	0.9919931888580322
	0.9919472932815552
	0.9919079542160034
	0.991860568523407
	0.9918153882026672
	0.9917523264884949
	0.9917360544204712
	0.9916993975639343
	0.9916815161705017
	0.9916337132453918
	0.9915823936462402
	0.9915242195129395
	0.9914988875389099
	0.9914599657058716
	0.9914221167564392
	0.9913806319236755
	0.9913453459739685
	0.991296648979187
	0.991248369216919
	0.9911976456642151
	0.9911516904830933
	0.9911197423934937
	0.9910865426063538
	0.9910509586334229
	0.9909669160842896
	0.9909132719039917
	0.9908800721168518
	0.9908403754234314
	0.9907845854759216
	0.9907348155975342
	0.9907119274139404
	0.9906787872314453
	0.9906468987464905
	0.9905953407287598
	0.9905623197555542
	0.990540623664856
	0.9905129671096802
	0.9904569983482361
	0.9904288649559021
	0.9903721213340759
	0.9903120994567871
	0.9902727603912354
	0.990234911441803
	0.9902191758155823
	0.9901832938194275
	0.990127444267273
	0.9900688529014587
	0.9900359511375427
	0.9899798631668091
	0.9899420142173767
	0.9898751378059387
	0.989818811416626
	0.9897699356079102
	0.9897226691246033
	0.9896787405014038
	0.989623486995697
	0.9895687699317932
	0.9895054697990417
	0.9894765019416809
	0.9894400835037231
	0.9893866777420044
	0.9893460273742676
	0.9892730712890625
	0.9892000555992126
	0.9891504049301147
	0.9891157150268555
	0.989071786403656
	0.9890232682228088
	0.9889746308326721
	0.9889298677444458
	0.9888728857040405
	0.9888481497764587
	0.9888100028038025
	0.9887810945510864
	0.988763689994812
	0.9887264370918274
	0.9886926412582397
	0.988666296005249
	0.9886236190795898
	0.9886038899421692
	0.9885603189468384
	0.9885390996932983
	0.9885013699531555
	0.9884477257728577
	0.9884024262428284
	0.9883725047111511
	0.9883345365524292
	0.9883220195770264
	0.9882703423500061
	0.9882333874702454
	0.988193929195404
	0.9881518483161926
	0.9881055355072021
	0.9880947470664978
	0.9880335927009583
	0.9879868626594543
	0.9879547357559204
	0.9879187941551208
	0.9878788590431213
	0.987813413143158
	0.9877681136131287
	0.987743079662323
	0.9876989722251892
	0.9876506924629211
	0.9875826239585876
	0.9875736832618713
	0.9875456690788269
	0.9874985218048096
	0.9874626398086548
	0.9874217510223389
	0.9873777627944946
	0.987342119216919
	0.9873035550117493
	0.987242579460144
	0.9871917963027954
	0.9871365427970886
	0.9870883822441101
	0.9870614409446716
	0.9870285987854004
	0.9869964122772217
	0.9869474768638611
	0.9869190454483032
	0.9868797063827515
	0.9868243336677551
	0.9867793917655945
	0.9867544174194336
	0.9867069125175476
	0.9866799116134644
	0.9866318106651306
	0.9865938425064087
	0.986565887928009
	0.9865308403968811
	0.9864839315414429
	0.986452043056488
	0.9863917231559753
	0.9863662123680115
	0.9863231182098389
	0.986293375492096
	0.9862527847290039
	0.9862422943115234
	0.9861931204795837
	0.9861553311347961
	0.9861106276512146
	0.9860742092132568
	0.9860354065895081
	0.9859732985496521
	0.9859203100204468
	0.9858795404434204
	0.985838770866394
	0.9858173727989197
	0.9857850074768066
	0.985725462436676
	0.9856727719306946
	0.9856411814689636
	0.9855960607528687
	0.9855747222900391
	0.9855308532714844
	0.985483705997467
	0.9854456186294556
	0.9854058027267456
	0.9853783845901489
	0.9853554964065552
	0.9853100776672363
	0.9852665662765503
	0.9852131605148315
	0.9851707816123962
	0.9851090908050537
	0.9850836396217346
	0.9850642085075378
	0.9850321412086487
	0.984991192817688
	0.9849541783332825
	0.9849223494529724
	0.9848909378051758
	0.984816312789917
	0.984792172908783
	0.9847477674484253
	0.9847133159637451
	0.9846739768981934
	0.9846412539482117
	0.9846028685569763
	0.9845658540725708
	0.9845219254493713
	0.9844869375228882
	0.9844509959220886
	0.9844298958778381
	0.9843583106994629
	0.9843238592147827
	0.9842715263366699
	0.9842532873153687
	0.9842054843902588
	0.984183132648468
	0.9841377139091492
	0.9840905070304871
	0.9840649962425232
	0.9840388894081116
	0.9839978218078613
	0.9839611053466797
	0.9839400053024292
	0.9838917255401611
	0.9838585257530212
	0.9838330149650574
	0.9837789535522461
	0.9837347269058228
	0.9836999773979187
	0.9836738705635071
	0.9836472868919373
	0.9835857152938843
	0.9835658669471741
	0.9835476875305176
	0.9835192561149597
	0.9834893345832825
	0.9834441542625427
	0.9833857417106628
	0.9833401441574097
	0.9833085536956787
	0.983282208442688
	0.9832488894462585
	0.9832324981689453
	0.9831811785697937
	0.9831250905990601
	0.9830838441848755
	0.9830659031867981
	0.9830384850502014
	0.9830146431922913
	0.9829833507537842
	0.9829565286636353
	0.9829208254814148
	0.9828773736953735
	0.9828489422798157
	0.9828130006790161
	0.9827813506126404
	0.9827583432197571
	0.9827286005020142
	0.9827081561088562
	0.9826560020446777
	0.9826172590255737
	0.9825684428215027
	0.9825587272644043
	0.9825350642204285
	0.9824914932250977
	0.9824541807174683
	0.9824426770210266
	0.9824025630950928
	0.9823708534240723
	0.9823534488677979
	0.9823065400123596
	0.9822725057601929
	0.9822427034378052
	0.9822219610214233
	0.982196569442749
	0.9821485877037048
	0.9821336269378662
	0.982082724571228
	0.9820610880851746
	0.9820367097854614
	0.98200523853302
	0.9819744229316711
	0.9819375872612
	0.9819050431251526
	0.9818564057350159
	0.9818357825279236
	0.9817947149276733
	0.9817587733268738
	0.9817191362380981
	0.9816668629646301
	0.9816214442253113
	0.9815965294837952
	0.9815647006034851
	0.9815272688865662
	0.9814996719360352
	0.98145991563797
	0.981434166431427
	0.981420636177063
	0.9813914895057678
	0.981378436088562
	0.9813438057899475
	0.981318473815918
	0.9812864065170288
	0.9812452793121338
	0.9812290072441101
	0.9812081456184387
	0.9812019467353821
	0.981166660785675
	0.981143057346344
	0.9811081886291504
	0.981086254119873
	0.9810516238212585
	0.9810193181037903
	0.9809852242469788
	0.9809767007827759
	0.9809189438819885
	0.9809061288833618
	0.9808778166770935
	0.9808624982833862
	0.9808385968208313
	0.9808101058006287
	0.9807669520378113
	0.9807437062263489
	0.9807164072990417
	0.9806708097457886
	0.9806387424468994
	0.9805868268013
	0.980527937412262
	0.9804835915565491
	0.9804478287696838
	0.9803740978240967
	0.9803653955459595
	0.9803496599197388
	0.9803106188774109
	0.98028963804245
	0.9802566170692444
	0.9802232980728149
	0.9801868796348572
	0.9801395535469055
	0.9801008105278015
	0.9800734519958496
	0.9800442457199097
	0.9800179600715637
	0.9800202250480652
	0.9799838662147522
	0.9799651503562927
	0.9799284934997559
	0.9798908829689026
	0.9798437356948853
	0.9798240065574646
	0.9797812700271606
	0.9797636866569519
	0.979736864566803
	0.979708194732666
	0.9796784520149231
	0.9796586036682129
	0.9796190857887268
	0.9796014428138733
	0.9795982837677002
	0.9795592427253723
	0.9795256853103638
	0.9794837236404419
	0.9794409275054932
	0.9794195890426636
	0.9793829321861267
	0.9793598651885986
	0.9793266654014587
	0.9793043732643127
	0.9792903065681458
	0.9792690277099609
	0.9792355895042419
	0.9792162775993347
	0.9791869521141052
	0.9791459441184998
	0.979110598564148
	0.9790884852409363
	0.979074239730835
	0.9790443181991577
	0.9789837002754211
	0.9789588451385498
	0.9789407849311829
	0.9788985252380371
	0.9788570404052734
	0.9787943959236145
	0.9787650108337402
	0.9787445068359375
	0.9787145853042603
	0.9786719679832458
	0.9786244034767151
	0.9785954356193542
	0.9785627722740173
	0.9785228967666626
	0.9784868955612183
	0.9784419536590576
	0.9784097075462341
	0.9783784747123718
	0.9783461689949036
	0.978324830532074
	0.9782766699790955
	0.9782090187072754
	0.9781663417816162
	0.9781521558761597
	0.978148877620697
	0.9781270027160645
	0.9781023263931274
	0.978085994720459
	0.9780835509300232
	0.9780645370483398
	0.9780329465866089
	0.9779861569404602
	0.9779344201087952
	0.97791987657547
	0.9779025912284851
	0.9778863787651062
	0.977871835231781
	0.9778340458869934
	0.9778098464012146
	0.9777432084083557
	0.9777258038520813
	0.9777084589004517
	0.9776926636695862
	0.9776559472084045
	0.9776075482368469
	0.9775792360305786
	0.9775434136390686
	0.9775305390357971
	0.9774947166442871
	0.9774743318557739
	0.9774553179740906
	0.9774535298347473
	0.9774426221847534
	0.9774190783500671
	0.9774049520492554
	0.9773658514022827
	0.9773498177528381
	0.9773211479187012
	0.9772987365722656
	0.9772759079933167
	0.9772569537162781
	0.977247953414917
	0.9772363901138306
	0.9772394895553589
	0.9772275686264038
	0.9772242307662964
	0.9772132635116577
	0.9771873354911804
	0.9771395325660706
	0.9771057963371277
	0.9770959615707397
	0.9770787358283997
	0.9770534634590149
	0.9770244359970093
	0.9769970774650574
	0.976984977722168
	0.9769591689109802
	0.9769372940063477
	0.9769284725189209
	0.9769131541252136
	0.9768714308738708
	0.9768502116203308
	0.976839542388916
	0.9768348336219788
	0.9768224358558655
	0.9768231511116028
	0.9768078923225403
	0.9767998456954956
	0.9767674207687378
	0.9767385721206665
	0.9767134785652161
	0.9766916036605835
	0.9766815900802612
	0.9766605496406555
	0.9766232967376709
	0.976616382598877
	0.9765901565551758
	0.9765767455101013
	0.9765509963035583
	0.9765303730964661
	0.9765112996101379
	0.9764863848686218
	0.9764752984046936
	0.9764615297317505
	0.9764395356178284
	0.9764206409454346
	0.9764174222946167
	0.9763926267623901
	0.976391613483429
	0.9763695597648621
	0.9763432741165161
	0.9763444066047668
	0.9763228893280029
	0.9763267636299133
	0.976315438747406
	0.9763011932373047
	0.9762684106826782
	0.9762448072433472
	0.9762211441993713
	0.9761905074119568
	0.976184606552124
	0.9761561751365662
	0.9761404395103455
	0.9761114716529846
	0.9760940074920654
	0.9760847091674805
	0.9760574698448181
	0.9760312438011169
	0.9760115146636963
	0.9760010838508606
	0.9760039448738098
	0.975989818572998
	0.9759532809257507
	0.975946843624115
	0.9759255647659302
	0.9759039282798767
	0.975864052772522
	0.9758491516113281
	0.9758516550064087
	0.9758132696151733
	0.975786030292511
	0.9757711291313171
	0.9757264852523804
	0.975726306438446
	0.9756926894187927
	0.9756662249565125
	0.9756500720977783
	0.9756209850311279
	0.9756067395210266
	0.975580632686615
	0.9755656719207764
	0.9755329489707947
	0.9754931330680847
	0.9754831790924072
	0.9754641056060791
	0.9754412174224854
	0.9754202365875244
	0.97540682554245
	0.9753823280334473
	0.9753738641738892
	0.975342333316803
	0.9753444194793701
	0.9753216505050659
	0.9753045439720154
	0.9752833843231201
	0.975260853767395
	0.9752529859542847
	0.9752489924430847
	0.9751893877983093
	0.9751400351524353
	0.9751346111297607
	0.9751121401786804
	0.9750961661338806
	0.9750675559043884
	0.9750317931175232
	0.9750213027000427
	0.9749979972839355
	0.9749778509140015
	0.9749756455421448
	0.9749749302864075
	0.9749689102172852
	0.9749456644058228
	0.9749118685722351
	0.9748879671096802
	0.9748775362968445
	0.9748359322547913
	0.9748255014419556
	0.9747922420501709
	0.9748001098632812
	0.974793553352356
	0.9747744798660278
	0.974768340587616
	0.9747732281684875
	0.9747491478919983
	0.9747264981269836
	0.9747213125228882
	0.9747033715248108
	0.9746960401535034
	0.9746631979942322
	0.9746611714363098
	0.9746448397636414
	0.9746482968330383
	0.974638819694519
	0.974615752696991
	0.9745897054672241
	0.9745694398880005
	0.9745732545852661
	0.9745437502861023
	0.9745205044746399
	0.9744882583618164
	0.974484384059906
	0.9744709134101868
	0.9744577407836914
	0.9744388461112976
	0.9744253158569336
	0.974422812461853
	0.9744009375572205
	0.9744030833244324
	0.9743788242340088
	0.9743694067001343
	0.9743354916572571
	0.9743329286575317
	0.9743261337280273
	0.974340558052063
	0.9743236303329468
	0.9743027091026306
	0.9742932915687561
	0.9742952585220337
	0.9742857217788696
	0.9742687344551086
	0.9742410778999329
	0.9742295742034912
	0.9742220044136047
	0.974220871925354
	0.9742256999015808
	0.9742262959480286
	0.9741949439048767
	0.9741509556770325
	0.9741212725639343
	0.9741294384002686
	0.9741165637969971
	0.9740840792655945
	0.9740759134292603
	0.9740694165229797
	0.9740536212921143
	0.9740287065505981
	0.9739811420440674
	0.9739575386047363
	0.9739302396774292
	0.9739341139793396
	0.973921000957489
	0.9739013314247131
	0.9739059805870056
	0.9739049673080444
	0.9738888740539551
	0.973888635635376
	0.9738740921020508
	0.9738460183143616
	0.9738414287567139
	0.9738231897354126
	0.9738361835479736
	0.9738173484802246
	0.9738074541091919
	0.9737776517868042
	0.9737399816513062
	0.9737468957901001
	0.9737027287483215
	0.9736764430999756
	0.9736619591712952
	0.97365403175354
	0.9736509919166565
	0.9736254215240479
	0.9735956788063049
	0.9735650420188904
	0.9735274314880371
	0.9735041856765747
	0.9734904766082764
	0.9734888076782227
	0.97347491979599
	0.9734747409820557
	0.9734695553779602
	0.9734582901000977
	0.9734214544296265
	0.9734170436859131
	0.9733849167823792
	0.9733665585517883
	0.9733219146728516
	0.973321795463562
	0.9733110666275024
	0.9732930064201355
	0.9732678532600403
	0.9732475280761719
	0.9732208251953125
	0.9732012748718262
	0.9731937050819397
	0.9731998443603516
	0.9731808304786682
	0.973135769367218
	0.9731180667877197
	0.9731125235557556
	0.9731018543243408
	0.9731030464172363
	0.9730973839759827
	0.9730897545814514
	0.9730631113052368
	0.9730634689331055
	0.9730541706085205
	0.9730427265167236
	0.9730377793312073
	0.9730232357978821
	0.9729901552200317
	0.9730029702186584
	0.9730154275894165
	0.9730114340782166
	0.9730003476142883
	0.9729653000831604
	0.9729573130607605
	0.9729617834091187
	0.9729212522506714
	0.9728848934173584
	0.9728695154190063
	0.9728623032569885
	0.9728573560714722
	0.9728564023971558
	0.9728509783744812
	0.972827672958374
	0.9728089570999146
	0.9727620482444763
	0.972760021686554
	0.9727532863616943
	0.9727436900138855
	0.9727328419685364
	0.9727280139923096
	0.9727003574371338
	0.9726942181587219
	0.9726993441581726
	0.9726864099502563
	0.9726800322532654
	0.972670316696167
	0.972666323184967
	0.9726430177688599
	0.972618818283081
	0.9725987911224365
	0.972577691078186
	0.9725638031959534
	0.9725363850593567
	0.9725539088249207
	0.9725472927093506
	0.9725407361984253
	0.9725384712219238
	0.9725140929222107
	0.9725017547607422
	0.9724777340888977
	0.972465455532074
	0.9724509716033936
	0.9724545478820801
	0.9724105000495911
	0.9724112153053284
	0.9724150896072388
	0.9724189639091492
	0.9724310636520386
	0.972404956817627
	0.9724158048629761
	0.9723942875862122
	0.9723815321922302
	0.9723716974258423
	0.9723673462867737
	0.9723491668701172
	0.9723596572875977
	0.9723607301712036
	0.9723604917526245
	0.9723720550537109
	0.9723715782165527
	0.9723351001739502
	0.972337007522583
	0.9723395705223083
	0.9723492860794067
	0.9723338484764099
	0.9723406434059143
	0.9723262190818787
	0.9723260402679443
	0.9723238945007324
	0.9723184704780579
	0.9723048806190491
	0.9722877144813538
	0.9722692370414734
	0.9722809195518494
	0.9722792506217957
	0.9722853302955627
	0.972267210483551
	0.9722530841827393
	0.9722466468811035
	0.9722592830657959
	0.9722464084625244
	0.9722208976745605
	0.9722015857696533
	0.9721715450286865
	0.972161054611206
	0.9721659421920776
	0.972174346446991
	0.9721721410751343
	0.9721841216087341
	0.972194254398346
	0.9721999168395996
	0.9722126722335815
	0.9721876382827759
	0.9721755981445312
	0.9721519947052002
	0.9721779227256775
	0.9721839427947998
	0.9721801280975342
	0.9721704721450806
	0.9721764326095581
	0.9721607565879822
	0.9721696972846985
	0.9722017049789429
	0.9721865057945251
	0.9721872210502625
	0.9721683263778687
	0.9721748232841492
	0.9721630215644836
	0.9721428751945496
	0.9721720218658447
	0.9721758365631104
	0.9721813797950745
	0.9721773266792297
	0.9721609354019165
	0.9721509218215942
	0.9721437692642212
	0.9721238017082214
	0.9721248149871826
	0.9720942974090576
	0.9720966219902039
	0.9721063375473022
	0.9720922112464905
	0.9721119999885559
	0.9721145629882812
	0.9721091389656067
	0.9721015095710754
	0.9721105098724365
	0.9721270203590393
	0.9721139669418335
	0.9721160531044006
	0.9721193313598633
	0.9721056222915649
	0.9720932245254517
	0.9720831513404846
	0.9720839262008667
	0.9720721244812012
	0.9720661044120789
	0.9720360636711121
	0.9720144867897034
	0.9720269441604614
	0.9720230102539062
	0.9720295667648315
	0.9720204472541809
	0.9720420837402344
	0.972038209438324
	0.972007691860199
	0.972003161907196
	0.9720027446746826
	0.971983790397644
	0.9719623327255249
	0.9719880223274231
	0.971991240978241
	0.9719840884208679
	0.97198086977005
	0.9719820022583008
	0.9719561338424683
	0.9719569683074951
	0.9719627499580383
	0.9719340801239014
	0.971937894821167
	0.9719353914260864
	0.9719408750534058
	0.9719170331954956
	0.9719074368476868
	0.9719247221946716
	0.9719093441963196
	0.9718971848487854
	0.9718813300132751
	0.9718775749206543
	0.9718911647796631
	0.9718928337097168
	0.9718863368034363
	0.9718664884567261
	0.9718430638313293
	0.9718549847602844
	0.971866250038147
	0.9719007015228271
	0.9718958139419556
	0.9718678593635559
	0.9718456864356995
	0.9718509316444397
	0.9718547463417053
	0.971856951713562
	0.9718456864356995
	0.971829891204834
	0.9718210697174072
	0.9718173742294312
	0.9717908501625061
	0.9717938303947449
	0.9717894792556763
	0.9717760682106018
	0.971779465675354
	0.9717773199081421
	0.9717949032783508
	0.9718034267425537
	0.9718034863471985
	0.9718006253242493
	0.9717829823493958
	0.9717967510223389
	0.9718089699745178
	0.9717867374420166
	0.9717699885368347
	0.9717574715614319
	0.971775472164154
	0.971762478351593
	0.9717621207237244
	0.97173011302948
	0.9717066884040833
	0.9717184901237488
	0.9717229008674622
	0.9717217087745667
	0.971721887588501
	0.9717215895652771
	0.9717283248901367
	0.9717162847518921
	0.9717379212379456
	0.9717463850975037
	0.9717708826065063
	0.9717517495155334
	0.971729576587677
	0.971714198589325
	0.9717124104499817
	0.971700131893158
	0.9716818928718567
	0.9716919660568237
	0.9716814756393433
	0.9716925024986267
	0.9716887474060059
	0.9716851711273193
	0.9716979265213013
	0.9716957211494446
	0.97170090675354
	0.9716901779174805
	0.9716776609420776
	0.9716596007347107
	0.9716696739196777
	0.9716542959213257
	0.9716565012931824
	0.9716601967811584
	0.9716783761978149
	0.971696674823761
	0.9716984629631042
	0.9717209935188293
	0.9717353582382202
	0.971721351146698
	0.9717331528663635
	0.971728503704071
	0.9717249870300293
	0.9717276692390442
	0.9717350602149963
	0.9717417359352112
	0.9717498421669006
	0.9717386364936829
	0.9717371463775635
	0.971750795841217
	0.9717551469802856
	0.9717438220977783
	0.9717285633087158
	0.9717013239860535
	0.9716770052909851
	0.9717022776603699
	0.9717081785202026
	0.9717073440551758
	0.9716960191726685
	0.9716723561286926
	0.9716676473617554
	0.971685528755188
	0.9716927409172058
	0.971657395362854
	0.9716416597366333
	0.9716145396232605
	0.9715959429740906
	0.9715899229049683
	0.9715908765792847
	0.9715889692306519
	0.9716005921363831
	0.9715995192527771
	0.9716101288795471
	0.9716072082519531
	0.9716038703918457
	0.9716142416000366
	0.9716382026672363
	0.9716475605964661
	0.9716429710388184
	0.9716495871543884
	0.9715982675552368
	0.9716081023216248
	0.9716105461120605
	0.9716039896011353
	0.9716233611106873
	0.9716346859931946
	0.9716284871101379
	0.9716439843177795
	0.9716647863388062
	0.9716615676879883
	0.9716602563858032
	0.9716466069221497
	0.971662163734436
	0.9716696739196777
	0.9716191291809082
	0.9716377258300781
	0.9716519713401794
	0.9716477990150452
	0.9716386795043945
	0.9716220498085022
	0.9716347455978394
	0.9716419577598572
	0.9716499447822571
	0.9716596603393555
	0.9716594219207764
	0.9716588854789734
	0.9716651439666748
	0.9716599583625793
	0.9716641306877136
	0.9716312289237976
	0.9716259837150574
	0.9716249704360962
	0.9716420769691467
	0.9716589450836182
	0.9716619253158569
	0.9716691970825195
	0.9716674089431763
	0.9716699719429016
	0.9716675281524658
	0.9716756343841553
	0.9716972708702087
	0.9716976881027222
	0.9716919660568237
	0.9716833233833313
	0.971675455570221
	0.9716629385948181
	0.9716580510139465
	0.9716460108757019
	0.9716600775718689
	0.9716629385948181
	0.9716546535491943
	0.9716580510139465
	0.9716649651527405
	0.9716558456420898
	0.9716453552246094
	0.9716504216194153
	0.9716368317604065
	0.9716175198554993
	0.9716257452964783
	0.9716159105300903
	0.9716265201568604
	0.9716365337371826
	0.9716418981552124
	0.9716082811355591
	0.9716167449951172
	0.9716461300849915
	0.9716532826423645
	0.9716637134552002
	0.9716554284095764
	0.971655547618866
	0.9716437458992004
	0.9716343283653259
	0.971640408039093
	0.9716653823852539
	0.9716461896896362
	0.9716616272926331
	0.9716706871986389
	0.9716669917106628
	0.9716820120811462
	0.971700131893158
	0.9716895222663879
	0.9716706275939941
	0.971648097038269
	0.9716573357582092
	0.9716895222663879
	0.9716734290122986
	0.9716784954071045
	0.9716646671295166
	0.9716795086860657
	0.9716858863830566
	0.9716662764549255
	0.9716688990592957
	0.9716728329658508
	0.9716914296150208
	0.9716986417770386
	0.971711277961731
	0.9717060923576355
	0.9717060923576355
	0.9717002511024475
	0.9717020392417908
	0.9717035889625549
	0.9717298150062561
	0.9717648029327393
	0.9717774987220764
	0.9717901945114136
	0.97178053855896
	0.9717565774917603
	0.9717516899108887
	0.9717419743537903
	0.9717264771461487
	0.9717181921005249
	0.9717235565185547
	0.9717282056808472
	0.9717506766319275
	0.9717336893081665
	0.9717349410057068
	0.9717428088188171
	0.9717328548431396
	0.9717168807983398
	0.9717017412185669
	0.9717034101486206
	0.9716970920562744
	0.9716846942901611
	0.9716917276382446
	0.9716935157775879
	0.9716821312904358
	0.9716683030128479
	0.9716655015945435
	0.9716664552688599
	0.9716672301292419
	0.9716660976409912
	0.9716487526893616
	0.9716641902923584
	0.9716641902923584
	0.9716494083404541
	0.9716455936431885
	0.9716541767120361
	0.9716501832008362
	0.9716382622718811
	0.971610426902771
	0.971619725227356
	0.9716350436210632
	0.971652626991272
	0.9716571569442749
	0.971668541431427
	0.9716780781745911
	0.9716886878013611
	0.9716545343399048
	0.9716517925262451
]