[
	0.6828679442405701
	0.6828016042709351
	0.6826757788658142
	0.6825664639472961
	0.6824396252632141
	0.6823095679283142
	0.6821885108947754
	0.6820844411849976
	0.6819795370101929
	0.6818645596504211
	0.6817435026168823
	0.6816546320915222
	0.6815467476844788
	0.6814450025558472
	0.6813341379165649
	0.6812054514884949
	0.6810541152954102
	0.6809355616569519
	0.6808250546455383
	0.6807279586791992
	0.6806089878082275
	0.6805019974708557
	0.6804317831993103
	0.6803105473518372
	0.6802072525024414
	0.6800937652587891
	0.6799690127372742
	0.6798639297485352
	0.6797510385513306
	0.6796307563781738
	0.679527759552002
	0.6794236898422241
	0.679338276386261
	0.6792353391647339
	0.6791475415229797
	0.679034411907196
	0.6789218187332153
	0.6788301467895508
	0.6787447929382324
	0.6786417961120605
	0.6785659790039062
	0.6784732937812805
	0.6783957481384277
	0.6783050894737244
	0.6782236099243164
	0.6781179308891296
	0.6780345439910889
	0.6779432892799377
	0.6778432130813599
	0.6777650713920593
	0.6776666641235352
	0.6775640845298767
	0.6774872541427612
	0.6774057745933533
	0.6773317456245422
	0.6772481203079224
	0.6771928668022156
	0.6771248579025269
	0.677044153213501
	0.676964282989502
	0.6768910884857178
	0.6767866015434265
	0.676710844039917
	0.6766283512115479
	0.6765431761741638
	0.6764621734619141
	0.676392674446106
	0.6763074994087219
	0.676237165927887
	0.6761606931686401
	0.6760929226875305
	0.6760253310203552
	0.6759644746780396
	0.6759069561958313
	0.6758447289466858
	0.6757757663726807
	0.6757006645202637
	0.6756393909454346
	0.6755737066268921
	0.6755173206329346
	0.675445020198822
	0.6753804683685303
	0.6753110289573669
	0.6752484440803528
	0.6751808524131775
	0.6751195192337036
	0.6750390529632568
	0.6749894022941589
	0.6749266982078552
	0.6748703122138977
	0.6747896671295166
	0.6747384071350098
	0.674686849117279
	0.6746243834495544
	0.6745726466178894
	0.674529492855072
	0.6744911074638367
	0.6744526624679565
	0.6743904948234558
	0.6743549704551697
	0.6743037700653076
	0.6742455959320068
	0.6741835474967957
	0.6741384267807007
	0.6740958094596863
	0.6740325689315796
	0.673976480960846
	0.6739224195480347
	0.6738903522491455
	0.6738309264183044
	0.6737799048423767
	0.6737416386604309
	0.6736953258514404
	0.6736568808555603
	0.6735998392105103
	0.6735622882843018
	0.673520028591156
	0.6734855771064758
	0.673439085483551
	0.6734051704406738
	0.673371434211731
	0.6733436584472656
	0.6733006834983826
	0.6732720136642456
	0.673250675201416
	0.673214316368103
	0.6731699109077454
	0.6731255650520325
	0.6730937361717224
	0.6730456352233887
	0.6730268001556396
	0.6730031371116638
	0.6729798316955566
	0.6729378700256348
	0.672916054725647
	0.672881007194519
	0.6728610396385193
	0.6728229522705078
	0.6727985143661499
	0.6727650761604309
	0.6727399826049805
	0.6727169156074524
	0.6726821660995483
	0.6726321578025818
	0.6726008653640747
	0.6725740432739258
	0.6725445985794067
	0.6725322008132935
	0.6725090742111206
	0.6724807024002075
	0.6724646687507629
	0.672454833984375
	0.6724244356155396
	0.6723949909210205
	0.6723796725273132
	0.6723614931106567
	0.6723472476005554
	0.6723307967185974
	0.6723156571388245
	0.6722959876060486
	0.6722848415374756
	0.6722675561904907
	0.6722484827041626
	0.6722180843353271
	0.6722098588943481
	0.6721895933151245
	0.6721848249435425
	0.6721640825271606
	0.6721605658531189
	0.6721503138542175
	0.6721302270889282
	0.6721178889274597
	0.6720989942550659
	0.6720901727676392
	0.6720830202102661
	0.6720665097236633
	0.6720477938652039
	0.6720423698425293
	0.6720165014266968
	0.6719956398010254
	0.6719720363616943
	0.6719633340835571
	0.6719404458999634
	0.6719388365745544
	0.6719359755516052
	0.6719174385070801
	0.6718976497650146
	0.6718801856040955
	0.6718785166740417
	0.6718770265579224
	0.6718642711639404
	0.671857476234436
	0.6718620657920837
	0.6718571186065674
	0.6718582510948181
	0.6718457937240601
	0.6718596816062927
	0.6718639135360718
	0.671859622001648
	0.6718536615371704
	0.6718493700027466
	0.6718323230743408
	0.6718424558639526
	0.6718354821205139
	0.6718301177024841
	0.671833336353302
	0.6718432307243347
	0.6718412041664124
	0.6718546152114868
	0.6718596816062927
	0.6718654632568359
	0.6718843579292297
	0.6718923449516296
	0.6718842387199402
	0.6718859076499939
	0.6718852519989014
	0.6718953847885132
	0.6718964576721191
	0.671897292137146
	0.6719003319740295
	0.6719159483909607
	0.6719323396682739
	0.6719382405281067
	0.6719587445259094
	0.6719631552696228
	0.6719646453857422
	0.6719779372215271
	0.6719930171966553
	0.6719966530799866
	0.6719939112663269
	0.6720060706138611
	0.6720146536827087
	0.6720255613327026
	0.6720361709594727
	0.6720244884490967
	0.6720384359359741
	0.6720460057258606
	0.6720615029335022
	0.67206871509552
	0.6720795631408691
	0.6720832586288452
	0.6721046566963196
	0.672103762626648
	0.6721169948577881
	0.6721189618110657
	0.6721402406692505
	0.6721581816673279
	0.6721738576889038
	0.6721988320350647
	0.6722201704978943
	0.6722499132156372
	0.6722524166107178
	0.672264814376831
	0.6722783446311951
	0.6722952723503113
	0.6723178625106812
	0.6723294854164124
	0.6723482608795166
	0.6723570823669434
	0.672378659248352
	0.672391951084137
	0.6724100112915039
	0.6724210381507874
	0.6724264025688171
	0.6724556684494019
	0.6724772453308105
	0.6725049614906311
	0.6725221872329712
	0.6725251078605652
	0.6725403070449829
	0.6725499629974365
	0.6725706458091736
	0.6725878119468689
	0.6725921034812927
	0.6726050972938538
	0.6726323962211609
	0.6726576685905457
	0.6726664304733276
	0.672677218914032
	0.6727108359336853
	0.6727322340011597
	0.6727627515792847
	0.6727815866470337
	0.6728113293647766
	0.6728547215461731
	0.6728866100311279
	0.6729131937026978
	0.6729340553283691
	0.6729452610015869
	0.6729698777198792
	0.6730020642280579
	0.6730244159698486
	0.6730608344078064
	0.6730831861495972
	0.673114001750946
	0.6731343269348145
	0.6731570959091187
	0.6731665730476379
	0.6732088923454285
	0.6732333302497864
	0.6732439398765564
	0.6732725501060486
	0.6732951402664185
	0.6733157634735107
	0.6733444333076477
	0.67337566614151
	0.6734069585800171
	0.6734534502029419
	0.6734821200370789
	0.6735019683837891
	0.6735208630561829
	0.6735438108444214
	0.673577070236206
	0.6736115217208862
	0.6736326217651367
	0.6736695766448975
	0.6736973524093628
	0.6737309694290161
	0.6737619042396545
	0.6737920641899109
	0.6738191246986389
	0.6738463044166565
	0.6738687753677368
	0.6739084720611572
	0.6739321947097778
	0.6739563941955566
	0.6739763617515564
	0.6740058660507202
	0.6740410923957825
	0.6740761399269104
	0.6740972399711609
	0.6741344332695007
	0.6741686463356018
	0.6741956472396851
	0.6742202043533325
	0.6742538213729858
	0.6742808818817139
	0.6743128299713135
	0.6743576526641846
	0.6743931770324707
	0.6744341850280762
	0.6744683980941772
	0.6744992136955261
	0.6745209693908691
	0.6745517253875732
	0.6745782494544983
	0.6746042966842651
	0.6746459603309631
	0.674672544002533
	0.6747098565101624
	0.6747521162033081
	0.6747686266899109
	0.6747975945472717
	0.6748465299606323
	0.6748859286308289
	0.6749157309532166
	0.6749531030654907
	0.6749932169914246
	0.6750199198722839
	0.6750568151473999
	0.6750736236572266
	0.6750960350036621
	0.6751320958137512
	0.675155520439148
	0.6751921772956848
	0.6752402186393738
	0.6752722859382629
	0.6753042936325073
	0.6753473281860352
	0.6753832101821899
	0.6754114031791687
	0.6754520535469055
	0.6754887104034424
	0.6755311489105225
	0.675562858581543
	0.6756134033203125
	0.6756346225738525
	0.6756793260574341
	0.6757224798202515
	0.6757636666297913
	0.6758100390434265
	0.6758548617362976
	0.6758894920349121
	0.6759164929389954
	0.6759434342384338
	0.6759823560714722
	0.6760106682777405
	0.6760525703430176
	0.6760756373405457
	0.676118016242981
	0.6761444807052612
	0.6761870980262756
	0.676230788230896
	0.676266074180603
	0.6763017773628235
	0.6763423085212708
	0.6763623356819153
	0.6763980388641357
	0.6764395236968994
	0.6764728426933289
	0.676506757736206
	0.6765446066856384
	0.676594614982605
	0.6766337156295776
	0.6766738891601562
	0.6767088174819946
	0.6767497062683105
	0.6767838597297668
	0.6768316030502319
	0.6768798828125
	0.6769285798072815
	0.676961362361908
	0.6769981384277344
	0.6770399808883667
	0.6770792603492737
	0.6771127581596375
	0.6771582961082458
	0.677183210849762
	0.6772302389144897
	0.677277147769928
	0.6773203015327454
	0.6773645877838135
	0.6774150729179382
	0.6774542927742004
	0.6775089502334595
	0.6775469779968262
	0.6775990724563599
	0.6776415109634399
	0.6776944994926453
	0.6777501702308655
	0.6777760982513428
	0.6778164505958557
	0.6778350472450256
	0.6778597831726074
	0.6779065728187561
	0.6779488325119019
	0.6779956221580505
	0.6780357956886292
	0.6780644655227661
	0.6781046986579895
	0.6781688332557678
	0.6782032251358032
	0.6782577037811279
	0.6782996654510498
	0.6783490777015686
	0.6783860921859741
	0.6784345507621765
	0.6784684658050537
	0.6785123944282532
	0.6785632967948914
	0.6786160469055176
	0.6786597371101379
	0.6787052750587463
	0.6787619590759277
	0.6788074970245361
	0.6788479685783386
	0.6788938641548157
	0.6789524555206299
	0.6789935827255249
	0.6790225505828857
	0.6790529489517212
	0.6791110634803772
	0.6791638731956482
	0.6792140007019043
	0.6792700290679932
	0.6793138384819031
	0.6793478727340698
	0.679402768611908
	0.6794500350952148
	0.6794995665550232
	0.6795487403869629
	0.6795905828475952
	0.6796467304229736
	0.6796826720237732
	0.6797218322753906
	0.6797611117362976
	0.679817795753479
	0.6798778176307678
	0.6799401044845581
	0.6799866557121277
	0.6800515651702881
	0.6800902485847473
	0.6801360845565796
	0.6801875233650208
	0.6802462935447693
	0.6802846789360046
	0.6803387999534607
	0.6803833246231079
	0.6804428100585938
	0.6804825663566589
	0.680520236492157
	0.6805792450904846
	0.6806266903877258
	0.6806691884994507
	0.6807178854942322
	0.6807583570480347
	0.6808105707168579
	0.6808595061302185
	0.6809115409851074
	0.6809567809104919
	0.681012749671936
	0.6810572743415833
	0.6811069250106812
	0.6811362504959106
	0.6811988353729248
	0.6812533736228943
	0.6813097596168518
	0.6813652515411377
	0.6814148426055908
	0.681442379951477
	0.6814923882484436
	0.6815410852432251
	0.6815821528434753
	0.6816412806510925
	0.6816864013671875
	0.6817409992218018
	0.681784451007843
	0.6818259358406067
	0.6818823218345642
	0.6819294095039368
	0.6819864511489868
	0.6820285320281982
	0.6820780038833618
	0.6821352243423462
	0.6821895241737366
	0.6822304129600525
	0.6822893023490906
	0.6823437213897705
	0.6823984384536743
	0.6824638843536377
	0.682518720626831
	0.6825602650642395
	0.6826213002204895
	0.6826808452606201
	0.6827243566513062
	0.6827685832977295
	0.6828364729881287
	0.6828837394714355
	0.6829333305358887
	0.6829934120178223
	0.6830409169197083
	0.6830926537513733
	0.6831426620483398
	0.6831971406936646
	0.6832455992698669
	0.6832950711250305
	0.6833406686782837
	0.6833922266960144
	0.6834557056427002
	0.6834927201271057
	0.6835360527038574
	0.6835845112800598
	0.6836390495300293
	0.683682382106781
	0.683739960193634
	0.6837702393531799
	0.6838302612304688
	0.683881938457489
	0.6839451789855957
	0.68399578332901
	0.6840484142303467
	0.6840963363647461
	0.6841344237327576
	0.6841877698898315
	0.6842520236968994
	0.6842965483665466
]