[
	0.8851532340049744
	0.8850087523460388
	0.8848581910133362
	0.8847041130065918
	0.8845505714416504
	0.8843953609466553
	0.8842498660087585
	0.8840903639793396
	0.8839501142501831
	0.8838066458702087
	0.8836551308631897
	0.8835204839706421
	0.8834064602851868
	0.8832812905311584
	0.8831420540809631
	0.8829904198646545
	0.8828417658805847
	0.8826895356178284
	0.8825583457946777
	0.8824116587638855
	0.8822647333145142
	0.8821277022361755
	0.8819960355758667
	0.8818567991256714
	0.8817119002342224
	0.8815812468528748
	0.8814274668693542
	0.8813036680221558
	0.8811634182929993
	0.8810105919837952
	0.8808857202529907
	0.8807708621025085
	0.8806412816047668
	0.8805246353149414
	0.8803979754447937
	0.8802681565284729
	0.8801591396331787
	0.8800312876701355
	0.8799082040786743
	0.8797925710678101
	0.8796677589416504
	0.8795378804206848
	0.8794209957122803
	0.8792935609817505
	0.8791630268096924
	0.8790618777275085
	0.8789594769477844
	0.8788444399833679
	0.8787230253219604
	0.8786019682884216
	0.8784538507461548
	0.8783368468284607
	0.8782193660736084
	0.8781067728996277
	0.87798672914505
	0.8778867125511169
	0.8777711391448975
	0.8776482939720154
	0.8775395750999451
	0.8774349093437195
	0.8773219585418701
	0.877212643623352
	0.8771086931228638
	0.8769897222518921
	0.87687748670578
	0.8767614960670471
	0.8766545057296753
	0.8765472173690796
	0.8764400482177734
	0.8763095140457153
	0.8761794567108154
	0.8760802745819092
	0.8759719133377075
	0.875860333442688
	0.8757514357566833
	0.8756334781646729
	0.8755133152008057
	0.8754164576530457
	0.8753060102462769
	0.8752084970474243
	0.8751064538955688
	0.8750122785568237
	0.8748904466629028
	0.8747850060462952
	0.8746899366378784
	0.8745905160903931
	0.8744866847991943
	0.8743859529495239
	0.8742669224739075
	0.8741577863693237
	0.8740600943565369
	0.873954176902771
	0.8738374710083008
	0.8737123608589172
	0.8735989928245544
	0.8734902143478394
	0.8733839392662048
	0.8732737302780151
	0.8731852769851685
	0.87307208776474
	0.872977614402771
	0.8728774189949036
	0.8727669715881348
	0.8726682066917419
	0.8725795745849609
	0.8724758625030518
	0.872372567653656
	0.872259259223938
	0.8721699714660645
	0.8720768690109253
	0.8719869256019592
	0.871894359588623
	0.8717924356460571
	0.8716947436332703
	0.8716017603874207
	0.8715043663978577
	0.8714178800582886
	0.8713486790657043
	0.8712329268455505
	0.8711462616920471
	0.8710727691650391
	0.8709737062454224
	0.8708806037902832
	0.8707758784294128
	0.8706787824630737
	0.8705751895904541
	0.8705064058303833
	0.8704116344451904
	0.8703161478042603
	0.870245635509491
	0.8701505064964294
	0.8700453639030457
	0.8699424862861633
	0.8698493242263794
	0.8697653412818909
	0.869679868221283
	0.869597852230072
	0.869515061378479
	0.8694313168525696
	0.8693490028381348
	0.8692643642425537
	0.8691633343696594
	0.8690659403800964
	0.8689699172973633
	0.8688929677009583
	0.8688075542449951
	0.8687205910682678
	0.8686519265174866
	0.8685694336891174
	0.8684754967689514
	0.8683886528015137
	0.8683080673217773
	0.8682193756103516
	0.8681307435035706
	0.8680372834205627
	0.8679644465446472
	0.8678848743438721
	0.8678162693977356
	0.8677341341972351
	0.8676547408103943
	0.8675678968429565
	0.8674861192703247
	0.8674044609069824
	0.8673145771026611
	0.8672358393669128
	0.8671482801437378
	0.8670580983161926
	0.8669853210449219
	0.8669004440307617
	0.8668113350868225
	0.8667457103729248
	0.8666778206825256
	0.8666157126426697
	0.8665382266044617
	0.866459310054779
	0.8663766980171204
	0.8662953972816467
	0.8662125468254089
	0.8661450743675232
	0.866052508354187
	0.8659708499908447
	0.8658868074417114
	0.8658083081245422
	0.8657332062721252
	0.8656488060951233
	0.8655709624290466
	0.8655023574829102
	0.8654126524925232
	0.8653395771980286
	0.8652796149253845
	0.8652119040489197
	0.8651354908943176
	0.8650447726249695
	0.8649726510047913
	0.8648945689201355
	0.864820659160614
	0.8647410273551941
	0.8646793365478516
	0.8646005988121033
	0.8645244240760803
	0.8644479513168335
	0.8643627166748047
	0.8643019199371338
	0.8642331957817078
	0.8641682863235474
	0.8640946745872498
	0.8640326261520386
	0.8639505505561829
	0.8638759851455688
	0.8638052344322205
	0.8637366890907288
	0.8636730313301086
	0.8635969161987305
	0.8635289669036865
	0.8634486198425293
	0.8633667230606079
	0.8633012175559998
	0.8632282018661499
	0.8631680011749268
	0.8630895614624023
	0.8630194664001465
	0.8629394769668579
	0.8628825545310974
	0.8628079295158386
	0.8627463579177856
	0.8626722097396851
	0.8626030087471008
	0.8625293970108032
	0.8624672293663025
	0.8623875379562378
	0.8623204231262207
	0.8622415661811829
	0.8621657490730286
	0.8620929718017578
	0.8620284795761108
	0.861953616142273
	0.8618778586387634
	0.86180579662323
	0.8617463707923889
	0.8616869449615479
	0.8616215586662292
	0.8615562915802002
	0.8614920377731323
	0.8614155650138855
	0.8613502383232117
	0.86128830909729
	0.8612151741981506
	0.8611446022987366
	0.8610661029815674
	0.8610220551490784
	0.8609627485275269
	0.860912024974823
	0.8608621954917908
	0.8607879877090454
	0.8607328534126282
	0.8606770634651184
	0.8606268167495728
	0.8605679869651794
	0.8604961037635803
	0.8604285717010498
	0.8603416681289673
	0.8602747917175293
	0.8602033257484436
	0.8601390719413757
	0.8600767850875854
	0.8600134253501892
	0.8599481582641602
	0.8598771095275879
	0.8598188757896423
	0.8597435355186462
	0.8596569299697876
	0.8595999479293823
	0.8595462441444397
	0.8594759106636047
	0.8594220876693726
	0.8593626022338867
	0.8592891097068787
	0.8592220544815063
	0.8591607809066772
	0.8591004014015198
	0.8590405583381653
	0.8589779734611511
	0.8589269518852234
	0.858849287033081
	0.8587820529937744
	0.8587315678596497
	0.8586578965187073
	0.8586085438728333
	0.8585410714149475
	0.8584827780723572
	0.8584237694740295
	0.8583732843399048
	0.8583207130432129
	0.8582757115364075
	0.8582149744033813
	0.8581516146659851
	0.8580872416496277
	0.8580337166786194
	0.8579615354537964
	0.8579033613204956
	0.8578509092330933
	0.8577846884727478
	0.8577153086662292
	0.8576538562774658
	0.8576017022132874
	0.857547402381897
	0.8574874997138977
	0.8574430346488953
	0.8573861122131348
	0.8573257923126221
	0.8572579622268677
	0.8571992516517639
	0.8571606278419495
	0.8571057319641113
	0.8570536971092224
	0.856995165348053
	0.8569350242614746
	0.8568760752677917
	0.8568106293678284
	0.8567469120025635
	0.8567006587982178
	0.8566470742225647
	0.856600821018219
	0.8565480709075928
	0.8564819693565369
	0.8564146161079407
	0.8563702702522278
	0.8563172817230225
	0.8562549948692322
	0.8562069535255432
	0.8561646342277527
	0.8561146259307861
	0.8560683727264404
	0.8560178875923157
	0.8559787273406982
	0.8559126853942871
	0.8558598160743713
	0.8558152318000793
	0.8557693362236023
	0.855708122253418
	0.8556575775146484
	0.8556094765663147
	0.8555541038513184
	0.8555048108100891
	0.8554521799087524
	0.8554112315177917
	0.8553593158721924
	0.8553096652030945
	0.8552621603012085
	0.8552011847496033
	0.8551535606384277
	0.8550963997840881
	0.8550451397895813
	0.8549977540969849
	0.8549588918685913
	0.8549135327339172
	0.8548666834831238
	0.8548097014427185
	0.8547574877738953
	0.854713499546051
	0.8546735644340515
	0.8546273112297058
	0.8545778393745422
	0.8545382022857666
	0.8545047640800476
	0.8544536232948303
	0.8543936610221863
	0.8543396592140198
	0.8542880415916443
	0.8542400598526001
	0.8542077541351318
	0.8541631698608398
	0.8541179299354553
	0.8540725111961365
	0.8540239930152893
	0.8539808392524719
	0.8539286851882935
	0.8538841605186462
	0.8538393378257751
	0.8537926077842712
	0.8537464737892151
	0.8536898493766785
	0.8536493182182312
	0.853603720664978
	0.8535675406455994
	0.8535290360450745
	0.853480339050293
	0.8534337282180786
	0.8533788323402405
	0.8533262610435486
	0.8532732129096985
	0.8532198667526245
	0.8531805872917175
	0.8531270623207092
	0.8530863523483276
	0.8530382513999939
	0.8529881238937378
	0.8529441356658936
	0.8528907895088196
	0.8528441786766052
	0.8528029322624207
	0.8527500629425049
	0.852699339389801
	0.8526430130004883
	0.8526046872138977
	0.8525573015213013
	0.8525081276893616
	0.8524488806724548
	0.852397620677948
	0.8523542881011963
	0.8523037433624268
	0.8522651195526123
	0.8522348403930664
	0.8521924018859863
	0.8521527051925659
	0.8521081805229187
	0.8520712852478027
	0.8520275354385376
	0.8519845604896545
	0.8519351482391357
	0.8518927693367004
	0.8518366813659668
	0.8517879843711853
	0.8517457246780396
	0.8517056107521057
	0.8516619801521301
	0.8516200184822083
	0.851582407951355
	0.8515393137931824
	0.8515050411224365
	0.8514610528945923
	0.8514223098754883
	0.8513711094856262
	0.8513404726982117
	0.8512998223304749
	0.8512691259384155
	0.8512302041053772
	0.8511954545974731
	0.8511440753936768
	0.85109543800354
	0.851045548915863
	0.8510193228721619
	0.8509727120399475
	0.8509433269500732
	0.8509100675582886
	0.8508713245391846
	0.8508336544036865
	0.8507949709892273
	0.8507521152496338
	0.850713312625885
	0.8506749272346497
	0.8506377339363098
	0.850609302520752
	0.8505715131759644
	0.8505363464355469
	0.8505043387413025
	0.8504738211631775
	0.850433886051178
	0.8503970503807068
	0.8503562808036804
	0.8503145575523376
	0.8502764701843262
	0.8502419590950012
	0.8501994609832764
	0.8501630425453186
	0.8501165509223938
	0.8500809073448181
	0.8500532507896423
	0.8500107526779175
	0.8499755859375
	0.8499438166618347
	0.8499085307121277
	0.8498728275299072
	0.8498449325561523
	0.8498177528381348
	0.8497743010520935
	0.8497327566146851
	0.8496996164321899
	0.8496492505073547
	0.8496097326278687
	0.8495724201202393
	0.8495455980300903
	0.8495143055915833
	0.8494668006896973
	0.8494212031364441
	0.8493718504905701
	0.8493344783782959
	0.8493042588233948
	0.8492651581764221
	0.8492377996444702
	0.8492099046707153
	0.849179744720459
	0.8491458892822266
	0.84910649061203
	0.8490784764289856
	0.849030077457428
	0.848990797996521
	0.8489564657211304
	0.8489120006561279
	0.8488739728927612
	0.8488360643386841
	0.0
	0.0
	0.0
	0.0
	0.0
	0.0
	0.0
	0.0
	0.0
	0.0
	0.0
	0.0
	0.0
	0.0
	0.0
	0.0
	0.0
	0.0
	0.0
	0.0
	0.0
	0.0
	0.0
	0.0
	0.0
	0.0
	0.0
	0.0
	0.0
	0.0
	0.0
	0.0
	0.0
	0.0
	0.0
	0.0
	0.0
	0.0
	0.0
	0.0
	0.0
	0.0
	0.0
	0.0
	0.0
	0.0
	0.0
	0.0
	0.0
	0.0
	0.0
	0.0
	0.0
	0.0
	0.0
	0.0
	0.0
	0.0
	0.0
	0.0
	0.0
	0.0
	0.0
	0.0
	0.0
	0.0
	0.0
	0.0
	0.0
	0.0
	0.0
	0.0
	0.0
	0.0
	0.0
	0.0
	0.0
	0.0
	0.0
	0.0
	0.0
	0.0
	0.0
	0.0
	0.0
	0.0
	0.0
	0.0
	0.0
	0.0
	0.0
	0.0
	0.0
	0.0
	0.0
	0.0
	0.0
	0.0
	0.0
	0.0
	0.0
	0.0
	0.0
	0.0
	0.0
	0.0
	0.0
	0.0
	0.0
	0.0
	0.0
	0.0
	0.0
	0.0
	0.0
	0.0
	0.0
	0.0
	0.0
	0.0
	0.0
	0.0
	0.0
	0.0
	0.0
	0.0
	0.0
	0.0
	0.0
	0.0
	0.0
	0.0
	0.0
	0.0
	0.0
	0.0
	0.0
	0.0
	0.0
	0.0
	0.0
	0.0
	0.0
	0.0
	0.0
	0.0
	0.0
	0.0
	0.0
	0.0
	0.0
	0.0
	0.0
	0.0
	0.0
	0.0
	0.0
	0.0
	0.0
	0.0
	0.0
	0.0
	0.0
	0.0
	0.0
	0.0
	0.0
	0.0
	0.0
	0.0
	0.0
	0.0
	0.0
	0.0
	0.0
	0.0
	0.0
	0.0
	0.0
	0.0
	0.0
	0.0
	0.0
	0.0
	0.0
	0.0
	0.0
	0.0
	0.0
	0.0
	0.0
	0.0
	0.0
	0.0
	0.0
	0.0
	0.0
	0.0
	0.0
	0.0
	0.0
	0.0
	0.0
	0.0
	0.0
	0.0
	0.0
	0.0
	0.0
	0.0
	0.0
	0.0
	0.0
	0.0
	0.0
	0.0
	0.0
	0.0
	0.0
	0.0
	0.0
	0.0
	0.0
	0.0
	0.0
	0.0
	0.0
	0.0
	0.0
	0.0
	0.0
	0.0
	0.0
	0.0
	0.0
	0.0
	0.0
	0.0
	0.0
	0.0
	0.0
	0.0
	0.0
	0.0
	0.0
	0.0
	0.0
	0.0
	0.0
	0.0
	0.0
	0.0
	0.0
	0.0
	0.0
	0.0
	0.0
	0.0
	0.0
	0.0
	0.0
	0.0
	0.0
	0.0
	0.0
	0.0
	0.0
	0.0
	0.0
	0.0
	0.0
	0.0
	0.0
	0.0
	0.0
	0.0
	0.0
	0.0
	0.0
	0.0
	0.0
	0.0
	0.0
	0.0
	0.0
	0.0
	0.0
	0.0
	0.0
	0.0
	0.0
	0.0
	0.0
	0.0
	0.0
	0.0
	0.0
	0.0
	0.0
	0.0
	0.0
	0.0
	0.0
	0.0
	0.0
	0.0
	0.0
	0.0
	0.0
	0.0
	0.0
	0.0
	0.0
	0.0
	0.0
	0.0
	0.0
	0.0
	0.0
	0.0
	0.0
	0.0
	0.0
	0.0
	0.0
	0.0
	0.0
	0.0
	0.0
	0.0
	0.0
	0.0
	0.0
	0.0
	0.0
	0.0
	0.0
	0.0
	0.0
	0.0
	0.0
	0.0
	0.0
	0.0
	0.0
	0.0
	0.0
	0.0
	0.0
	0.0
	0.0
	0.0
	0.0
	0.0
	0.0
	0.0
	0.0
	0.0
	0.0
	0.0
	0.0
	0.0
	0.0
	0.0
	0.0
	0.0
	0.0
	0.0
	0.0
	0.0
	0.0
	0.0
	0.0
	0.0
	0.0
	0.0
	0.0
	0.0
	0.0
	0.0
	0.0
	0.0
	0.0
	0.0
	0.0
	0.0
	0.0
	0.0
	0.0
	0.0
	0.0
	0.0
	0.0
	0.0
	0.0
	0.0
	0.0
	0.0
	0.0
	0.0
	0.0
	0.0
	0.0
	0.0
	0.0
	0.0
	0.0
	0.0
	0.0
	0.0
	0.0
	0.0
	0.0
	0.0
	0.0
	0.0
	0.0
	0.0
	0.0
	0.0
	0.0
	0.0
	0.0
	0.0
	0.0
	0.0
	0.0
	0.0
	0.0
	0.0
	0.0
	0.0
	0.0
	0.0
	0.0
	0.0
	0.0
	0.0
	0.0
	0.0
	0.0
	0.0
	0.0
	0.0
	0.0
	0.0
	0.0
	0.0
	0.0
	0.0
	0.0
	0.0
	0.0
	0.0
	0.0
	0.0
	0.0
	0.0
	0.0
	0.0
	0.0
	0.0
	0.0
	0.0
	0.0
	0.0
	0.0
	0.0
	0.0
	0.0
	0.0
	0.0
	0.0
	0.0
	0.0
	0.0
	0.0
	0.0
	0.0
	0.0
	0.0
	0.0
	0.0
	0.0
	0.0
	0.0
	0.0
	0.0
	0.0
	0.0
	0.0
	0.0
	0.0
	0.0
	0.0
	0.0
	0.0
	0.0
	0.0
	0.0
	0.0
	0.0
	0.0
	0.0
	0.0
	0.0
	0.0
	0.0
	0.0
	0.0
	0.0
	0.0
	0.0
	0.0
	0.0
	0.0
	0.0
	0.0
	0.0
	0.0
	0.0
	0.0
	0.0
	0.0
	0.0
	0.0
	0.0
	0.0
	0.0
	0.0
	0.0
	0.0
	0.0
	0.0
	0.0
	0.0
	0.0
	0.0
	0.0
	0.0
	0.0
	0.0
	0.0
	0.0
	0.0
	0.0
	0.0
	0.0
	0.0
	0.0
	0.0
	0.0
	0.0
	0.0
	0.0
	0.0
	0.0
	0.0
	0.0
	0.0
	0.0
	0.0
	0.0
	0.0
	0.0
	0.0
	0.0
	0.0
	0.0
	0.0
	0.0
	0.0
	0.0
	0.0
	0.0
	0.0
	0.0
	0.0
	0.0
	0.0
	0.0
	0.0
	0.0
	0.0
	0.0
	0.0
	0.0
	0.0
	0.0
	0.0
	0.0
	0.0
	0.0
	0.0
	0.0
	0.0
	0.0
	0.0
	0.0
	0.0
	0.0
	0.0
	0.0
	0.0
	0.0
	0.0
	0.0
	0.0
	0.0
	0.0
	0.0
	0.0
	0.0
	0.0
	0.0
	0.0
	0.0
	0.0
	0.0
	0.0
	0.0
	0.0
	0.0
	0.0
	0.0
	0.0
	0.0
	0.0
	0.0
	0.0
	0.0
	0.0
	0.0
	0.0
	0.0
	0.0
	0.0
	0.0
	0.0
	0.0
	0.0
	0.0
	0.0
	0.0
	0.0
	0.0
	0.0
	0.0
	0.0
	0.0
	0.0
	0.0
	0.0
	0.0
	0.0
	0.0
	0.0
	0.0
	0.0
	0.0
	0.0
	0.0
	0.0
	0.0
	0.0
	0.0
	0.0
	0.0
	0.0
	0.0
	0.0
	0.0
	0.0
	0.0
	0.0
	0.0
	0.0
	0.0
	0.0
	0.0
	0.0
	0.0
	0.0
	0.0
	0.0
	0.0
	0.0
	0.0
	0.0
	0.0
	0.0
	0.0
	0.0
	0.0
	0.0
	0.0
	0.0
	0.0
	0.0
	0.0
	0.0
	0.0
	0.0
	0.0
	0.0
	0.0
	0.0
	0.0
	0.0
	0.0
	0.0
	0.0
	0.0
	0.0
	0.0
	0.0
	0.0
	0.0
	0.0
	0.0
	0.0
	0.0
	0.0
	0.0
	0.0
	0.0
	0.0
	0.0
	0.0
	0.0
	0.0
	0.0
	0.0
	0.0
	0.0
	0.0
	0.0
	0.0
	0.0
	0.0
	0.0
	0.0
	0.0
	0.0
	0.0
	0.0
	0.0
	0.0
	0.0
	0.0
	0.0
	0.0
	0.0
	0.0
	0.0
	0.0
	0.0
	0.0
	0.0
	0.0
	0.0
	0.0
	0.0
	0.0
	0.0
	0.0
	0.0
	0.0
	0.0
	0.0
	0.0
	0.0
	0.0
	0.0
	0.0
	0.0
	0.0
	0.0
	0.0
	0.0
	0.0
	0.0
	0.0
	0.0
	0.0
	0.0
	0.0
	0.0
	0.0
	0.0
	0.0
	0.0
	0.0
	0.0
	0.0
	0.0
	0.0
	0.0
	0.0
	0.0
	0.0
	0.0
	0.0
	0.0
	0.0
	0.0
	0.0
	0.0
	0.0
	0.0
	0.0
	0.0
	0.0
	0.0
	0.0
	0.0
	0.0
	0.0
	0.0
	0.0
	0.0
	0.0
	0.0
	0.0
	0.0
	0.0
	0.0
	0.0
	0.0
	0.0
	0.0
	0.0
	0.0
	0.0
	0.0
	0.0
	0.0
	0.0
	0.0
	0.0
	0.0
	0.0
	0.0
	0.0
	0.0
	0.0
	0.0
	0.0
	0.0
	0.0
	0.0
	0.0
	0.0
	0.0
	0.0
	0.0
	0.0
	0.0
	0.0
	0.0
	0.0
	0.0
	0.0
	0.0
	0.0
	0.0
	0.0
	0.0
	0.0
	0.0
	0.0
	0.0
	0.0
	0.0
	0.0
	0.0
	0.0
	0.0
	0.0
	0.0
	0.0
	0.0
	0.0
	0.0
	0.0
	0.0
	0.0
	0.0
	0.0
	0.0
	0.0
	0.0
	0.0
	0.0
	0.0
	0.0
	0.0
	0.0
	0.0
	0.0
	0.0
	0.0
	0.0
	0.0
	0.0
	0.0
	0.0
	0.0
	0.0
	0.0
	0.0
	0.0
	0.0
	0.0
	0.0
	0.0
	0.0
	0.0
	0.0
	0.0
	0.0
	0.0
	0.0
	0.0
	0.0
	0.0
	0.0
	0.0
	0.0
	0.0
	0.0
	0.0
	0.0
	0.0
	0.0
	0.0
	0.0
	0.0
	0.0
	0.0
	0.0
	0.0
	0.0
	0.0
	0.0
	0.0
	0.0
	0.0
	0.0
	0.0
	0.0
	0.0
	0.0
	0.0
	0.0
	0.0
	0.0
	0.0
	0.0
	0.0
	0.0
	0.0
	0.0
	0.0
	0.0
	0.0
	0.0
	0.0
	0.0
	0.0
	0.0
	0.0
	0.0
	0.0
	0.0
	0.0
	0.0
	0.0
	0.0
	0.0
	0.0
	0.0
	0.0
	0.0
	0.0
	0.0
	0.0
	0.0
	0.0
	0.0
	0.0
	0.0
	0.0
	0.0
	0.0
	0.0
	0.0
	0.0
	0.0
	0.0
	0.0
	0.0
	0.0
	0.0
	0.0
	0.0
	0.0
	0.0
	0.0
	0.0
	0.0
	0.0
	0.0
	0.0
	0.0
	0.0
	0.0
	0.0
	0.0
	0.0
	0.0
	0.0
	0.0
	0.0
	0.0
	0.0
	0.0
	0.0
	0.0
	0.0
	0.0
	0.0
	0.0
	0.0
	0.0
	0.0
	0.0
	0.0
	0.0
	0.0
	0.0
	0.0
	0.0
	0.0
	0.0
	0.0
	0.0
	0.0
	0.0
	0.0
	0.0
	0.0
	0.0
	0.0
	0.0
	0.0
	0.0
	0.0
	0.0
	0.0
	0.0
	0.0
	0.0
	0.0
	0.0
	0.0
	0.0
	0.0
	0.0
	0.0
	0.0
	0.0
	0.0
	0.0
	0.0
	0.0
	0.0
	0.0
	0.0
	0.0
	0.0
	0.0
	0.0
	0.0
	0.0
	0.0
	0.0
	0.0
	0.0
	0.0
	0.0
	0.0
	0.0
	0.0
	0.0
	0.0
	0.0
	0.0
	0.0
	0.0
	0.0
	0.0
	0.0
	0.0
	0.0
	0.0
	0.0
	0.0
	0.0
	0.0
	0.0
	0.0
	0.0
	0.0
	0.0
	0.0
	0.0
	0.0
	0.0
	0.0
	0.0
	0.0
	0.0
	0.0
	0.0
	0.0
	0.0
	0.0
	0.0
	0.0
	0.0
	0.0
	0.0
	0.0
	0.0
	0.0
	0.0
	0.0
	0.0
	0.0
	0.0
	0.0
	0.0
	0.0
	0.0
	0.0
	0.0
	0.0
	0.0
	0.0
	0.0
	0.0
	0.0
	0.0
	0.0
	0.0
	0.0
	0.0
	0.0
	0.0
	0.0
	0.0
	0.0
	0.0
	0.0
	0.0
	0.0
	0.0
	0.0
	0.0
	0.0
	0.0
	0.0
	0.0
	0.0
	0.0
	0.0
	0.0
	0.0
	0.0
	0.0
	0.0
	0.0
	0.0
	0.0
	0.0
	0.0
	0.0
	0.0
	0.0
	0.0
	0.0
	0.0
	0.0
	0.0
	0.0
	0.0
	0.0
	0.0
	0.0
	0.0
	0.0
	0.0
	0.0
	0.0
	0.0
	0.0
	0.0
	0.0
	0.0
	0.0
	0.0
	0.0
	0.0
	0.0
	0.0
	0.0
	0.0
	0.0
	0.0
	0.0
	0.0
	0.0
	0.0
	0.0
	0.0
	0.0
	0.0
	0.0
	0.0
	0.0
	0.0
	0.0
	0.0
	0.0
	0.0
	0.0
	0.0
	0.0
	0.0
	0.0
	0.0
	0.0
	0.0
	0.0
	0.0
	0.0
	0.0
	0.0
	0.0
	0.0
	0.0
	0.0
	0.0
	0.0
	0.0
	0.0
	0.0
	0.0
	0.0
	0.0
	0.0
	0.0
	0.0
	0.0
	0.0
	0.0
	0.0
	0.0
	0.0
	0.0
	0.0
	0.0
	0.0
	0.0
	0.0
	0.0
	0.0
	0.0
	0.0
	0.0
	0.0
	0.0
	0.0
	0.0
	0.0
	0.0
	0.0
	0.0
	0.0
	0.0
	0.0
	0.0
	0.0
	0.0
	0.0
	0.0
	0.0
	0.0
	0.0
	0.0
	0.0
	0.0
	0.0
	0.0
	0.0
	0.0
	0.0
	0.0
	0.0
	0.0
	0.0
	0.0
	0.0
	0.0
	0.0
	0.0
	0.0
	0.0
	0.0
	0.0
	0.0
	0.0
	0.0
	0.0
	0.0
	0.0
	0.0
	0.0
	0.0
	0.0
	0.0
	0.0
	0.0
	0.0
	0.0
	0.0
	0.0
	0.0
	0.0
	0.0
	0.0
	0.0
	0.0
	0.0
	0.0
	0.0
	0.0
	0.0
	0.0
	0.0
	0.0
	0.0
	0.0
	0.0
	0.0
	0.0
	0.0
	0.0
	0.0
	0.0
	0.0
	0.0
	0.0
	0.0
	0.0
	0.0
	0.0
	0.0
	0.0
	0.0
	0.0
	0.0
	0.0
	0.0
	0.0
	0.0
	0.0
	0.0
	0.0
	0.0
	0.0
	0.0
	0.0
	0.0
	0.0
	0.0
	0.0
	0.0
	0.0
	0.0
	0.0
	0.0
	0.0
	0.0
	0.0
	0.0
	0.0
	0.0
	0.0
	0.0
	0.0
	0.0
	0.0
	0.0
	0.0
	0.0
	0.0
	0.0
	0.0
	0.0
	0.0
	0.0
	0.0
	0.0
	0.0
	0.0
	0.0
	0.0
	0.0
	0.0
	0.0
	0.0
	0.0
	0.0
	0.0
	0.0
	0.0
	0.0
	0.0
	0.0
	0.0
	0.0
	0.0
	0.0
	0.0
	0.0
	0.0
	0.0
	0.0
	0.0
	0.0
	0.0
	0.0
	0.0
	0.0
	0.0
	0.0
	0.0
	0.0
	0.0
	0.0
	0.0
	0.0
	0.0
	0.0
	0.0
	0.0
	0.0
	0.0
	0.0
	0.0
	0.0
	0.0
	0.0
	0.0
	0.0
	0.0
	0.0
	0.0
	0.0
	0.0
	0.0
	0.0
	0.0
	0.0
	0.0
	0.0
	0.0
	0.0
	0.0
	0.0
	0.0
	0.0
	0.0
	0.0
	0.0
	0.0
	0.0
	0.0
	0.0
	0.0
	0.0
	0.0
	0.0
	0.0
	0.0
	0.0
	0.0
]