[
	1.1904040575027466
	1.1901229619979858
	1.1898410320281982
	1.189549446105957
	1.189261794090271
	1.1889690160751343
	1.188676357269287
	1.1883912086486816
	1.1881036758422852
	1.1878187656402588
	1.1875370740890503
	1.1872427463531494
	1.1869542598724365
	1.1866685152053833
	1.1863821744918823
	1.1860997676849365
	1.1858136653900146
	1.1855247020721436
	1.1852333545684814
	1.1849534511566162
	1.184668779373169
	1.1843845844268799
	1.1841034889221191
	1.1838189363479614
	1.1835483312606812
	1.1832706928253174
	1.182976484298706
	1.1826857328414917
	1.1824012994766235
	1.1821186542510986
	1.1818264722824097
	1.1815372705459595
	1.1812639236450195
	1.1809741258621216
	1.180696725845337
	1.1804184913635254
	1.1801320314407349
	1.179848551750183
	1.17955482006073
	1.1792728900909424
	1.1789844036102295
	1.1787090301513672
	1.1784298419952393
	1.1781457662582397
	1.1778676509857178
	1.1776024103164673
	1.1773362159729004
	1.177066445350647
	1.1767892837524414
	1.1765098571777344
	1.1762338876724243
	1.1759581565856934
	1.1756864786148071
	1.175424337387085
	1.175155520439148
	1.1748743057250977
	1.1746009588241577
	1.1743353605270386
	1.1740567684173584
	1.1737792491912842
	1.1735080480575562
	1.1732351779937744
	1.1729894876480103
	1.1727222204208374
	1.1724498271942139
	1.1721892356872559
	1.171915888786316
	1.1716593503952026
	1.1713920831680298
	1.1711218357086182
	1.1708861589431763
	1.1706069707870483
	1.1703499555587769
	1.1700785160064697
	1.1698064804077148
	1.1695493459701538
	1.1692899465560913
	1.1690374612808228
	1.1687803268432617
	1.1685154438018799
	1.1682623624801636
	1.1679985523223877
	1.1677318811416626
	1.167470932006836
	1.1672050952911377
	1.1669657230377197
	1.1667115688323975
	1.1664549112319946
	1.1662075519561768
	1.165944218635559
	1.1656856536865234
	1.1654525995254517
	1.1652008295059204
	1.164958119392395
	1.1647045612335205
	1.1644643545150757
	1.1642193794250488
	1.1639764308929443
	1.1637260913848877
	1.163492202758789
	1.1632519960403442
	1.163004755973816
	1.1627548933029175
	1.1625059843063354
	1.162274956703186
	1.1620222330093384
	1.1617813110351562
	1.1615527868270874
	1.1613006591796875
	1.1610642671585083
	1.1608206033706665
	1.160590410232544
	1.1603472232818604
	1.160115361213684
	1.1598750352859497
	1.1596359014511108
	1.1594111919403076
	1.1591805219650269
	1.1589579582214355
	1.1587343215942383
	1.1585140228271484
	1.1582822799682617
	1.158056616783142
	1.1578255891799927
	1.1576054096221924
	1.1573700904846191
	1.1571518182754517
	1.1569164991378784
	1.1567050218582153
	1.1564854383468628
	1.1562597751617432
	1.1560248136520386
	1.1558003425598145
	1.1555711030960083
	1.155344009399414
	1.155112862586975
	1.154889464378357
	1.1546868085861206
	1.1544532775878906
	1.1542251110076904
	1.154003620147705
	1.153795599937439
	1.1535871028900146
	1.1533782482147217
	1.1531583070755005
	1.1529394388198853
	1.1527161598205566
	1.1524989604949951
	1.1523005962371826
	1.1520888805389404
	1.1518909931182861
	1.1516650915145874
	1.1514443159103394
	1.151228904724121
	1.151023268699646
	1.1508079767227173
	1.1505942344665527
	1.1503984928131104
	1.1501892805099487
	1.14999258518219
	1.1497963666915894
	1.1495901346206665
	1.1493723392486572
	1.149168848991394
	1.1489633321762085
	1.1487537622451782
	1.1485356092453003
	1.1483427286148071
	1.1481431722640991
	1.1479417085647583
	1.1477329730987549
	1.1475298404693604
	1.147332787513733
	1.1471141576766968
	1.1469122171401978
	1.1467230319976807
	1.1465147733688354
	1.1463148593902588
	1.1461081504821777
	1.1459224224090576
	1.1457276344299316
	1.1455110311508179
	1.1453142166137695
	1.145114779472351
	1.1449129581451416
	1.1447234153747559
	1.144515872001648
	1.1443300247192383
	1.1441210508346558
	1.143921971321106
	1.1437422037124634
	1.1435431241989136
	1.1433279514312744
	1.1431164741516113
	1.1429405212402344
	1.1427465677261353
	1.1425551176071167
	1.1423559188842773
	1.142168641090393
	1.1419610977172852
	1.141769289970398
	1.1415741443634033
	1.1413848400115967
	1.141214370727539
	1.1410146951675415
	1.1408215761184692
	1.1406307220458984
	1.1404435634613037
	1.1402615308761597
	1.1400667428970337
	1.139878749847412
	1.1396968364715576
	1.1395126581192017
	1.139331579208374
	1.1391443014144897
	1.1389756202697754
	1.1388012170791626
	1.1386076211929321
	1.138426661491394
	1.138242244720459
	1.1380728483200073
	1.1378976106643677
	1.1377105712890625
	1.1375412940979004
	1.1373507976531982
	1.137162208557129
	1.1369789838790894
	1.1367992162704468
	1.1366397142410278
	1.1364580392837524
	1.136277198791504
	1.1360982656478882
	1.1359163522720337
	1.1357487440109253
	1.1355751752853394
	1.135412573814392
	1.1352314949035645
	1.135041356086731
	1.13485848903656
	1.1346808671951294
	1.1345007419586182
	1.1343272924423218
	1.1341543197631836
	1.133986234664917
	1.1338144540786743
	1.1336393356323242
	1.1334673166275024
	1.133291244506836
	1.1331183910369873
	1.132948398590088
	1.132783055305481
	1.1326148509979248
	1.1324429512023926
	1.1322863101959229
	1.13211989402771
	1.1319732666015625
	1.1318104267120361
	1.1316330432891846
	1.1314582824707031
	1.1312860250473022
	1.1311163902282715
	1.1309478282928467
	1.130768895149231
	1.130601167678833
	1.1304361820220947
	1.1302722692489624
	1.1300996541976929
	1.1299262046813965
	1.1297590732574463
	1.1295878887176514
	1.1294227838516235
	1.1292593479156494
	1.1291029453277588
	1.1289470195770264
	1.1287851333618164
	1.128612756729126
	1.1284595727920532
	1.128298282623291
	1.1281431913375854
	1.1279798746109009
	1.1278109550476074
	1.1276464462280273
	1.1274783611297607
	1.1273303031921387
	1.127174973487854
	1.1270102262496948
	1.126848578453064
	1.1266859769821167
	1.126534342765808
	1.1263813972473145
	1.1262235641479492
	1.126062035560608
	1.125900387763977
	1.1257350444793701
	1.1255769729614258
	1.125429391860962
	1.12527334690094
	1.125124454498291
	1.124955177307129
	1.1247916221618652
	1.1246339082717896
	1.1244760751724243
	1.1243244409561157
	1.1241804361343384
	1.1240192651748657
	1.1238734722137451
	1.1237159967422485
	1.1235597133636475
	1.1234036684036255
	1.1232471466064453
	1.1230889558792114
	1.1229403018951416
	1.1227790117263794
	1.1226229667663574
	1.122467279434204
	1.1223098039627075
	1.1221628189086914
	1.12200927734375
	1.12185800075531
	1.1216984987258911
	1.121546745300293
	1.1213984489440918
	1.1212494373321533
	1.1211082935333252
	1.120948314666748
	1.1208076477050781
	1.1206637620925903
	1.1205320358276367
	1.120383381843567
	1.1202378273010254
	1.12008535861969
	1.119938850402832
	1.1198004484176636
	1.1196520328521729
	1.1194998025894165
	1.1193430423736572
	1.1191860437393188
	1.1190332174301147
	1.118896484375
	1.1187522411346436
	1.1186193227767944
	1.1184700727462769
	1.1183130741119385
	1.1181681156158447
	1.1180258989334106
	1.1178704500198364
	1.1177244186401367
	1.1175874471664429
	1.1174379587173462
	1.1172912120819092
	1.117150068283081
	1.1169991493225098
	1.1168372631072998
	1.1166880130767822
	1.116557002067566
	1.1164125204086304
	1.1162644624710083
	1.116118311882019
	1.1159820556640625
	1.115825891494751
	1.1156772375106812
	1.1155331134796143
	1.1154030561447144
	1.1152613162994385
	1.1151034832000732
	1.1149568557739258
	1.1148051023483276
	1.11466646194458
	1.1145294904708862
	1.1143957376480103
	1.1142523288726807
	1.1141084432601929
	1.1139647960662842
	1.1138297319412231
	1.1136860847473145
	1.1135414838790894
	1.1133970022201538
	1.113265872001648
	1.1131374835968018
	1.1129964590072632
	1.1128520965576172
	1.1127187013626099
	1.11258065700531
	1.112446904182434
	1.1123216152191162
	1.1121793985366821
	1.1120476722717285
	1.1119202375411987
	1.1117993593215942
	1.1116636991500854
	1.1115199327468872
	1.1113801002502441
	1.1112478971481323
	1.1111024618148804
	1.1109681129455566
	1.11082923412323
	1.1107033491134644
	1.1105748414993286
	1.1104403734207153
	1.1103111505508423
	1.1101759672164917
	1.1100488901138306
	1.1099086999893188
	1.1097716093063354
	1.109642744064331
	1.109512209892273
	1.1093796491622925
	1.1092430353164673
	1.1091125011444092
	1.1089781522750854
	1.1088420152664185
	1.1087138652801514
	1.1085797548294067
	1.1084438562393188
	1.108309030532837
	1.108186960220337
	1.1080583333969116
	1.1079185009002686
	1.107792854309082
	1.1076631546020508
	1.1075363159179688
	1.107410192489624
	1.1072856187820435
	1.1071527004241943
	1.107019066810608
	1.1068893671035767
	1.1067570447921753
	1.1066358089447021
	1.106491208076477
	1.106365442276001
	1.106231689453125
	1.106094241142273
	1.105966567993164
	1.1058474779129028
	1.105719804763794
	1.105600118637085
	1.1054693460464478
	1.105342984199524
	1.10521399974823
	1.105082631111145
	1.1049598455429077
	1.1048305034637451
	1.104699969291687
	1.1045774221420288
	1.1044410467147827
	1.104305624961853
	1.1041682958602905
	1.1040388345718384
	1.1039215326309204
	1.10378897190094
	1.1036649942398071
	1.1035354137420654
	1.1034002304077148
	1.1032673120498657
	1.103132724761963
	1.1030081510543823
	1.102876901626587
	1.1027575731277466
	1.1026290655136108
	1.1025031805038452
	1.1023818254470825
	1.102259635925293
	1.1021387577056885
	1.102013349533081
	1.1018991470336914
	1.1017682552337646
	1.1016494035720825
	1.1015340089797974
	1.101410150527954
	1.1012879610061646
	1.101163387298584
	1.1010432243347168
	1.1009260416030884
	1.1008093357086182
	1.1006935834884644
	1.1005699634552002
	1.1004482507705688
	1.1003246307373047
	1.10019850730896
	1.1000715494155884
	1.0999382734298706
	1.0998108386993408
	1.0996934175491333
	1.0995705127716064
	1.099447250366211
	1.0993261337280273
	1.0992125272750854
	1.0990856885910034
	1.0989644527435303
	1.0988296270370483
	1.0987101793289185
	1.0985865592956543
	1.0984607934951782
	1.0983381271362305
	1.0982158184051514
	1.0980958938598633
	1.0979777574539185
	1.097855806350708
	1.097731113433838
	1.097611665725708
	1.0974920988082886
	1.0973739624023438
	1.097262978553772
	1.0971453189849854
	1.097023367881775
	1.0969113111495972
	1.0967918634414673
	1.0966694355010986
	1.0965455770492554
	1.0964274406433105
	1.0963141918182373
	1.0961997509002686
	1.0960757732391357
	1.0959630012512207
	1.095852255821228
	1.0957289934158325
	1.095616102218628
	1.0954993963241577
	1.0953723192214966
	1.095265507698059
	1.0951520204544067
	1.0950387716293335
	1.0949199199676514
	1.094791054725647
	1.0946764945983887
	1.0945661067962646
	1.0944457054138184
	1.0943293571472168
	1.0942224264144897
	1.0940994024276733
	1.0939877033233643
	1.093871831893921
	1.093755841255188
	1.0936366319656372
	1.0935240983963013
	1.093410849571228
	1.0933092832565308
	1.0931973457336426
	1.0930877923965454
	1.092966079711914
	1.092848300933838
	1.092734694480896
	1.0926249027252197
	1.092507004737854
	1.0923948287963867
	1.0922850370407104
	1.0921740531921387
	1.0920629501342773
	1.0919548273086548
	1.0918465852737427
	1.0917330980300903
	1.091612458229065
	1.0915040969848633
	1.0913866758346558
	1.091275691986084
	1.0911707878112793
	1.0910643339157104
	1.0909451246261597
	1.0908416509628296
	1.0907318592071533
	1.0906277894973755
	1.0905165672302246
	1.0904064178466797
	1.0902924537658691
	1.0901731252670288
	1.0900611877441406
	1.0899498462677002
	1.0898494720458984
	1.089739441871643
	1.089626431465149
	1.08951997756958
	1.089415431022644
	1.08931303024292
	1.0892009735107422
	1.0890941619873047
	1.0889850854873657
	1.0888725519180298
	1.0887632369995117
	1.0886595249176025
	1.088552474975586
	1.0884497165679932
	1.0883499383926392
	1.08823561668396
	1.0881259441375732
	1.0880132913589478
	1.0879058837890625
	1.087797999382019
	1.0876868963241577
	1.0875747203826904
	1.0874719619750977
	1.0873697996139526
	1.0872617959976196
	1.0871559381484985
	1.0870543718338013
	1.086946964263916
	1.0868386030197144
	1.0867397785186768
	1.0866284370422363
	1.0865190029144287
	1.0864113569259644
	1.0863080024719238
	1.086188793182373
	1.0860930681228638
	1.085982322692871
	1.085869312286377
	1.0857629776000977
	1.0856728553771973
	1.0855668783187866
	1.0854560136795044
	1.0853545665740967
	1.085246205329895
	1.0851423740386963
	1.0850430727005005
	1.0849379301071167
	1.0848294496536255
	1.0847349166870117
	1.0846208333969116
	1.0845274925231934
	1.084429144859314
	1.084331750869751
	1.0842186212539673
	1.0841070413589478
	1.0840195417404175
	1.0839190483093262
	1.083821415901184
	1.0837175846099854
	1.0836166143417358
	1.0835155248641968
	1.0834147930145264
	1.083314061164856
	1.0832144021987915
	1.0831173658370972
	1.0830140113830566
	1.0829168558120728
	1.0828073024749756
	1.0826998949050903
	1.0825917720794678
	1.082493543624878
	1.0823814868927002
	1.0822795629501343
	1.0821797847747803
	1.082078456878662
	1.0819838047027588
	1.081881046295166
	1.0817768573760986
	1.0816665887832642
	1.0815718173980713
	1.0814777612686157
	1.0813708305358887
	1.0812731981277466
	1.081172227859497
	1.0810781717300415
	1.0809779167175293
	1.0808933973312378
	1.080797791481018
	1.0807002782821655
	1.0806026458740234
	1.0805096626281738
	1.0804064273834229
	1.0803059339523315
	1.0802137851715088
	1.0801156759262085
	1.0800175666809082
	1.07992422580719
	1.0798271894454956
	1.079725742340088
	1.0796254873275757
	1.0795329809188843
	1.0794323682785034
	1.079339623451233
	1.0792516469955444
	1.079157829284668
	1.079056978225708
	1.0789614915847778
	1.0788726806640625
	1.0787615776062012
	1.0786645412445068
	1.078565001487732
	1.0784598588943481
	1.0783711671829224
	1.0782718658447266
	1.0781716108322144
	1.0780678987503052
	1.0779805183410645
	1.0779002904891968
	1.0778123140335083
	1.0777195692062378
	1.0776258707046509
	1.077530860900879
	1.0774413347244263
	1.077340006828308
	1.0772372484207153
	1.0771437883377075
	1.0770587921142578
	1.0769799947738647
	1.0768893957138062
	1.0767993927001953
	1.076707363128662
	1.0766209363937378
	1.076525092124939
	1.0764321088790894
	1.0763342380523682
	1.0762405395507812
	1.076141595840454
	1.0760387182235718
	1.075952172279358
	1.0758577585220337
	1.0757648944854736
	1.075668215751648
	1.0755788087844849
	1.0754914283752441
	1.0753999948501587
	1.075308918952942
	1.0752103328704834
	1.0751173496246338
	1.0750290155410767
	1.074939250946045
	1.074846625328064
	1.074764370918274
	1.0746815204620361
	1.0745962858200073
	1.074510097503662
	1.0744277238845825
	1.0743367671966553
	1.0742422342300415
	1.0741510391235352
	1.074062466621399
	1.073971152305603
	1.073876976966858
	1.0737971067428589
	1.0737085342407227
	1.0736252069473267
	1.073542833328247
	1.0734549760818481
	1.0733635425567627
	1.0732755661010742
	1.073185920715332
	1.073097586631775
	1.0730092525482178
	1.0729169845581055
	1.0728236436843872
	1.0727351903915405
	1.0726478099822998
	1.0725685358047485
	1.072483777999878
	1.0724010467529297
	1.0723142623901367
	1.0722237825393677
	1.0721471309661865
	1.072061538696289
	1.0719823837280273
	1.0719022750854492
	1.0718138217926025
	1.0717332363128662
	1.071643352508545
	1.071558952331543
	1.0714763402938843
	1.0713872909545898
	1.0713155269622803
	1.0712316036224365
	1.071147084236145
	1.071053385734558
	1.0709683895111084
	1.0708738565444946
	1.070786476135254
	1.0707054138183594
	1.0706300735473633
	1.0705480575561523
	1.0704632997512817
	1.0703716278076172
	1.0702797174453735
	1.0701947212219238
	1.0701086521148682
	1.0700348615646362
	1.0699571371078491
	1.0698835849761963
	1.0697977542877197
	1.0697163343429565
	1.0696468353271484
	1.0695668458938599
	1.0694797039031982
	1.0693966150283813
	1.0693073272705078
	1.069230556488037
	1.069146752357483
	1.0690672397613525
	1.0689890384674072
	1.0689136981964111
	1.068830966949463
	1.0687509775161743
	1.0686711072921753
	1.0685917139053345
	1.068502426147461
	1.0684276819229126
	1.0683410167694092
	1.0682611465454102
	1.0681736469268799
	1.068089246749878
	1.068014144897461
	1.0679377317428589
	1.0678584575653076
	1.0677752494812012
	1.0676900148391724
	1.0676121711730957
	1.067533016204834
	1.0674396753311157
	1.0673751831054688
	1.0672880411148071
	1.0672115087509155
	1.0671306848526
	1.0670480728149414
	1.0669652223587036
	1.066880702972412
	1.0668046474456787
	1.0667229890823364
	1.0666518211364746
	1.0665677785873413
	1.066493272781372
	1.0664113759994507
	1.066339135169983
	1.0662639141082764
	1.0661859512329102
	1.066114902496338
	1.0660439729690552
	1.0659692287445068
	1.0658904314041138
	1.0658059120178223
	1.0657278299331665
	1.065645456314087
	1.0655672550201416
	1.0654823780059814
	1.065405011177063
	1.0653340816497803
	1.0652618408203125
	1.0651806592941284
	1.0651021003723145
	1.0650253295898438
	1.064944863319397
	1.0648772716522217
	1.0648008584976196
	1.0647289752960205
	1.0646506547927856
	1.0645724534988403
	1.0645039081573486
	1.0644282102584839
	1.064344882965088
	1.0642696619033813
	1.064186692237854
	1.0641037225723267
	1.0640331506729126
	1.0639615058898926
	1.063887357711792
	1.0638072490692139
	1.0637271404266357
	1.0636526346206665
	1.0635708570480347
	1.0634959936141968
	1.0634289979934692
	1.0633509159088135
	1.0632655620574951
	1.0631979703903198
	1.0631210803985596
	1.0630466938018799
	1.0629677772521973
	1.0629018545150757
	1.062825322151184
	1.0627516508102417
	1.0626695156097412
	1.0625865459442139
	1.062512755393982
	1.0624346733093262
	1.0623536109924316
	1.062279462814331
	1.0622038841247559
	1.0621238946914673
	1.0620509386062622
	1.0619862079620361
	1.0619107484817505
	1.061836838722229
	1.061763048171997
	1.0616947412490845
	1.0616183280944824
	1.061537265777588
	1.0614707469940186
	1.0613956451416016
	1.0613137483596802
	1.0612438917160034
	1.0611693859100342
	1.0611016750335693
	1.0610284805297852
	1.0609575510025024
	1.0608885288238525
	1.0608206987380981
	1.060743808746338
	1.0606706142425537
	1.0605969429016113
	1.0605322122573853
	1.06046462059021
	1.0604032278060913
	1.0603429079055786
	1.06027352809906
	1.0601993799209595
	1.0601252317428589
	1.06004798412323
	1.0599743127822876
	1.0599015951156616
	1.0598417520523071
	1.0597742795944214
	1.0597079992294312
	1.059639811515808
	1.0595710277557373
	1.05950129032135
	1.0594311952590942
	1.0593643188476562
	1.0592904090881348
	1.059225082397461
	1.0591564178466797
	1.0590842962265015
	1.059004306793213
	1.0589350461959839
	1.058868169784546
	1.0588008165359497
	1.0587291717529297
	1.05866539478302
	1.058603048324585
	1.0585353374481201
	1.0584626197814941
	1.0583947896957397
	1.058327078819275
	1.0582597255706787
	1.0582011938095093
	1.0581269264221191
	1.058053731918335
	1.0579766035079956
	1.057905912399292
	1.0578402280807495
	1.0577764511108398
	1.0577038526535034
	1.0576345920562744
	1.057572364807129
	1.057520866394043
	1.0574597120285034
	1.0573943853378296
	1.0573176145553589
	1.057253360748291
	1.0571954250335693
	1.0571174621582031
	1.057050347328186
	1.0569782257080078
	1.0569062232971191
	1.0568511486053467
	1.056783676147461
	1.0567177534103394
	1.056641697883606
	1.056572675704956
	1.0565149784088135
	1.056445598602295
	1.056372046470642
	1.0562992095947266
	1.0562410354614258
	1.0561821460723877
	1.0561028718948364
	1.0560342073440552
	1.055970549583435
	1.055908441543579
	1.0558397769927979
	1.0557746887207031
	1.0557092428207397
	1.0556459426879883
	1.0555800199508667
	1.055521011352539
	1.0554507970809937
	1.055389642715454
	1.0553253889083862
	1.0552668571472168
	1.0551995038986206
	1.0551395416259766
	1.0550682544708252
	1.0550057888031006
	1.0549453496932983
	1.0548869371414185
	1.0548235177993774
	1.0547752380371094
	1.0547035932540894
	1.0546408891677856
	1.0545786619186401
	1.05451500415802
	1.0544544458389282
	1.0543968677520752
	1.054340124130249
	1.054282546043396
	1.0542235374450684
	1.0541571378707886
	1.0540926456451416
	1.0540279150009155
	1.0539608001708984
	1.0538994073867798
	1.0538400411605835
	1.0537867546081543
	1.0537283420562744
	1.0536729097366333
	1.0536044836044312
	1.0535372495651245
	1.053467035293579
	1.0534111261367798
	1.053353190422058
	1.0532960891723633
	1.0532366037368774
	1.0531772375106812
	1.0531178712844849
	1.0530530214309692
	1.0529892444610596
	1.0529426336288452
	1.05287766456604
	1.052819848060608
	1.052750825881958
	1.0526878833770752
	1.0526313781738281
	1.052567958831787
	1.0525047779083252
	1.0524488687515259
	1.0523873567581177
	1.0523325204849243
	1.0522639751434326
	1.0522090196609497
	1.0521395206451416
	1.0520766973495483
	1.052014946937561
	1.0519506931304932
	1.0518839359283447
	1.0518229007720947
	1.0517634153366089
	1.0517113208770752
	1.051647663116455
	1.0515906810760498
	1.0515342950820923
	1.0514670610427856
	1.051404356956482
	1.0513514280319214
	1.051297664642334
	1.051229476928711
	1.0511631965637207
	1.0511059761047363
	1.0510426759719849
	1.0509800910949707
	1.0509382486343384
	1.0508825778961182
	1.0508228540420532
	1.0507574081420898
	1.0507036447525024
	1.050643801689148
	1.0505948066711426
	1.0505428314208984
	1.0504906177520752
	1.05043625831604
	1.0503820180892944
	1.050321340560913
	1.050258755683899
	1.0501993894577026
	1.0501432418823242
	1.0500901937484741
	1.050036072731018
	1.0499770641326904
	1.0499216318130493
	1.0498701333999634
	1.049809455871582
	1.04975426197052
	1.0497058629989624
	1.0496547222137451
	1.0496115684509277
	1.049553632736206
	1.0494890213012695
	1.0494377613067627
	1.0493837594985962
	1.0493299961090088
	1.0492656230926514
	1.0492053031921387
	1.0491468906402588
	1.0491007566452026
	1.0490444898605347
	1.0489768981933594
	1.0489253997802734
	1.0488784313201904
	1.0488234758377075
	1.0487685203552246
	1.0487236976623535
	1.0486680269241333
	1.048622488975525
	1.0485665798187256
	1.048497200012207
	1.0484448671340942
	1.0483826398849487
	1.0483368635177612
	1.048288106918335
	1.0482386350631714
	1.0481823682785034
	1.0481257438659668
	1.0480690002441406
	1.0480114221572876
	1.0479567050933838
	1.0479003190994263
	1.0478323698043823
	1.0477811098098755
	1.047731637954712
	1.0476821660995483
	1.0476253032684326
	1.0475775003433228
	1.0475273132324219
	1.0474790334701538
	1.0474344491958618
	1.0473809242248535
	1.0473319292068481
	1.0472818613052368
	1.0472251176834106
	1.0471755266189575
	1.0471247434616089
	1.0470733642578125
	1.0470061302185059
	1.0469491481781006
	1.0468939542770386
	1.0468462705612183
	1.0467824935913086
	1.0467339754104614
	1.046682596206665
	1.0466314554214478
	1.0465744733810425
	1.0465267896652222
	1.0464762449264526
	1.0464223623275757
	1.0463573932647705
	1.0463157892227173
	1.0462677478790283
	1.0462193489074707
	1.0461686849594116
	1.0461156368255615
	1.0460600852966309
	1.046002745628357
	1.0459542274475098
	1.0459011793136597
	1.045847773551941
	1.045807123184204
	1.0457459688186646
	1.0456980466842651
	1.0456538200378418
	1.0456016063690186
	1.0455594062805176
	1.0455045700073242
	1.0454528331756592
	1.0454140901565552
	1.0453535318374634
	1.045302391052246
	1.0452531576156616
	1.0452091693878174
	1.0451583862304688
	1.0451091527938843
	1.0450583696365356
	1.0449984073638916
	1.0449491739273071
	1.044894814491272
	1.0448534488677979
	1.0448049306869507
	1.0447572469711304
	1.0447129011154175
	1.0446583032608032
	1.044605016708374
	1.0445575714111328
	1.0445096492767334
	1.0444620847702026
	1.044409990310669
	1.044352412223816
	1.0443098545074463
	1.0442683696746826
	1.0442163944244385
	1.044175148010254
	1.0441313982009888
	1.0440857410430908
	1.0440397262573242
	1.044005036354065
	1.0439629554748535
	1.0439246892929077
	1.043870210647583
	1.0438216924667358
	1.043775200843811
	1.0437283515930176
	1.043695330619812
	1.0436559915542603
	1.0436145067214966
	1.0435649156570435
	1.0435185432434082
	1.0434788465499878
	1.043426513671875
	1.0433706045150757
	1.0433307886123657
	1.0432820320129395
	1.0432285070419312
	1.0431874990463257
	1.0431369543075562
	1.043094515800476
	1.0430426597595215
	1.0430008172988892
	1.0429598093032837
	1.0429232120513916
	1.0428783893585205
	1.0428367853164673
	1.0427929162979126
	1.0427401065826416
	1.0426992177963257
	1.042653203010559
	1.0425986051559448
	1.042566180229187
	1.0425258874893188
	1.0424857139587402
	1.04244065284729
	1.0423890352249146
	1.0423436164855957
	1.0423094034194946
	1.0422582626342773
	1.0422080755233765
	1.0421667098999023
	1.042116403579712
	1.0420695543289185
	1.042022466659546
	1.0419827699661255
	1.041940450668335
	1.0418879985809326
	1.0418322086334229
	1.0417866706848145
	1.0417431592941284
	1.041693091392517
	1.0416516065597534
	1.0416128635406494
	1.041561484336853
	1.0415092706680298
	1.0414644479751587
	1.0414141416549683
	1.0413748025894165
	1.0413304567337036
	1.0412781238555908
	1.0412392616271973
	1.041198968887329
	1.041155457496643
	1.0411235094070435
	1.0410950183868408
	1.0410548448562622
	1.0410027503967285
	1.0409477949142456
	1.0409150123596191
	1.0408774614334106
	1.0408480167388916
	1.04080069065094
	1.0407683849334717
	1.04072904586792
	1.0406970977783203
	1.040650725364685
	1.0406123399734497
	1.0405664443969727
	1.0405333042144775
	1.0405025482177734
	1.0404596328735352
	1.0404223203659058
	1.0403850078582764
	1.040334939956665
	1.0402854681015015
	1.0402354001998901
	1.0401850938796997
	1.040144920349121
	1.040113925933838
	1.0400770902633667
	1.0400346517562866
	1.0399996042251587
	1.0399634838104248
	1.039917230606079
	1.0398824214935303
	1.0398451089859009
	1.0397989749908447
	1.039760708808899
	1.0397191047668457
	1.039672613143921
	1.0396403074264526
	1.039595603942871
	1.0395514965057373
	1.0395156145095825
	1.0394706726074219
	1.0394384860992432
	1.039400577545166
	1.0393482446670532
	1.0393104553222656
	1.039258360862732
	1.0392183065414429
	1.0391871929168701
	1.0391391515731812
	1.0390958786010742
	1.0390641689300537
	1.0390243530273438
	1.0389833450317383
	1.0389502048492432
	1.0389156341552734
	1.0388760566711426
	1.038841962814331
	1.0388044118881226
	1.038766622543335
	1.03873610496521
	1.0386884212493896
	1.0386580228805542
	1.0386189222335815
	1.0385823249816895
	1.0385509729385376
	1.038519024848938
	1.038475751876831
	1.0384443998336792
	1.0383996963500977
	1.0383638143539429
	1.0383316278457642
	1.0382907390594482
	1.0382543802261353
	1.0382206439971924
	1.0381762981414795
	1.038137435913086
	1.0381081104278564
	1.038071632385254
	1.03802490234375
	1.0379868745803833
	1.0379515886306763
	1.0379129648208618
	1.0378830432891846
	1.0378410816192627
	1.0378141403198242
	1.0377767086029053
	1.037743330001831
	1.0377029180526733
	1.0376567840576172
	1.037614107131958
	1.037575364112854
	1.0375303030014038
	1.0374908447265625
	1.0374579429626465
	1.0374149084091187
	1.0373896360397339
	1.0373550653457642
	1.037314772605896
	1.0372815132141113
	1.0372368097305298
	1.0371980667114258
	1.0371625423431396
	1.0371198654174805
	1.0370904207229614
	1.0370588302612305
	1.0370326042175293
	1.0369937419891357
	1.0369534492492676
	1.0369312763214111
	1.036896824836731
	1.0368540287017822
	1.0368117094039917
	1.0367834568023682
	1.0367496013641357
	1.0367100238800049
	1.0366650819778442
	1.0366325378417969
	1.0366027355194092
	1.0365732908248901
	1.0365437269210815
	1.0365110635757446
	1.0364618301391602
	1.0364211797714233
	1.0363885164260864
	1.0363490581512451
	1.0363247394561768
	1.036280632019043
	1.0362576246261597
	1.0362231731414795
	1.036191701889038
	1.036155343055725
	1.036118984222412
	1.0360846519470215
	1.036056637763977
	1.0360238552093506
	1.0359891653060913
	1.0359519720077515
	1.0359177589416504
	1.0358960628509521
	1.035860538482666
	1.0358363389968872
	1.0358085632324219
	1.0357747077941895
	1.0357463359832764
	1.0357166528701782
	1.0356884002685547
	1.0356533527374268
	1.0356190204620361
	1.0355859994888306
	1.035563349723816
	1.0355215072631836
	1.0354835987091064
	1.035456895828247
	1.0354220867156982
	1.0353962182998657
	1.035361886024475
	1.0353169441223145
	1.0352791547775269
	1.0352356433868408
	1.0351970195770264
	1.035159707069397
	1.0351307392120361
	1.0351040363311768
	1.0350621938705444
	1.0350325107574463
	1.0349937677383423
	1.0349619388580322
	1.0349215269088745
	1.0349011421203613
	1.0348776578903198
	1.0348421335220337
	1.0348223447799683
	1.0347974300384521
	1.0347663164138794
	1.0347299575805664
	1.0346989631652832
	1.0346635580062866
	1.0346215963363647
	1.0345884561538696
	1.034559726715088
	1.0345323085784912
	1.0344886779785156
	1.034464955329895
	1.0344388484954834
	1.0344129800796509
	1.0343722105026245
	1.0343350172042847
	1.0343055725097656
	1.0342808961868286
	1.0342578887939453
	1.0342271327972412
	1.0342048406600952
	1.0341776609420776
	1.0341533422470093
	1.0341284275054932
	1.0341129302978516
	1.0340787172317505
	1.0340557098388672
	1.0340255498886108
	1.0340027809143066
	1.0339701175689697
	1.0339347124099731
	1.0338997840881348
	1.033860206604004
	1.0338375568389893
	1.0338072776794434
	1.0337704420089722
	1.0337471961975098
	1.0337167978286743
	1.0336960554122925
	1.0336706638336182
	1.0336582660675049
	1.0336281061172485
	1.0336034297943115
	1.0335767269134521
	1.0335363149642944
	1.0335087776184082
	1.0334893465042114
	1.0334606170654297
	1.0334361791610718
	1.0334161520004272
	1.0333954095840454
	1.0333688259124756
	1.0333439111709595
	1.0333237648010254
	1.0332930088043213
	1.0332708358764648
	1.033239483833313
	1.0332139730453491
	1.033179759979248
	1.033158779144287
	1.033133625984192
	1.0330933332443237
	1.0330755710601807
	1.0330549478530884
	1.0330274105072021
	1.033016324043274
	1.0329982042312622
	1.0329762697219849
	1.0329457521438599
	1.0329008102416992
	1.0328774452209473
	1.0328428745269775
	1.0328201055526733
	1.0327807664871216
	1.032745122909546
	1.032712697982788
	1.0326924324035645
	1.0326799154281616
	1.0326505899429321
	1.0326262712478638
	1.032608985900879
	1.0325924158096313
	1.0325596332550049
	1.0325404405593872
	1.0325217247009277
	1.0324981212615967
	1.032469391822815
	1.0324370861053467
	1.0324162244796753
	1.032394528388977
	1.032362461090088
	1.0323385000228882
	1.032300591468811
	1.0322741270065308
	1.032244086265564
	1.032228946685791
	1.0322123765945435
	1.0321928262710571
	1.0321608781814575
	1.0321403741836548
	1.0321158170700073
	1.032089114189148
	1.0320557355880737
	1.0320309400558472
	1.0320130586624146
	1.0319896936416626
	1.0319589376449585
	1.0319353342056274
	1.0319150686264038
	1.0318950414657593
	1.0318678617477417
	1.03183913230896
	1.0317959785461426
	1.0317620038986206
	1.0317418575286865
	1.0317275524139404
	1.0317007303237915
	1.0316804647445679
	1.031670093536377
	1.031651496887207
	1.031618356704712
	1.0316015481948853
	1.0315755605697632
	1.0315508842468262
	1.0315288305282593
	1.0315159559249878
	1.0314915180206299
	1.0314602851867676
	1.0314357280731201
	1.0314103364944458
	1.0313966274261475
	1.0313822031021118
	1.03135085105896
	1.0313172340393066
	1.0312950611114502
	1.0312743186950684
	1.0312466621398926
	1.0312247276306152
	1.0312048196792603
	1.031179666519165
	1.0311455726623535
	1.0311248302459717
	1.0310964584350586
	1.0310726165771484
	1.0310498476028442
	1.0310306549072266
	1.0310076475143433
	1.0309903621673584
	1.0309712886810303
	1.0309277772903442
	1.030896544456482
	1.0308613777160645
	1.030833125114441
	1.0308091640472412
	1.0307737588882446
	1.0307501554489136
	1.030727744102478
	1.030713438987732
	1.030682921409607
	1.0306580066680908
	1.030639886856079
	1.0306129455566406
	1.0305863618850708
	1.0305677652359009
	1.0305503606796265
	1.0305389165878296
	1.0305255651474
	1.0304982662200928
	1.0304821729660034
	1.0304596424102783
	1.0304415225982666
	1.0304112434387207
	1.0303916931152344
	1.0303666591644287
	1.0303380489349365
	1.0303140878677368
	1.030297040939331
	1.0302821397781372
	1.0302609205245972
	1.030234694480896
	1.0302225351333618
	1.030190348625183
	1.0301767587661743
	1.0301581621170044
	1.0301446914672852
	1.0301258563995361
	1.030100703239441
	1.0300849676132202
	1.0300660133361816
	1.0300490856170654
	1.0300217866897583
	1.0299954414367676
	1.0299795866012573
	1.0299639701843262
	1.029930830001831
	1.0299100875854492
	1.029876708984375
	1.0298441648483276
	1.0298265218734741
	1.0298161506652832
	1.029797077178955
	1.029785394668579
	1.029769778251648
	1.029754638671875
	1.0297287702560425
	1.0297068357467651
	1.0296944379806519
	1.0296680927276611
	1.0296504497528076
	1.0296186208724976
	1.0295963287353516
	1.0295673608779907
	1.029543399810791
	1.0295233726501465
	1.0295097827911377
	1.0294923782348633
	1.0294718742370605
	1.0294592380523682
	1.0294415950775146
	1.0294225215911865
	1.0294042825698853
	1.0293819904327393
	1.029365062713623
	1.02933931350708
	1.029323935508728
	1.029312014579773
	1.0292975902557373
	1.0292893648147583
	1.029283046722412
	1.0292621850967407
	1.0292463302612305
	1.029234528541565
	1.0292203426361084
	1.0291980504989624
	1.0291852951049805
	1.0291564464569092
	1.029138445854187
	1.029123067855835
	1.0291106700897217
	1.0290926694869995
	1.0290775299072266
	1.0290600061416626
	1.0290517807006836
	1.0290278196334839
	1.0290076732635498
	1.0289885997772217
	1.0289734601974487
	1.0289459228515625
	1.0289242267608643
	1.0289084911346436
	1.0288846492767334
	1.0288701057434082
	1.028843641281128
	1.0288301706314087
	1.0288057327270508
	1.0287810564041138
	1.0287610292434692
	1.0287445783615112
	1.0287261009216309
	1.0287055969238281
	1.0286998748779297
	1.0286864042282104
	1.0286552906036377
	1.0286346673965454
	1.0286192893981934
	1.0286056995391846
	1.028592824935913
	1.028566598892212
	1.0285425186157227
	1.0285143852233887
	1.0284987688064575
	1.0284769535064697
	1.0284602642059326
	1.028443694114685
	1.028423547744751
	1.028407335281372
	1.0283976793289185
	1.0283814668655396
	1.0283639430999756
	1.0283490419387817
	1.0283207893371582
	1.0283076763153076
	1.0282889604568481
	1.0282773971557617
	1.0282461643218994
	1.028228998184204
	1.0282114744186401
	1.0281883478164673
	1.0281708240509033
	1.0281407833099365
	1.0281263589859009
	1.0281137228012085
	1.028087854385376
	1.028075933456421
	1.0280587673187256
	1.028032660484314
	1.0280319452285767
	1.0280076265335083
	1.0279974937438965
	1.0279840230941772
	1.0279690027236938
	1.0279474258422852
	1.0279310941696167
	1.0279111862182617
	1.0278985500335693
	1.0278897285461426
	1.0278702974319458
	1.02785062789917
	1.0278222560882568
	1.027811050415039
	1.027787208557129
	1.0277832746505737
	1.0277739763259888
	1.0277581214904785
	1.0277456045150757
	1.027725338935852
	1.0277063846588135
	1.0276931524276733
	1.0276758670806885
	1.0276528596878052
	1.0276415348052979
	1.0276167392730713
	1.0275970697402954
	1.0275853872299194
	1.027574896812439
	1.0275516510009766
	1.0275379419326782
	1.0275336503982544
	1.0275152921676636
	1.0275057554244995
	1.0274914503097534
	1.0274722576141357
	1.0274453163146973
	1.0274298191070557
	1.0274176597595215
	1.0274113416671753
	1.0274009704589844
	1.0273842811584473
	1.0273652076721191
	1.0273511409759521
	1.0273348093032837
	1.0273219347000122
	1.0273128747940063
	1.0272971391677856
	1.0272808074951172
	1.0272653102874756
	1.0272494554519653
	1.0272502899169922
	1.0272386074066162
	1.0272207260131836
	1.0272001028060913
	1.0271764993667603
	1.027154803276062
	1.027143120765686
	1.0271278619766235
	1.0271096229553223
	1.0270932912826538
	1.0270763635635376
	1.0270586013793945
	1.0270367860794067
	1.027023196220398
	1.02701997756958
	1.026995301246643
	1.026995062828064
	1.0269793272018433
	1.0269697904586792
	1.0269557237625122
	1.0269469022750854
	1.0269297361373901
	1.026919960975647
	1.0269038677215576
	1.0268898010253906
	1.0268765687942505
	1.0268601179122925
	1.026833415031433
	1.0268213748931885
	1.0268020629882812
	1.0267813205718994
	1.0267642736434937
	1.0267544984817505
	1.0267349481582642
	1.0267291069030762
	1.0267143249511719
	1.0267083644866943
	1.0267000198364258
	1.0266867876052856
	1.0266845226287842
	1.0266779661178589
	1.026668906211853
	1.0266629457473755
	1.0266554355621338
	1.026650071144104
	1.0266265869140625
	1.0266096591949463
	1.0266008377075195
	1.0265824794769287
	1.0265718698501587
	1.0265551805496216
	1.0265368223190308
	1.02653169631958
	1.0265214443206787
	1.0265021324157715
	1.0264708995819092
	1.0264532566070557
	1.0264414548873901
	1.0264251232147217
	1.0264160633087158
	1.0264025926589966
	1.02638840675354
	1.0263766050338745
	1.0263751745224
	1.026368260383606
	1.0263597965240479
	1.0263456106185913
	1.0263264179229736
	1.026313304901123
	1.0262969732284546
	1.0262646675109863
	1.0262579917907715
	1.0262274742126465
	1.0262033939361572
	1.0261905193328857
	1.0261820554733276
	1.0261658430099487
	1.0261523723602295
	1.026140809059143
	1.0261328220367432
	1.0261127948760986
	1.0261114835739136
	1.0261071920394897
	1.0261086225509644
	1.026106834411621
	1.0260987281799316
	1.0260767936706543
	1.0260735750198364
	1.0260659456253052
	1.026062250137329
	1.0260602235794067
	1.026046633720398
	1.026042103767395
	1.0260250568389893
	1.0260151624679565
	1.0259921550750732
	1.0259912014007568
	1.0259792804718018
	1.0259522199630737
	1.02591872215271
	1.0259076356887817
	1.0258952379226685
	1.0258896350860596
	1.0258815288543701
	1.0258756875991821
	1.0258692502975464
	1.025862693786621
	1.0258533954620361
	1.0258327722549438
	1.0258293151855469
	1.0258233547210693
	1.0258169174194336
	1.025805950164795
	1.0257974863052368
	1.0257922410964966
	1.0257965326309204
	1.0257954597473145
	1.0257806777954102
	1.0257686376571655
	1.0257606506347656
	1.0257512331008911
	1.025738000869751
	1.0257080793380737
	1.0256950855255127
	1.025692105293274
	1.0256954431533813
	1.025694727897644
	1.0256751775741577
	1.0256627798080444
	1.025657296180725
	1.0256363153457642
	1.0256274938583374
	1.025620460510254
	1.0255982875823975
	1.0255935192108154
	1.0255873203277588
	1.025585651397705
	1.0255731344223022
	1.0255610942840576
	1.025532603263855
	1.0255354642868042
	1.0255250930786133
	1.0255151987075806
	1.025512456893921
	1.025493860244751
	1.0254719257354736
	1.0254751443862915
	1.0254707336425781
	1.025465488433838
	1.0254517793655396
	1.0254369974136353
	1.025426983833313
	1.0254217386245728
	1.025414228439331
	1.0253875255584717
	1.0253827571868896
	1.025372862815857
	1.0253710746765137
	1.0253658294677734
	1.0253618955612183
	1.0253534317016602
	1.0253428220748901
	1.025335669517517
	1.0253359079360962
	1.025325059890747
	1.025321364402771
	1.0253040790557861
	1.025295615196228
	1.025288701057434
	1.0252792835235596
	1.0252639055252075
	1.0252503156661987
	1.0252407789230347
	1.0252091884613037
	1.0251939296722412
	1.0251798629760742
	1.0251778364181519
	1.025170922279358
	1.0251706838607788
	1.0251505374908447
	1.025144100189209
	1.025132656097412
	1.0251119136810303
	1.0251023769378662
	1.025075078010559
	1.025059700012207
	1.02505624294281
	1.025051474571228
	1.0250372886657715
	1.0250225067138672
	1.0250259637832642
	1.025010108947754
	1.024991750717163
	1.0249862670898438
	1.0249722003936768
	1.0249565839767456
	1.0249502658843994
	1.024943470954895
	1.0249422788619995
	1.0249203443527222
	1.0249180793762207
	1.0249137878417969
	1.0249000787734985
	1.0248907804489136
	1.0248762369155884
	1.024875521659851
	1.024869680404663
	1.024868369102478
	1.024856448173523
	1.0248507261276245
	1.0248373746871948
	1.0248197317123413
	1.0248198509216309
	1.0248116254806519
	1.0248136520385742
	1.0248051881790161
	1.0247843265533447
	1.0247722864151
	1.0247787237167358
	1.024773120880127
	1.02476966381073
	1.024769902229309
	1.0247656106948853
	1.0247539281845093
	1.0247530937194824
	1.024746298789978
	1.024738073348999
	1.0247435569763184
	1.0247383117675781
	1.0247262716293335
	1.024717092514038
	1.0247079133987427
	1.0246970653533936
	1.0246973037719727
	1.024685263633728
	1.0246728658676147
	1.0246738195419312
	1.0246620178222656
	1.0246386528015137
	1.0246250629425049
]