[
	1.3959752282560307
	1.3960294273989668
	1.3960866385125714
	1.3961543733622128
	1.3962071245246328
	1.396271851156384
	1.3963240536997967
	1.3963792343710015
	1.3964350672153274
	1.3964926654994294
	1.3965391560015623
	1.3965918518313774
	1.3966396455015269
	1.3966856719216776
	1.396730225371955
	1.396771782337309
	1.3968148967258083
	1.3968559126684938
	1.3968885960721311
	1.396932266621174
	1.3969730507969107
	1.3970092693169263
	1.397038590469051
	1.397062213878428
	1.3970922213852268
	1.3971277064814287
	1.3971568869517272
	1.3971889495254841
	1.397230085046905
	1.3972646292806603
	1.397293625248995
	1.3973186151630361
	1.3973485356065964
	1.3973778752765325
	1.3974100388729562
	1.3974412201839905
	1.3974692315150923
	1.3974972536031507
	1.397519823545866
	1.3975436482993853
	1.397578151994502
	1.397607579450582
	1.3976355389770985
	1.3976659607650335
	1.3976876465802324
	1.3977284166208408
	1.3977526467231007
	1.3977781481179137
	1.3977979376966314
	1.397824192236399
	1.3978396918996454
	1.3978720333421664
	1.3978973208972578
	1.3979154064123744
	1.3979382198555605
	1.397954643433751
	1.397970298579316
	1.3979896172082826
	1.3980048312364899
	1.3980199432040952
	1.3980437287517724
	1.3980593592072772
	1.398075325222425
	1.3980858779566938
	1.3980955029379838
	1.3981085549945655
	1.3981357146852122
	1.3981514279794027
	1.3981651552694045
	1.3981807651607785
	1.398197446564797
	1.3982160179271603
	1.3982323117828246
	1.3982563313285834
	1.3982755648195957
	1.39829253757353
	1.398311700955494
	1.3983170535417908
	1.3983303016583706
	1.3983419557057062
	1.3983618886204532
	1.398373265672083
	1.3983834312222294
	1.3984001361345566
	1.3984135120226715
	1.398423437588109
	1.398436230367037
	1.3984569984937065
	1.398464004696575
	1.3984716698430557
	1.3984784958932583
	1.3984868977531835
	1.3984998736721752
	1.398514085455214
	1.3985299335393764
	1.3985438667394052
	1.398558766360625
	1.3985701400558106
	1.3985835260299198
	1.3985895425407917
	1.3985938200950507
	1.3985956927868963
	1.3986037359609174
	1.3986054178975833
	1.398614975733474
	1.3986193655919592
	1.3986209621436556
	1.3986259936421703
	1.398634636377309
	1.3986454699093922
	1.398655392723547
	1.3986580852540593
	1.39865742264964
	1.398662664989715
	1.3986694718499537
	1.3986777588858108
	1.3986802718494193
	1.3986917180771774
	1.3987046435055583
	1.3987112862399984
	1.3987181252615615
	1.398721754089091
	1.3987296250710874
	1.3987305167862365
	1.398734926102447
	1.3987419127241185
	1.3987526568477051
	1.3987583801921823
	1.3987616039406061
	1.398764577881218
	1.3987695382577645
	1.398776372402581
	1.3987784852605354
	1.3987844398299758
	1.398789095139549
	1.398788112869566
	1.3988014825600446
	1.398807784347699
	1.398819931826387
	1.3988233065230087
	1.3988355726801782
	1.3988353661632495
	1.3988345318008752
	1.3988438826863747
	1.3988512126460946
	1.3988571831237921
	1.3988593524361554
	1.3988576146514888
	1.3988611281995473
	1.3988679746495423
	1.3988654194499588
	1.3988684169150338
	1.3988678847040268
	1.3988798396273796
	1.3988778033633777
	1.39887889276696
	1.39887897876253
	1.3988815778656627
	1.3988777294855728
	1.3988781354274165
	1.3988833242134129
	1.3988729476021404
	1.3988803790095072
	1.3988815773207064
	1.398882789840426
	1.398885764055054
	1.3988843740877392
	1.398885091590126
	1.3988949110519617
	1.3988975783061162
	1.3988963334802726
	1.3989025274441114
	1.398897494906917
	1.3988942057164362
	1.3988963767057354
	1.39890269749145
	1.398902119191687
	1.3989016878621687
	1.398902699558723
	1.398907484898861
	1.3989119390069806
	1.398912715546852
	1.3989164058298729
	1.3989189173575602
	1.3989241643039407
	1.3989229108194667
	1.3989192889591127
	1.3989199451682173
	1.3989142255704299
	1.398912593339725
	1.3989208012388563
	1.3989210683742974
	1.3989198314754587
	1.3989209607936088
	1.398915068126593
	1.3989089240525823
	1.3989080653024446
	1.3989043700027108
	1.398906125756969
	1.3989021247977176
	1.3989070449678345
	1.3989122692575082
	1.3989171671778609
	1.3989146736061921
	1.398912122992141
	1.3989040638880261
	1.3989090852912753
	1.3989090404727846
	1.3989098223297511
	1.3989028337446299
	1.3988994720410763
	1.3988929011837927
	1.3988899119150235
	1.3988864189927168
	1.3988848182922695
	1.398893435588192
	1.3988922287489607
	1.3988956955393181
	1.3988956185882822
	1.398901550585978
	1.3989026963215745
	1.3989109684736916
	1.398908706948003
	1.3989055583590235
	1.3989054372990504
	1.3989004565861571
	1.3988999629607393
	1.3988984358712804
	1.3988991228371424
	1.398896934260283
	1.398894564887024
	1.398897967316061
	1.3989040018071248
	1.39890191760594
	1.3988999235963178
	1.3988973193173222
	1.398897866284199
	1.3989017076004342
	1.3989019992883889
	1.398899405508591
	1.3989002281692438
	1.3988999510384434
	1.398899431202949
	1.3989045129140574
	1.3989034128856714
	1.3989000834144003
	1.398896794002516
	1.3988927082928768
	1.3988933205612213
	1.3988937554231256
	1.398889919119652
	1.3988964810675348
	1.398897086672866
	1.3988997577919267
	1.398896949420822
	1.398888695986875
	1.3988867438318553
	1.398884801121153
	1.3988860281227131
	1.3988799980719184
	1.3988813839325158
	1.3988919542859934
	1.398890374131948
	1.3988913180943827
	1.3988869435162117
	1.3988923054037852
	1.3988851198244645
	1.3988853611034975
	1.3988823621890543
	1.3988826206760419
	1.3988857873574851
	1.3988844498356015
	1.3988820385876177
	1.3988770849937622
	1.3988773061758963
	1.3988754484289316
	1.3988748594573217
	1.3988725642597637
	1.3988696418790294
	1.3988700496692223
	1.3988687008843115
	1.398877084580555
	1.3988802419761883
	1.3988914256257023
	1.3988896051267516
	1.398887325982978
	1.398882471925002
	1.3988856962730836
	1.3988861589458315
	1.3988834028773955
	1.3988780758879196
	1.398877211693956
	1.3988686015567147
	1.39886463736667
	1.3988610725056703
	1.3988594904106302
	1.3988576888988904
	1.3988532353610406
	1.3988494152707314
	1.3988501646965343
	1.3988421535760942
	1.3988382458572124
	1.3988399001400718
	1.39883842376487
	1.3988379248918812
	1.398836442327408
	1.3988329084752154
	1.3988283932253707
	1.398825517569981
	1.3988285736986392
	1.3988311240108537
	1.3988322234627728
	1.3988248519177977
	1.3988258972951273
	1.3988230263187442
	1.3988195209747563
	1.3988219210589716
	1.3988241751264687
	1.3988255547714488
	1.3988231859802838
	1.398822500558617
	1.3988210865622135
	1.3988201908756583
	1.3988155025910116
	1.3988134553282503
	1.3988140919462024
	1.398811413591491
	1.3988105479190602
	1.3988107941691914
	1.3988098670272928
	1.398805436582001
	1.3988040056349391
	1.39880651424288
	1.3987998695865163
	1.398792185088084
	1.3987974084383692
	1.3987890894854462
	1.3987823888267619
	1.3987813802632854
	1.3987872982066247
	1.398785783910966
	1.398784874635604
	1.3987870888790515
	1.3987819983441683
	1.3987824129715503
	1.3987768990003744
	1.3987734704160704
	1.3987710894387664
	1.3987689356578739
	1.3987641508926627
	1.3987637825176558
	1.3987599331615639
	1.3987608740559165
	1.3987514179937517
	1.3987487711589937
	1.3987482975828245
	1.3987458903213006
	1.398745508063345
	1.3987488506102823
	1.3987461123561005
	1.3987489949173604
	1.3987429041506594
	1.3987380937031937
	1.398740647035912
	1.3987380982360493
	1.3987377929554792
	1.3987343161627686
	1.398730797358405
	1.3987220880512303
	1.3987244582626566
	1.3987190641675218
	1.398719201028302
	1.3987205292310394
	1.3987252088749411
	1.398717439069539
	1.398714975242907
	1.3987142561824195
	1.3987116888623325
	1.398709417371783
	1.398704862099859
	1.3987044392916084
	1.3987027507953873
	1.398700986907839
	1.3986957051634905
	1.3986944913321164
	1.3986894873964328
	1.3986857081978175
	1.3986884621518187
	1.3986860054438968
	1.3986832795369106
	1.3986830958896481
	1.398680769193819
	1.3986773120341955
	1.3986745887107614
	1.3986716019999546
	1.3986738248842834
	1.398673101170975
	1.3986745108890442
	1.3986735113044473
	1.3986689636006921
	1.398663718685856
	1.3986713268674493
	1.3986732250143177
	1.39866952907602
	1.398663114873854
	1.3986603719481274
	1.3986560291301553
	1.3986714940419076
	1.3986693778796666
	1.398672856083661
	1.3986740811757308
	1.3986754725606154
	1.398677852453697
	1.3986760378974332
	1.398676652673021
	1.3986726262467313
	1.3986687617519062
	1.398672264185484
	1.3986742567672255
	1.3986696775030762
	1.398674896769999
	1.3986771001473708
	1.3986739941629174
	1.398669723127065
	1.3986674077510435
	1.3986716105994244
	1.398669430015615
	1.398668723105567
	1.398667589891761
	1.3986653470515389
	1.3986663576165943
	1.3986721152257904
	1.3986699960268265
	1.398665101223572
	1.3986615309212984
	1.398659625814969
	1.398660347525084
	1.3986593711948196
	1.3986605055403545
	1.3986624700126156
	1.3986601598560646
	1.3986589265381693
	1.398655387510031
	1.3986507485435546
	1.398648202117459
	1.3986448778245828
	1.398647947656605
	1.3986452040423107
	1.398646837931502
	1.39864059146068
	1.3986445644208787
	1.3986416076377797
	1.3986352422084178
	1.398632938773067
	1.3986340558099928
	1.398635969206215
	1.3986313663545136
	1.398633047183623
	1.398631037272941
	1.3986292403262388
	1.398631234490717
	1.3986296322568403
	1.3986327968856416
	1.398631141672424
	1.3986320911969723
	1.3986321826822825
	1.3986229964068906
	1.398620219402179
	1.3986181095680765
	1.3986156108891743
	1.3986123975004818
	1.3986106728753938
	1.398609745029085
	1.3986078595752647
	1.3986024981717098
	1.3986108088034872
	1.3986105137341593
	1.3986085289242476
	1.3986042959253413
	1.3986001316612124
	1.3985973696738083
	1.3985969031957297
	1.3985996463789532
	1.3985985443378774
	1.3985937660382546
	1.3985894399710137
	1.3985884615705293
	1.3985870109291991
	1.3985859529198272
	1.398587938992947
	1.3985891369383245
	1.3985871599112505
	1.3985849757054918
	1.3985880442331493
	1.3985853265531483
	1.398584998445518
	1.3985838446248273
	1.398583340100805
	1.398576641676557
	1.3985788805762818
	1.3985765921612214
	1.3985756244985352
	1.3985741335107913
	1.3985714082728256
	1.3985698668084465
	1.3985642048735332
	1.3985645791876162
	1.3985595781800624
	1.3985580011538885
	1.3985555734840058
	1.3985535015139716
	1.3985538199798924
	1.3985514491193585
	1.3985548290063807
	1.3985540424362333
	1.3985510507855177
	1.3985523596723655
	1.3985474414905101
	1.3985505318931617
	1.3985528726333867
	1.398555891201096
	1.398556590252123
	1.3985592016709274
	1.3985543047358864
	1.3985554781573344
	1.398556836136307
	1.398561046831884
	1.3985594817962905
	1.3985583773980146
	1.3985595882084871
	1.3985595446817127
	1.398557068371085
	1.3985619852560023
	1.3985592602349939
	1.3985576645803997
	1.398555563215894
	1.3985574341299685
	1.398556778412294
	1.398556594246386
	1.3985547577950521
	1.398558644910593
	1.3985558018773436
	1.3985519616675886
	1.3985500045185086
	1.3985498172448916
	1.3985512482260463
	1.398548006772037
	1.398546863448522
	1.3985492900905323
	1.3985458975792513
	1.3985455098521251
	1.3985430575593258
	1.398542270479883
	1.398545728056883
	1.3985431255918646
	1.3985423643193442
	1.3985464154100806
	1.3985453936608354
	1.3985443458893083
	1.3985443134970224
	1.3985410728953593
	1.3985469911914707
	1.398544611601186
	1.3985452740689843
	1.3985451378495362
	1.3985428844658874
	1.3985477571637095
	1.3985447872844972
	1.3985410343443156
	1.3985388818445958
	1.3985371302253438
	1.3985352853955315
	1.3985311624637178
	1.3985295560742788
	1.3985281527588578
	1.3985276349123523
	1.3985276176980384
	1.3985291512356959
	1.3985278491279416
	1.398531357327769
	1.398535804082305
	1.3985382805280495
	1.3985379514740257
	1.3985374478582127
	1.3985329371123014
	1.3985280438394796
	1.3985242231633461
	1.3985231843126933
	1.398523383854461
	1.3985176947309135
	1.3985160185463292
	1.3985183375741852
	1.3985174277385997
	1.3985159951423316
	1.3985132388447639
	1.398508207653687
	1.398506319945314
	1.398505811270234
	1.3985042175019362
	1.3985068841745525
	1.3985057753666792
	1.3985079747481235
	1.398504587863195
	1.3985079323226959
	1.3985075285994422
	1.3985074746877937
	1.3985082704520877
	1.3985080845609612
	1.3985065694925491
	1.3985085048747425
	1.3985047443180385
	1.3985022373057403
	1.3984984090969022
	1.3985015784528287
	1.3984980858792935
	1.3984900539072465
	1.3984932263937402
	1.3984953544154213
	1.3984979869169858
	1.3984982160240103
	1.3984960090124925
	1.398498052525681
	1.3985000392541223
	1.3984989405231365
	1.3985008892713864
	1.3984971701760536
	1.3984951057510324
	1.3984930503774746
	1.398490638245003
	1.3984858939341145
	1.3984815986836503
	1.3984808203114165
	1.3984769057433395
	1.3984736861228655
	1.398468285676028
	1.3984666999701847
	1.398467558192348
	1.3984677008766748
	1.3984657837338772
	1.3984605446363254
	1.3984594594578843
	1.3984632223407574
	1.3984581222953718
	1.3984601341915148
	1.3984650094523812
	1.3984641298865181
	1.398461076747484
	1.3984600024483038
	1.3984618043953085
	1.3984585169065586
	1.3984618065939136
	1.3984648235765107
	1.3984708334371072
	1.3984710499721704
	1.3984738841961322
	1.3984712064402778
	1.3984705195978693
	1.3984628625333528
	1.3984614956455197
	1.39846682178289
	1.3984656696950373
	1.3984636366453511
	1.3984608961478882
	1.3984557704640614
	1.3984558089898915
	1.3984604177134088
	1.3984616019707208
	1.3984577266188156
	1.3984569712058532
	1.3984577573655776
	1.398455078230336
	1.3984593352707342
	1.398461859811361
	1.3984623394409739
	1.3984598062262483
	1.3984575569073479
	1.3984547530800102
	1.3984533631347253
	1.398447366881475
	1.3984457387171365
	1.3984486209916993
	1.3984474558303062
	1.3984462797716581
	1.3984462609388837
	1.3984435352088047
	1.3984434757271227
	1.3984481173015157
	1.3984457910832482
	1.3984490493518706
	1.3984519712949905
	1.3984515281955614
	1.3984501443923458
	1.3984483910981853
	1.398444933158115
	1.398444886290494
	1.398450091436815
	1.3984527368008552
	1.3984620225293238
	1.3984625146733771
	1.3984699742398021
	1.3984721483592486
	1.3984773288510153
	1.3984761153143754
	1.3984766824031285
	1.39848333798534
	1.3984824597546275
	1.3984901277656734
	1.3984906564648345
	1.3984916780395917
	1.398484869396925
	1.398485236677358
	1.3984888287054644
	1.398488288291754
	1.39849045667171
	1.3984912786513806
	1.3984928866245314
	1.3984909474448477
	1.3984962602735354
	1.3984941896798762
	1.398489031450448
	1.3984914702433378
	1.3984880985498571
	1.3984825859540566
	1.398482396346718
	1.39848281414655
	1.3984817110588936
	1.3984778257682908
	1.3984773772602477
	1.398479685400189
	1.3984815227693632
	1.3984822913871353
	1.3984746625050988
	1.398468420628425
	1.398467682701764
	1.3984704412105158
	1.3984714795635949
	1.3984682060269438
	1.3984683124414756
	1.3984689189567647
	1.3984700872251337
	1.3984695792634179
	1.3984721565896139
	1.3984678990229538
	1.3984811931539942
	1.3984792562333794
	1.3984772150115317
	1.3984763211244786
	1.3984708905009073
	1.3984765991864487
	1.398474973369484
	1.398475686309634
	1.3984759018657387
	1.3984787780952088
	1.398476866529251
	1.398485101220526
	1.3984790275135912
	1.3984751221073506
	1.3984799365884428
	1.3984761489677227
	1.3984711348483772
	1.398470149134453
	1.3984610158035817
	1.3984605309129057
	1.3984601848901914
	1.3984567839228268
	1.3984606856002306
	1.3984588501121125
	1.3984610993609028
	1.3984604069105002
	1.3984609138994104
	1.3984639531513272
	1.3984596344176239
	1.3984581024812857
	1.3984575033345006
	1.3984519143596537
	1.398455049666615
	1.3984550040236334
	1.398452764996377
	1.3984523005053666
	1.3984456820877342
	1.398441367379235
	1.3984415226852316
	1.3984391521109716
	1.3984359206520267
	1.398436951792432
	1.398436120943696
	1.3984339902812821
	1.3984348816949215
	1.3984289830030918
	1.3984337168262821
	1.3984350771766505
	1.3984348091177612
	1.3984310352023313
	1.3984294790176108
	1.398429748144057
	1.3984294715817787
	1.3984241146179572
	1.3984258756818577
	1.3984231815313652
	1.398423453459611
	1.3984256892574412
	1.3984311470477004
	1.3984317438274574
	1.39843329097477
	1.3984337350702412
	1.3984338222775967
	1.3984324700508888
	1.3984287056529183
	1.3984322148975281
	1.3984303457368528
	1.3984311941446625
	1.3984299181667927
	1.3984314143561756
	1.398431448941429
	1.3984306843625793
	1.39843280811372
	1.398430506678535
	1.3984298308590248
	1.398431874161741
	1.3984319178773417
	1.3984296599437642
	1.398436721412522
	1.3984376648886834
	1.3984346770571143
	1.3984304581873965
	1.3984361449513802
	1.3984369670508427
	1.3984377902081342
	1.398441728930003
	1.3984355335625012
	1.3984379267906808
	1.3984341598490693
	1.398437683495204
	1.398435071115686
	1.3984340863096316
	1.3984316195506101
	1.3984300610845253
	1.3984294858272337
	1.3984289411218567
	1.398435421528384
	1.398431027398127
	1.398430060722589
	1.3984289283985725
	1.3984303113055294
	1.3984305945789581
	1.3984329081121663
	1.3984307010041266
	1.398429798151999
	1.3984326831191503
	1.3984360680587031
	1.3984336727217916
	1.3984384740343452
	1.3984378928655965
	1.398440191721111
	1.398437141657058
	1.3984357977346402
	1.3984399765339375
	1.3984371388777999
	1.3984404157930341
	1.3984387712180202
	1.3984408469976652
	1.39844402438912
	1.3984398843275736
	1.3984455318025235
	1.3984420410814502
	1.3984469866549492
	1.398448155898167
	1.39845025088632
	1.3984468803475076
	1.3984469983836885
	1.3984407196118833
	1.3984403573830608
	1.398438441050174
	1.3984418749099274
	1.3984412671694768
	1.3984414007269554
	1.3984370083060675
	1.3984400806919897
	1.3984404459303734
	1.398439643089838
	1.3984392584098735
	1.3984387549947908
	1.3984365109588262
	1.3984391879554088
	1.3984388955967606
	1.3984396067522948
	1.3984383263596019
	1.3984365005250927
	1.3984320380345194
	1.3984313312380066
	1.3984304390657007
	1.3984280479048479
	1.3984282714019107
	1.3984295882808822
	1.3984246690728939
	1.3984206294003934
	1.398423990662276
	1.3984256403138409
	1.398430105047184
	1.398426936315918
	1.3984304345477525
	1.3984293455419003
	1.3984279487067122
	1.398428159613455
	1.3984300045170623
	1.3984286829496073
	1.3984284613616174
	1.398428414565543
	1.398424002276964
	1.3984220517752344
	1.398422637060634
	1.3984275817126592
	1.3984208000219052
	1.398418990613484
	1.3984242975098427
	1.3984239869131019
	1.3984225202380405
	1.3984213750704166
	1.398413937564278
	1.3984126605872957
	1.3984131144833172
	1.398412055329165
	1.398412190978793
	1.3984062476531065
	1.3984028701892988
	1.3984022935683325
	1.398400557810831
	1.398399816121593
	1.3983947377391284
	1.3983979753333866
	1.3983966392153364
	1.3983990358647627
	1.3983958131551095
	1.3983968232298378
	1.3983937487939613
	1.3983888004436427
	1.3983920075358134
	1.3983944879301191
	1.3983942466919206
	1.39839196629843
	1.3983955954699285
	1.398393534149438
	1.3983959043908951
	1.3983968665461504
	1.3984006046315867
	1.3983970539676027
	1.3983936955882144
	1.3983974769545175
	1.398399390109451
	1.3983966376727446
	1.398399256401549
	1.3984016790619584
	1.3984028480724366
	1.3984019535518202
	1.3984041019866986
	1.398405745552849
	1.3984042228507725
	1.398404601163098
	1.3984088702620883
	1.3984134855949644
	1.3984130600062838
	1.3984120404638447
	1.3984090674473
	1.3984106983512452
	1.3984110162842973
	1.3984095716418985
	1.3984067765592194
	1.3984075266483802
	1.3984075687177813
	1.3984042135147359
	1.398406394009486
	1.398403369809743
	1.398404827896626
	1.398404072335265
	1.3983980210041884
	1.3984011389501798
	1.39840643615676
	1.3984066444444374
	1.3984078510270819
	1.398404896507085
	1.3984006031297458
	1.398399823824235
	1.3983981993224155
	1.3983956117095206
	1.398392534909441
	1.3983888490842882
	1.3983928641845624
	1.398392503713711
	1.3983911194235779
	1.3983879253126874
	1.3983898543375604
	1.398390448051141
	1.3983910664503607
	1.3983932719055892
	1.3983905275628823
	1.3983893550715136
	1.3983871508607353
	1.398386893354855
	1.3983888193998444
	1.3983870552666025
	1.3983891451865509
	1.3983916845587487
	1.3983964767516779
	1.3983897970560448
	1.3983932906230854
	1.3983895036006597
	1.3983876015672645
	1.3983876503317956
	1.3983851580734052
	1.398379389981412
	1.39838490964695
	1.3983855472364035
	1.3983798485664891
	1.3983818463382898
	1.3983826120228613
	1.39838486202778
	1.3983854856239257
	1.398389647336723
	1.3983890993750607
	1.3983877513958827
	1.3983897611492788
	1.398388633235675
	1.3983923408712633
	1.3983888915832294
	1.3983912741389226
	1.3983900300609435
	1.3983851812849841
	1.3983825622671502
	1.3983886943711135
	1.3983874172309063
	1.3983850222036092
	1.3983833955213498
	1.398384663923926
	1.3983871534576717
	1.3983790980334916
	1.3983797064341412
	1.3983817221179526
	1.3983781906297033
	1.3983736212504898
	1.3983696643111108
	1.398369522421582
	1.398370424487343
	1.3983692993759087
	1.3983693434555167
	1.3983722521812516
	1.3983707043865867
	1.3983731954544958
	1.3983666934940848
	1.3983641517876853
	1.3983635244269594
	1.3983619049987068
	1.3983616626509432
	1.3983612155347442
	1.3983637352109919
	1.3983660014684576
	1.3983653205056776
	1.39836843447846
	1.3983706300413599
	1.3983742486467767
	1.3983718345116203
	1.3983679361901284
	1.3983640455038133
	1.398363073086531
	1.398364945292148
	1.3983670031629218
	1.3983690771863444
	1.398366599394476
	1.398363253032472
	1.3983593991566714
	1.3983599556738502
	1.3983576530267157
	1.3983597599539777
	1.3983587334425747
	1.398361220777606
	1.3983619230176478
	1.3983648973984835
	1.398361906224894
	1.3983655013855611
	1.3983597879742413
	1.3983628200444578
	1.398363278119699
	1.3983615252685822
	1.3983616943725001
	1.398364078104751
	1.398360289288242
	1.3983576734863203
	1.398357024428655
	1.3983586534978132
	1.3983590190900106
	1.3983559044364116
	1.3983626336479138
	1.398365848195641
	1.3983624226208302
	1.3983646183039748
	1.3983626488079093
	1.3983640553709271
	1.3983608521283504
	1.3983614528422408
	1.398357256184577
	1.398356683246329
	1.3983583384062932
	1.3983564715841441
	1.3983559692139664
	1.3983543934706
	1.398359970082752
	1.3983609767121679
	1.39835578046507
	1.39835697329003
	1.398352488445237
	1.3983537384070406
	1.3983547082466854
	1.3983544597770985
	1.3983470884094253
	1.398349646891812
	1.3983495463089999
	1.3983488521221734
	1.3983498342856961
	1.3983469398094968
	1.3983445576737277
	1.3983484678576708
	1.398345530440628
	1.3983456699363181
	1.3983455314823416
	1.398343967170375
	1.3983425678751469
	1.3983405666549829
	1.398340518400703
	1.3983420944964078
	1.3983450903227634
	1.3983449857997272
	1.398346305138405
	1.3983417488547578
	1.3983431105517772
	1.3983430781583845
	1.3983380329987622
	1.398339614233084
	1.3983423235411145
	1.3983374097756152
	1.3983404976699876
	1.3983397924155097
	1.3983413101930249
	1.3983408354560434
	1.3983394196338408
	1.3983370649089117
	1.398340680360652
	1.3983428944083156
	1.3983412568371683
	1.3983404356146083
	1.398342659147121
	1.39834193194358
	1.3983450070822787
	1.3983414829069951
	1.3983401674104423
	1.3983370569906297
	1.3983296917405523
	1.398328579204295
	1.3983327060578192
	1.3983337740428479
	1.3983331815710236
	1.3983347990542505
	1.3983336153653634
	1.3983383989839204
	1.3983401445186874
	1.3983393251390703
	1.3983416323975917
	1.398343705291296
	1.3983407390357834
	1.3983370621629392
	1.3983394422778144
	1.3983382287304762
	1.3983354971824715
	1.3983362373402057
	1.3983344787583547
	1.3983353969342918
	1.398336307637243
	1.3983372165086474
	1.398334333104762
	1.398334039040881
	1.3983342105534795
	1.3983313963233368
	1.3983327218559891
	1.3983298126952513
	1.3983334068741475
	1.3983305906250258
	1.3983285119100402
	1.398328541472968
	1.3983279569750147
	1.3983266433447636
	1.398329093017285
	1.3983292064431743
	1.398326005544367
	1.3983309599292928
	1.3983301269424664
	1.3983276775528515
	1.3983284037399875
	1.3983266278965707
	1.3983272034354535
	1.3983296667824283
	1.3983280322724132
	1.3983240644260655
	1.398323589421443
	1.3983217811388184
	1.3983291730329321
	1.3983309055156192
	1.3983329532058006
	1.3983392843614946
	1.3983354946449347
	1.3983368759197694
	1.3983355416236842
	1.3983365241950827
	1.3983348228282797
	1.3983411571266469
	1.3983446985198242
	1.3983456575277287
	1.3983484723054316
	1.3983459645057983
	1.3983454378696338
	1.3983445768061333
	1.3983389943375908
	1.3983390479601587
	1.398339024665098
	1.3983359580217576
	1.3983402278720758
	1.3983387674925525
	1.398337245406885
	1.3983392499123661
	1.398342882426426
	1.398342293902101
	1.3983432872598698
	1.3983458002209268
	1.3983487776555499
	1.398352368040486
	1.398355788931947
	1.3983607950209993
	1.3983649036395385
	1.3983638473726374
	1.398365613521619
	1.3983620258416587
	1.398363162180213
	1.3983618418208559
	1.3983671072847024
	1.398365246420502
	1.3983722714802842
	1.398373200291754
	1.3983712301090567
	1.398367043923649
	1.3983671108442013
	1.398366826399824
	1.3983678385386262
	1.3983665967388217
	1.3983662983896308
	1.3983742197816997
	1.3983726818144633
	1.3983733392184994
	1.3983761121030027
	1.3983782886504563
	1.3983785185647482
	1.398379236169374
	1.3983772482976238
	1.3983793762445302
	1.3983839355326284
	1.3983853252151128
	1.3983835193899257
	1.3983810794315932
	1.398376786621323
	1.3983790999373196
	1.3983797989257092
	1.3983812233308286
	1.3983802919853265
	1.3983747846110453
	1.398373934632894
	1.3983712138668114
	1.3983746543734312
	1.3983761828912333
	1.3983761656370146
	1.398375140614226
	1.3983750853347088
	1.3983757227793887
	1.3983756418816027
	1.398379719703543
	1.3983771115765296
	1.3983812385903438
	1.398379428475632
	1.3983780246872848
	1.3983808527751433
	1.3983792179121655
	1.3983796862693136
	1.3983786210485238
	1.3983752864928858
	1.3983717124675827
	1.3983744627569759
	1.3983732184093283
	1.3983757566664055
	1.3983758618526951
	1.3983754017084655
	1.3983764635567795
	1.3983795494848266
	1.3983807654209994
	1.3983792505701518
	1.3983772671984587
	1.3983779240116327
	1.3983765507709491
	1.398381242290809
	1.3983841382933562
	1.3983853832598632
	1.3983858754342673
	1.3983855411301558
	1.3983828127245845
	1.3983832188675132
	1.3983860185289723
	1.3983821754185706
	1.3983874445787225
	1.3983836210891074
	1.398387207062988
	1.398389359901614
	1.3983834006403615
	1.3983832629453128
	1.3983840077672227
	1.3983823162870586
	1.3983848287544176
	1.398384742331116
	1.3983844334096631
	1.398383704781047
	1.3983820591748917
	1.3983794534723097
	1.398381217483115
	1.398379574273129
	1.3983767826496913
	1.3983777916564444
	1.398374209555472
	1.3983761947946027
	1.398375527793692
	1.3983706921846089
	1.3983684190877126
	1.3983674289511159
	1.3983701839787
	1.3983722453688383
	1.3983766916083193
	1.3983702787811156
	1.3983712787850897
	1.3983688007093373
	1.398369216457531
	1.3983682764318763
	1.3983673332203554
	1.3983598997461768
	1.3983565748853741
	1.3983571666181525
	1.398356730913177
	1.3983589756009962
	1.398359874821214
	1.3983575731110447
	1.39836449934574
	1.3983678186785586
	1.398366157440688
	1.3983628915797965
	1.3983616892412971
	1.398360537616183
	1.3983600981814046
	1.3983622331927803
	1.3983621299797513
	1.3983629066553278
	1.398364889820437
	1.3983656380527114
	1.3983683096348718
	1.398370949862921
	1.39837527166688
	1.398371590271299
	1.3983727812484639
	1.398377205315982
	1.398379444567145
	1.3983790941124625
	1.3983739222300884
	1.3983748496378217
	1.398374169615487
	1.3983735043629901
	1.3983726908992644
	1.3983719632555778
	1.3983747705444214
	1.3983760260902767
	1.3983747349380808
	1.398374017288243
	1.3983722644330754
	1.3983719784981592
	1.3983717450500057
	1.3983747541492382
	1.398372648363566
	1.3983767490039944
	1.3983801890018956
	1.398383362802413
	1.3983803862161317
	1.3983795038928504
	1.3983805289173366
	1.3983826390423548
	1.3983839267933473
	1.3983840782987387
	1.3983855091656119
	1.3983870102897424
	1.3983852146141673
	1.398391635938382
	1.3983920914717414
	1.398393194083458
	1.3983945069395531
	1.398392869371741
	1.3983934801645663
	1.398389912807281
	1.3983911693286015
	1.3983904151663693
	1.3983917070633194
	1.3983937751596696
	1.3983983459534375
	1.398397042111478
	1.398396237995744
	1.3983979010287104
	1.3983970323360606
	1.3983969309145856
	1.398393635624168
	1.3984002592553497
	1.3983982453328208
	1.3983950762511763
	1.3983909633642324
	1.398384897325106
	1.3983831415949257
	1.398382793396174
	1.398381332755099
	1.3983792635258525
	1.398383070557176
	1.3983850651040284
	1.3983856027001855
	1.3983910936716097
	1.3983918366127486
	1.3983968459284173
	1.3983978808294693
	1.3983993710953821
	1.3983954952727466
	1.39839884024267
	1.398390148921005
	1.3983923718281825
	1.3983911960434152
	1.3983941459359492
	1.3983913834449153
	1.3983893081175527
	1.3983918903639152
	1.3983906738535836
	1.398392642599724
	1.3983936329451345
	1.3983962577696631
	1.398393295638856
	1.3983991305639083
	1.3983959116622602
	1.3983971068964454
	1.3983966721870553
	1.398395239477913
	1.39839897938271
	1.3983981958337404
	1.3983945641453452
	1.398393514347151
	1.3983953131785472
	1.3983922163382818
	1.3983950278781507
	1.3983941294504076
	1.3983918106890048
	1.3983919144483357
	1.3983960342625985
	1.398394579749834
	1.3983873360079353
	1.3983853011949134
	1.3983869613867423
	1.3983882009221948
	1.3983900276441847
	1.3983905023617251
	1.3983857405029658
	1.3983846409040561
	1.3983857746228365
	1.398387749242694
	1.3983839771838245
	1.3983817788002084
	1.398381290987735
	1.3983794533050191
	1.398378969302965
	1.398375566444442
	1.3983731312319203
	1.3983781386606977
	1.3983794002234309
	1.3983810218068018
	1.3983789371474997
	1.3983840786734896
	1.398382326230252
	1.3983808689568242
	1.3983789978411072
	1.398375446777915
	1.3983739320468813
	1.3983773266246593
	1.3983754250442313
	1.3983726878519214
	1.3983700599088422
	1.3983708903176304
	1.3983724945837133
	1.398369718839181
	1.3983643991564898
	1.3983619077595442
	1.3983625324900786
	1.3983659634720838
	1.3983653958947346
	1.3983625632595007
	1.3983636906814951
	1.3983656164050147
	1.3983673050051568
	1.3983698587861333
	1.398368118506035
	1.398368615218651
	1.3983719674437238
	1.3983708099040921
	1.398369343552425
	1.3983636274457543
	1.398366197350688
	1.3983658351309731
	1.3983684645625898
	1.3983650914538095
	1.3983664518359402
	1.398367147190909
	1.3983699197710417
	1.3983685453053816
	1.3983763124260382
	1.3983759534953042
	1.3983774414859538
	1.3983764727654329
	1.3983716946212688
	1.398373559779098
	1.3983752540270236
	1.3983699489628043
	1.398369427927946
	1.3983639580350284
	1.3983652414163652
	1.3983646013940916
	1.3983621468863805
	1.3983650005372725
	1.3983686950978083
	1.3983720649883478
	1.3983705401600108
	1.398367372828499
	1.3983695976985238
	1.398367693888012
	1.3983660124426736
	1.3983671181505786
	1.3983658774991474
	1.3983662144167488
	1.3983683627601657
	1.3983631545416648
	1.398363235678637
	1.398362390705276
	1.3983652725662874
	1.3983665715636384
	1.3983681202860958
	1.3983677331813447
	1.398370477432703
	1.3983685395755092
	1.398367631369073
	1.3983711983094418
	1.3983689782588766
	1.3983731528093715
	1.398368621799328
	1.3983713365945925
	1.3983706269319751
	1.3983684325126473
	1.398369065788873
	1.3983681513786856
	1.3983682021118191
	1.3983743222924256
	1.3983810565198382
	1.3983758007243972
	1.3983750928921606
	1.3983782104308975
	1.3983765216432538
	1.3983709892786582
	1.39837260707726
	1.3983715479318197
	1.3983733268697827
	1.398376874236822
	1.3983745511020822
	1.3983728859732925
	1.3983795228756353
	1.3983811612986567
	1.3983811970976943
	1.3983790320392082
	1.3983819933513095
	1.3983809034179775
	1.3983806896020585
	1.398380148448839
	1.3983797251675876
	1.3983754531917867
	1.3983737671076235
	1.3983732645760198
	1.3983707537396872
	1.3983741948632122
	1.3983716067016279
	1.3983689793774399
	1.3983696071330496
	1.3983684812169213
	1.3983680965495042
	1.3983703766100317
	1.3983781589569804
	1.398375404394601
	1.3983824400396563
	1.398385935533056
	1.3983910488068736
	1.3983913951658826
	1.3983937479853292
	1.3983961872296597
	1.3983932561119559
	1.3983934927274289
	1.3983963448039218
	1.3983965337647657
	1.3983997317629637
	1.398400632656902
	1.3983991329764867
	1.398401388242162
	1.398403268169493
	1.3984015385923925
	1.3983988328456756
	1.3983954487891008
	1.398399824585892
	1.398404165782296
	1.398403204025041
	1.3984057279144109
	1.3984083392435722
	1.3984136464822805
	1.3984179997657444
	1.3984152735696147
	1.3984153723296922
	1.3984120894485503
	1.3984088735611264
	1.398405361176221
	1.398404160611278
	1.3983952355013567
	1.3983969467389479
	1.3983946341506923
	1.3983949116418042
	1.398394236218587
	1.398395588383724
	1.3983988847736426
	1.398396449359779
	1.3983964127602189
	1.3984015382435373
	1.3984020081176736
	1.3984007369872653
	1.3983974634631424
	1.3983963614652346
	1.3983943865233028
	1.3983925091390907
	1.3983910012533054
	1.3983912046714322
	1.398396327601434
	1.3983930259697734
	1.3983889142257622
	1.398389612870568
	1.3983888473372499
	1.3983925744996157
	1.3983968053494438
	1.3983972388978405
	1.398398534259804
	1.3983992813494632
	1.3984020621636826
	1.398402338256573
	1.398403802957367
	1.39840388734072
	1.398404133660666
	1.3984033544921506
	1.3984018350752758
	1.3984014452143716
	1.3983984367546347
	1.3983920726459065
	1.3983869408740874
	1.398378567797687
	1.3983770169051795
	1.3983740200396086
	1.3983719746603098
	1.3983722955561022
	1.3983774219879506
	1.3983793345223818
	1.3983789803946678
	1.3983837546821272
	1.3983810063932354
	1.3983810017764524
	1.398377882184562
	1.398379783842332
	1.3983771027442546
	1.398376779248939
	1.3983784197154145
	1.3983740810126446
	1.3983768073845046
	1.3983665942185577
	1.3983640443048528
	1.3983611354183278
	1.3983603698870088
	1.3983603194018883
	1.3983594250379212
	1.3983590823069247
	1.3983601402665882
	1.3983609661694998
	1.3983628618465838
	1.3983631841546467
	1.3983600646670056
	1.398357230038498
	1.3983606960940487
	1.3983565970369762
	1.3983540455177512
	1.398349056269985
	1.3983501926869988
	1.3983442825432626
	1.3983394099197346
	1.3983401820365904
	1.3983402342247182
	1.3983390419896782
	1.3983383631360702
	1.3983402203435187
	1.3983367714948771
	1.398336976218014
	1.3983414003010404
	1.398344881055589
	1.398347512956085
	1.398350125010595
	1.3983459804366503
	1.3983542104756113
	1.3983554402027158
	1.3983524547094355
	1.3983493182945055
	1.3983510617088706
	1.3983503245604905
	1.398346854465049
	1.3983469699676203
	1.3983479772377863
	1.3983505179477898
	1.398349217597927
	1.3983497661111732
	1.3983516922217905
	1.398353299826792
	1.3983515681868688
	1.398350717572998
	1.3983533217731015
	1.3983531892154435
	1.3983569605174127
	1.3983556262065537
	1.398356500946873
	1.3983563408897641
	1.3983600190073504
	1.398360308849549
	1.398353877654356
	1.3983546753201868
	1.398350602169414
	1.3983490996015426
	1.3983517264641716
	1.3983495451434762
	1.3983517971421193
	1.3983545125680366
	1.3983545407917697
	1.3983595249514942
	1.3983606594964573
	1.3983577437018695
	1.3983568747685238
	1.3983576422003403
	1.3983554046996662
	1.3983575460524305
	1.398360913156473
	1.3983634544752594
	1.3983593529315723
	1.398360001425522
	1.398356690883715
	1.398357455643225
	1.3983581030791534
	1.3983490660230067
	1.3983505509708378
	1.3983494938018595
	1.3983466909722602
	1.398348432625987
	1.3983484937141328
	1.398348530536521
	1.398349462634905
	1.3983506341702043
	1.3983500420989898
	1.3983484194603875
	1.3983458730174498
	1.3983427635027939
	1.398344366343518
	1.3983433734724746
	1.398346988964897
	1.3983434433766815
	1.398345348678249
	1.3983446979993117
	1.3983407695149859
	1.398341143866526
	1.3983391814957136
	1.3983424259212576
	1.3983398964038833
	1.3983432208139965
	1.3983465461343583
	1.398347874990779
	1.3983501035893968
	1.398347609490598
	1.398347502344584
	1.3983481067428436
	1.3983460674709216
	1.3983469273689024
	1.398346170592985
	1.3983506992432118
	1.3983517200139908
	1.3983522338139143
	1.39835490459413
	1.3983499837303324
	1.3983495655858573
	1.3983496422561619
	1.3983543983852251
	1.398352914343484
	1.398353895403319
	1.39835528890371
	1.3983588618079374
	1.3983551046852356
	1.398361705563642
	1.3983567979432578
	1.3983528628081363
	1.398349255303718
	1.3983533583822618
	1.3983544416778677
	1.3983482573000616
	1.3983503576323557
	1.3983473616597204
	1.3983479287752092
	1.3983488184929598
	1.3983488253233012
	1.3983469506322157
	1.3983496213446804
	1.3983495873247016
	1.3983468533522898
	1.3983466606226846
	1.3983476740206335
	1.3983490844159454
	1.3983483469010387
	1.3983449594936248
	1.398345078447929
	1.3983438474209817
	1.3983424731436775
	1.398346743087622
	1.3983455517463623
	1.3983447175962864
	1.398343639190629
	1.3983417152741473
	1.3983422125619218
	1.3983406550820903
	1.3983421553277267
	1.3983419923804772
	1.3983427161872728
	1.398341421231826
	1.398340246090807
	1.3983384975507793
	1.3983368217367678
	1.398334308595478
	1.398337085645777
	1.3983354128545236
	1.3983331750645809
	1.3983385939110824
	1.398337854462587
	1.3983375323687368
	1.3983371951050012
	1.3983398736408499
	1.39834236506214
	1.3983469213868547
	1.398346156421083
	1.3983523273752956
	1.3983534240792264
	1.3983582918652435
	1.3983583823926644
	1.3983585579410085
	1.3983572892623026
	1.3983524184152185
	1.3983570893877244
	1.398366618937587
	1.398366584760047
	1.3983684077149052
	1.398370966877484
	1.3983690289709256
	1.3983678301167375
	1.3983633906873305
	1.39836815878926
	1.3983687599686987
	1.3983683682349843
	1.3983667960387967
	1.3983639025425674
	1.3983593872478421
	1.3983632801844161
	1.3983640756180227
	1.398367453601253
	1.3983649102752194
	1.3983644925825507
	1.3983636003147337
	1.3983613700150594
	1.3983617698339101
	1.3983614489514105
	1.3983630805381526
	1.3983625543254243
	1.3983581130008236
	1.3983545946936775
	1.3983566918122459
	1.3983577019246536
	1.3983571377539714
	1.3983528816970556
	1.3983448542849946
	1.3983504926699695
	1.398348236239931
	1.398352102860601
	1.3983479623740251
	1.3983485939357383
	1.3983586118348574
	1.39835808832735
	1.398353741910591
	1.3983527322324762
	1.398356601502914
	1.3983576734711654
	1.3983547973555477
	1.3983516031987058
	1.3983470975319916
	1.3983495813270137
	1.398347015560427
	1.3983508288160522
	1.3983496887981681
	1.398353520212506
	1.398353958260951
	1.3983482635974667
	1.3983501635981697
	1.3983498717466853
	1.3983506250147728
	1.3983493415130361
	1.3983525441315847
	1.39835127281629
	1.3983495631574223
	1.3983486200724453
	1.3983505339361653
	1.398351214777656
	1.3983493036055223
	1.3983503934846877
	1.3983488168934637
	1.398345519075293
	1.3983454582495949
	1.3983486704391834
	1.3983486810676977
	1.3983519174834145
	1.3983550926805965
	1.3983561123184316
	1.3983567243842638
	1.3983576558842672
	1.3983615400521925
	1.3983610019686252
	1.398359914852249
	1.3983585329089196
	1.3983572700629043
	1.39835964707824
	1.398356657873424
	1.3983570842502402
	1.3983580188399987
	1.398356458438407
	1.3983597331699418
	1.398360072370263
	1.3983633409188407
	1.3983644424584147
	1.3983686865289633
	1.3983697194818911
	1.3983674517518425
	1.3983640706879226
	1.3983644841566338
	1.3983662730924653
	1.398365925155139
	1.3983644783702323
	1.398360900343551
	1.3983637164003928
	1.3983614733304779
	1.3983650171043693
	1.3983681175184337
	1.3983646554098348
	1.3983627870581614
	1.3983593853471203
	1.3983547968771524
	1.398361044391372
	1.3983553309256118
	1.3983503399240018
	1.398350275711657
	1.3983483769753249
	1.3983495112742181
	1.398352690250479
	1.3983561355842407
	1.398348199787651
	1.3983445122983487
	1.3983445325052584
	1.3983528708410984
	1.398350293682994
	1.398351588436137
	1.398349933971011
	1.3983488833674975
	1.3983494527459306
	1.398348064250593
	1.398348668727935
	1.398347628794484
	1.3983471414487596
]