[
	0.984393298625946
	0.984404444694519
	0.9844056367874146
	0.9843659400939941
	0.9843776822090149
	0.9843695759773254
	0.9843671917915344
	0.9843692183494568
	0.9843762516975403
	0.9843841195106506
	0.9843853116035461
	0.9843779802322388
	0.9843859672546387
	0.984387218952179
	0.9843794703483582
	0.9843727946281433
	0.9843830466270447
	0.9843684434890747
	0.9843391180038452
	0.9843313097953796
	0.9843365550041199
	0.9843466877937317
	0.9843559265136719
	0.9843524098396301
	0.9843737483024597
	0.9843838214874268
	0.9843745231628418
	0.9843781590461731
	0.9843690395355225
	0.9843644499778748
	0.9843713045120239
	0.9843756556510925
	0.984376072883606
	0.9843791127204895
	0.9843595027923584
	0.984357476234436
	0.9843542575836182
	0.9843626618385315
	0.9843655228614807
	0.9843698740005493
	0.9843713045120239
	0.9843760132789612
	0.9843833446502686
	0.9843946695327759
	0.9843863248825073
	0.9843940138816833
	0.9843916296958923
	0.9843927621841431
	0.984385073184967
	0.9843869209289551
	0.9843971133232117
	0.9843852519989014
	0.9843531847000122
	0.9843444228172302
	0.984347939491272
	0.9843543767929077
	0.9843621253967285
	0.9843670725822449
	0.9843645691871643
	0.9843719601631165
	0.9843836426734924
	0.9843739867210388
	0.984375536441803
	0.9843631386756897
	0.9843741655349731
	0.984378457069397
	0.9843753576278687
	0.984376072883606
	0.984373927116394
	0.9843688011169434
	0.9843611717224121
	0.9843683838844299
	0.9843721985816956
	0.9843747615814209
	0.9843644499778748
	0.9843617677688599
	0.984359860420227
	0.9843681454658508
	0.9843647480010986
	0.9843747615814209
	0.9843816161155701
	0.9843920469284058
	0.9843822121620178
	0.9843884110450745
	0.984389066696167
	0.9843603372573853
	0.9843482971191406
	0.9843396544456482
	0.984337568283081
	0.984337329864502
	0.9843347668647766
	0.9843406081199646
	0.9843377470970154
	0.9843378067016602
	0.9843491911888123
	0.984353244304657
	0.984359085559845
	0.9843556880950928
	0.9843697547912598
	0.9843639731407166
	0.9843660593032837
	0.9843682646751404
	0.9843767285346985
	0.9843829870223999
	0.9843876361846924
	0.9843888878822327
	0.9843963980674744
	0.9843916893005371
	0.9843971729278564
	0.9843976497650146
	0.9843979477882385
	0.9843878746032715
	0.9843775033950806
	0.9843780994415283
	0.9843757748603821
	0.9843670129776001
	0.984362781047821
	0.9843651056289673
	0.9843698740005493
	0.984367847442627
	0.9843729138374329
	0.9843710660934448
	0.9843549728393555
	0.9843596816062927
	0.9843677282333374
	0.9843744039535522
	0.9843626618385315
	0.9843520522117615
	0.9843577742576599
	0.9843454957008362
	0.9843484163284302
	0.984360933303833
	0.9843659400939941
	0.9843680262565613
	0.9843664765357971
	0.9843606948852539
	0.9843719601631165
	0.9843751192092896
	0.984377384185791
	0.9843727946281433
	0.9843748211860657
	0.9843833446502686
	0.9843801856040955
	0.9843744039535522
	0.9843927621841431
	0.984391450881958
	0.9843935370445251
	0.9843904376029968
	0.9843900203704834
	0.984390914440155
	0.9843937158584595
	0.9843946099281311
	0.9843988418579102
	0.98439621925354
	0.984390139579773
	0.9844037294387817
	0.9844141602516174
	0.9844083786010742
	0.9844110012054443
	0.9844159483909607
	0.984422504901886
	0.984423816204071
	0.9844275712966919
	0.9844316244125366
	0.9844319820404053
	0.9844199419021606
	0.9844250082969666
	0.9844234585762024
	0.9844244718551636
	0.9844331741333008
	0.9844263792037964
	0.9844338893890381
	0.9844399094581604
	0.9844422340393066
	0.9844468832015991
	0.9844335317611694
	0.9844319820404053
	0.9844368696212769
	0.9844480752944946
	0.9844451546669006
	0.9844433665275574
	0.9844385981559753
	0.9844376444816589
	0.9844203591346741
	0.9844251871109009
	0.9844257235527039
	0.9844315052032471
	0.984437108039856
	0.9844334125518799
	0.9844281673431396
	0.9844231605529785
	0.9844289422035217
	0.9844306707382202
	0.984431803226471
	0.9844222664833069
	0.9844071269035339
	0.9844074249267578
	0.984409749507904
	0.9844046831130981
	0.9844022989273071
	0.9844052791595459
	0.9843998551368713
	0.9844150543212891
	0.9844250679016113
	0.9844155311584473
	0.984416663646698
	0.984417200088501
	0.9844194650650024
	0.9844222068786621
	0.9844338297843933
	0.9844284057617188
	0.984428346157074
	0.984422504901886
	0.9844164848327637
	0.9844182729721069
	0.984411358833313
	0.9844121932983398
	0.9844105243682861
	0.9844180941581726
	0.9844083189964294
	0.9844089150428772
	0.984397828578949
	0.9843875765800476
	0.9843823909759521
	0.9843751192092896
	0.9843611121177673
	0.9843530058860779
	0.9843454360961914
	0.9843431711196899
	0.9843378067016602
	0.9843447804450989
	0.9843379855155945
	0.9843298196792603
	0.9843225479125977
	0.9843156337738037
	0.9843144416809082
	0.9842992424964905
	0.984308123588562
	0.9843002557754517
	0.9843031764030457
	0.9842876195907593
	0.9842745065689087
	0.9842636585235596
	0.9842440485954285
	0.9842345714569092
	0.9842125177383423
	0.9842039346694946
	0.9842090606689453
	0.9842044115066528
	0.9842036366462708
	0.9841931462287903
	0.9841992855072021
	0.9842009544372559
	0.9841989278793335
	0.9841827154159546
	0.9841799736022949
	0.9841780662536621
	0.984169602394104
	0.984164834022522
	0.9841542840003967
	0.9841432571411133
	0.9841403961181641
	0.9841304421424866
	0.9841294884681702
	0.9841100573539734
	0.9841087460517883
	0.9841119050979614
	0.9841015934944153
	0.9840865135192871
	0.9840755462646484
	0.984075129032135
	0.9840737581253052
	0.9840636253356934
	0.9840689301490784
	0.984056830406189
	0.9840452671051025
	0.9840559959411621
	0.984050452709198
	0.9840382933616638
	0.98403000831604
	0.9840236306190491
	0.9840367436408997
	0.9840239882469177
	0.9840291142463684
	0.9840399026870728
	0.9840349555015564
	0.984023928642273
	0.9840178489685059
	0.984001100063324
	0.9839951395988464
	0.9839959144592285
	0.9839940071105957
	0.983985960483551
	0.9839863181114197
	0.9839836955070496
	0.98396897315979
	0.9839574098587036
	0.9839449524879456
	0.9839507341384888
	0.9839369654655457
	0.9839337468147278
	0.9839199781417847
	0.9839155077934265
	0.9838963150978088
	0.9838835000991821
	0.9838675856590271
	0.9838668704032898
	0.9838578701019287
	0.983852207660675
	0.9838429093360901
	0.9838239550590515
	0.9838052988052368
	0.9838049411773682
	0.9837886095046997
	0.9837788939476013
	0.9837663769721985
	0.9837508797645569
	0.9837267398834229
	0.983708918094635
	0.9837132692337036
	0.9837038516998291
	0.98369961977005
	0.9836782813072205
	0.9836704730987549
	0.9836705327033997
	0.9836632013320923
	0.9836542010307312
	0.9836447834968567
	0.9836329817771912
	0.9836336374282837
	0.9836187958717346
	0.9836083650588989
	0.9836056232452393
	0.9836000800132751
	0.9836161136627197
	0.9836053848266602
	0.983597993850708
	0.9835954308509827
	0.9835909605026245
	0.9835835099220276
	0.9835588932037354
	0.9835443496704102
	0.9835373163223267
	0.9835300445556641
	0.9835195541381836
	0.9835110902786255
	0.9835048913955688
	0.9835051894187927
	0.9835060834884644
	0.9834864735603333
	0.9834833741188049
	0.9834743738174438
	0.983461856842041
	0.9834492206573486
	0.9834314584732056
	0.9834223985671997
	0.9834128022193909
	0.9834075570106506
	0.9833973050117493
	0.9833899736404419
	0.9833818674087524
	0.9833725690841675
	0.9833658933639526
	0.9833554029464722
	0.9833486676216125
	0.9833433032035828
	0.983335018157959
	0.9833138585090637
	0.9832965731620789
	0.9832752346992493
	0.9832642674446106
	0.9832574129104614
	0.983250617980957
	0.9832445383071899
	0.9832292795181274
	0.9832254648208618
	0.9832241535186768
	0.9832085967063904
	0.9832034111022949
	0.9831937551498413
	0.9831849336624146
	0.983178436756134
	0.9831648468971252
	0.9831439256668091
	0.9831360578536987
	0.9831201434135437
	0.9831148982048035
	0.9830995798110962
	0.9830881357192993
	0.9830805659294128
	0.9830595850944519
	0.9830417037010193
	0.9830397367477417
	0.9830269813537598
	0.9830173850059509
	0.9830113053321838
	0.9830036163330078
	0.982994794845581
	0.9829883575439453
	0.9829659461975098
	0.9829732179641724
	0.9829632639884949
	0.9829453229904175
	0.9829403758049011
	0.9829249978065491
	0.9829171895980835
	0.9829030632972717
	0.9828866124153137
	0.9828653931617737
	0.98286372423172
	0.9828477501869202
	0.9828207492828369
	0.9828120470046997
	0.9828022122383118
	0.9827867746353149
	0.9827792048454285
	0.9827767014503479
	0.9827606678009033
	0.9827545881271362
	0.9827486872673035
	0.9827287197113037
	0.9827273488044739
	0.9827296137809753
	0.9827167987823486
	0.9826918840408325
	0.9826754927635193
	0.9826671481132507
	0.9826696515083313
	0.9826535582542419
	0.9826390147209167
	0.9826428890228271
	0.9826480746269226
	0.9826400876045227
	0.9826284050941467
	0.9826272130012512
	0.9826195240020752
	0.9826071858406067
	0.982590913772583
	0.9825924038887024
	0.9825846552848816
	0.9825804233551025
	0.9825656414031982
	0.9825531840324402
	0.9825447797775269
	0.9825339913368225
	0.9825336337089539
	0.9825229048728943
	0.9825121164321899
	0.9824859499931335
	0.9824710488319397
	0.982462465763092
	0.982447624206543
	0.9824354648590088
	0.9824221730232239
	0.9824005365371704
	0.9823808073997498
	0.9823861122131348
	0.9823771715164185
	0.98237544298172
	0.98234623670578
	0.982330322265625
	0.9823219776153564
	0.9823007583618164
	0.9822858572006226
	0.9822694659233093
	0.9822494983673096
	0.9822357296943665
	0.9822158813476562
	0.982212483882904
	0.9821850061416626
	0.9821722507476807
	0.9821649193763733
	0.982146680355072
	0.9821435213088989
	0.9821358323097229
	0.9821205735206604
	0.9821097254753113
	0.9820940494537354
	0.9820780158042908
	0.9820731282234192
	0.9820597767829895
	0.9820510149002075
	0.9820370674133301
	0.9820281863212585
	0.9820109605789185
	0.9819903373718262
	0.9819824695587158
	0.9819738268852234
	0.98195880651474
	0.9819456934928894
	0.981928288936615
	0.9819172024726868
	0.9819160103797913
	0.9819081425666809
	0.981887698173523
	0.9818727374076843
	0.9818661212921143
	0.9818649291992188
	0.9818494319915771
	0.9818323850631714
	0.9818171262741089
	0.9817958474159241
	0.9817832708358765
	0.9817649722099304
	0.9817549586296082
	0.9817350506782532
	0.9817150831222534
	0.981706976890564
	0.9816949963569641
	0.9816813468933105
	0.9816718697547913
	0.9816616177558899
	0.981644332408905
	0.9816209673881531
]