[
	0.748074852974419
	0.748074852974419
	0.7480748529746288
	0.7480748530121174
	0.7480748529085413
	0.7480748717526278
	0.7480773490866621
	0.7481450783426639
	0.7482991831524788
	0.7484571649921212
	0.7486250227282825
	0.7487641755214995
	0.7489207786274127
	0.7490661736486655
	0.7492158372426831
	0.7493391414424075
	0.7494496477693455
	0.7495585285980336
	0.7496686028889648
	0.7497823435672445
	0.7498946675945397
	0.7499958927425043
	0.7500874507473015
	0.7501949839849775
	0.7502949648425125
	0.7503713361580308
	0.7504559449585588
	0.7505326579513967
	0.75060930897787
	0.7506797600940871
	0.7507432907820593
	0.7508189674454389
	0.750878840860258
	0.7509382535636293
	0.7509955559186797
	0.7510713076197731
	0.7511152896373382
	0.7511623101797335
	0.7512435480252531
	0.7512837270890926
	0.7513224062354076
	0.7513577429981908
	0.7514093179746215
	0.7514498877825132
	0.7514973121200089
	0.7515332862639149
	0.7515693558068788
	0.7516004335015513
	0.7516369753993638
	0.7516678747838553
	0.7516973099218597
	0.7517215417369008
	0.7517372569376239
	0.75176197083298
	0.7517959463216265
	0.7518174298460547
	0.7518359205604525
	0.7518508400231456
	0.7518726514946736
	0.7519012367338305
	0.7519296788956245
	0.7519372292355354
	0.7519516214303319
	0.7519669371376656
	0.7520019158201654
	0.752001205097996
	0.7520260237358277
	0.7520324515878704
	0.7520362239477296
	0.7520487030115988
	0.7520624908387945
	0.7520757184085618
	0.7520749185704387
	0.7520675804648362
	0.7520861464625009
	0.752078102540099
	0.7520752866238473
	0.7520778029448965
	0.7520921854477344
	0.752084933179791
	0.7520892849690659
	0.7520920275132458
	0.7521025142244042
	0.7521168531256516
	0.7521174671119668
	0.7521131899461005
	0.7520914855925763
	0.7520860265805722
	0.7520849811485776
	0.7520728097187821
	0.7520730896102714
	0.752058423391171
	0.7520554586350108
	0.7520555025404496
	0.7520536305371547
	0.7520480792610599
	0.7520434268476512
	0.7520444875800967
	0.7520225735785145
	0.7520153080678743
	0.7520085817861335
	0.752011841553859
	0.752015621718796
	0.7520111552558976
	0.7519914026286223
	0.7519879607916898
	0.7519777429960461
	0.7519628619768947
	0.7519433278981448
	0.7519414028777373
	0.7519163386244068
	0.7519186698975947
	0.7519012532510929
	0.7518914382046202
	0.7518811873130457
	0.7518652589497162
	0.7518466986666577
	0.7518312786568749
	0.7518148447912583
	0.7517992078101077
	0.7517905414459726
	0.7517700068924466
	0.7517588851930948
	0.7517450262546783
	0.7517343748125009
	0.7517081561136362
	0.7516999560152883
	0.7516861247665196
	0.7516777658590809
	0.7516782382873058
	0.7516546317026491
	0.7516334085191495
	0.7516303035474154
	0.7516141611562104
	0.7516023071188629
	0.7515933250312021
	0.7515836652884662
	0.7515692795678066
	0.7515547800753057
	0.7515401347089017
	0.7515300980022784
	0.7515224945746364
	0.7514992138580504
	0.7514845248676044
	0.7514659191909231
	0.7514436926767065
	0.7514255208723539
	0.7514079134673133
	0.7514023536131708
	0.7513967223554252
	0.7513787569981697
	0.7513771603674069
	0.7513581650839337
	0.7513437843546643
	0.7513199598033732
	0.7513077363408496
	0.7512859689006939
	0.7512795644305438
	0.7512587474602136
	0.7512561350775094
	0.7512529221064066
	0.7512380997019018
	0.7512451264926219
	0.7512282714814951
	0.7512278116288497
	0.7512156441612118
	0.7512082176378669
	0.7511877187204424
	0.7511839274375943
	0.7511799677340913
	0.7511699407946728
	0.7511593817140347
	0.7511384155089602
	0.7511230907788576
	0.7511072753168734
	0.7510872105425291
	0.751070386526276
	0.7510593468260507
	0.7510370087893361
	0.7510257499683777
	0.7510141137590552
	0.7510036236080171
	0.7509818835406151
	0.7509682985720344
	0.7509703520853597
	0.7509586593584295
	0.750944755196633
	0.7509241594064382
	0.750914672544092
	0.7508927967397518
	0.7508869565970114
	0.7508701482469068
	0.7508684943748708
	0.7508729622687916
	0.7508636936789539
	0.7508420135208146
	0.7508438160635926
	0.7508231845445219
	0.7508136218093077
	0.7508071514529596
	0.7508036565924797
	0.7507858585794039
	0.7507657439392323
	0.7507549151514091
	0.7507424668561088
	0.7507320844360961
	0.7507176102957581
	0.7507110337546391
	0.7506954289120453
	0.7506775088926418
	0.750662238011144
	0.7506487871536847
	0.7506388408142302
	0.7506245993012702
	0.7506132100989987
	0.7505973126129634
	0.7505817234951789
	0.7505732824682344
	0.7505620391982928
	0.7505577184865841
	0.7505475369456703
	0.7505339770393901
	0.7505230795698025
	0.7505132245996975
	0.7505069851406522
	0.7504925135324756
	0.7504852002219305
	0.7504814068376003
	0.7504729063600916
	0.7504628405091167
	0.7504574392263964
	0.7504448638922284
	0.7504458986071127
	0.7504408992104339
	0.7504265234756706
	0.7504172344633679
	0.7504068442189624
	0.7504043570687585
	0.7503966866047062
	0.7503865190514303
	0.7503812051756529
	0.7503731716268739
	0.750365674297539
	0.7503539496402044
	0.7503488455402662
	0.7503388726970108
	0.7503347692594549
	0.7503259503327926
	0.7503166237775041
	0.7503201367484352
	0.7503126949858943
	0.7503150741292133
	0.750311526298809
	0.7503039428783578
	0.7502964301557692
	0.7502882022714964
	0.7502741491632793
	0.7502693427832464
	0.7502613518913264
	0.7502516491654264
	0.7502440597206428
	0.7502341369924282
	0.7502281982981118
	0.7502213678378109
	0.7502150207185042
	0.7502124524555648
	0.7502051710162028
	0.7502096860412303
	0.7501933764684202
	0.7501864972906064
	0.7501749774042599
	0.7501675896892129
	0.7501595930752403
	0.7501607543612225
	0.7501571433178984
	0.7501467151654355
	0.7501452023719442
	0.7501419517505327
	0.7501340851006596
	0.7501320449168625
	0.7501181756512193
	0.7501126812706876
	0.7501081432712866
	0.7500928763999801
	0.7500892234479329
	0.7500844814366139
	0.7500713330239928
	0.7500690384881499
	0.7500541502056507
	0.750051004216767
	0.7500455587494391
	0.7500470775502371
	0.7500464328858157
	0.7500476494875397
	0.7500475334425623
	0.7500434985696023
	0.7500396733114075
	0.7500348331996227
	0.750029151037328
	0.7500225473141263
	0.7500147289554009
	0.7500097350978554
	0.7500042983066852
	0.7499983116740154
	0.7499908678410769
	0.7499862986065493
	0.749983502415293
	0.7499794950400894
	0.7499770455766994
	0.7499722333803518
	0.749963301565884
	0.7499594813427097
	0.7499524556608652
	0.7499474579241473
	0.7499420044292187
	0.7499404838920699
	0.7499372591966652
	0.7499306638710278
	0.7499293153727252
	0.7499247792074508
	0.7499228121117314
	0.7499195209935139
	0.7499169014744668
	0.7499122086018566
	0.7499111438898406
	0.7499059288991923
	0.7498984622704631
	0.7498948767276411
	0.7498902545475546
	0.7498795296591881
	0.7498762316718638
	0.7498730755970427
	0.7498706546484546
	0.7498678892037165
	0.7498636906606354
	0.7498573139587151
	0.7498578937765932
	0.7498700192371742
	0.7498731958110258
	0.7498706561481484
	0.7498635792500256
	0.7498578231430433
	0.7498604396699362
	0.7498596420792611
	0.7498612151131727
	0.749857146255247
	0.7498547413017559
	0.7498504998071144
	0.7498506265020558
	0.7498591257977575
	0.7498626085767244
	0.7498565706341191
	0.7498550396359898
	0.7498556285229965
	0.749853523309667
	0.7498519011983783
	0.7498501077042409
	0.7498465155937236
	0.7498451906562078
	0.7498432252781586
	0.749841199449823
	0.7498340970752027
	0.7498309905031804
	0.749834307915916
	0.7498334504990724
	0.7498277316305151
	0.7498220743701973
	0.7498186441872219
	0.7498206614275967
	0.7498260380120414
	0.7498276296371673
	0.749824448173563
	0.7498282107466195
	0.7498184555968688
	0.7498178599348142
	0.7498164690526834
	0.7498135809344415
	0.7498143362214529
	0.7498154257283675
	0.7498092950763197
	0.7498067002871118
	0.7498053540000446
	0.749801852892235
	0.7498049961555701
	0.7498065461325047
	0.7498018476612215
	0.7497992091455957
	0.7497972738986483
	0.7498072529486913
	0.7498073546268201
	0.7498075155009255
	0.7498133151361407
	0.7498176357219947
	0.7498164818058132
	0.7498187613179007
	0.7498140665689256
	0.7498126069534584
	0.7498105291184292
	0.7498199679125156
	0.7498221275678765
	0.7498212586119454
	0.7498241351409344
	0.7498231982339099
	0.749828952241852
	0.7498304834318165
	0.7498351281816514
	0.749833261170638
	0.749835315639682
	0.7498345705848822
	0.7498341044945134
	0.7498314921628807
	0.7498321738470004
	0.7498304410268648
	0.7498303538846417
	0.7498314321306545
	0.7498324365025734
	0.7498321237049271
	0.7498338070936817
	0.7498307724251958
	0.7498282177192492
	0.7498354418419375
	0.749830497026865
	0.7498288160493144
	0.7498258347232524
	0.7498304734753835
	0.7498246218912779
	0.7498236443020956
	0.7498285056547955
	0.7498263306416871
	0.7498278424391834
	0.749826942942999
	0.7498240117093525
	0.7498209190620485
	0.7498250081624634
	0.7498221365149349
	0.749825535502452
	0.7498247230264633
	0.7498245829901239
	0.7498219797825552
	0.749824949505049
	0.7498271717697509
	0.7498270239488672
	0.7498296562600917
	0.749824948820768
	0.7498245075415035
	0.7498265657962314
	0.7498314984638199
	0.7498329793108105
	0.7498373608984815
	0.7498412641048563
	0.7498393607551833
	0.7498354568436764
	0.7498344131423202
	0.7498399757037605
	0.7498421342127115
	0.7498416856238928
	0.7498462141679932
	0.7498409834292042
	0.7498415799335847
	0.7498430495584969
	0.7498467367218979
	0.749844607702837
	0.7498461919012445
	0.7498473302550068
	0.7498508031631891
	0.7498506140345914
	0.7498492835512889
	0.7498489111512282
	0.7498509807601971
	0.7498503236541588
	0.7498460471420815
	0.7498590334385193
	0.7498591853032898
	0.7498519133727757
	0.7498496390517478
	0.7498532105449484
	0.749847733923326
	0.7498525671239447
	0.7498531158274666
	0.7498575538734374
	0.7498586332292417
	0.7498594165001187
	0.749856477909602
	0.7498543816991705
	0.7498552854423679
	0.7498602858945113
	0.7498559860328663
	0.7498533956769277
	0.7498484041673786
	0.7498465733277788
	0.7498534780261161
	0.7498569375440516
	0.7498572924596822
	0.749856669881668
	0.7498600402753308
	0.7498633297669139
	0.7498636999786986
	0.7498621394079273
	0.7498651418640244
	0.7498636722226163
	0.7498658508088917
	0.7498660787053214
	0.7498609191130874
	0.7498670801547695
	0.7498643862824061
	0.7498601665493667
	0.7498621805790823
	0.7498624315485367
	0.749864395049943
	0.7498641755047989
	0.7498651858761927
	0.749861272836757
	0.7498709885432332
	0.7498716067569634
	0.7498727730801338
	0.7498739929936477
	0.7498793828050742
	0.7498800553131626
	0.7498840309246021
	0.7498852777686711
	0.7498917315053257
	0.7498978672903746
	0.7498940567116014
	0.7498936774949415
	0.7498973645062907
	0.7498972324399915
	0.7498970187798385
	0.7498980438687589
	0.7499060079428829
	0.7499090777632648
	0.7499120293046694
	0.7499135201374182
	0.7499118883637289
	0.7499168914157891
	0.7499137513309925
	0.749916126017799
	0.7499163698710646
	0.7499109478506834
	0.7499180670851774
	0.7499318024719155
	0.7499265247851062
	0.7499327003490115
	0.7499314768744415
	0.7499320548183821
	0.7499408797947075
	0.7499434345183131
	0.7499456872355427
	0.7499494773774715
	0.7499475734033565
	0.7499516615162576
	0.7499524435173549
	0.7499534359593202
	0.7499550680295447
	0.749954675736294
	0.7499564855934048
	0.7499594679720869
	0.7499641186661243
	0.7499654701768784
	0.7499634769171909
	0.7499614236510191
	0.7499625780479725
	0.7499662639619168
	0.7499682379327147
	0.7499703437488463
	0.7499751762890058
	0.7499710018802838
	0.7499730767871493
	0.7499691289658157
	0.7499641438410828
	0.749959296663006
	0.749958547388238
	0.7499626051055487
	0.7499662838140739
	0.7499689722839132
	0.7499694311008828
	0.7499755330613228
	0.749971253078144
	0.7499719427822543
	0.749975010604089
	0.7499768707224478
	0.749983282496535
	0.7499825072914277
	0.749991155320257
	0.7499923307127039
	0.7499937192589112
	0.7499984220441825
	0.7499986400281843
	0.7500071259267462
	0.7500079448337965
	0.7500023368446321
	0.7500007893473893
	0.7500001196700867
	0.7500022394525794
	0.7500080698983873
	0.7500091408781153
	0.7500103335122001
	0.7500107299900345
	0.7500135037653697
	0.7500100292735966
	0.7500128737580403
	0.7500113270491817
	0.750013269283139
	0.7500142953489981
	0.7500180730515282
	0.750015548369594
	0.7500186525900701
	0.7500186170288828
	0.7500196357220641
	0.7500256544267216
	0.7500254169912157
	0.7500278089057344
	0.7500292030380342
	0.7500248400593749
	0.7500176359762512
	0.7500144143655981
	0.7500117468804961
	0.7500100542567534
	0.7500150432420899
	0.7500149380600685
	0.7500164454462489
	0.7500149267909343
	0.7500109823597293
	0.7500104317392398
	0.7500059310995776
	0.7500127571024853
	0.7500177256691236
	0.7500160943030687
	0.7500153770121956
	0.750012673993586
	0.7500076314175069
	0.7500036397595634
	0.7500065984656269
	0.7499984170605014
	0.7499990765361275
	0.7499977358016477
	0.7500016747086427
	0.7500008060482275
	0.7500030072283542
	0.7499995622352068
	0.750003028598137
	0.7500008450929528
	0.7499959326500452
	0.7499959627142708
	0.7500040589103389
	0.7500128347478362
	0.7500139853139891
	0.7500129643194556
	0.7500175225004383
	0.750016231228073
	0.7500194034240374
	0.7500210355612986
	0.750022798303078
	0.7500198608857847
	0.7500209164161675
	0.7500259661973406
	0.7500237393445448
	0.7500302505041737
	0.7500306433215795
	0.7500315756449445
	0.7500335048962217
	0.7500361852528125
	0.7500379826335871
	0.7500390040702866
	0.7500376323752758
	0.7500346542220362
	0.7500336421649755
	0.7500360437951638
	0.7500380954115968
	0.7500352678236263
	0.7500338949395875
	0.7500316061267085
	0.7500276515238752
	0.7500255399455312
	0.7500289537104471
	0.7500267349521006
	0.7500162572015134
	0.750018467828835
	0.7500141574414361
	0.7500166543890647
	0.7500195969627299
	0.750016750407989
	0.7500173021588388
	0.7500153263831378
	0.7500179435591666
	0.7500225355106026
	0.7500307671315927
	0.7500362809542628
	0.7500377348925064
	0.7500412465210402
	0.7500465001366445
	0.7500460098035066
	0.750049509445913
	0.7500538448471095
	0.7500529611915255
	0.7500489816728647
	0.7500537897210573
	0.7500517082369528
	0.750052096641483
	0.7500518250063101
	0.7500477939969994
	0.7500458765904388
	0.7500432676756222
	0.7500501904454169
	0.7500465771350407
	0.7500468221728793
	0.7500499465850688
	0.7500518106428573
	0.750043647930047
	0.7500475677820067
	0.7500487478957728
	0.7500493037647185
	0.750052062479863
	0.7500486155253425
	0.7500516611492148
	0.7500512870675716
	0.750058017946356
	0.7500577116985743
	0.7500594126726781
	0.7500619061228484
	0.7500630655692034
	0.7500611107209932
	0.7500643330879195
	0.7500595965715837
	0.750059566758134
	0.7500586416819401
	0.750055628919841
	0.7500488281185305
	0.7500505420358837
	0.750052779936596
	0.7500526846305302
	0.7500497245314652
	0.7500472907252931
	0.750048127652267
	0.7500521082439874
	0.7500513541581304
	0.7500471172362699
	0.7500504314203482
	0.7500513338379402
	0.7500524008647163
	0.750048550888574
	0.7500433529660276
	0.7500375331807166
	0.7500432903953416
	0.7500402910884996
	0.7500366102304502
	0.7500418187105539
	0.7500422677290818
	0.7500421158972487
	0.7500441357760895
	0.7500477582035888
	0.7500509787845518
	0.7500464482633143
	0.750045694682391
	0.7500469236034831
	0.7500414166001441
	0.7500363115130158
	0.7500290443433237
	0.7500265420516221
	0.7500256736920052
	0.7500260495570534
	0.7500260480039479
	0.7500255269838599
	0.7500275293161008
	0.75003439946273
	0.7500382591285691
	0.7500375663444052
	0.750035286259686
	0.7500366911568037
	0.7500334909738169
	0.7500309108421854
	0.7500307024426821
	0.7500360444617591
	0.7500383514779205
	0.7500402656324
	0.750047927906633
	0.7500491158551047
	0.7500470239341381
	0.7500469023364804
	0.750048045419118
	0.7500523215554907
	0.750053753280138
	0.7500546367374235
	0.7500532089901367
	0.7500494121364686
	0.750050710326663
	0.750048891817657
	0.7500492460312967
	0.7500541473537896
	0.750048854224244
	0.7500486901753856
	0.7500462975948572
	0.7500425106399496
	0.7500360728575792
	0.7500411875106298
	0.7500378794693493
	0.7500391087123158
	0.7500428893220114
	0.750041316329481
	0.750039354253153
	0.7500358627111725
	0.750036803164512
	0.7500374073005645
	0.7500380403538174
	0.7500369069068824
	0.7500308683181067
	0.7500335288546783
	0.7500340597642732
	0.7500329412151321
	0.7500380094747735
	0.750038662191985
	0.7500331706279022
	0.7500295002254581
	0.750028955006378
	0.7500217550018263
	0.7500230017007671
	0.7500223055677833
	0.7500228806584288
	0.7500194561622963
	0.750014878742615
	0.7500112319172346
	0.7500100083290727
	0.750011265006792
	0.7500103550496972
	0.7500151457817991
	0.7500176292293889
	0.7500140427773798
	0.7500152021843436
	0.7500166583185188
	0.7500123324008342
	0.7500143905134576
	0.7500162744338366
	0.7500137450200608
	0.7500161075504653
	0.7500137774832336
	0.7500083226168672
	0.7500101088921672
	0.7500127154132697
	0.7500110302027642
	0.7500140980340324
	0.7500144962088173
	0.7500098427293855
	0.7500004728677436
	0.7500067758555692
	0.7500175806357167
	0.7500174890187967
	0.7500212125648094
	0.7500302333047799
	0.7500276822618789
	0.7500271239315163
	0.7500250761802237
	0.7500236833426789
	0.7500246338360952
	0.7500249501592731
	0.7500252012883031
	0.7500268973381451
	0.750023856800029
	0.7500291953651914
	0.7500270569879625
	0.7500264010893372
	0.7500234434096005
	0.7500236321767012
	0.7500255448822238
	0.7500274843575554
	0.7500363017477703
	0.750036529461061
	0.7500394316947571
	0.7500391414011798
	0.7500370490627403
	0.7500361163788973
	0.7500379514087323
	0.7500344622227416
	0.7500347339160278
	0.7500324976991773
	0.7500289660456249
	0.750028809872933
	0.7500238134076735
	0.7500264152461584
	0.7500269058873613
	0.7500272578741802
	0.7500241588590985
	0.7500201903058671
	0.7500196086305253
	0.7500184830027642
	0.7500212764129165
	0.7500221348394215
	0.7500218223464354
	0.7500234382327802
	0.7500158484012439
	0.7500087504395163
	0.7500108158723527
	0.7500117409020268
	0.7500091679313304
	0.7500080775248549
	0.7500100034818034
	0.7500050700014433
	0.7500065069594403
	0.7500075182229945
	0.7500022668685852
	0.7500048326085154
	0.7500052188729637
	0.7500048578142359
	0.7500014105200423
	0.750003503264289
	0.7500022834831677
	0.7500068270809956
	0.7500086917780348
	0.7500003940524689
	0.750001045923073
	0.750009599586854
	0.7500112971722734
	0.7500075485240909
	0.7500108343552979
	0.7500060246222121
	0.7500069772616316
	0.7500013953084638
	0.7500047649974194
	0.7500050068762415
	0.7500031883685235
	0.7500078812097496
	0.7500050880268306
	0.750002574674273
	0.7500045095155581
	0.7500055245492463
	0.7500007615291727
	0.7499990855107886
	0.7499976840431597
	0.7500004268683779
	0.7499980404911322
	0.7500022077699617
	0.7500097059288976
	0.7500103789514826
	0.7500042415354623
	0.7500025194302724
	0.750004765182833
	0.750006254355187
	0.7500031381050115
	0.7500024115732371
	0.7500023221059586
	0.7500034883208266
	0.7499993793757239
	0.7500015180729049
	0.7500024212938363
	0.7500005083906528
	0.7499994526139481
	0.7499963791486203
	0.7499941769427054
	0.7499937417678627
	0.7499955889161161
	0.7499983003027267
	0.750001065348896
	0.7499970116008613
	0.7500012686801597
	0.7499989703472896
	0.7499985716065846
	0.7499981839464878
	0.7500010886249651
	0.750003239097043
	0.7500060032473448
	0.750006028795049
	0.7500053969061062
	0.7500062693063942
	0.7500074734604403
	0.7500033627170012
	0.7500047717426097
	0.750001971406891
	0.7500028367286948
	0.750002108182231
	0.7499995244733434
	0.7500042178054868
	0.7500020713540964
	0.7500014944430335
	0.7499997970566539
	0.7500056029801107
	0.7500036419469515
	0.7499975723908416
	0.749992435844552
	0.7499906848389458
	0.7499908967395027
	0.7499896721155784
	0.7499903642446761
	0.7499890555117835
	0.7499885669909487
	0.7499896196448275
	0.7499940340638791
	0.7499929231372925
	0.7499972663579981
	0.749997614676775
	0.7499991014756309
	0.7499957371130773
	0.7499930895129262
	0.7499964152792957
	0.7499999282553724
	0.7500017453975877
	0.750001396960309
	0.7500047834941205
	0.7500003109399203
	0.7500015921358861
	0.7500008882243002
	0.7499999404994105
	0.7500019261986484
	0.7500041073933248
	0.7499998081465592
	0.7499983282589854
	0.7500012097872444
	0.7500071660169261
	0.7499991867718833
	0.7500013747733559
	0.7500017892259073
	0.7499996672681981
	0.7499936649955247
	0.7499960747526259
	0.7500003266855017
	0.749997219952197
	0.7500003071915101
	0.7500021128058493
	0.7499950439465004
	0.7499949692242814
	0.7499956001934809
	0.7499952732927527
	0.7499929895910664
	0.7499965718892487
	0.7499951384278328
	0.7499957131173455
	0.749988484145325
	0.749985679869031
	0.7499837793360802
	0.7499869730168817
	0.7499809250949828
	0.7499760548158069
	0.7499784284274119
	0.7499771555317897
	0.7499823515565857
	0.7499850109377281
	0.749984592889975
	0.749978947527484
	0.7499786076839049
	0.7499835735478302
	0.7499825534647216
	0.7499843150158986
	0.7499877437548045
	0.7499880174621727
	0.749993554114742
	0.7499947226111818
	0.7499953221439477
	0.7499945521471036
	0.7499916164651115
	0.7499929761969893
	0.7499913191658744
	0.7499916682951812
	0.7499926979745396
	0.749994054107293
	0.7499927280077314
	0.749988372836084
	0.7499824857769071
	0.7499769648683664
	0.7499790431736478
	0.7499753338952451
	0.7499706435315746
	0.7499762819247093
	0.7499861535270693
	0.7499922138108513
	0.7499901504599109
	0.7499894025180256
	0.7499942716500865
	0.7499910954056278
	0.7499955664824987
	0.7499932560422148
	0.7499917837923137
	0.7499925149794735
	0.7499884644810454
	0.7499867644158807
	0.7499858027941435
	0.749986559235015
	0.7499847948094116
	0.7499850294991786
	0.7499868800836991
	0.7499902840690011
	0.7499886589230395
	0.7499878792689811
	0.7499903016232935
	0.7499918389093442
	0.7499909238557543
	0.7499856578405685
	0.7499882243145798
	0.7499902412910293
	0.749992686802748
	0.7499887229278493
	0.7499876472581894
	0.7499830403752964
	0.7499804698657077
	0.749978386209477
	0.7499805417604921
	0.7499807956073943
	0.749979982167947
	0.749979521274092
	0.7499781417086965
	0.7499746324058582
	0.7499744349760563
	0.7499763147228917
	0.7499740684028741
	0.74997584249226
	0.7499756099596332
	0.749981456558767
	0.7499799413461847
	0.7499789968607458
	0.7499807289694446
	0.7499807650460283
	0.7499759696267584
	0.7499738080486802
	0.749976381945387
	0.7499781853501162
	0.7499741340738157
	0.7499760044312054
	0.7499795688591028
	0.7499797520462453
	0.7499829682731064
	0.7499883906618922
	0.7499871215162078
	0.7499841976485239
	0.7499950617070861
	0.7499963119063605
	0.7499955854983686
	0.7499971535677445
	0.7499972408671653
	0.7499965517509208
	0.7499920215743978
	0.7499936360537683
	0.749987295631558
	0.7499879668413142
	0.7499821146519952
	0.7499842441028111
	0.749986669046626
	0.7499838395875624
	0.7499848703081937
	0.7499909796704367
	0.7499921575530182
	0.7499972809772676
	0.749994219020254
	0.7499942441633108
	0.7499965722929739
	0.749994786737315
	0.7499957497547597
	0.7499963337149868
	0.7499961873299414
	0.7499986062206505
	0.7499992041596054
	0.7500016746249634
	0.7499998757008438
	0.7500015986127486
	0.7499955968363864
	0.7499915695045568
	0.7499884554721583
	0.7499888608935045
	0.7499866965174989
	0.7499850627740379
	0.7499862248330642
	0.7499876419797054
	0.7499872277599877
	0.7499885939152598
	0.7499880408702573
	0.7499896014337611
	0.7499964311029661
	0.7499953101428658
	0.7499935748674547
	0.7499976842258663
	0.7500002604429614
	0.7499987172713194
	0.7500035613052807
	0.7500039233296645
	0.7500040502273962
	0.7500022210639999
	0.750003221782644
	0.7500069699466237
	0.7500085677681501
	0.7500083328246335
	0.7500052336598655
	0.7500087729420992
	0.7500018362983164
	0.7500071165829205
	0.7500064541190222
	0.7500061912054531
	0.7500084352903403
	0.7500062471304242
	0.7500063536650707
	0.75000835818478
	0.7500091635337107
	0.7500094604328064
	0.7500087937283065
	0.7500066427604091
	0.7500044719600316
	0.7499995549582467
	0.7500023089963779
	0.7499996422988606
	0.7500048250947667
	0.7500038056196968
	0.7500047663102972
	0.7500017749697241
	0.749998727327619
	0.7500003459751907
	0.7500071373981754
	0.7500106759451536
	0.7500110912858511
	0.7500156024423117
	0.7500131992646593
	0.7500123909059757
	0.7500186304146603
	0.7500248679540374
	0.7500292974814432
	0.7500315793986239
	0.750031839232201
	0.7500308432972819
	0.750028069347707
	0.7500232253150956
	0.7500271374429425
	0.7500266384431823
	0.7500245120136293
	0.7500235968903526
	0.7500239353888135
	0.7500233269262497
	0.7500221820983468
	0.7500172824740108
	0.7500190038811627
	0.7500176541076123
	0.7500148427177619
	0.7500134208627142
	0.7500096165275527
	0.7500089640155613
	0.7500087802747257
	0.7500084551738955
	0.7500123880700733
	0.7500110593617697
	0.7500094833953006
	0.7500108312288137
	0.750014750990763
	0.7500134043458153
	0.7500108949444177
	0.7500116927486574
	0.7500139951206268
	0.750015357743435
	0.7500195254377542
	0.7500203906466288
	0.7500172120157731
	0.7500124172426222
	0.7500161527495306
	0.7500146702195113
	0.7500200437077956
	0.7500257608733125
	0.7500263851366139
	0.7500219360858525
	0.7500248787991726
	0.7500254833578575
	0.750024432354587
	0.750021918982733
	0.7500185124490185
	0.7500209158999303
	0.7500302170008777
	0.7500305996846366
	0.7500345763896095
	0.7500343255314227
	0.7500359319426383
	0.7500393533819388
	0.7500350156057382
	0.7500337687188663
	0.7500305003871839
	0.7500301669694944
	0.7500305955634724
	0.7500256074078339
	0.750027179548823
	0.7500245066775256
	0.750024645903306
	0.7500198850610937
	0.7500150221474913
	0.7500133551006382
	0.7500083988771794
	0.750013247105377
	0.7500104457974859
	0.7500143070725847
	0.7500211346088719
	0.750025651239116
	0.7500231552168262
	0.7500199341545761
	0.75001933711045
	0.7500258988746998
	0.750023231692149
	0.7500230240498525
	0.7500270834000629
	0.7500242442352981
	0.7500248487403323
	0.7500255358682009
	0.7500234742855981
	0.7500274839624821
	0.7500294204493344
	0.7500220591069339
	0.7500223455155453
	0.7500203429140823
	0.7500212994227211
	0.7500199256384839
	0.7500284870838418
	0.7500294204194445
	0.750030882072551
	0.750032250232234
	0.7500332484024355
	0.7500322448309462
	0.7500320930879347
	0.750031998987889
	0.7500289583642414
	0.7500273633560076
	0.7500303266971051
	0.7500229825003151
	0.7500245636061001
	0.7500219438551093
	0.7500187763441805
	0.7500193200166495
	0.7500232594976574
	0.7500234258835797
	0.7500229416456755
	0.7500220374657068
	0.7500227363637361
	0.75002237996775
	0.7500240283461412
	0.7500228947645632
	0.7500203565329205
	0.7500210334658665
	0.7500163376458547
	0.750013867566036
	0.7500132833216971
	0.7500174705882309
	0.7500154245744087
	0.7500176285120832
	0.7500181546752449
	0.7500216677300704
	0.7500202545292703
	0.7500201326466982
	0.7500171109479522
	0.7500169491152893
	0.7500140174319205
	0.7500067581995246
	0.7500051665422425
	0.7500041494363288
	0.7500127016284496
	0.7500134498018242
	0.7500206794011148
	0.7500190764265884
	0.7500257440538706
	0.7500261993214506
	0.7500265369513945
	0.7500236809681793
	0.7500211631246511
	0.750020502731167
	0.750024882415714
	0.7500252178023662
	0.7500221591970616
	0.7500223670583638
	0.7500263701080269
	0.7500214226602756
	0.7500197796667072
	0.7500255246166015
	0.7500240364833877
	0.7500212823738536
	0.7500163445691087
	0.7500174333329208
	0.7500182244322814
	0.7500242395188041
	0.7500265404064701
	0.7500281850300244
	0.7500200675356921
	0.7500212490898577
	0.7500152682567216
	0.7500169277887113
	0.7500181837498429
	0.7500160115640042
	0.7500167688145029
	0.7500145444595124
	0.7500130639503998
	0.7500133118881878
	0.7500117443055272
	0.750014448620447
	0.7500147333082661
	0.7500133283749031
	0.7500134320958245
	0.7500158870320557
	0.7500174668435482
	0.7500176868556904
	0.7500160673535895
	0.7500235081540236
	0.7500258027932375
	0.7500229792291002
	0.7500284914696448
	0.7500284967117222
	0.7500275456207145
	0.7500261186832043
	0.7500253041141787
	0.7500249801124947
	0.7500225421893258
	0.7500238297510171
	0.7500217488167857
	0.7500201929953974
	0.7500211361121135
	0.750023695700606
	0.7500262796394983
	0.7500259901584511
	0.7500271884504228
	0.7500238386456813
	0.750024547347187
	0.7500228755917474
	0.750022686159188
	0.7500259127287356
	0.7500255815641002
	0.7500210535452416
	0.7500234044474747
	0.7500264848914119
	0.7500210777555759
	0.7500234609922221
	0.7500207318219647
	0.7500178022487025
	0.7500150114485918
	0.7500147945709381
	0.7500203114818061
	0.7500223427736091
	0.7500273437645716
	0.7500236543772317
	0.7500267939563466
	0.7500249178306833
	0.7500251375250064
	0.7500245080054241
	0.7500170810022557
	0.7500168603608286
	0.750019015643695
	0.7500228149798882
	0.7500300468235387
	0.7500321086104583
	0.750032506696542
	0.7500311103102052
	0.7500267755226181
	0.7500258005398155
	0.7500280282588249
	0.7500307660581108
	0.7500354707420854
	0.7500333184464458
	0.7500334805561552
	0.7500322790825885
	0.7500361607574778
	0.7500352704451656
	0.7500352136201582
	0.7500379901826522
	0.7500423457090463
	0.7500413202637142
	0.750040430830718
	0.7500402256312173
	0.7500327759800972
	0.7500367460582574
	0.7500371099917671
	0.7500409494177783
	0.7500360759812932
	0.7500347400710247
	0.7500358378375387
	0.7500353745728103
	0.7500317779153614
	0.7500269280537303
	0.7500275835999239
	0.7500257053004726
	0.7500258458023787
	0.7500199462134445
	0.7500197742271763
	0.7500205012746727
	0.7500192576333921
	0.7500208012870919
	0.7500233915564538
	0.7500185937194989
	0.7500137763914475
	0.7500120528059022
	0.7500083938971404
	0.7500118507461252
	0.7500160675381304
	0.7500142251894277
	0.7500141202868252
	0.7500132360091569
	0.7500098499550151
	0.7500100639508962
	0.7500091651040593
	0.7500115686593067
	0.7500130768556164
	0.7500171769937002
	0.7500172205580437
	0.750014920477617
	0.7500153087636343
	0.7500149926347224
	0.7500134353578702
	0.7500120405335541
	0.7500080411784724
	0.750008755375905
	0.750012553154863
	0.7500145624715541
	0.7500149868750722
	0.750014592350417
	0.7500100231881042
	0.7500017019568269
	0.7500048694608317
	0.750015176659233
	0.7500115880499241
	0.7500162444003109
	0.7500206761571157
	0.7500258800674413
	0.7500279491024376
	0.7500250228437645
	0.7500226175473317
	0.7500238801163093
	0.7500257197656071
	0.7500285671086147
	0.7500251391788092
	0.7500245905535816
	0.7500202383352497
	0.7500160855112645
	0.7500135630253061
	0.7500147497897595
	0.7500133908983283
	0.7500121411898838
	0.7500136613183873
	0.7500160353740458
	0.750012794020772
	0.7500171235835648
	0.7500202256945248
	0.7500186820361503
	0.7500169927721545
	0.7500162705960416
	0.7500160819532813
	0.7500138308387153
	0.7500139424457087
	0.750013980476281
	0.7500100825984474
	0.7500066764713242
	0.7500035071945577
	0.7500044608106872
	0.7500045190278399
	0.7500046096028513
	0.750007801907365
	0.7500138882016025
	0.7500156206463616
	0.750012315248651
	0.7500142649657539
	0.750019013743364
	0.7500223422825684
	0.7500261305260835
	0.7500277149986057
	0.7500278152440288
	0.750025568630424
	0.7500216360117598
	0.7500245269213714
	0.7500279655551048
	0.7500240136144561
	0.7500201887342246
	0.7500240380467141
	0.7500296854166079
	0.7500284560879692
	0.7500267243967448
	0.7500287027751787
	0.750029959868486
	0.7500310147140344
	0.7500290598889265
	0.7500329374266033
	0.7500340686845457
	0.7500328970184262
	0.7500325936613512
	0.750029150907431
	0.7500290282474279
	0.7500264358768826
	0.7500311737726566
	0.7500318919913352
	0.7500301884923309
	0.7500293020531125
	0.7500289220718868
	0.7500305876083687
	0.7500318307444351
	0.7500269641283316
	0.750028955070782
	0.7500265400039338
	0.7500306438856947
	0.7500282445699863
	0.7500266523218868
	0.7500255294631425
	0.750022678738265
	0.7500179307155598
	0.750015698406268
	0.7500167963555467
	0.750016996685762
	0.7500181319580133
	0.7500173433689169
	0.7500163548912625
	0.7500168687917176
	0.7500149408509061
	0.750011835223442
	0.7500140451917501
	0.7500168909845972
	0.7500153028624662
	0.7500133201971514
	0.7500097004406777
	0.7500117652117636
	0.7500087063549234
	0.7500095148262675
	0.7500115217908336
	0.7500121381309582
	0.7500103385194771
	0.7500114732774347
	0.750011794679919
	0.7500167247828756
	0.7500159868636347
	0.7500151393533002
	0.7500137408094467
	0.7500112674339908
	0.7500093061536118
	0.7500112908029392
	0.7500134137451507
	0.7500184281155846
	0.7500195429852237
	0.7500169680936193
	0.7500189091181627
	0.7500191446206629
	0.7500180523044552
	0.7500165278721906
	0.7500159929085164
	0.7500174571590753
	0.7500161327667308
	0.7500192395307327
	0.7500174735282251
	0.7500160390534795
	0.7500185486436743
	0.7500208599924069
	0.7500181438424253
	0.7500207452052959
	0.7500174021684097
	0.7500142653309677
	0.750016837279289
	0.7500135284873646
	0.750015906460897
	0.7500128512886189
	0.7500126546775584
	0.750013658225466
	0.7500138795527702
	0.7500194193415227
	0.7500165972191524
	0.7500163407063922
	0.7500104597123235
	0.7500089356499295
	0.7500127212244969
	0.7500090959403304
	0.7500111193031272
	0.7500167592212278
	0.7500179771045777
	0.7500208670713595
	0.7500176939526643
	0.7500180183834827
	0.7500170381632856
	0.750009552501931
	0.7500150632760868
	0.7500149136734594
	0.7500149743519817
	0.7500130639482925
	0.7500168243588738
	0.7500128210716616
	0.7500123519783988
	0.7500191969943856
	0.7500143587131148
	0.7500131070785538
	0.7500162737043043
	0.7500092189835313
	0.7500113723300383
	0.7500082183894834
	0.7500096185613546
	0.7500159711694846
	0.7500163609103705
	0.7500164059287002
	0.7500151461944327
	0.7500126137691496
	0.750010953184876
	0.750009759854258
	0.7500115799547799
	0.7500138982866764
	0.7500130138633541
	0.7500161626507724
	0.7500117614965386
	0.750004456780168
	0.7500084946451672
	0.7500113862773096
	0.7500089234389833
	0.7500026248895296
	0.7500045445462875
	0.7500079276711421
	0.750008942760858
	0.750011084419076
	0.7500088240027918
	0.7500049654312703
	0.7500061624938189
	0.750005447655318
	0.7500097129375258
	0.7500126271789861
	0.7500140589669061
	0.7500174315114508
	0.7500254163905558
	0.7500276871702097
	0.750031701267108
	0.7500355162251424
	0.7500311833465808
	0.7500331281736254
	0.7500404757235073
	0.750042391537815
	0.7500412684581074
	0.7500426118987477
	0.750042138173565
	0.7500406026886555
	0.7500333169154926
	0.7500318996356312
	0.750033171171842
	0.7500323607487109
	0.7500281230531058
	0.7500275607875012
	0.7500280355475604
	0.750027885462565
	0.7500243690771415
	0.7500249833870374
	0.7500261302681897
	0.7500276069839386
	0.750026602744008
	0.7500186912116467
	0.7500194407786589
	0.7500175423043003
	0.750018015060995
	0.7500182549001573
	0.7500227329658136
	0.75002513263289
	0.7500252003245784
	0.7500245313592946
	0.7500218164180975
	0.7500237457185859
	0.750027006110288
	0.7500265655378607
	0.7500282709717834
	0.7500333047390417
	0.7500375031421602
	0.7500376756241773
	0.7500408192434687
	0.7500364464799009
	0.7500341924895156
	0.7500277140934236
	0.7500288629914597
	0.7500302186021054
	0.7500316175957853
	0.7500313457128646
	0.7500312758127804
	0.7500350250664822
	0.7500310701870612
	0.7500402125731149
	0.7500447638418265
	0.7500406453348574
	0.7500380995363118
	0.7500407235953046
	0.750042608292456
	0.7500417515853435
	0.7500440686405908
	0.7500384632577614
	0.7500378594547495
	0.7500355462447833
	0.7500319608723023
	0.7500298974788773
	0.7500293720311425
	0.750029909997822
	0.7500264576687522
	0.7500299695314434
	0.7500347102101497
	0.7500401037879783
	0.7500370912260577
	0.7500343370020947
	0.7500328170225044
	0.7500325971891725
	0.750032579531115
	0.7500297034163106
	0.7500222279392047
	0.7500240426164638
	0.7500286185400705
	0.7500302509107776
	0.7500272926117683
	0.7500292315130958
	0.7500298292651016
	0.7500269207645982
	0.7500266520479181
	0.7500274212901081
	0.7500223598474896
	0.7500249948003567
	0.7500185580944415
	0.7500207288054934
	0.7500189931091292
	0.7500178790965796
	0.7500153240165177
	0.7500208707411872
	0.7500213607646063
	0.7500236313135836
	0.7500279049145329
	0.7500314600135536
	0.7500324641210223
	0.7500327955127128
	0.7500319691506273
	0.7500262150483459
	0.7500296951367599
	0.7500283185504029
	0.7500231775665867
	0.7500260144171269
	0.7500285928047871
	0.7500267831532764
	0.7500222293314369
	0.7500162811039889
	0.7500155703607583
	0.7500221402821935
	0.7500226123588764
	0.7500324606501592
	0.7500323692715832
	0.7500327374881738
	0.7500274783705791
	0.7500256628431853
	0.7500213407102203
	0.7500184997193771
	0.750020275825574
	0.7500166761958075
	0.7500192157269193
	0.7500177512491968
	0.7500148267822264
	0.7500169586940079
	0.7500131807674385
	0.7500193370650039
	0.7500172848310146
	0.7500182595308182
	0.7500262489044944
	0.7500238561260549
	0.7500212725619229
	0.7500195010798978
	0.7500175831944516
	0.750019727969644
	0.750017702762153
	0.7500163193029598
	0.7500152865180693
	0.7500171021318708
	0.7500179980859635
	0.7500210097516695
	0.7500224952535918
	0.7500271357576971
	0.750024126097829
	0.7500195161451183
	0.7500222250425397
	0.7500234429884579
	0.750018785682177
	0.7500123945942372
	0.7500193631418016
	0.7500180876780979
	0.7500213708876439
	0.7500227984623931
	0.7500199530091668
	0.7500253811385336
	0.7500254328239677
	0.7500307962929672
	0.7500301591787394
	0.7500276697269069
	0.7500250034897048
	0.7500193238976374
	0.750019852595405
	0.7500186257258421
	0.7500162637378349
	0.7500168491658983
	0.7500214002706215
	0.7500216779622882
	0.7500227856182633
	0.7500205273875846
	0.7500241277603328
	0.7500256999928904
	0.7500262469443234
	0.7500294553353845
	0.750025332260937
	0.7500241871836681
	0.7500207494292925
	0.7500250222368493
	0.750023865566857
	0.7500214579441588
	0.750020249754454
	0.7500218041209119
	0.7500230187533118
	0.7500233713730629
	0.750023481417775
	0.7500214858712904
	0.750022590819943
	0.7500215393021235
	0.7500174434234842
	0.7500177911651472
	0.7500166940047012
	0.7500116921683617
	0.7500120802133158
	0.750009134853801
	0.7500050006239535
	0.7500067424282215
	0.7499981413796579
	0.7499975666300926
	0.7499947314067441
	0.7499981621065973
	0.7500074080827757
	0.7500042129058376
	0.7500061991452286
	0.7500083038757456
	0.7500059724149943
	0.7500074423900107
	0.750006597144302
	0.7500111656608472
	0.7500133835089731
	0.7500193487423369
	0.7500167252788571
	0.7500166593740805
	0.7500153836199779
	0.7500213405252083
	0.7500253203467095
	0.7500280969458472
	0.7500274742792454
	0.7500228634809366
	0.7500255896908358
	0.7500269054305453
	0.7500252232515101
	0.7500240779246294
	0.7500263443181187
	0.7500316139314547
	0.7500304866719504
	0.7500264609514603
	0.750030002134682
	0.7500301834586816
	0.7500282805535138
	0.7500289660890141
	0.750029031042011
	0.7500363867469043
	0.7500430217530238
	0.7500465269625418
	0.7500480708679386
	0.7500481020085621
	0.7500435479284496
	0.7500427967796283
	0.7500460775420354
	0.7500466685269341
	0.750050236685848
	0.7500452556939788
	0.7500475340693248
	0.7500491878109267
	0.7500484056827145
	0.7500527630022624
	0.7500562927682918
	0.750059206932036
	0.7500619057724284
	0.7500589119861437
	0.7500602112525275
	0.7500580070111275
	0.7500553272994179
	0.7500541180163902
	0.7500515884124979
	0.7500531206623515
	0.750050325925571
	0.7500524623144127
	0.7500505321568653
	0.7500431043653247
	0.7500455277542181
	0.7500428754006695
	0.7500430203104577
	0.7500414722553251
	0.7500433058237
	0.7500415789283409
	0.7500447464603232
	0.7500431787262128
	0.7500398505721275
	0.750041420048725
	0.7500402626753444
	0.7500405095227581
	0.7500412803067018
	0.7500407610022032
	0.7500376580737963
	0.7500371624638814
	0.7500371913593672
	0.7500349576572024
	0.7500350003224179
	0.7500350050359113
	0.7500353854978229
	0.7500345015046372
	0.7500305001317856
	0.7500336571029418
	0.7500351295900913
	0.750034318470471
	0.7500330571495271
	0.7500391823503674
	0.7500373807561094
	0.7500312693476981
	0.750033167189093
	0.7500340935478265
	0.7500361173468295
	0.7500385132061544
	0.750039206100649
	0.7500366982726906
	0.7500437213367029
	0.7500389700800285
	0.750039140627728
	0.75004132983883
	0.7500419206537836
]