[
	0.8191099166870117
	0.8188369274139404
	0.8185876607894897
	0.8183166980743408
	0.8180564045906067
	0.8178219199180603
	0.8175837397575378
	0.8173571825027466
	0.8171045780181885
	0.8168541193008423
	0.8166273236274719
	0.8163967132568359
	0.8161615133285522
	0.815945565700531
	0.8157293200492859
	0.8155274391174316
	0.8152558207511902
	0.8150458931922913
	0.8148135542869568
	0.8145751357078552
	0.8143337368965149
	0.81409752368927
	0.813858151435852
	0.8136234879493713
	0.8134018778800964
	0.8131862282752991
	0.8129727244377136
	0.8127654790878296
	0.8125563263893127
	0.8123338222503662
	0.8121206760406494
	0.8118897676467896
	0.8116832971572876
	0.811465322971344
	0.8112452030181885
	0.8110321760177612
	0.8108347654342651
	0.810606062412262
	0.8103891611099243
	0.8101658821105957
	0.8099225163459778
	0.8097132444381714
	0.8095059990882874
	0.8092725872993469
	0.8090646862983704
	0.8088530898094177
	0.8086332082748413
	0.808413028717041
	0.8082098364830017
	0.8079927563667297
	0.8077751994132996
	0.8075574636459351
	0.8073743581771851
	0.8071604371070862
	0.8069466948509216
	0.8067371249198914
	0.8065223693847656
	0.8063205480575562
	0.8061173558235168
	0.8059062957763672
	0.8057160377502441
	0.8055278658866882
	0.8053529858589172
	0.8051403760910034
	0.8049305081367493
	0.8047374486923218
	0.8045482039451599
	0.8043516278266907
	0.8041632175445557
	0.803956925868988
	0.8037768602371216
	0.8035889863967896
	0.8034083247184753
	0.8032144904136658
	0.8030267953872681
	0.8028308153152466
	0.8026318550109863
	0.8024494647979736
	0.802267849445343
	0.802074134349823
	0.801895022392273
	0.801710307598114
	0.801533043384552
	0.8013503551483154
	0.8011482357978821
	0.8009732961654663
	0.8007889986038208
	0.8006214499473572
	0.8004588484764099
	0.8002699613571167
	0.8000863194465637
	0.7999240159988403
	0.7997466921806335
	0.7995741367340088
	0.799402117729187
	0.7992256879806519
	0.7990633845329285
	0.798891007900238
	0.7987114191055298
	0.798536479473114
	0.7983554601669312
	0.7981817722320557
	0.7980000376701355
	0.7978296279907227
	0.7976567149162292
	0.7974862456321716
	0.7973020672798157
	0.797157883644104
	0.7969860434532166
	0.7968177199363708
	0.7966572046279907
	0.7965099215507507
	0.7963446378707886
	0.7961880564689636
	0.7960352897644043
	0.7958719730377197
	0.7957157492637634
	0.7955574989318848
	0.7954197525978088
	0.7952708601951599
	0.7951152324676514
	0.7949678897857666
	0.7948110103607178
	0.7946605086326599
	0.7945159077644348
	0.7943582534790039
	0.7942239046096802
	0.794048011302948
	0.7939009070396423
	0.793756902217865
	0.7936043739318848
	0.793456494808197
	0.7933156490325928
	0.7931641936302185
	0.793024480342865
	0.7928723692893982
	0.7927313446998596
	0.7925990223884583
	0.7924525737762451
	0.7923153042793274
	0.7921699285507202
	0.7920413017272949
	0.7918980717658997
	0.7917461395263672
	0.7916033864021301
	0.7914758324623108
	0.7913504242897034
	0.7912125587463379
	0.7910712957382202
	0.790939211845398
	0.7908073663711548
	0.790667712688446
	0.7905234694480896
	0.7903915047645569
	0.7902700304985046
	0.7901402115821838
	0.7900195121765137
	0.7899072170257568
	0.7897796630859375
	0.7896596789360046
	0.7895488739013672
	0.7894265055656433
	0.7892957329750061
	0.7891750335693359
	0.7890492677688599
	0.7889429330825806
	0.7888199687004089
	0.7886986136436462
	0.7885847091674805
	0.7884617447853088
	0.7883412837982178
	0.788221538066864
	0.7880977988243103
	0.7879818677902222
	0.7878713607788086
	0.78775954246521
	0.7876410484313965
	0.787519097328186
	0.7874020934104919
	0.7872940301895142
	0.7871869802474976
	0.7870724201202393
	0.7869585156440735
	0.7868466973304749
	0.7867301106452942
	0.7866123914718628
	0.7865039706230164
	0.7863969802856445
	0.7862890362739563
	0.7861678600311279
	0.7860691547393799
	0.7859638929367065
	0.7858476042747498
	0.78573077917099
	0.785624623298645
	0.785510778427124
	0.78541100025177
	0.7853036522865295
	0.7851963639259338
	0.7850916385650635
	0.7849814891815186
	0.7848716974258423
	0.7847628593444824
	0.7846715450286865
	0.7845621109008789
	0.7844422459602356
	0.7843388915061951
	0.7842314839363098
	0.7841256856918335
	0.784024178981781
	0.7839248180389404
	0.7838236093521118
	0.78373783826828
	0.7836419343948364
	0.7835566997528076
	0.7834685444831848
	0.783372163772583
	0.783268392086029
	0.7831746339797974
	0.7830770611763
	0.7829918265342712
	0.7828954458236694
	0.7827924489974976
	0.7826970219612122
	0.7825989723205566
	0.7824950814247131
	0.7824001908302307
	0.7823060154914856
	0.7822206616401672
	0.7821254134178162
	0.7820277214050293
	0.7819390892982483
	0.7818546295166016
	0.7817679643630981
	0.781674861907959
	0.7815916538238525
	0.7815053462982178
	0.7814021706581116
	0.7813052535057068
	0.7812211513519287
	0.7811284065246582
	0.7810365557670593
	0.7809506058692932
	0.7808651328086853
	0.7807753682136536
	0.7806938886642456
	0.7806028127670288
	0.7805149555206299
	0.780432403087616
	0.7803475260734558
	0.7802653312683105
	0.7801818251609802
	0.7800930142402649
	0.7800124883651733
	0.7799314260482788
	0.7798670530319214
	0.7797855138778687
	0.7797083258628845
	0.7796230912208557
	0.7795465588569641
	0.7794545888900757
	0.7793697118759155
	0.7792864441871643
	0.7792098522186279
	0.7791275382041931
	0.7790523171424866
	0.7789711952209473
	0.7788938879966736
	0.7788134217262268
	0.7787319421768188
	0.7786473035812378
	0.778569221496582
	0.7784969210624695
	0.77842777967453
	0.7783511281013489
	0.7782641649246216
	0.7781914472579956
	0.7781107425689697
	0.7780389189720154
	0.7779656648635864
	0.7778944373130798
	0.7778235077857971
	0.7777529358863831
	0.7776876091957092
	0.777610719203949
	0.7775378227233887
	0.777460515499115
	0.7773817181587219
	0.7773131728172302
	0.7772437334060669
	0.7771618366241455
	0.7770791053771973
	0.7770137786865234
	0.7769309282302856
	0.7768615484237671
	0.7767938375473022
	0.7767195701599121
	0.776648759841919
	0.776585042476654
	0.7765162587165833
	0.776447594165802
	0.7763741612434387
	0.7763159871101379
	0.7762457728385925
	0.7761712670326233
	0.7761020660400391
	0.776028037071228
	0.775961697101593
	0.7758973240852356
	0.7758291959762573
	0.7757659554481506
	0.7757005095481873
	0.7756358981132507
	0.775561511516571
	0.775497317314148
	0.7754250764846802
	0.7753603458404541
	0.775287926197052
	0.7752207517623901
	0.7751543521881104
	0.7750913500785828
	0.7750319242477417
	0.7749660015106201
	0.7749100923538208
	0.7748504281044006
	0.7747914791107178
	0.7747323513031006
	0.7746753692626953
	0.7746168971061707
	0.7745552659034729
	0.7744953632354736
	0.774440586566925
	0.7743871212005615
	0.7743315100669861
	0.7742711305618286
	0.7742085456848145
	0.7741453051567078
	0.7740845084190369
	0.7740263342857361
	0.7739579081535339
	0.7739045023918152
	0.7738476991653442
	0.7737838625907898
	0.7737220525741577
	0.7736620903015137
	0.7735999822616577
	0.7735438346862793
	0.7734930515289307
	0.773433268070221
	0.7733821272850037
	0.7733305096626282
	0.7732734680175781
	0.7732189893722534
	0.7731577157974243
	0.7731031179428101
	0.7730493545532227
	0.7729848623275757
	0.7729294300079346
	0.7728707790374756
	0.7728051543235779
	0.7727510333061218
	0.7727043032646179
	0.7726545929908752
	0.7725985646247864
	0.7725367546081543
	0.7724804878234863
	0.7724255323410034
	0.7723802328109741
	0.7723232507705688
	0.772270679473877
	0.7722212076187134
	0.7721650004386902
	0.772109866142273
	0.772065281867981
	0.7720068693161011
	0.7719566226005554
	0.7719113230705261
	0.7718684077262878
	0.7718270421028137
	0.7717747092247009
	0.7717241048812866
	0.7716663479804993
	0.7716124057769775
	0.7715598344802856
	0.7715170383453369
	0.7714671492576599
	0.7714129090309143
	0.7713637351989746
	0.7713339924812317
	0.771290123462677
	0.771244466304779
	0.7711961269378662
	0.7711510062217712
	0.7711021900177002
	0.7710488438606262
	0.7710041999816895
	0.7709559798240662
	0.7709094882011414
	0.7708641886711121
	0.7708228826522827
	0.7707713842391968
	0.7707298398017883
	0.770675539970398
	0.7706258893013
	0.7705743312835693
	0.770532488822937
	0.77049320936203
	0.7704375982284546
	0.7703887820243835
	0.7703371047973633
	0.7702882289886475
	0.7702357769012451
	0.7701866030693054
	0.7701396942138672
	0.770095944404602
	0.7700570821762085
	0.7700115442276001
	0.7699732780456543
	0.7699311971664429
	0.7698747515678406
	0.7698286175727844
	0.7697782516479492
	0.7697306275367737
	0.7696888446807861
	0.7696371078491211
	0.7695900201797485
	0.7695451974868774
	0.7694998383522034
	0.7694510817527771
	0.7694067358970642
	0.7693679332733154
	0.76932692527771
	0.7692782282829285
	0.769234836101532
	0.7691912651062012
	0.7691476941108704
	0.7691123485565186
	0.7690688371658325
	0.7690215110778809
	0.768977701663971
	0.7689390778541565
	0.7688981294631958
	0.7688450813293457
	0.7688164114952087
	0.7687696814537048
	0.7687219381332397
	0.7686833143234253
	0.7686492800712585
	0.7686094045639038
	0.7685670852661133
	0.7685286402702332
	0.7684823870658875
	0.7684432864189148
	0.7684075832366943
	0.7683715224266052
	0.7683363556861877
	0.7682955861091614
	0.7682555913925171
	0.7682173848152161
	0.7681671380996704
	0.7681304812431335
	0.7680889368057251
	0.7680578827857971
	0.7680164575576782
	0.7679800987243652
	0.7679413557052612
	0.7678989171981812
	0.7678660750389099
	0.7678229808807373
	0.7677837610244751
	0.7677503228187561
	0.7677162885665894
	0.7676798701286316
	0.7676396369934082
	0.7676073908805847
	0.7675697207450867
	0.7675307393074036
	0.7674905061721802
	0.7674495577812195
	0.7674135565757751
	0.7673771381378174
	0.7673367261886597
	0.7672966718673706
	0.7672603726387024
	0.7672210931777954
	0.7671781778335571
	0.7671468257904053
	0.7671003341674805
	0.7670627236366272
	0.7670152187347412
	0.766980767250061
	0.7669411301612854
	0.766903817653656
	0.766866147518158
	0.766826331615448
	0.7667875289916992
	0.7667486071586609
	0.7667122483253479
	0.7666773796081543
	0.7666419148445129
	0.766598641872406
	0.7665674686431885
	0.766529381275177
	0.7664971947669983
	0.7664672136306763
	0.7664282321929932
	0.7663892507553101
	0.7663565874099731
	0.7663120627403259
	0.7662804126739502
	0.7662469744682312
	0.7662146687507629
	0.7661750316619873
	0.7661449909210205
	0.7661186456680298
	0.766085684299469
	0.7660501599311829
	0.7660120725631714
	0.765970766544342
	0.7659347057342529
	0.7659083008766174
	0.7658743262290955
	0.7658414840698242
	0.7658039927482605
	0.7657684087753296
	0.7657336592674255
	0.7657018899917603
	0.7656656503677368
	0.7656376957893372
	0.7656077146530151
	0.7655779719352722
	0.765541136264801
	0.7655077576637268
	0.765480101108551
	0.7654471397399902
	0.7654159069061279
	0.7653927803039551
	0.7653576135635376
	0.7653267979621887
	0.7652903199195862
	0.7652574181556702
	0.7652261257171631
	0.7651902437210083
	0.7651577591896057
	0.7651206851005554
	0.7650910019874573
	0.76506108045578
	0.7650294303894043
	0.7649931311607361
	0.7649693489074707
	0.7649285793304443
	0.7649008631706238
	0.7648651003837585
	0.7648329734802246
	0.7647923827171326
	0.7647718191146851
	0.7647368311882019
	0.7647024989128113
	0.7646757364273071
	0.7646434307098389
	0.7646152973175049
	0.7645821571350098
	0.7645490169525146
	0.7645198106765747
	0.7644867300987244
	0.7644665837287903
	0.7644351124763489
	0.7644097208976746
	0.7643857002258301
	0.7643568515777588
	0.7643347978591919
	0.7643043994903564
	0.7642664313316345
	0.7642313838005066
	0.764199435710907
	0.7641786336898804
	0.7641510367393494
	0.7641209363937378
	0.7641002535820007
	0.7640626430511475
	0.7640423774719238
	0.7640114426612854
	0.763978123664856
	0.7639550566673279
	0.7639260292053223
	0.7638963460922241
	0.7638684511184692
	0.7638332843780518
	0.7638153433799744
	0.7637947797775269
	0.7637692093849182
	0.7637457847595215
	0.763718843460083
	0.7636920213699341
	0.7636675834655762
	0.763639509677887
	0.7636134624481201
	0.7635877728462219
	0.7635518312454224
	0.7635291814804077
	0.7634975910186768
	0.7634664177894592
	0.7634396553039551
	0.763417661190033
	0.7633845806121826
	0.7633617520332336
	0.7633382081985474
	0.7633177638053894
	0.7632889747619629
	0.7632644772529602
	0.7632343769073486
	0.7632128596305847
	0.7631891369819641
	0.7631664276123047
	0.7631422877311707
	0.763115644454956
	0.7630859613418579
	0.7630688548088074
	0.7630466222763062
	0.7630268335342407
	0.7629925012588501
	0.7629608511924744
	0.7629386782646179
	0.7629196643829346
	0.7628908753395081
	0.7628694772720337
	0.7628406286239624
	0.7628132700920105
	0.762783944606781
	0.7627611756324768
	0.7627397775650024
	0.7627132534980774
	0.7626868486404419
	0.7626597881317139
	0.76263028383255
	0.762600839138031
	0.7625662088394165
	0.7625455856323242
	0.7625092267990112
	0.7624871730804443
	0.7624635100364685
	0.7624357342720032
	0.762414813041687
	0.7623888254165649
	0.7623698115348816
	0.762349009513855
	0.7623285055160522
	0.7623052000999451
	0.7622759342193604
	0.7622500658035278
	0.7622314691543579
	0.7622081637382507
	0.7621839046478271
	0.7621587514877319
	0.7621360421180725
	0.7621120810508728
	0.762090802192688
	0.7620706558227539
	0.7620453834533691
	0.7620187997817993
	0.7619935870170593
	0.7619632482528687
	0.7619442939758301
	0.7619192004203796
	0.7618979811668396
	0.761873185634613
	0.761851966381073
	0.7618303894996643
	0.7618117332458496
	0.7617893815040588
	0.7617649435997009
	0.7617442011833191
	0.761720597743988
	0.7617045640945435
	0.761681318283081
	0.7616668939590454
	0.7616345286369324
	0.7616051435470581
	0.7615705132484436
	0.7615439891815186
	0.7615176439285278
	0.7614970207214355
	0.7614753842353821
	0.7614486813545227
	0.761430025100708
	0.7614098191261292
	0.7613940834999084
	0.761365532875061
	0.7613404989242554
	0.761320173740387
	0.7612983584403992
	0.7612761855125427
	0.761252760887146
	0.7612414956092834
	0.7612229585647583
	0.761204719543457
	0.7611857056617737
	0.7611650824546814
	0.7611470222473145
	0.7611339688301086
	0.7611088752746582
	0.7610884308815002
	0.7610631585121155
	0.7610371112823486
	0.7610155344009399
	0.761000394821167
	0.7609784007072449
	0.7609550356864929
	0.760921835899353
	0.7609024047851562
	0.7608813643455505
	0.7608628273010254
	0.7608463168144226
	0.7608242034912109
	0.7608039379119873
	0.7607802748680115
	0.7607525587081909
	0.7607362866401672
	0.7607164978981018
	0.7606923580169678
	0.7606762051582336
	0.7606595754623413
	0.76063472032547
	0.7606226205825806
	0.7606057524681091
	0.760587215423584
	0.760564386844635
	0.7605447173118591
	0.76051926612854
	0.7605012655258179
	0.7604733109474182
	0.7604559659957886
	0.760440468788147
	0.760418713092804
	0.7603996992111206
	0.7603839039802551
	0.7603703737258911
	0.7603520154953003
	0.760339617729187
	0.7603146433830261
	0.7602935433387756
	0.7602680921554565
	0.7602529525756836
	0.760227620601654
	0.7602083086967468
	0.76019686460495
	0.760177731513977
	0.7601572275161743
	0.7601388096809387
	0.7601137161254883
	0.7600899934768677
	0.7600714564323425
	0.7600477933883667
	0.7600284218788147
	0.7600104212760925
	0.759999692440033
	0.7599767446517944
	0.7599619626998901
	0.7599456310272217
	0.7599338293075562
	0.7599197626113892
	0.7598983645439148
	0.759881317615509
	0.7598578333854675
	0.7598294019699097
	0.7598097920417786
	0.7597864866256714
	0.7597638964653015
	0.7597497701644897
	0.7597311735153198
	0.7597115635871887
	0.7596834897994995
	0.7596616744995117
	0.7596442103385925
	0.7596298456192017
	0.7596129179000854
	0.7595995664596558
	0.7595791816711426
	0.7595616579055786
	0.7595414519309998
	0.7595269680023193
	0.7595118284225464
	0.7594931721687317
	0.7594842910766602
	0.759469747543335
	0.7594592571258545
	0.7594443559646606
	0.7594252228736877
	0.7594110369682312
	0.7594004273414612
	0.7593898773193359
	0.7593812346458435
	0.7593662738800049
	0.759344756603241
	0.7593233585357666
	0.7593045830726624
	0.759293258190155
	0.7592713236808777
	0.7592553496360779
	0.7592310905456543
	0.7592197060585022
	0.7592093348503113
	0.7591941952705383
	0.759182333946228
	0.7591572999954224
	0.7591395974159241
	0.7591332197189331
	0.7591204643249512
	0.7591083645820618
	0.759090781211853
	0.759071946144104
	0.7590595483779907
	0.7590394020080566
	0.7590204477310181
	0.7590011358261108
	0.7589977979660034
	0.7589892745018005
	0.7589735984802246
	0.7589521408081055
	0.7589370608329773
	0.7589305639266968
	0.7589194178581238
	0.7589042782783508
	0.7588808536529541
	0.758871853351593
	0.7588499784469604
	0.7588386535644531
	0.7588245868682861
	0.7588074207305908
	0.7587921023368835
	0.7587702870368958
	0.7587581276893616
	0.7587462663650513
	0.7587295174598694
	0.7587073445320129
	0.758691668510437
	0.7586774826049805
	0.7586597204208374
	0.7586495280265808
	0.7586290836334229
	0.7586125135421753
	0.7585942149162292
	0.7585763335227966
	0.7585589289665222
	0.7585498094558716
	0.7585318088531494
	0.7585195302963257
	0.758506715297699
	0.7584952116012573
	0.7584803104400635
	0.7584680318832397
	0.758445143699646
	0.7584282755851746
	0.7584139704704285
	0.75840824842453
	0.7583929896354675
	0.7583797574043274
	0.7583679556846619
	0.7583441734313965
	0.7583293914794922
	0.7583122253417969
	0.7582992911338806
	0.7582854628562927
	0.7582679986953735
	0.758255124092102
	0.7582361102104187
	0.7582246661186218
	0.758207380771637
	0.7581945061683655
	0.7581743597984314
	0.7581568956375122
	0.758144736289978
	0.7581302523612976
	0.7581227421760559
	0.7581045627593994
	0.7580875754356384
	0.7580747604370117
	0.7580575942993164
	0.758045494556427
	0.7580316662788391
	0.7580090761184692
	0.7580085396766663
	0.7579964399337769
	0.7579853534698486
	0.7579681873321533
	0.7579555511474609
	0.7579445838928223
	0.7579337954521179
	0.7579089999198914
	0.7578988075256348
	0.7578738927841187
	0.7578592300415039
	0.7578487396240234
	0.7578339576721191
	0.7578181624412537
	0.7578041553497314
	0.7577832937240601
	0.7577711939811707
	0.7577608823776245
	0.7577511668205261
	0.75774085521698
	0.757734477519989
	0.757731556892395
	0.7577148079872131
	0.7576996088027954
	0.7576858997344971
	0.7576707005500793
	0.7576488256454468
	0.7576380968093872
	0.7576218247413635
	0.7576084136962891
	0.757597029209137
	0.757580578327179
	0.757567822933197
	0.7575497627258301
	0.7575438022613525
	0.7575370669364929
	0.7575213313102722
	0.7575046420097351
	0.7574859857559204
	0.7574679851531982
	0.7574545741081238
	0.7574312686920166
	0.7574149370193481
	0.7574063539505005
	0.7573990225791931
	0.7573820948600769
	0.7573676705360413
	0.7573524713516235
	0.7573341727256775
	0.7573281526565552
	0.7573188543319702
	0.7573050260543823
	0.7572887539863586
	0.7572823762893677
	0.7572676539421082
	0.7572561502456665
	0.7572464942932129
	0.7572411298751831
	0.7572265267372131
	0.7572174072265625
	0.7571929693222046
	0.7571890950202942
	0.7571703791618347
	0.7571513652801514
	0.7571351528167725
	0.7571262121200562
	0.7571111917495728
	0.7571057677268982
	0.7570883631706238
	0.757067084312439
	0.7570609450340271
	0.7570497393608093
	0.7570345997810364
	0.7570188641548157
	0.7570106387138367
	0.756989598274231
	0.7569795250892639
	0.7569695711135864
	0.7569524049758911
	0.756936252117157
	0.7569171786308289
	0.7569045424461365
	0.7568817734718323
	0.7568628191947937
	0.7568550705909729
	0.7568439245223999
	0.7568303346633911
	0.7568143606185913
	0.7568017244338989
	0.7567855715751648
	0.7567725777626038
	0.7567653656005859
	0.7567440271377563
	0.756731390953064
	0.7567169070243835
	0.756706953048706
	0.7566924691200256
	0.7566755414009094
	0.7566585540771484
	0.7566519975662231
	0.7566311955451965
	0.7566220760345459
	0.7566069960594177
	0.7565912008285522
	0.7565793991088867
	0.7565685510635376
	0.7565527558326721
	0.7565492391586304
	0.7565365433692932
	0.7565262913703918
	0.7565146088600159
	0.7565089464187622
	0.7565023303031921
	0.7564889192581177
	0.7564839124679565
	0.7564694285392761
	0.7564581036567688
	0.7564386129379272
	0.7564273476600647
	0.756422221660614
	0.756402850151062
	0.7563895583152771
	0.7563780546188354
	0.7563605308532715
	0.7563486099243164
	0.7563304901123047
	0.7563173770904541
	0.7562978267669678
	0.7562804818153381
	0.7562615871429443
	0.75625079870224
	0.7562305331230164
	0.7562126517295837
	0.756195604801178
	0.756191611289978
	0.7561787962913513
	0.7561683654785156
	0.7561510801315308
	0.7561366558074951
	0.7561224102973938
	0.7561023235321045
	0.7560800313949585
	0.7560644149780273
	0.7560539245605469
	0.7560327649116516
	0.7560203671455383
	0.7560165524482727
	0.7560003995895386
	0.7559916377067566
	0.7559774518013
	0.7559667229652405
	0.755952775478363
	0.7559318542480469
	0.7559192180633545
	0.7559065222740173
	0.7558975219726562
	0.755885124206543
	0.7558714151382446
	0.7558557987213135
	0.7558516263961792
	0.755827784538269
	0.7558175921440125
	0.7557999491691589
	0.7557984590530396
	0.7557907104492188
	0.7557711601257324
	0.755760908126831
	0.7557477355003357
	0.7557388544082642
	0.7557249665260315
	0.7557142972946167
	0.7557007074356079
	0.7556853294372559
	0.7556753158569336
	0.7556604743003845
	0.7556458711624146
	0.7556371092796326
	0.7556273937225342
	0.7556183338165283
	0.7556036710739136
	0.7555972337722778
	0.7555791139602661
	0.7555707097053528
	0.7555578351020813
	0.7555394172668457
	0.7555268406867981
	0.7555245161056519
	0.7555124163627625
	0.7555067539215088
	0.7555014491081238
	0.7554975748062134
	0.7554877400398254
	0.7554748058319092
	0.7554701566696167
	0.7554616332054138
	0.7554574012756348
	0.7554453015327454
	0.755439817905426
	0.7554274797439575
	0.7554090619087219
	0.7553959488868713
	0.7553835511207581
	0.755366325378418
	0.7553467154502869
	0.7553330063819885
	0.7553229928016663
	0.7553102970123291
	0.7553014159202576
	0.7552921175956726
	0.7552876472473145
	0.7552747130393982
	0.7552700042724609
	0.7552635073661804
	0.7552613615989685
	0.7552545070648193
	0.7552438378334045
	0.7552334666252136
	0.7552146911621094
	0.7552008628845215
	0.7551844120025635
	0.7551634311676025
	0.755139946937561
	0.7551364302635193
	0.7551270723342896
	0.7551145553588867
	0.7551091909408569
	0.7550995945930481
	0.7550891637802124
	0.755081057548523
	0.7550603151321411
	0.7550382614135742
	0.7550304532051086
	0.7550213932991028
	0.7550103664398193
	0.7549965977668762
	0.7549832463264465
	0.7549711465835571
	0.7549570202827454
	0.7549477815628052
	0.7549439668655396
	0.7549322247505188
	0.7549226880073547
	0.7549137473106384
	0.7548966407775879
	0.7548878788948059
	0.754883885383606
	0.7548726797103882
	0.7548685669898987
	0.7548543214797974
	0.7548482418060303
	0.7548346519470215
	0.7548152804374695
	0.7548099756240845
	0.7548043131828308
	0.7547945976257324
	0.754782497882843
	0.7547633051872253
	0.7547475099563599
	0.7547247409820557
	0.7547166347503662
	0.7546963691711426
	0.7546844482421875
	0.7546853423118591
	0.7546708583831787
	0.7546663284301758
	0.7546518445014954
	0.7546324133872986
	0.754622220993042
	0.7546166181564331
	0.7546045780181885
	0.7546009421348572
	0.7545936703681946
	0.7545928359031677
	0.7545754313468933
	0.7545700669288635
	0.7545567750930786
	0.7545429468154907
	0.7545346021652222
	0.7545173764228821
	0.7545031905174255
	0.7544865012168884
	0.7544739842414856
	0.7544582486152649
	0.7544490098953247
	0.7544406652450562
	0.7544255256652832
	0.7544150352478027
	0.7544112801551819
	0.7544025182723999
	0.754391610622406
	0.7543812990188599
	0.7543733716011047
	0.7543604373931885
	0.7543502449989319
	0.7543450593948364
	0.7543264031410217
	0.7543084025382996
	0.754292368888855
	0.754284679889679
	0.7542667984962463
	0.7542562484741211
	0.7542397975921631
	0.7542253732681274
	0.7542141079902649
	0.7542029023170471
	0.7541986703872681
	0.7541859745979309
	0.7541772723197937
	0.7541651129722595
	0.7541507482528687
	0.7541429996490479
	0.7541306018829346
	0.7541161179542542
	0.7540930509567261
	0.7540892362594604
	0.7540877461433411
	0.7540830969810486
	0.7540627121925354
	0.7540537714958191
	0.7540496587753296
	0.7540405988693237
	0.7540314793586731
	0.7540203332901001
	0.7540097236633301
	0.7539981603622437
	0.7539879083633423
	0.75398188829422
	0.753972053527832
	0.7539620995521545
	0.7539526224136353
	0.7539429068565369
	0.7539286613464355
	0.7539146542549133
	0.753903329372406
	0.7538899183273315
	0.753881573677063
	0.7538629174232483
	0.7538478970527649
	0.7538362741470337
	0.7538202404975891
	0.7538133263587952
	0.7538092136383057
	0.7537983059883118
	0.753797173500061
	0.7537896633148193
	0.7537826299667358
	0.7537707686424255
	0.7537671327590942
	0.7537564039230347
	0.7537536025047302
	0.7537432909011841
	0.753734290599823
	0.7537322640419006
	0.7537232637405396
	0.7537122368812561
	0.7537031769752502
	0.7536848783493042
	0.7536726593971252
	0.7536587715148926
	0.7536569237709045
	0.7536325454711914
	0.7536159753799438
	0.753607988357544
	0.753600001335144
	0.753587007522583
	0.7535712718963623
	0.7535640001296997
	0.7535528540611267
	0.7535470724105835
	0.7535420060157776
	0.7535368800163269
	0.7535314559936523
	0.7535212635993958
	0.753498911857605
	0.7534886598587036
	0.7534723877906799
	0.7534648776054382
	0.7534508109092712
	0.7534405589103699
	0.7534210085868835
	0.7534123659133911
	0.7534051537513733
	0.7533936500549316
	0.7533863186836243
	0.7533822059631348
	0.753371000289917
	0.7533562183380127
	0.7533453106880188
	0.7533375024795532
	0.7533319592475891
	0.753319501876831
	0.7533098459243774
	0.7532927393913269
	0.7532908320426941
	0.753278374671936
	0.7532645463943481
	0.7532453536987305
	0.7532389163970947
	0.7532288432121277
	0.7532188296318054
	0.753204345703125
	0.7531940340995789
	0.7531849145889282
	0.7531797289848328
	0.7531623244285583
	0.7531625032424927
	0.7531523704528809
	0.7531377673149109
	0.7531359195709229
	0.7531284093856812
	0.7531160116195679
	0.7531131505966187
	0.7531112432479858
	0.753097414970398
	0.7530820369720459
	0.7530795335769653
	0.7530783414840698
	0.753074049949646
	0.7530694007873535
	0.7530637383460999
	0.7530545592308044
	0.7530426383018494
	0.7530313730239868
	0.7530288100242615
	0.7530163526535034
	0.7530084252357483
	0.7530034780502319
	0.7529899477958679
	0.7529861927032471
	0.7529685497283936
	0.752964437007904
	0.752955436706543
	0.7529433965682983
	0.7529314756393433
	0.7529236674308777
	0.7529118061065674
	0.7528944611549377
	0.7528833150863647
	0.7528703808784485
	0.752861738204956
	0.7528420090675354
	0.7528240084648132
	0.7528050541877747
	0.7527974843978882
	0.7527863383293152
	0.7527704238891602
	0.7527687549591064
	0.7527523040771484
	0.7527491450309753
	0.7527320981025696
	0.7527322173118591
	0.7527226209640503
	0.7527071237564087
	0.7526870369911194
	0.7526703476905823
	0.7526528239250183
	0.7526415586471558
	0.7526355385780334
	0.752627432346344
	0.7526246309280396
	0.7526258230209351
	0.7526085376739502
	0.7526041269302368
	0.7526029944419861
	0.7525990009307861
	0.7525924444198608
	0.752581775188446
	0.7525753378868103
	0.7525823712348938
	0.7525697350502014
	0.7525613307952881
	0.7525495290756226
	0.7525452971458435
	0.7525359392166138
	0.7525322437286377
	0.7525200843811035
	0.7525035738945007
	0.7524886131286621
	0.7524806261062622
	0.7524750232696533
	0.7524666786193848
	0.7524554133415222
	0.7524389624595642
	0.7524296641349792
	0.7524137496948242
	0.752416729927063
	0.7524061799049377
	0.7523956894874573
	0.7523837089538574
	0.7523733973503113
	0.7523638606071472
	0.7523562908172607
	0.7523521184921265
	0.752343475818634
	0.7523335814476013
	0.7523142695426941
	0.7523006796836853
	0.7523040175437927
	0.7522910833358765
	0.7522791624069214
	0.7522745132446289
	0.7522733211517334
	0.752263605594635
	0.7522603273391724
	0.7522544264793396
	0.7522462010383606
	0.7522349953651428
	0.752234935760498
	0.7522311210632324
	0.752219021320343
	0.7522192597389221
	0.7522143721580505
	0.7521997690200806
	0.7521925568580627
	0.7521775960922241
	0.7521774768829346
	0.7521772384643555
	0.7521666884422302
	0.7521644234657288
	0.7521582245826721
	0.7521551251411438
	0.7521464228630066
	0.7521290183067322
	0.7521249651908875
	0.7521237730979919
	0.7521175742149353
	0.7521173357963562
	0.7521039843559265
	0.752098798751831
	0.7520970702171326
	0.7520912885665894
	0.7520858645439148
	0.7520760297775269
	0.7520689368247986
	0.752061665058136
	0.7520567178726196
	0.7520456314086914
	0.7520400285720825
	0.7520376443862915
	0.7520285248756409
	0.7520211338996887
	0.75201416015625
	0.7520111203193665
	0.7520021200180054
	0.7519974112510681
	0.7519910931587219
	0.7519799470901489
	0.7519793510437012
	0.7519656419754028
	0.7519532442092896
	0.7519509196281433
	0.7519438862800598
	0.7519409656524658
	0.7519388198852539
	0.7519307732582092
	0.7519181370735168
	0.7519156336784363
	0.7519050240516663
	0.7518978118896484
	0.7518898844718933
	0.7518800497055054
	0.7518728375434875
	0.7518595457077026
	0.7518425583839417
	0.7518278360366821
	0.7518251538276672
	0.75182044506073
	0.7518153190612793
	0.751810610294342
	0.7518036961555481
	0.7518023252487183
	0.7517753839492798
	0.7517626881599426
	0.7517527937889099
	0.7517514824867249
	0.7517473101615906
	0.7517470717430115
	0.7517312169075012
	0.7517262697219849
	0.7517306804656982
	0.7517331838607788
	0.7517273426055908
	0.7517200112342834
	0.7517092227935791
	0.7516980171203613
	0.7516866326332092
	0.7516849040985107
	0.7516708374023438
	0.7516598105430603
	0.7516559362411499
	0.7516465187072754
	0.7516387104988098
	0.7516268491744995
	0.7516247630119324
	0.7516232132911682
	0.7516086101531982
	0.7516026496887207
	0.7515966892242432
	0.7515902519226074
	0.7515776753425598
	0.7515627145767212
	0.7515525221824646
	0.7515379190444946
	0.7515313029289246
	0.7515246868133545
	0.7515125274658203
	0.7515127062797546
	0.7514965534210205
	0.7514873147010803
	0.751471996307373
	0.7514545321464539
	0.7514474391937256
	0.7514369487762451
	0.7514286637306213
	0.7514137029647827
	0.7514082193374634
	0.7514112591743469
	0.7514037489891052
	0.7513909339904785
	0.7513895034790039
	0.7513853311538696
	0.7513774633407593
	0.7513731122016907
	0.7513702511787415
	0.7513633966445923
	0.7513587474822998
	0.7513562440872192
	0.7513468265533447
	0.7513483762741089
	0.7513415217399597
	0.7513313889503479
	0.7513174414634705
	0.7513089776039124
	0.7513138651847839
	0.7513116002082825
	0.7512996792793274
	0.7512900233268738
	0.7512811422348022
	0.7512789964675903
	0.7512682676315308
	0.7512707710266113
	0.7512701749801636
	0.7512615323066711
	0.7512586116790771
	0.7512495517730713
	0.7512533068656921
	0.7512406706809998
	0.7512311935424805
	0.7512250542640686
	0.7512125968933105
	0.7512084245681763
	0.7512050271034241
	0.7511938810348511
	0.7511930465698242
	0.7511842250823975
	0.751166820526123
	0.7511605620384216
	0.7511679530143738
	0.7511476874351501
	0.751143217086792
	0.7511355876922607
	0.751121461391449
	0.7511129379272461
	0.7511151432991028
	0.7511063814163208
	0.7511005401611328
	0.7511007785797119
	0.7510921359062195
	0.7510859966278076
	0.7510733604431152
	0.751065731048584
	0.7510584592819214
	0.7510538101196289
	0.7510367631912231
	0.7510300278663635
	0.7510153651237488
	0.751003623008728
	0.7509887218475342
	0.7509825229644775
	0.7509801387786865
	0.7509713768959045
	0.7509703636169434
	0.7509610652923584
	0.7509616017341614
	0.7509644627571106
	0.7509576678276062
	0.7509517073631287
	0.7509484887123108
	0.7509434223175049
	0.7509363293647766
	0.7509227991104126
	0.7509118318557739
	0.7509085536003113
	0.7509008049964905
	0.7508937120437622
	0.7508792877197266
	0.7508775591850281
	0.7508669495582581
	0.7508507370948792
	0.7508365511894226
	0.750830352306366
	0.7508301138877869
	0.7508251070976257
	0.7508178353309631
]