[
	1.1741455793380737
	1.173824667930603
	1.173524022102356
	1.1731950044631958
	1.1728702783584595
	1.172566294670105
	1.1722688674926758
	1.171970009803772
	1.1716492176055908
	1.171349287033081
	1.1710622310638428
	1.170771598815918
	1.1704645156860352
	1.1701748371124268
	1.16989266872406
	1.1696223020553589
	1.169287919998169
	1.1690013408660889
	1.168701410293579
	1.168402075767517
	1.1680971384048462
	1.167797565460205
	1.167483925819397
	1.1671833992004395
	1.1668965816497803
	1.1666209697723389
	1.1663397550582886
	1.166062593460083
	1.1657823324203491
	1.1654857397079468
	1.1652047634124756
	1.1649067401885986
	1.164623737335205
	1.1643438339233398
	1.164053201675415
	1.1637686491012573
	1.1634984016418457
	1.1631989479064941
	1.1629136800765991
	1.1626191139221191
	1.1623073816299438
	1.1620230674743652
	1.1617488861083984
	1.1614553928375244
	1.1611731052398682
	1.1608960628509521
	1.1605992317199707
	1.1603082418441772
	1.1600311994552612
	1.1597455739974976
	1.1594574451446533
	1.1591707468032837
	1.1589090824127197
	1.1586270332336426
	1.1583383083343506
	1.1580544710159302
	1.1577731370925903
	1.1574921607971191
	1.1572118997573853
	1.1569228172302246
	1.1566548347473145
	1.1563955545425415
	1.1561427116394043
	1.1558579206466675
	1.1555678844451904
	1.1553013324737549
	1.1550320386886597
	1.1547528505325317
	1.1544898748397827
	1.154213786125183
	1.1539599895477295
	1.1536951065063477
	1.1534349918365479
	1.153160810470581
	1.1528973579406738
	1.1526261568069458
	1.152350902557373
	1.1520839929580688
	1.151820182800293
	1.151544213294983
	1.1512914896011353
	1.1510323286056519
	1.1507807970046997
	1.150517225265503
	1.150241494178772
	1.1499943733215332
	1.149730920791626
	1.1494770050048828
	1.149236798286438
	1.148972511291504
	1.148704171180725
	1.148460865020752
	1.148211121559143
	1.1479605436325073
	1.1477104425430298
	1.1474595069885254
	1.1472141742706299
	1.146965742111206
	1.146708369255066
	1.146456003189087
	1.1462041139602661
	1.1459531784057617
	1.1456907987594604
	1.145438551902771
	1.1451942920684814
	1.1449419260025024
	1.1446805000305176
	1.1444545984268188
	1.14420485496521
	1.1439534425735474
	1.143714189529419
	1.1434853076934814
	1.14324152469635
	1.1430026292800903
	1.1427663564682007
	1.1425211429595947
	1.1422886848449707
	1.1420531272888184
	1.1418266296386719
	1.141593098640442
	1.1413586139678955
	1.1411362886428833
	1.140899658203125
	1.1406670808792114
	1.1404403448104858
	1.140199899673462
	1.1399790048599243
	1.1397273540496826
	1.1395010948181152
	1.1392724514007568
	1.1390358209609985
	1.1388063430786133
	1.1385856866836548
	1.1383534669876099
	1.1381264925003052
	1.1378974914550781
	1.1376718282699585
	1.1374576091766357
	1.1372294425964355
	1.1370046138763428
	1.1367723941802979
	1.1365630626678467
	1.1363376379013062
	1.1361069679260254
	1.1358832120895386
	1.1356638669967651
	1.1354585886001587
	1.135237693786621
	1.135021686553955
	1.1348093748092651
	1.13460111618042
	1.1343622207641602
	1.1341391801834106
	1.1339203119277954
	1.1337133646011353
	1.1334984302520752
	1.1332926750183105
	1.1331002712249756
	1.1328952312469482
	1.1326980590820312
	1.1325008869171143
	1.1322981119155884
	1.1320804357528687
	1.131874918937683
	1.1316665410995483
	1.131474256515503
	1.1312594413757324
	1.131050944328308
	1.1308512687683105
	1.1306464672088623
	1.1304432153701782
	1.1302380561828613
	1.130035638809204
	1.1298357248306274
	1.1296477317810059
	1.1294586658477783
	1.1292647123336792
	1.129067301750183
	1.128865122795105
	1.1286793947219849
	1.128493070602417
	1.1282896995544434
	1.1281038522720337
	1.1279029846191406
	1.1277118921279907
	1.127516269683838
	1.1273189783096313
	1.127126693725586
	1.1269373893737793
	1.126737117767334
	1.1265599727630615
	1.1263737678527832
	1.1261768341064453
	1.125973105430603
	1.1257914304733276
	1.1255950927734375
	1.125407099723816
	1.1252137422561646
	1.1250267028808594
	1.124838948249817
	1.1246417760849
	1.1244542598724365
	1.1242668628692627
	1.1240990161895752
	1.1239101886749268
	1.1237056255340576
	1.1235177516937256
	1.1233266592025757
	1.1231393814086914
	1.122952938079834
	1.1227736473083496
	1.1225926876068115
	1.1224210262298584
	1.1222409009933472
	1.1220722198486328
	1.121907114982605
	1.1217294931411743
	1.121537685394287
	1.121361255645752
	1.1211826801300049
	1.1210169792175293
	1.1208374500274658
	1.1206531524658203
	1.1204733848571777
	1.1202888488769531
	1.1201008558273315
	1.119928002357483
	1.1197508573532104
	1.1195868253707886
	1.1194074153900146
	1.1192231178283691
	1.1190502643585205
	1.1188714504241943
	1.1186989545822144
	1.1185226440429688
	1.118362307548523
	1.1181907653808594
	1.1180109977722168
	1.1178348064422607
	1.1176671981811523
	1.11749267578125
	1.1173206567764282
	1.1171456575393677
	1.1169724464416504
	1.1167985200881958
	1.1166296005249023
	1.1164510250091553
	1.116275429725647
	1.116106629371643
	1.115944504737854
	1.1157851219177246
	1.1156245470046997
	1.1154530048370361
	1.115295648574829
	1.1151355504989624
	1.1149903535842896
	1.1148327589035034
	1.1146680116653442
	1.1145074367523193
	1.1143443584442139
	1.114176869392395
	1.1140108108520508
	1.1138458251953125
	1.1136902570724487
	1.1135287284851074
	1.1133731603622437
	1.1132140159606934
	1.1130579710006714
	1.1129001379013062
	1.1127402782440186
	1.1125733852386475
	1.1124101877212524
	1.112257480621338
	1.112107753753662
	1.1119533777236938
	1.1117881536483765
	1.1116383075714111
	1.1114799976348877
	1.1113295555114746
	1.11117684841156
	1.1110223531723022
	1.1108704805374146
	1.1107194423675537
	1.1105707883834839
	1.1104134321212769
	1.1102495193481445
	1.1100945472717285
	1.10993492603302
	1.1097923517227173
	1.1096428632736206
	1.1094839572906494
	1.1093287467956543
	1.1091786623001099
	1.1090202331542969
	1.1088712215423584
	1.108728289604187
	1.1085792779922485
	1.1084305047988892
	1.1082838773727417
	1.1081300973892212
	1.1079859733581543
	1.107831597328186
	1.107690691947937
	1.1075421571731567
	1.1073895692825317
	1.1072452068328857
	1.1070938110351562
	1.1069520711898804
	1.1068081855773926
	1.106658935546875
	1.1065129041671753
	1.106368899345398
	1.106225848197937
	1.1060744524002075
	1.1059315204620361
	1.10578191280365
	1.1056407690048218
	1.1054871082305908
	1.105343222618103
	1.1051946878433228
	1.1050524711608887
	1.104915738105774
	1.1047719717025757
	1.1046355962753296
	1.1044877767562866
	1.104354739189148
	1.1042170524597168
	1.1040875911712646
	1.1039551496505737
	1.1038129329681396
	1.1036714315414429
	1.1035343408584595
	1.103407621383667
	1.1032735109329224
	1.1031285524368286
	1.102986216545105
	1.1028413772583008
	1.102702021598816
	1.1025700569152832
	1.1024223566055298
	1.1022930145263672
	1.102155327796936
	1.1020135879516602
	1.1018763780593872
	1.1017379760742188
	1.1015928983688354
	1.1014546155929565
	1.1013233661651611
	1.1011821031570435
	1.101057529449463
	1.1009224653244019
	1.1007822751998901
	1.10063898563385
	1.1005024909973145
	1.1003670692443848
	1.1002388000488281
	1.1000945568084717
	1.0999608039855957
	1.0998293161392212
	1.0996865034103394
	1.099555492401123
	1.099429965019226
	1.0993081331253052
	1.0991711616516113
	1.0990241765975952
	1.0988874435424805
	1.0987539291381836
	1.0986279249191284
	1.0984938144683838
	1.098369836807251
	1.09824538230896
	1.098114013671875
	1.0979806184768677
	1.0978564023971558
	1.0977256298065186
	1.0975923538208008
	1.097463846206665
	1.097344160079956
	1.0972224473953247
	1.0970929861068726
	1.0969659090042114
	1.096836805343628
	1.0967068672180176
	1.0965787172317505
	1.0964610576629639
	1.0963319540023804
	1.096208095550537
	1.0960872173309326
	1.0959867238998413
	1.0958689451217651
	1.0957417488098145
	1.0956158638000488
	1.0954911708831787
	1.0953667163848877
	1.0952409505844116
	1.0951194763183594
	1.0950005054473877
	1.0948792695999146
	1.094760537147522
	1.0946447849273682
	1.0945135354995728
	1.0943979024887085
	1.0942635536193848
	1.0941381454467773
	1.09401535987854
	1.0938975811004639
	1.0937813520431519
	1.0936492681503296
	1.0935238599777222
	1.0933948755264282
	1.093270182609558
	1.093145489692688
	1.093023657798767
	1.0929005146026611
	1.092779278755188
	1.0926672220230103
	1.0925482511520386
	1.0924304723739624
	1.0923113822937012
	1.0921787023544312
	1.0920610427856445
	1.0919381380081177
	1.091818928718567
	1.091696858406067
	1.0915764570236206
	1.0914533138275146
	1.0913331508636475
	1.0912165641784668
	1.0910894870758057
	1.0909725427627563
	1.0908560752868652
	1.0907357931137085
	1.0906174182891846
	1.0905019044876099
	1.0903836488723755
	1.0902693271636963
	1.090157151222229
	1.090043306350708
	1.089917778968811
	1.0898051261901855
	1.08969247341156
	1.0895798206329346
	1.089457631111145
	1.0893551111221313
	1.089228868484497
	1.0891050100326538
	1.0889875888824463
	1.0888779163360596
	1.0887646675109863
	1.088651418685913
	1.0885406732559204
	1.0884188413619995
	1.0883054733276367
	1.088199496269226
	1.0880886316299438
	1.0879744291305542
	1.0878630876541138
	1.0877572298049927
	1.0876495838165283
	1.087529182434082
	1.0874186754226685
	1.087300181388855
	1.0871940851211548
	1.0870755910873413
	1.0869754552841187
	1.0868598222732544
	1.0867441892623901
	1.0866371393203735
	1.0865232944488525
	1.0864155292510986
	1.0863062143325806
	1.0861996412277222
	1.0860896110534668
	1.0859794616699219
	1.0858746767044067
	1.0857704877853394
	1.085659146308899
	1.0855501890182495
	1.0854383707046509
	1.0853315591812134
	1.0852174758911133
	1.085107684135437
	1.0849984884262085
	1.0848904848098755
	1.0847820043563843
	1.0846716165542603
	1.0845752954483032
	1.0844547748565674
	1.0843472480773926
	1.084234595298767
	1.084133505821228
	1.0840202569961548
	1.083909034729004
	1.0837974548339844
	1.0836873054504395
	1.0835766792297363
	1.0834670066833496
	1.0833607912063599
	1.083256483078003
	1.0831481218338013
	1.0830395221710205
	1.0829298496246338
	1.082824468612671
	1.0827232599258423
	1.0826199054718018
	1.082517385482788
	1.0824108123779297
	1.0823097229003906
	1.082196593284607
	1.0820945501327515
	1.0819976329803467
	1.081891655921936
	1.0817791223526
	1.081678032875061
	1.0815834999084473
	1.081478476524353
	1.0813733339309692
	1.0812667608261108
	1.0811513662338257
	1.0810521841049194
	1.0809528827667236
	1.0808496475219727
	1.08074951171875
	1.0806437730789185
	1.0805362462997437
	1.080430269241333
	1.080331802368164
	1.0802254676818848
	1.0801297426223755
	1.080028772354126
	1.0799291133880615
	1.0798261165618896
	1.079728603363037
	1.079627513885498
	1.0795265436172485
	1.079423427581787
	1.079330325126648
	1.0792306661605835
	1.07913339138031
	1.0790252685546875
	1.0789185762405396
	1.0788205862045288
	1.078722357749939
	1.0786230564117432
	1.0785198211669922
	1.0784233808517456
	1.0783218145370483
	1.0782235860824585
	1.0781221389770508
	1.0780291557312012
	1.077919602394104
	1.0778223276138306
	1.077719807624817
	1.0776175260543823
	1.0775095224380493
	1.0774224996566772
	1.0773216485977173
	1.0772171020507812
	1.0771217346191406
	1.0770255327224731
	1.0769296884536743
	1.076829433441162
	1.0767306089401245
	1.0766326189041138
	1.0765316486358643
	1.076445460319519
	1.0763523578643799
	1.0762673616409302
	1.0761789083480835
	1.076088786125183
	1.0759979486465454
	1.0758998394012451
	1.0758016109466553
	1.0756969451904297
	1.0755982398986816
	1.0755088329315186
	1.0754132270812988
	1.0753175020217896
	1.075234293937683
	1.0751330852508545
	1.0750468969345093
	1.0749523639678955
	1.0748543739318848
	1.0747591257095337
	1.0746641159057617
	1.0745699405670166
	1.0744799375534058
	1.074381709098816
	1.074292540550232
	1.0742032527923584
	1.074112892150879
	1.0740258693695068
	1.0739353895187378
	1.0738435983657837
	1.0737502574920654
	1.0736560821533203
	1.0735641717910767
	1.073469877243042
	1.0733696222305298
	1.0732780694961548
	1.0731825828552246
	1.0730860233306885
	1.0729995965957642
	1.0729126930236816
	1.0728161334991455
	1.0727262496948242
	1.0726399421691895
	1.0725512504577637
	1.0724583864212036
	1.0723719596862793
	1.0722801685333252
	1.0721913576126099
	1.0721017122268677
	1.0720125436782837
	1.0719280242919922
	1.0718392133712769
	1.0717413425445557
	1.0716625452041626
	1.071575403213501
	1.0714921951293945
	1.0713902711868286
	1.0712954998016357
	1.0712156295776367
	1.0711396932601929
	1.0710471868515015
	1.0709600448608398
	1.0708688497543335
	1.0707811117172241
	1.0706881284713745
	1.070597767829895
	1.0705066919326782
	1.0704188346862793
	1.0703341960906982
	1.0702487230300903
	1.0701552629470825
	1.070063829421997
	1.0699667930603027
	1.069883108139038
	1.0697842836380005
	1.069695234298706
	1.069610357284546
	1.0695210695266724
	1.0694383382797241
	1.0693531036376953
	1.0692700147628784
	1.0691889524459839
	1.0691089630126953
	1.0690256357192993
	1.068937063217163
	1.068849802017212
	1.0687729120254517
	1.0686899423599243
	1.068605899810791
	1.0685241222381592
	1.0684417486190796
	1.068360447883606
	1.0682810544967651
	1.068200707435608
	1.0681121349334717
	1.0680259466171265
	1.0679420232772827
	1.0678538084030151
	1.067773699760437
	1.0676898956298828
	1.0676003694534302
	1.0675088167190552
	1.067427396774292
	1.0673487186431885
	1.0672694444656372
	1.0671910047531128
	1.0671072006225586
	1.0670276880264282
	1.0669409036636353
	1.0668630599975586
	1.0667824745178223
	1.0667006969451904
	1.066612958908081
	1.066524624824524
	1.0664324760437012
	1.0663503408432007
	1.066265344619751
	1.0661852359771729
	1.066104531288147
	1.0660204887390137
	1.065941333770752
	1.065865159034729
	1.0657871961593628
	1.0657048225402832
	1.065621256828308
	1.0655491352081299
	1.0654704570770264
	1.0653914213180542
	1.065307378768921
	1.0652352571487427
	1.0651628971099854
	1.0650842189788818
	1.0650062561035156
	1.0649237632751465
	1.0648471117019653
	1.064780831336975
	1.0646960735321045
	1.0646162033081055
	1.064532995223999
	1.0644515752792358
	1.0643707513809204
	1.0642951726913452
	1.0642145872116089
	1.0641272068023682
	1.064044713973999
	1.0639656782150269
	1.06388521194458
	1.0638107061386108
	1.0637356042861938
	1.0636587142944336
	1.063583254814148
	1.0635058879852295
	1.0634232759475708
	1.0633517503738403
	1.0632776021957397
	1.0631996393203735
	1.0631263256072998
	1.063055396080017
	1.0629801750183105
	1.0629053115844727
	1.0628352165222168
	1.0627576112747192
	1.062684178352356
	1.062606930732727
	1.0625231266021729
	1.0624525547027588
	1.0623725652694702
	1.0622963905334473
	1.0622252225875854
	1.0621525049209595
	1.0620770454406738
	1.0620079040527344
	1.0619423389434814
	1.0618728399276733
	1.061801791191101
	1.0617235898971558
	1.061650276184082
	1.0615732669830322
	1.0615001916885376
	1.0614235401153564
	1.0613516569137573
	1.061281442642212
	1.0612088441848755
	1.0611332654953003
	1.0610642433166504
	1.0609874725341797
	1.0609160661697388
	1.0608468055725098
	1.0607701539993286
	1.0606931447982788
	1.060619831085205
	1.0605524778366089
	1.060473918914795
	1.0604013204574585
	1.0603351593017578
	1.0602673292160034
	1.060192584991455
	1.0601130723953247
	1.0600446462631226
	1.0599721670150757
	1.0598863363265991
	1.0598167181015015
	1.059746265411377
	1.0596708059310913
	1.05959951877594
	1.059522271156311
	1.0594508647918701
	1.059371829032898
	1.0592986345291138
	1.0592316389083862
	1.0591667890548706
	1.0591011047363281
	1.059025526046753
	1.0589598417282104
	1.0588918924331665
	1.058821678161621
	1.0587540864944458
	1.0586888790130615
	1.0586118698120117
	1.0585521459579468
	1.058483362197876
	1.058426856994629
	1.0583614110946655
	1.0582925081253052
	1.0582234859466553
	1.0581613779067993
	1.0580954551696777
	1.0580371618270874
	1.0579664707183838
	1.0578950643539429
	1.0578268766403198
	1.0577640533447266
	1.05769944190979
	1.0576246976852417
	1.057563066482544
	1.0574922561645508
	1.0574291944503784
	1.0573629140853882
	1.0572984218597412
	1.0572314262390137
	1.0571588277816772
	1.0570870637893677
	1.0570298433303833
	1.0569626092910767
	1.0568972826004028
	1.0568259954452515
	1.056758165359497
	1.0566928386688232
	1.056620478630066
	1.0565509796142578
	1.0564802885055542
	1.056423306465149
	1.0563597679138184
	1.0562957525253296
	1.0562264919281006
	1.056164264678955
	1.0561070442199707
	1.0560476779937744
	1.0559834241867065
	1.0559146404266357
	1.0558505058288574
	1.0557782649993896
	1.0557175874710083
	1.0556552410125732
	1.0555933713912964
	1.0555295944213867
	1.0554587841033936
	1.0553947687149048
	1.0553373098373413
	1.0552728176116943
	1.0552067756652832
	1.0551414489746094
	1.055079460144043
	1.0550174713134766
	1.0549588203430176
	1.0548874139785767
	1.0548161268234253
	1.0547500848770142
	1.0546820163726807
	1.054624319076538
	1.0545612573623657
	1.0544928312301636
	1.0544286966323853
	1.0543622970581055
	1.0542951822280884
	1.0542356967926025
	1.0541774034500122
	1.0541095733642578
	1.0540434122085571
	1.053980827331543
	1.0539255142211914
	1.0538606643676758
	1.053800344467163
	1.0537400245666504
	1.0536730289459229
	1.0536075830459595
	1.0535465478897095
	1.0534837245941162
	1.0534255504608154
	1.0533634424209595
	1.0533052682876587
	1.0532394647598267
	1.0531795024871826
	1.0531115531921387
	1.0530517101287842
	1.0529859066009521
	1.0529190301895142
	1.0528572797775269
	1.0527970790863037
	1.0527361631393433
	1.0526701211929321
	1.0526024103164673
	1.0525404214859009
	1.0524792671203613
	1.0524203777313232
	1.0523595809936523
	1.052298903465271
	1.0522493124008179
	1.0521866083145142
	1.0521304607391357
	1.0520672798156738
	1.052009105682373
	1.051954984664917
	1.0518990755081177
	1.0518263578414917
	1.0517679452896118
	1.0517008304595947
	1.0516422986984253
	1.0515856742858887
	1.051526665687561
	1.051457405090332
	1.0513978004455566
	1.0513321161270142
	1.051276445388794
	1.0512174367904663
	1.0511659383773804
	1.0511081218719482
	1.0510574579238892
	1.0510008335113525
	1.0509388446807861
	1.050879955291748
	1.0508173704147339
	1.0507582426071167
	1.0506953001022339
	1.0506330728530884
	1.0505762100219727
	1.0505180358886719
	1.05046546459198
	1.0504013299942017
	1.050341248512268
	1.050279974937439
	1.0502246618270874
	1.0501708984375
	1.0501068830490112
	1.0500465631484985
	1.0499814748764038
	1.0499224662780762
	1.049864649772644
	1.049795389175415
	1.0497328042984009
	1.0496811866760254
	1.0496280193328857
	1.0495706796646118
	1.049513339996338
	1.0494575500488281
	1.049399495124817
	1.049351692199707
	1.0492944717407227
	1.049239158630371
	1.0491811037063599
	1.0491305589675903
	1.0490717887878418
	1.0490190982818604
	1.0489617586135864
	1.0489095449447632
	1.0488567352294922
	1.048808217048645
	1.048743486404419
	1.04869544506073
	1.0486327409744263
	1.0485659837722778
	1.0485061407089233
	1.0484509468078613
	1.0483959913253784
	1.048351526260376
	1.0482962131500244
	1.048235297203064
	1.0481871366500854
	1.0481325387954712
	1.0480762720108032
	1.048018455505371
	1.0479687452316284
	1.0479040145874023
	1.0478544235229492
	1.0478013753890991
	1.0477476119995117
	1.0476895570755005
	1.047628402709961
	1.0475770235061646
	1.0475153923034668
	1.047457218170166
	1.0474088191986084
	1.0473558902740479
	1.0472967624664307
	1.047242283821106
	1.047183871269226
	1.0471292734146118
	1.0470750331878662
	1.0470250844955444
	1.0469614267349243
	1.0469067096710205
	1.0468530654907227
	1.0467994213104248
	1.0467382669448853
	1.0466777086257935
	1.0466225147247314
	1.0465716123580933
	1.0465070009231567
	1.0464586019515991
	1.0463995933532715
	1.046343445777893
	1.046294927597046
	1.0462455749511719
	1.0461889505386353
	1.0461398363113403
	1.046085000038147
	1.0460352897644043
	1.0459860563278198
	1.04593825340271
	1.045891284942627
	1.0458399057388306
	1.0457903146743774
	1.0457302331924438
	1.0456775426864624
	1.045616626739502
	1.0455634593963623
	1.0455141067504883
	1.0454533100128174
	1.0453983545303345
	1.045344352722168
	1.0452872514724731
	1.0452375411987305
	1.0451843738555908
	1.0451312065124512
	1.0450735092163086
	1.045019507408142
	1.044961929321289
	1.0449117422103882
	1.0448552370071411
	1.044797658920288
	1.0447444915771484
	1.0447020530700684
	1.0446549654006958
	1.0446043014526367
	1.0445488691329956
	1.044496774673462
	1.044443130493164
	1.0443875789642334
	1.0443352460861206
	1.0442794561386108
	1.0442308187484741
	1.0441781282424927
	1.0441265106201172
	1.0440800189971924
	1.0440311431884766
	1.0439813137054443
	1.0439252853393555
	1.0438774824142456
	1.0438239574432373
	1.043765902519226
	1.0437157154083252
	1.0436651706695557
	1.043616533279419
	1.0435645580291748
	1.043511152267456
	1.0434585809707642
	1.0434116125106812
	1.04335355758667
	1.0433056354522705
	1.0432512760162354
	1.0432099103927612
	1.0431681871414185
	1.0431115627288818
	1.0430670976638794
	1.0430201292037964
	1.042975902557373
	1.0429253578186035
	1.0428746938705444
	1.0428252220153809
	1.0427709817886353
	1.0427213907241821
	1.0426656007766724
	1.0426177978515625
	1.0425676107406616
	1.0425221920013428
	1.0424740314483643
	1.0424243211746216
	1.0423756837844849
	1.0423197746276855
	1.0422714948654175
	1.0422232151031494
	1.042169213294983
	1.0421230792999268
	1.0420866012573242
	1.0420386791229248
	1.0419962406158447
	1.0419551134109497
	1.0419117212295532
	1.0418663024902344
	1.04181706905365
	1.0417755842208862
	1.0417283773422241
	1.0416886806488037
	1.0416433811187744
	1.0416024923324585
	1.041557788848877
	1.0415012836456299
	1.0414520502090454
	1.041399598121643
	1.0413509607315063
	1.0412942171096802
	1.041243314743042
	1.0411982536315918
	1.0411474704742432
	1.0411041975021362
	1.0410587787628174
	1.0410140752792358
	1.0409685373306274
	1.0409225225448608
	1.0408776998519897
	1.0408353805541992
	1.0407930612564087
	1.0407463312149048
	1.0406954288482666
	1.0406451225280762
	1.0405969619750977
	1.0405464172363281
	1.040483832359314
	1.040427327156067
	1.0403871536254883
	1.0403474569320679
	1.040304183959961
	1.0402624607086182
	1.0402179956436157
	1.040174126625061
	1.0401339530944824
	1.0400806665420532
	1.0400253534317017
	1.0399820804595947
	1.0399363040924072
	1.0398906469345093
	1.0398411750793457
	1.0397896766662598
	1.039743185043335
	1.0396944284439087
	1.03964364528656
	1.0396009683609009
	1.0395539999008179
	1.0395123958587646
	1.039467692375183
	1.0394212007522583
	1.0393774509429932
	1.03933846950531
	1.039293885231018
	1.0392568111419678
	1.0392087697982788
	1.0391697883605957
	1.0391268730163574
	1.039078712463379
	1.0390387773513794
	1.0389949083328247
	1.0389516353607178
	1.038903832435608
	1.0388545989990234
	1.0388071537017822
	1.0387556552886963
	1.0387157201766968
	1.0386643409729004
	1.0386220216751099
	1.0385875701904297
	1.0385406017303467
	1.03850257396698
	1.038453459739685
	1.038406252861023
	1.0383633375167847
	1.0383187532424927
	1.0382726192474365
	1.0382338762283325
	1.038196086883545
	1.0381578207015991
	1.0381114482879639
	1.0380734205245972
	1.0380254983901978
	1.0379763841629028
	1.0379327535629272
	1.037886619567871
	1.0378429889678955
	1.0377953052520752
	1.03774893283844
	1.0377017259597778
	1.0376579761505127
	1.037615418434143
	1.0375691652297974
	1.0375272035598755
	1.0374904870986938
	1.0374475717544556
	1.0374038219451904
	1.0373592376708984
	1.0373207330703735
	1.0372754335403442
	1.0372346639633179
	1.037194013595581
	1.0371437072753906
	1.0370975732803345
	1.0370521545410156
	1.037010669708252
	1.036961317062378
	1.0369174480438232
	1.0368703603744507
	1.0368266105651855
	1.0367908477783203
	1.0367498397827148
	1.0367132425308228
	1.036668300628662
	1.0366266965866089
	1.0365792512893677
	1.0365341901779175
	1.0364887714385986
	1.0364468097686768
	1.0364059209823608
	1.0363526344299316
	1.036313533782959
	1.0362800359725952
	1.0362383127212524
	1.036190390586853
	1.0361485481262207
	1.036115050315857
	1.0360751152038574
	1.0360347032546997
	1.0359933376312256
	1.03594970703125
	1.0359060764312744
	1.0358631610870361
	1.0358245372772217
	1.0357791185379028
	1.0357370376586914
	1.0356934070587158
	1.0356545448303223
	1.0356112718582153
	1.035567283630371
	1.035526990890503
	1.0354816913604736
	1.0354461669921875
	1.0353951454162598
	1.0353506803512573
	1.0353044271469116
	1.0352544784545898
	1.035212755203247
	1.0351773500442505
	1.0351413488388062
	1.0351052284240723
	1.0350680351257324
	1.0350326299667358
	1.0349977016448975
	1.0349628925323486
	1.0349220037460327
	1.034888505935669
	1.0348470211029053
	1.0348033905029297
	1.0347702503204346
	1.0347309112548828
	1.0346882343292236
	1.034645438194275
	1.0346064567565918
	1.0345600843429565
	1.0345189571380615
	1.0344889163970947
	1.0344408750534058
	1.034400463104248
	1.034360408782959
	1.034321904182434
	1.0342766046524048
	1.0342293977737427
	1.0341876745224
	1.0341500043869019
	1.0341113805770874
	1.0340772867202759
	1.034044861793518
	1.034008264541626
	1.0339679718017578
	1.0339140892028809
	1.033876895904541
	1.0338339805603027
	1.0337990522384644
	1.0337566137313843
	1.0337187051773071
	1.0336765050888062
	1.0336384773254395
	1.03360116481781
	1.0335606336593628
	1.0335270166397095
	1.0334982872009277
	1.0334619283676147
	1.033417820930481
	1.03337824344635
	1.033339262008667
	1.0332999229431152
	1.0332633256912231
	1.0332262516021729
	1.0331891775131226
	1.033160924911499
	1.0331193208694458
	1.0330803394317627
	1.0330381393432617
	1.033004879951477
	1.0329638719558716
	1.0329235792160034
	1.0328807830810547
	1.0328395366668701
	1.0328022241592407
	1.0327675342559814
	1.032727837562561
	1.0326968431472778
	1.032659888267517
	1.0326237678527832
	1.0325974225997925
	1.0325605869293213
	1.0325226783752441
	1.032489538192749
	1.03246009349823
	1.0324183702468872
	1.032379150390625
	1.0323450565338135
	1.0323154926300049
	1.0322798490524292
	1.0322483777999878
	1.0322145223617554
	1.0321788787841797
	1.0321402549743652
	1.032102108001709
	1.0320680141448975
	1.032028079032898
	1.0319929122924805
	1.0319616794586182
	1.0319240093231201
	1.031891942024231
	1.031847596168518
	1.0318140983581543
	1.0317798852920532
	1.0317384004592896
	1.0317001342773438
	1.031662940979004
	1.0316269397735596
	1.0315881967544556
	1.0315512418746948
	1.0315072536468506
	1.0314680337905884
	1.0314277410507202
	1.0313844680786133
	1.0313429832458496
	1.0313076972961426
	1.0312711000442505
	1.0312318801879883
	1.0312042236328125
	1.0311692953109741
	1.0311380624771118
	1.0311042070388794
	1.0310778617858887
	1.0310401916503906
	1.031002402305603
	1.0309644937515259
	1.0309216976165771
	1.0308808088302612
	1.0308513641357422
	1.030813217163086
	1.0307773351669312
	1.0307457447052002
	1.0307122468948364
	1.030672311782837
	1.030642032623291
	1.0306113958358765
	1.0305771827697754
	1.0305455923080444
	1.0305098295211792
	1.0304759740829468
	1.030457854270935
	1.030422568321228
	1.030387043952942
	1.030353307723999
	1.0303187370300293
	1.0302822589874268
	1.0302560329437256
	1.0302238464355469
	1.0301833152770996
	1.0301494598388672
	1.0301178693771362
	1.0300896167755127
	1.0300569534301758
	1.030016303062439
	1.0299783945083618
	1.0299397706985474
	1.0299017429351807
	1.0298750400543213
	1.0298378467559814
	1.0298024415969849
	1.029770851135254
	1.0297385454177856
	1.029708743095398
	1.0296739339828491
	1.0296456813812256
	1.0296154022216797
	1.0295742750167847
	1.0295377969741821
	1.0295031070709229
	1.0294798612594604
	1.0294421911239624
	1.0294067859649658
	1.0293750762939453
	1.0293489694595337
	1.0293171405792236
	1.0292861461639404
	1.0292553901672363
	1.0292210578918457
	1.0291855335235596
	1.0291616916656494
	1.0291346311569214
	1.0290957689285278
	1.0290687084197998
	1.0290383100509644
	1.0289994478225708
	1.0289708375930786
	1.0289374589920044
	1.0289119482040405
	1.0288811922073364
	1.0288492441177368
	1.028817892074585
	1.0287922620773315
	1.0287657976150513
	1.0287370681762695
	1.028700590133667
	1.028672456741333
	1.028646469116211
	1.0286157131195068
	1.0285885334014893
	1.0285520553588867
	1.0285205841064453
	1.0284944772720337
	1.0284628868103027
	1.028437852859497
	1.0284124612808228
	1.0283806324005127
	1.0283482074737549
	1.0283232927322388
	1.0282903909683228
	1.0282623767852783
	1.028241515159607
	1.028212308883667
	1.0281846523284912
	1.0281529426574707
	1.0281226634979248
	1.0280953645706177
	1.0280675888061523
	1.0280417203903198
	1.0280125141143799
	1.027988314628601
	1.027954339981079
	1.0279239416122437
	1.0278968811035156
	1.0278712511062622
	1.0278456211090088
	1.0278161764144897
	1.0277844667434692
	1.027748465538025
	1.0277236700057983
	1.0276925563812256
	1.0276579856872559
	1.0276281833648682
	1.027599811553955
	1.027570366859436
	1.027529239654541
	1.0274975299835205
	1.0274653434753418
	1.027437686920166
	1.0274111032485962
	1.027387022972107
	1.0273646116256714
	1.0273338556289673
	1.0273090600967407
	1.027269721031189
	1.0272376537322998
	1.0272079706192017
	1.0271888971328735
	1.0271658897399902
	1.027139663696289
	1.0271068811416626
	1.0270813703536987
	1.0270576477050781
	1.0270270109176636
	1.0269980430603027
	1.0269689559936523
	1.0269416570663452
	1.0269100666046143
	1.0268765687942505
	1.0268539190292358
	1.0268243551254272
	1.0267935991287231
	1.0267637968063354
	1.0267363786697388
	1.0267126560211182
	1.0266811847686768
	1.0266602039337158
	1.0266356468200684
	1.0266050100326538
	1.0265787839889526
	1.0265493392944336
	1.026520013809204
	1.026487946510315
	1.0264545679092407
	1.0264203548431396
	1.02638840675354
	1.0263625383377075
	1.0263382196426392
	1.0263105630874634
	1.0262891054153442
	1.0262566804885864
	1.0262222290039062
	1.0261929035186768
	1.0261610746383667
	1.0261338949203491
	1.026105284690857
	1.0260732173919678
	1.026041865348816
	1.0260159969329834
	1.0259931087493896
	1.025969386100769
	1.025937795639038
	1.0259099006652832
	1.0258890390396118
	1.0258574485778809
	1.0258327722549438
	1.0258076190948486
	1.025780200958252
	1.025757074356079
	1.0257353782653809
	1.0257105827331543
	1.0256918668746948
	1.025665521621704
	1.0256353616714478
	1.0256019830703735
	1.0255759954452515
	1.0255569219589233
	1.0255353450775146
	1.025505542755127
	1.0254803895950317
	1.0254524946212769
	1.0254286527633667
	1.0254005193710327
	1.025384545326233
	1.0253609418869019
	1.0253331661224365
	1.0253138542175293
	1.025282382965088
	1.0252629518508911
	1.0252374410629272
	1.0252107381820679
	1.0251871347427368
	1.0251593589782715
	1.0251357555389404
	1.0251147747039795
	1.0250859260559082
	1.0250662565231323
	1.0250376462936401
	1.0250014066696167
	1.02497398853302
	1.0249563455581665
	1.0249223709106445
	1.0248994827270508
	1.0248730182647705
	1.0248416662216187
	1.0248223543167114
	1.0248032808303833
	1.0247727632522583
	1.0247435569763184
	1.0247218608856201
	1.02469801902771
	1.0246772766113281
	1.0246514081954956
	1.0246258974075317
	1.0245977640151978
	1.02457857131958
	1.0245527029037476
	1.0245249271392822
	1.024498701095581
	1.0244694948196411
	1.0244433879852295
	1.0244193077087402
	1.0243979692459106
	1.0243706703186035
	1.0243480205535889
	1.0243221521377563
	1.0243033170700073
	1.0242855548858643
	1.0242583751678467
	1.0242348909378052
	1.0242077112197876
	1.0241856575012207
	1.0241681337356567
	1.024139404296875
	1.0241153240203857
	1.024094581604004
	1.0240694284439087
	1.024048089981079
	1.0240243673324585
	1.0240042209625244
	1.0239754915237427
	1.0239500999450684
	1.0239179134368896
	1.0238990783691406
	1.0238840579986572
	1.0238609313964844
	1.0238412618637085
]