[
	1.208332193298541
	1.2083321932985411
	1.208332193298658
	1.208332193305503
	1.2083321922349999
	1.208332214390735
	1.2083347977038243
	1.2083731776945372
	1.2084532469727685
	1.2085058555388228
	1.208607943263067
	1.2086543366909608
	1.2087266965369043
	1.2087882939555346
	1.2088743967995
	1.20894270956649
	1.209013876806362
	1.2090637618067923
	1.2091024131062886
	1.2091689660491085
	1.209254710712423
	1.2092964464678897
	1.209357992589476
	1.209385073789691
	1.2094300669813443
	1.2094831769294392
	1.2095385535909293
	1.2095758684756366
	1.2096226505303636
	1.2096678461698982
	1.2097099524958
	1.2097560592547305
	1.2098003383525102
	1.2098531834334345
	1.2099067172271387
	1.2099599570523973
	1.210000369102161
	1.2100465332980272
	1.2100939521852314
	1.2101424512249719
	1.2102096386251968
	1.2102719831418443
	1.2103096323755904
	1.210340706397209
	1.2103783190431905
	1.2104264723523641
	1.210464463693717
	1.2105084701203346
	1.2105569754407486
	1.2105912514036836
	1.2106304035574802
	1.2106649045430702
	1.2106930982643385
	1.2107450221740397
	1.2107765462270086
	1.2108141369293324
	1.2108497599795014
	1.2108816237690336
	1.2109167034904513
	1.210947877273953
	1.2109919960332045
	1.211020279772814
	1.2110477555759789
	1.211080682863029
	1.2111065201454743
	1.2111459598849281
	1.2111663963880819
	1.2111972504064192
	1.2112287293413597
	1.2112658321404355
	1.2113018167738658
	1.2113365805668332
	1.2113588789026424
	1.2113910169642514
	1.2114314770809278
	1.2114549933620418
	1.21147898085863
	1.211513393731551
	1.2115399823587507
	1.211567705511353
	1.2115973832345703
	1.2116214454294234
	1.2116451408783768
	1.211673936748825
	1.2116908188694873
	1.2117183041752957
	1.2117520183439134
	1.2117855794442671
	1.2118146243166557
	1.2118383014467022
	1.211862250517458
	1.211889500877876
	1.2119129585706072
	1.2119424468254685
	1.2119664572794477
	1.2119884566948187
	1.2120139201797977
	1.2120422744460404
	1.2120571454156368
	1.2120716281825943
	1.2121036489761412
	1.2121198476337505
	1.2121407155944923
	1.2121669938557325
	1.2121807553337591
	1.2121983007381938
	1.2122172725416185
	1.2122406735671023
	1.212262249554856
	1.2122828746529233
	1.2123050217659237
	1.2123115948796874
	1.2123235935491519
	1.212344819722833
	1.2123663652405188
	1.212380141945274
	1.2123977734348768
	1.2124163054512258
	1.2124371165521024
	1.2124495065654577
	1.212466868710025
	1.2124817476548413
	1.2124946508305763
	1.2125135740171407
	1.2125239995017942
	1.2125386717564557
	1.2125603794845532
	1.2125823234330249
	1.212599257313141
	1.2126136173007938
	1.2126301419070076
	1.2126427479253776
	1.2126626787227646
	1.212674437649912
	1.2126891309987335
	1.2127015724532686
	1.2127125478212926
	1.2127254776973737
	1.2127522614640247
	1.2127575479049164
	1.2127691495575927
	1.2127945869269414
	1.2128089570211038
	1.2128237484775903
	1.212844530971274
	1.212861128872356
	1.2128731532163852
	1.2128783311188778
	1.2128941573168066
	1.2129145323110215
	1.2129293743101979
	1.2129435932254278
	1.2129527691572497
	1.212967023509963
	1.2129748578419206
	1.2129886476453917
	1.2129932083598491
	1.212998343450404
	1.2130085160356368
	1.2130185092718324
	1.2130364420395252
	1.2130405154794779
	1.2130521484106482
	1.2130556979321394
	1.2130576117680447
	1.2130669235477052
	1.2130753284042421
	1.2130963813696651
	1.2131058725895267
	1.2131233798720964
	1.213138902147105
	1.2131490410390322
	1.2131571443204923
	1.2131658621892527
	1.2131851813301358
	1.213193083526961
	1.2131937498722414
	1.2132017792472092
	1.213204438517746
	1.2132096743545084
	1.2132169976732368
	1.213226071760836
	1.2132386805661033
	1.2132454508814057
	1.2132574672765586
	1.213274795883702
	1.213276749491974
	1.2132828465453038
	1.2132859742267224
	1.2133012748991048
	1.2133102982335737
	1.2133242250722729
	1.2133297613616327
	1.2133353796813984
	1.2133380599718024
	1.2133445107338907
	1.2133524906672266
	1.2133578255588042
	1.2133637758284812
	1.213374782313746
	1.2133881972026976
	1.2133888041141743
	1.213396145062276
	1.2134083179758361
	1.2134078629036593
	1.2134140616760043
	1.2134282689647835
	1.2134374916473454
	1.2134504544096645
	1.2134559285813953
	1.2134688924365689
	1.2134779680910892
	1.2134880624941935
	1.2134948080793675
	1.213500073871628
	1.2135079954459669
	1.2135202507996083
	1.2135186507404172
	1.213524256631209
	1.2135326771632002
	1.213534206746864
	1.2135373977117119
	1.2135443929362262
	1.21354724686985
	1.2135533989297926
	1.2135613931454632
	1.2135681467441501
	1.213569570237598
	1.213575887669956
	1.2135844102239732
	1.2135884211518457
	1.2135955759924981
	1.2136064748685986
	1.2136095913304175
	1.2136200537145336
	1.2136241233553011
	1.2136338438852676
	1.2136364829250565
	1.2136415825595301
	1.2136483790393218
	1.2136439087438122
	1.2136369031341852
	1.213642611123655
	1.2136462800596612
	1.213650755500523
	1.2136495942810817
	1.2136475843508014
	1.213653649573498
	1.2136531351577502
	1.213662737017903
	1.2136655283378122
	1.2136718418153907
	1.2136800147921718
	1.2136877649837876
	1.2136915111990187
	1.2136981401952713
	1.213699706407138
	1.2137089562013637
	1.2137131420027008
	1.2137227859440893
	1.2137311445516012
	1.2137342202705095
	1.2137326843863945
	1.21374023196037
	1.2137427111771448
	1.213745412964025
	1.2137475133769893
	1.2137477546782085
	1.213754159191154
	1.2137638836053213
	1.2137622491882973
	1.2137636910570617
	1.213774949389192
	1.2137797763908793
	1.2137794732433806
	1.2137753478157816
	1.2137813917706104
	1.2137857260337002
	1.2137858502909815
	1.2137834578875664
	1.213788782008678
	1.2137903894527755
	1.213787698310976
	1.2137918265600802
	1.2137924523490975
	1.213788438968127
	1.2137983108178714
	1.2138004177459183
	1.213797193121482
	1.213795713670677
	1.2137964576122786
	1.2138019903337776
	1.213805043396358
	1.2138097345603749
	1.213816000125637
	1.2138227699024484
	1.2138289143331997
	1.213828024422138
	1.2138291109378159
	1.2138262990901234
	1.2138300683649337
	1.2138359972811836
	1.2138349530201267
	1.213833486948135
	1.2138287413010924
	1.2138310935169359
	1.2138313697676324
	1.2138371963322838
	1.213848790203527
	1.2138430411602676
	1.2138439560253989
	1.2138500449790264
	1.2138518772597893
	1.2138572634224707
	1.2138507833212435
	1.2138592277327298
	1.2138581291924182
	1.2138540049643896
	1.213856385734008
	1.2138503371396303
	1.2138515793002147
	1.213859176945581
	1.21386497848358
	1.2138737598028673
	1.2138634623204136
	1.2138667062189876
	1.2138671031843422
	1.2138694287946568
	1.2138715962119948
	1.213870456484968
	1.21387057368961
	1.2138660164813928
	1.213869235797937
	1.213873225900796
	1.2138711288111452
	1.2138751086047495
	1.2138739411419863
	1.2138783511857991
	1.2138807028152638
	1.2138763657032143
	1.2138742889909169
	1.2138749582799109
	1.213878255615948
	1.2138802338813603
	1.2138806362289176
	1.2138764381151892
	1.2138780249993002
	1.2138850124486806
	1.2138823146046727
	1.2138828898040732
	1.213884212146052
	1.213889120522592
	1.2138972066485765
	1.213901520950463
	1.2139079896219822
	1.213904546447436
	1.2138981982616581
	1.2138943741997457
	1.2138977011684955
	1.2138932609640956
	1.2138976236242696
	1.2138921659293678
	1.2138936856676232
	1.2139001720949738
	1.2139088126282165
	1.2139088782283862
	1.2139104956058349
	1.2139182182642416
	1.2139196484481178
	1.2139184897054736
	1.2139306569290629
	1.2139313717633184
	1.2139355535425174
	1.2139401854983138
	1.2139375288893022
	1.213938658895127
	1.2139473049966756
	1.213948297240986
	1.2139479352200202
	1.2139446074067632
	1.2139483300549612
	1.2139500017005196
	1.2139571532279194
	1.213956977484882
	1.2139598713189967
	1.2139616360574983
	1.2139629773274807
	1.2139647895982661
	1.2139677996264373
	1.2139705726812609
	1.2139753478035797
	1.2139795455045448
	1.2139774700119923
	1.2139739934160947
	1.2139810329040377
	1.2139801798205425
	1.2139755357443431
	1.2139733272507918
	1.2139729534564305
	1.2139714884319548
	1.2139724962342684
	1.2139756345359562
	1.2139713520944866
	1.2139721037864704
	1.213982749190797
	1.213981910895566
	1.2139807412251018
	1.213985202937603
	1.213992533963939
	1.2139948004805967
	1.2139939357523577
	1.214003758616399
	1.2139982515913157
	1.2139953876965883
	1.213997786558233
	1.2140035428116493
	1.2140060868493991
	1.2140165012790651
	1.2140123700316647
	1.2140238422453997
	1.2140222012377329
	1.214026526116673
	1.2140296499923038
	1.2140311566952546
	1.2140354704516887
	1.2140377092769823
	1.214033189960803
	1.2140356845782574
	1.2140369445353856
	1.214036387757212
	1.2140421589611083
	1.2140448557124959
	1.2140510090231884
	1.2140475796090608
	1.2140455411217792
	1.2140462494684823
	1.214049179738948
	1.2140460344537194
	1.2140483201510883
	1.2140525496397458
	1.214053821901371
	1.21405132743587
	1.214052886800133
	1.2140574934981416
	1.2140542794778157
	1.2140663816537998
	1.214071621461898
	1.2140835819635742
	1.2140901480091406
	1.2140936895307626
	1.214092817879264
	1.2140882466066718
	1.214097991214507
	1.2140903547406787
	1.2140881668334842
	1.214089191510162
	1.2140904235699788
	1.2140822209582556
	1.2140867907253392
	1.2140891426441567
	1.2140952349074638
	1.2141008553031383
	1.214112293666806
	1.2141156134224265
	1.214118114838149
	1.2141168498607096
	1.2141103491401397
	1.2141094091121971
	1.214110904200634
	1.214106333069655
	1.2141113959694498
	1.2141096785194483
	1.2141103684594
	1.2141114101438082
	1.2141113521766174
	1.2141149568132499
	1.2141119527008783
	1.214108245729105
	1.214112366729534
	1.2141083210355745
	1.214104498621956
	1.2141116862806813
	1.214100150958231
	1.214094964488368
	1.2140980475704748
	1.214099866707305
	1.2140978500645982
	1.2140963462056795
	1.2140954934596704
	1.2140983774947813
	1.2140962028517888
	1.2140973579822576
	1.2141040087560238
	1.2141118648504898
	1.214107549304532
	1.21411140342997
	1.214115850030054
	1.2141133835250286
	1.2141134680831045
	1.2141129908697432
	1.2141211965807885
	1.2141228057620364
	1.2141220439103013
	1.214126492758564
	1.2141332044157631
	1.214130498611652
	1.2141220763939378
	1.2141202563304323
	1.2141177816442281
	1.2141311294882122
	1.2141341092565765
	1.2141363954566802
	1.214137906257939
	1.2141434311052908
	1.2141418747281412
	1.2141312921897631
	1.214133132358058
	1.2141318746257268
	1.2141348518753712
	1.214138561017481
	1.2141413064441036
	1.2141470955045566
	1.2141462371310883
	1.2141582380487512
	1.214160343271775
	1.2141597807852111
	1.2141627230254335
	1.2141677485207927
	1.2141698874521865
	1.2141705076677953
	1.214173394542592
	1.2141682662993498
	1.2141691115334636
	1.2141660752812837
	1.2141632649954948
	1.21415970967705
	1.2141542131164291
	1.2141536278780083
	1.214155771595926
	1.2141571559845683
	1.2141470869177542
	1.2141493221743611
	1.2141480450410789
	1.2141483462104734
	1.2141630435068866
	1.2141605237144715
	1.2141670578988053
	1.2141696103688677
	1.2141675599577888
	1.214161719869803
	1.214163109315514
	1.2141576785179566
	1.2141556451506166
	1.2141518970017768
	1.2141597217438844
	1.2141583751955687
	1.2141611779701675
	1.2141674646666047
	1.2141700101389514
	1.2141701215897722
	1.2141640137720136
	1.2141603570909079
	1.214162757209651
	1.2141722079270039
	1.214173765308433
	1.214176810854346
	1.2141774465215605
	1.2141784522823376
	1.2141761483237432
	1.214170255987706
	1.2141708275519179
	1.2141714585846282
	1.214173842966523
	1.2141764210193222
	1.214177281407593
	1.2141810597185692
	1.2141822663023567
	1.2141787785750369
	1.2141749794557894
	1.2141664769863858
	1.2141716527435966
	1.2141744881406882
	1.2141715886759197
	1.2141687547227167
	1.2141675028217669
	1.214173887549918
	1.214178049527249
	1.2141851165823594
	1.214183751451403
	1.2141782485596764
	1.2141778832781136
	1.214177021289141
	1.214191245213025
	1.2141922065294082
	1.2141894446025938
	1.214188025203328
	1.2141830247331655
	1.2141853622664687
	1.2141928041973324
	1.2141933829307214
	1.2141964078170469
	1.2141974966650382
	1.2141967585469435
	1.2141925345509637
	1.214188405955319
	1.214184955015481
	1.2141795885822104
	1.214181875127519
	1.2141846342782716
	1.2141931865087643
	1.21419815324873
	1.2141906460740133
	1.2141933957755342
	1.21420054472499
	1.2141966941651108
	1.2141913260031463
	1.2141908047568377
	1.2141933904872875
	1.2141995087134696
	1.2141961354295168
	1.214194947413062
	1.2141936259767256
	1.2141910844719124
	1.2141956115843833
	1.2141922971515926
	1.2141923531188112
	1.2141875052970088
	1.2141873745183236
	1.2141909880361221
	1.2141952459979422
	1.214199019049887
	1.2141980198924882
	1.214198826890174
	1.2141967942510912
	1.2142017517972592
	1.2141987719569183
	1.2141996434539561
	1.2142023587535464
	1.2142090268237138
	1.2142060059452544
	1.2142043106755473
	1.2142069364508512
	1.2142067702085122
	1.2142111314158273
	1.21422110402733
	1.2142315742934775
	1.2142358114535163
	1.214243526922657
	1.2142454463681904
	1.2142484909692595
	1.2142467554100542
	1.2142458246007077
	1.214240151915793
	1.2142383003005166
	1.2142376360359606
	1.2142407717702925
	1.2142495368781245
	1.2142527658716409
	1.2142463721683452
	1.2142476749504627
	1.214242909950993
	1.2142469769298048
	1.2142426279494831
	1.2142427332858452
	1.2142443165895336
	1.2142504251960637
	1.214249640870043
	1.2142518452158586
	1.2142462063744073
	1.2142431751130287
	1.2142445807976
	1.2142462438412407
	1.2142486991944865
	1.2142473933556202
	1.2142462972182442
	1.2142524368993917
	1.2142631401247477
	1.2142720833453178
	1.2142763405924004
	1.214275966798422
	1.2142845016007966
	1.2142863494587846
	1.2142855705239202
	1.2142841088520233
	1.2142839176592504
	1.2142996856045067
	1.2143020782855447
	1.21430856099897
	1.21430465269424
	1.2143062935306617
	1.2143076028210693
	1.214304996610801
	1.2143045044538932
	1.214303827425304
	1.2143025294911582
	1.2143045620264576
	1.214316538190067
	1.2143125963723638
	1.2143099792067413
	1.2143119130951827
	1.2143267388590646
	1.2143254246374782
	1.2143181497110627
	1.2143197467311224
	1.2143224973672788
	1.2143198237350865
	1.2143219580656677
	1.2143263746609745
	1.2143263280406271
	1.2143240108983528
	1.2143163093271294
	1.2143141259485397
	1.2143073857098816
	1.2143061428391402
	1.214308817716409
	1.2143032902313002
	1.2143056396754908
	1.214309304435011
	1.2143091744215662
	1.214317542575222
	1.2143148258779484
	1.2143075371749024
	1.2143224413586378
	1.214327561347701
	1.2143250533761307
	1.2143263993537687
	1.2143221087129699
	1.2143170994447736
	1.2143159882391554
	1.214319950506543
	1.214321128838957
	1.2143215672103993
	1.214317149427415
	1.214319809071182
	1.2143190387070535
	1.2143147333645732
	1.214314910348783
	1.214319697971611
	1.2143192316437086
	1.214321947925158
	1.2143192418788527
	1.2143020641754507
	1.2142971617284033
	1.2142987672987662
	1.214298817461003
	1.2143088995751548
	1.2143130812987533
	1.2143151026677366
	1.214317677856194
	1.214315330564139
	1.2143167655304565
	1.2143219291865093
	1.2143164555149852
	1.2143177404003167
	1.2143195304041896
	1.214320975544337
	1.2143251582250307
	1.214325485702322
	1.214327122963954
	1.2143345494151567
	1.2143342657399332
	1.214333191933411
	1.2143317979919515
	1.21432829730994
	1.2143270609649135
	1.2143248174140762
	1.2143258957203318
	1.214328440327259
	1.214325731588627
	1.2143260619672227
	1.2143219362293012
	1.2143275432834049
	1.2143299484781966
	1.214328275042655
	1.2143280945027692
	1.214331053804876
	1.2143315274853415
	1.214338219563335
	1.2143404662478887
	1.2143419390558325
	1.2143379862608765
	1.2143397585925297
	1.2143438424473976
	1.2143417251783748
	1.2143394296775194
	1.2143369626586487
	1.214346707893645
	1.2143482170171367
	1.2143508525875666
	1.2143533398622688
	1.2143439928892006
	1.214339281333725
	1.2143412569674399
	1.2143433056830357
	1.2143429064124158
	1.2143444578134952
	1.2143459393539
	1.2143473319961169
	1.214341715747301
	1.2143371647197618
	1.2143343147627537
	1.2143381932691373
	1.2143344349883545
	1.214334753463071
	1.2143352758365271
	1.2143342681509093
	1.2143337777493928
	1.214339335249205
	1.214338972301779
	1.2143468161985147
	1.2143449109853874
	1.2143458370009534
	1.214346671992145
	1.2143443233923927
	1.2143472983899597
	1.2143438590158222
	1.214346268157136
	1.2143489219545074
	1.2143502904733108
	1.2143565598744843
	1.2143559555210048
	1.214360996270899
	1.2143618838719763
	1.2143589485225028
	1.2143543295975314
	1.214352047460606
	1.2143566196753595
	1.214360063962134
	1.2143572235231634
	1.214356627386263
	1.2143521965020276
	1.2143489568001455
	1.214344414135145
	1.2143480188720717
	1.2143546322765177
	1.2143617047795694
	1.214361414206291
	1.2143697411189684
	1.2143717778657783
	1.2143686258900792
	1.2143640546018015
	1.2143659978982513
	1.2143695101856713
	1.2143698411737245
	1.2143671745835851
	1.2143701312817778
	1.2143719688650834
	1.2143748676684416
	1.2143705119246357
	1.2143621644835612
	1.2143713111348764
	1.2143643440823482
	1.2143653011518734
	1.2143621504194195
	1.2143590999626892
	1.2143563808757496
	1.2143695450187328
	1.214372352030699
	1.2143758698486924
	1.2143707086846465
	1.2143698019133635
	1.2143741280017877
	1.214375585400612
	1.214373637311774
	1.2143819207708741
	1.2143834458109433
	1.2143822435333873
	1.2143829538729152
	1.2143823246429104
	1.2143873846760451
	1.2143820606850146
	1.2143859712319858
	1.2143847933490026
	1.214383965755633
	1.2143881716032263
	1.2143886789079135
	1.2143888777176366
	1.21439035207931
	1.2143892506033696
	1.2143906024996118
	1.2143922995324374
	1.2143854721517282
	1.2143864560024449
	1.2143826242556708
	1.2143805246415345
	1.2143803149057655
	1.214379125071963
	1.2143785115056938
	1.2143844580996594
	1.2143805450750345
	1.214379507840266
	1.2143787430588135
	1.21438075544449
	1.2143837174751342
	1.214379856460088
	1.2143836862073032
	1.2143873533885154
	1.2143847134218662
	1.2143918918253493
	1.2143831774879963
	1.2143837461135543
	1.2143783580695384
	1.2143789712986661
	1.2143746990116557
	1.214372654124911
	1.2143690950518742
	1.2143682496996104
	1.2143669569675872
	1.2143654378245283
	1.214362512523776
	1.2143648598070473
	1.2143636724587006
	1.21435879403656
	1.2143619283883427
	1.2143619924316247
	1.2143705478135305
	1.2143701495336174
	1.2143672287454321
	1.214365439910402
	1.21436383959258
	1.2143612925371152
	1.2143624088982723
	1.214357715323848
	1.2143560144795837
	1.2143564913097777
	1.2143591231940871
	1.2143668190890233
	1.2143571076659827
	1.2143617297372813
	1.214359289935936
	1.2143626669696537
	1.2143661618479138
	1.2143630383484436
	1.2143645647613264
	1.2143707332932567
	1.214370462381223
	1.2143737277797546
	1.214383810755887
	1.2143836460604378
	1.2143806978162723
	1.2143816067105948
	1.2143738822036183
	1.2143710258138996
	1.2143725113096204
	1.2143742495885719
	1.2143766085018994
	1.2143750641401718
	1.2143760136192876
	1.2143815237871178
	1.2143763896839648
	1.2143780699756257
	1.2143752421423688
	1.2143740258106852
	1.214372463456951
	1.2143674867657481
	1.2143692748496895
	1.2143656241933982
	1.2143677654464302
	1.2143626923799102
	1.2143696397024242
	1.2143717677903618
	1.2143715728880375
	1.2143712738724022
	1.2143667092449815
	1.2143742665870767
	1.2143778102058613
	1.2143816233919078
	1.2143786347790617
	1.214379914478609
	1.2143754073349033
	1.2143760532859798
	1.214368452142954
	1.2143770328942056
	1.214375252027655
	1.2143718739933733
	1.2143692063631115
	1.2143717658255022
	1.2143669524631722
	1.2143680379181538
	1.2143690000972935
	1.214367150017419
	1.2143645954760909
	1.214363018206644
	1.2143614121883968
	1.2143704194822846
	1.2143692262579953
	1.2143648403238878
	1.214362899217335
	1.214362887410376
	1.2143634751070318
	1.2143630483585435
	1.2143694846140325
	1.214375045658354
	1.2143810080778215
	1.2143824943648396
	1.2143820643113368
	1.2143788454247515
	1.214379412827148
	1.214377993346369
	1.214380905342382
	1.214384442885474
	1.2143857117501424
	1.2143840476154557
	1.2143855612530077
	1.2143832518686164
	1.2143876030236598
	1.2143854048294749
	1.2143900578318974
	1.2143881715312494
	1.2143892549979922
	1.2143879702293132
	1.2143874891022859
	1.2143821251773301
	1.2143786787678263
	1.2143795253556275
	1.2143783826179928
	1.2143788731061849
	1.2143808913017748
	1.2143807887181604
	1.2143853698077913
	1.214387729600624
	1.214381435771418
	1.2143916109058543
	1.2143921433967368
	1.2143963760585565
	1.2143975939933684
	1.2143973472002636
	1.2143993893796308
	1.2143994690522562
	1.2143966524987573
	1.2143958500339884
	1.2143981292109485
	1.2143953340305447
	1.2143962964935469
	1.2143922585834652
	1.2143901105736659
	1.214381816304786
	1.2143817693156655
	1.2143781700589458
	1.2143805037554145
	1.2143845892976857
	1.2143906922470313
	1.214386597130143
	1.214385794971341
	1.2143893267322692
	1.214390952603756
	1.214389285430107
	1.2143876791994632
	1.21438758389245
	1.2143955832899869
	1.2143933410852696
	1.2144037219592552
	1.2144073724711526
	1.214408574134129
	1.2144027993829658
	1.2144033996899166
	1.2144077067616514
	1.2144100110574307
	1.2144007155477292
	1.2144019556954193
	1.2144063525162458
	1.2144043928124737
	1.2144048358951447
	1.214405881280922
	1.2144033481239882
	1.2144066184889524
	1.2144108080954035
	1.214410991646645
	1.214408819298326
	1.2144156928285204
	1.2144129110053945
	1.2144056917984543
	1.2144069325602873
	1.2144098581661802
	1.2144062474638064
	1.2144047436377667
	1.2144083106707908
	1.21441297655337
	1.214410848697142
	1.2144090749409373
	1.214409981450029
	1.214410647748013
	1.2144112978817014
	1.2144134148091206
	1.2144115576849144
	1.2144111543418543
	1.214411076356722
	1.2144109316234502
	1.2144092011795995
	1.2144015232101948
	1.2144022250970183
	1.2143987817771162
	1.214396124001042
	1.2143912330176256
	1.214390996924663
	1.2143894413099885
	1.214390209667921
	1.2143869278063326
	1.2143882796947336
	1.2143902658514298
	1.2143915207713443
	1.2143906975432222
	1.2143938853298646
	1.214394403279423
	1.2144013535796898
	1.2143952474373163
	1.2143988048756889
	1.2143959326050975
	1.2143975563970812
	1.2143993997734452
	1.2144104018716262
	1.2144104053413427
	1.2144101855839764
	1.2144070627719794
	1.214402935355443
	1.2144015687179184
	1.2144096018401205
	1.2144111750897562
	1.2144091184352532
	1.2144176344373416
	1.2144116388686799
	1.2144095945472722
	1.214408682328481
	1.214407213267239
	1.2144076955641654
	1.214407195200616
	1.214410697246398
	1.2144103096758652
	1.214404027451007
	1.2144033241113583
	1.2144001475197745
	1.214402541058116
	1.2144095827994457
	1.2144130486484181
	1.2144096400681834
	1.2144128667178895
	1.2144118788140366
	1.2144093145285186
	1.2143994058099408
	1.2144043259526862
	1.2144015006715823
	1.2143937911884697
	1.214395644084508
	1.2143970706957303
	1.2143957161181032
	1.2143944754843718
	1.2143956660686634
	1.2143959562748525
	1.2143953702081458
	1.2143983474062257
	1.2143924404122213
	1.2143928003243252
	1.2143889757723074
	1.214388602525036
	1.21439028550164
	1.2143885514536439
	1.2143926899860582
	1.214392291962296
	1.2143878913501196
	1.2143908637657135
	1.2143917963900361
	1.2143929580052484
	1.2143967251786272
	1.2143969246841877
	1.2143904703113455
	1.2143935074855259
	1.2143921529443353
	1.214394441499284
	1.2143906579539503
	1.214393740220312
	1.214397679585381
	1.2144049564333421
	1.214401023516761
	1.2143992781057869
	1.2144100196408811
	1.2144126626476779
	1.214410924621389
	1.2144103651718237
	1.2144049125871086
	1.214412171748288
	1.2144097626667634
	1.214406523835265
	1.2144017973232095
	1.2144007563785206
	1.214400513727395
	1.214408673838006
	1.2144049245302733
	1.214407974875776
	1.2144120317210114
	1.2144129746097068
	1.2144099656505976
	1.2144113714261628
	1.2144152211683872
	1.2144170187014847
	1.214417272156844
	1.2144129300257682
	1.2144109707606021
	1.2144068435402333
	1.2144091258331573
	1.214412901982963
	1.2144151335180697
	1.2144127403034557
	1.2144141375033881
	1.2144156338474423
	1.2144244237405497
	1.2144318831651937
	1.2144296276985669
	1.2144268227607626
	1.2144281326742703
	1.21442962393682
	1.2144331105429331
	1.214433293258104
	1.2144354942208082
	1.2144355013646224
	1.214433532157167
	1.2144331414959377
	1.2144309933073796
	1.2144341624151194
	1.2144325539382497
	1.2144381328818559
	1.214440150839269
	1.2144381526178103
	1.2144310811003087
	1.2144269133270102
	1.2144255392049559
	1.2144203922425225
	1.2144208439208304
	1.2144166352787937
	1.2144190788474079
	1.2144190773662384
	1.2144184097260997
	1.2144222354988627
	1.2144197378346333
	1.2144229664902229
	1.2144228611004102
	1.214429393590005
	1.2144301133915119
	1.2144277631657598
	1.2144260233368187
	1.214423774860866
	1.2144263517051024
	1.2144307903811715
	1.2144247139620676
	1.2144234891001375
	1.2144209815812257
	1.2144267723722686
	1.2144285403047623
	1.2144314605907909
	1.2144406917125403
	1.2144371863981829
	1.2144359427609386
	1.214432627097385
	1.2144283553681
	1.2144229768196364
	1.2144298626839074
	1.2144251835471902
	1.2144231683531281
	1.214421402653032
	1.2144182052832335
	1.2144211148656394
	1.214423505603802
	1.2144336256034132
	1.2144365208063268
	1.2144354256811911
	1.2144373643589845
	1.214435553542637
	1.2144291726134917
	1.2144278087286342
	1.2144258558753875
	1.2144213450390058
	1.2144231766029765
	1.214420096692957
	1.2144260859183214
	1.2144220696309362
	1.2144285014564133
	1.2144291817820927
	1.2144267949550647
	1.2144313388296781
	1.2144364834267722
	1.2144351417974673
	1.2144392757755136
	1.2144406676830621
	1.2144408246122123
	1.2144402826477567
	1.2144414710438391
	1.2144365117124578
	1.2144329352194538
	1.214432967826665
	1.2144316958436001
	1.2144278798424974
	1.2144275410918588
	1.2144258787437943
	1.214426600265057
	1.214426605285137
	1.2144262403426072
	1.214427321844583
	1.2144308942216562
	1.2144297092850886
	1.214427228534984
	1.214427722942046
	1.214426217999916
	1.2144295816659432
	1.2144227635708984
	1.2144222809691039
	1.2144240165798514
	1.2144278154927397
	1.21442721842739
	1.2144290283004575
	1.2144322063036075
	1.2144299240314906
	1.2144304611543704
	1.2144292436983934
	1.2144263840439657
	1.2144233488831806
	1.2144154307506212
	1.2144130974129357
	1.2144171617602613
	1.214418169029773
	1.21441784213644
	1.2144152625937379
	1.2144202373659705
	1.214421026759739
	1.2144236544324951
	1.2144259106527822
	1.214426391930696
	1.2144275119592247
	1.2144246340601426
	1.2144230239341143
	1.2144224650910527
	1.2144247967424184
	1.2144253726814767
	1.2144235308104065
	1.2144234418337205
	1.2144222715618316
	1.2144311969461956
	1.2144308802764694
	1.2144309635022892
	1.214428459891701
	1.2144277431848907
	1.214422335125471
	1.2144189735043351
	1.2144193837072104
	1.2144149924497891
	1.2144203144120544
	1.2144222889872611
	1.2144229983874872
	1.214424927861786
	1.2144300451147945
	1.2144314139930532
	1.2144275146920729
	1.2144235351491333
	1.214423768116888
	1.2144205140108404
	1.2144195631499117
	1.2144147160978012
	1.214421212907231
	1.214423335416796
	1.2144274762262703
	1.2144287994891312
	1.2144256845345665
	1.2144211917067829
	1.214417902034308
	1.214417097439143
	1.214412688891756
	1.2144105392133318
	1.2144035765574845
	1.2144011505612968
	1.2144032873031476
	1.2144026398470742
	1.2144023418263368
	1.2143945586021239
	1.2143981075379187
	1.214396518403054
	1.2144010398279104
	1.2143989697107438
	1.2144012398238746
	1.2143963464918932
	1.2144004327478772
	1.2144017679470935
	1.214403456697566
	1.214407385322998
	1.2144068822206886
	1.2144085132099134
	1.2144043660194255
	1.2144058875213828
	1.214401574156263
	1.2144010078728018
	1.2144034633679384
	1.214407160079501
	1.2144052225854642
	1.2144076507924995
	1.214409277916461
	1.2144068807939252
	1.214409802796379
	1.2144094490776753
	1.2144052664899498
	1.2144079922981075
	1.2144167092648477
	1.214419560173153
	1.2144192224373545
	1.214418069414745
	1.2144184647291711
	1.2144203800617115
	1.2144228666259795
	1.2144339659499122
	1.2144296451449976
	1.2144206070869161
	1.2144172436245626
	1.2144169147714083
	1.2144158634419335
	1.21441836614274
	1.214415121545365
	1.2144129479690724
	1.2144127064239512
	1.2144129710411953
	1.2144148951787503
	1.2144135120522273
	1.21441122989138
	1.2144124939359584
	1.2144094273401187
	1.2144095855892585
	1.214409419255196
	1.2144117506914907
	1.2144107764338021
	1.2144102327165398
	1.2144152046305856
	1.214418653907764
	1.214420350542882
	1.21441384651093
	1.214421027802706
	1.2144220502963534
	1.2144252986250104
	1.2144290782305796
	1.2144300946068565
	1.214430527793471
	1.2144321900480124
	1.2144338255600435
	1.2144315410154085
	1.2144304507551718
	1.2144312535052344
	1.2144343577615722
	1.214436106295969
	1.2144339942832558
	1.2144338287172953
	1.214434268082211
	1.2144332660527242
	1.2144322962438898
	1.2144340060772192
	1.2144336001781935
	1.214434776058722
	1.21444187475994
	1.2144463853609124
	1.21444418490078
	1.2144462123283022
	1.2144514272815323
	1.2144486441580051
	1.2144466129625207
	1.2144496980660768
	1.2144523514431962
	1.2144565169130395
	1.2144660541010297
	1.214463396547081
	1.2144613253722565
	1.2144644941035958
	1.2144638015998759
	1.2144667901929915
	1.2144726975847846
	1.2144715742606138
	1.21447887869661
	1.2144829906199137
	1.2144856111386244
	1.2144826991519604
	1.2144790081075
	1.214475918973853
	1.2144668492146335
	1.2144671058319794
	1.214471651519835
	1.2144730799106374
	1.2144683053712486
	1.2144663652238263
	1.214469420690919
	1.2144680759771764
	1.2144638181453984
	1.2144655825980104
	1.2144661182993994
	1.2144639355313018
	1.2144603259549114
	1.2144588600942543
	1.214464041096265
	1.2144671030397653
	1.2144700185690038
	1.2144693667405875
	1.2144715673406101
	1.2144806087766598
	1.2144869317357445
	1.214485480086779
	1.2144904825011766
	1.214485546177453
	1.214489464583961
	1.2144900118422775
	1.2144889189815002
	1.2144838577626167
	1.2144871732963594
	1.2144832215025296
	1.2144895238281186
	1.2144856597306797
	1.2144838265145927
	1.2144849346327735
	1.2144898030442701
	1.2144924787397389
	1.2144941133043596
	1.21449547011834
	1.214508741844617
	1.21450508765975
	1.214507744545575
	1.2145106975366897
	1.214511619372557
	1.2145161362024512
	1.21451517110236
	1.214516897784418
	1.214517958326281
	1.2145188129324267
	1.2145187947968452
	1.2145155577717706
	1.2145147176012323
	1.2145152507027537
	1.214515625402934
	1.2145221876754135
	1.214525877944803
	1.2145244888210733
	1.2145243393242706
	1.2145232950738576
	1.2145277604298534
	1.2145273028046508
	1.2145254534995258
	1.2145284285781706
	1.214531502181431
	1.2145329165234457
	1.214534659033368
	1.2145359903155015
	1.2145385395625747
	1.2145347949395509
	1.2145388946399756
	1.214533995307907
	1.2145352350031065
	1.2145428016432378
	1.214542473770691
	1.2145426284669838
	1.214544849666252
	1.2145471022165544
	1.2145448304522828
	1.214546979356382
	1.2145479815584335
	1.2145410401855439
	1.2145433713396832
	1.2145347396426855
	1.2145389134226734
	1.2145426247551714
	1.2145426278079836
	1.2145423205247912
	1.2145482945961361
	1.2145491462957536
	1.2145528818218474
	1.214555399770976
	1.2145557192441716
	1.2145539557229035
	1.2145541695552422
	1.2145511135991238
	1.2145508477521216
	1.2145508972069416
	1.214561131109494
	1.214562312798356
	1.2145593297432025
	1.2145588169904862
	1.2145596925607336
	1.2145532978904288
	1.2145559377293687
	1.214551696765396
	1.2145489540914958
	1.2145530929516057
	1.214556079298832
	1.2145609129052748
	1.2145632934904242
	1.2145651884379245
	1.2145660865283345
	1.2145692574256526
	1.2145755245550243
	1.2145816617302971
	1.2145844254479496
	1.2145870578164324
	1.2145890781525157
	1.2145872626339487
	1.2145902628392065
	1.2145978662262584
	1.2145967523333616
	1.2145994667305269
	1.2145986787377203
	1.2145998997998175
	1.2145971778844498
	1.2146031162970201
	1.2146036576821644
	1.2146032063620535
	1.2146039231717958
	1.2145991060860861
	1.2146060009126527
	1.2146050354334639
	1.214608223771054
	1.2146045231288047
	1.2146036828533813
	1.214605280029384
	1.2146038059857187
	1.214601816931111
	1.2146038057186783
	1.21460030136203
	1.2146034834644868
	1.2146072316365428
	1.2146094236470046
	1.2146100505526725
	1.2146100875831767
	1.214609879340936
	1.214609980573319
	1.2146133139198818
	1.2146094878610514
	1.2146082774869031
	1.2146064743077813
	1.2146082663194906
	1.2146072317062826
	1.2146042394288885
	1.214605656705969
	1.214604061201622
	1.214600906276422
	1.214605140050467
	1.214609345722495
	1.2146062647236664
	1.2146070650554768
	1.214615385145499
	1.2146192681317345
	1.214617262615373
	1.2146176860805327
	1.2146118897441849
	1.2146080714937224
	1.2146092722653576
	1.2146113364010374
	1.2146161483814923
	1.2146151614341139
	1.214614388020126
	1.21461653920938
	1.2146166557273985
	1.214612193584478
	1.2146136674032566
	1.2146182159571506
	1.2146200068384443
	1.2146224857918237
	1.214622446978873
	1.2146201650368247
	1.214623811179447
	1.2146280768627347
	1.214625412588667
	1.2146251682552975
	1.2146228131770278
	1.2146228777686554
	1.21462446592827
	1.214625272198111
	1.2146154179528759
	1.214616576246459
	1.2146210357671925
	1.2146235116494979
	1.214626874163381
	1.214634491650886
	1.214634981056635
	1.2146350004237894
	1.214637380827235
	1.2146402935340583
	1.2146341645293515
	1.2146347844657137
	1.214628542433461
	1.214630978721556
	1.2146357620102022
	1.2146334716822127
	1.2146335583200984
	1.2146411999936093
	1.2146464812623619
	1.2146535149977638
	1.214653197071772
	1.2146494013233997
	1.214648881881007
	1.214645327714105
	1.2146471054572097
	1.2146426363916412
	1.2146449937164665
	1.2146445730819218
	1.2146494086316582
	1.2146478734277744
	1.214643579467553
	1.2146330042931976
	1.21463957818892
	1.2146412587980224
	1.2146402617565668
	1.2146446457994016
	1.2146476008583478
	1.2146505460542651
	1.2146480176571026
	1.2146497937556202
	1.214654226026959
	1.2146535452487386
	1.2146569221295271
	1.2146531225807335
	1.2146542893138461
	1.2146545265463984
	1.2146508929514614
	1.2146572197840524
	1.2146557966893279
	1.2146530763574437
	1.2146537683787204
	1.2146513567388812
	1.2146468249819848
	1.2146464089478715
	1.2146387408188724
	1.2146380939786017
	1.2146401967611582
	1.2146357080561478
	1.2146352627884607
	1.2146443973544911
	1.2146464653142157
	1.2146414088032687
	1.2146416170024776
	1.2146374989190316
	1.2146372867153923
	1.2146339443494114
	1.2146339293287167
	1.2146275355212015
	1.214630799263019
	1.2146327462816802
	1.2146332952003605
	1.214637930173927
	1.2146364918705321
	1.214636294861592
	1.214635660510707
	1.2146389243529805
	1.2146389782722662
	1.2146350934120191
	1.2146337681626485
	1.2146318319146157
	1.2146326796583442
	1.214635641247547
	1.2146355527281347
	1.2146345001902703
	1.2146421560366762
	1.2146385058204976
	1.2146426717028682
	1.214644348638325
	1.2146439405697804
	1.2146420639788338
	1.2146384527851999
	1.2146387100147342
	1.2146362826984922
	1.2146336725347053
	1.2146326919849186
	1.2146345353358872
	1.214637558097399
	1.2146427615478774
	1.2146412360830956
	1.214642665881412
	1.2146422794333587
	1.214632791324333
	1.2146344041935078
	1.2146299965324179
	1.2146277452923877
	1.2146308204301837
	1.2146267958353296
	1.2146308956186378
	1.214626820955544
	1.2146254968342034
	1.2146303288916775
	1.214632471548762
	1.2146321966884583
	1.2146306658777641
	1.214633593941236
	1.214639548752316
	1.2146397449566169
	1.2146412812665552
	1.2146402902233493
	1.2146386157759088
	1.2146389675338771
	1.2146405253537806
	1.2146323005356097
	1.2146333903545419
	1.2146367493968742
	1.214633832803618
	1.2146325718674575
	1.214633355170982
	1.2146280433743435
	1.2146308979665705
	1.2146280472764326
	1.2146328404025002
	1.2146340508147895
	1.2146358760284603
	1.2146377018124954
	1.2146387787607191
	1.2146363621125087
	1.2146369473424368
	1.2146369133564217
	1.214635640502612
	1.2146434342882013
	1.2146424277608983
	1.214645881649426
	1.214648205082505
	1.2146487048348475
	1.2146485399743525
	1.2146521573982736
	1.2146522526229289
	1.2146543902259044
	1.2146503912395792
	1.2146535624187818
	1.2146526468501249
	1.2146496497240902
	1.2146490602317725
	1.214649467906324
	1.2146485844184631
	1.2146458067086094
	1.2146462105282645
	1.2146461670510664
	1.2146483149825809
	1.2146441459459814
	1.214642664848373
	1.214639564141634
	1.2146384180279601
	1.2146407797406518
	1.2146402324004255
	1.21463803775751
	1.2146328724389588
	1.2146312576035931
	1.2146304640930443
	1.2146404503278365
	1.2146362255167655
	1.214635816422343
	1.2146320972705564
	1.2146289961427046
	1.2146325679132217
	1.2146338400349217
	1.2146361044185412
	1.2146405768030804
	1.2146431465837377
	1.214642317083484
	1.214637053830705
	1.2146407264987567
	1.2146424911174192
	1.214644936965867
	1.2146508585051075
	1.2146477428568663
	1.2146529335897371
	1.214655104077737
	1.2146637866474779
	1.2146659036644325
	1.2146668884017833
	1.2146667629517498
	1.214664855216024
	1.214660121161544
	1.2146627559692758
	1.214670382028034
	1.2146708817558958
	1.2146764380389456
	1.214675651038778
	1.2146785720332356
	1.2146808945699872
	1.2146796572258016
	1.2146815192697835
	1.2146829656045635
	1.2146815335393326
	1.2146799075830799
	1.2146807551126493
	1.214683639187609
	1.214686292977081
	1.2146837425493573
	1.2146808525929749
	1.214680515009951
	1.2146776232269707
	1.2146743871088082
	1.2146660608675806
	1.2146617406325813
	1.2146592523585382
	1.2146604885110153
	1.2146608749178203
	1.2146545592955034
	1.2146543947411779
	1.2146527866461372
	1.2146576276081662
	1.2146618184059168
	1.214665859848945
	1.214668097460973
	1.2146686873276078
	1.2146745600350017
	1.2146739587507613
	1.2146730098776142
	1.2146669699810302
	1.2146654748878114
	1.2146648281705745
	1.214669392121072
	1.2146679271539298
	1.2146702397747204
	1.2146705896607277
	1.214676600829254
	1.2146755227855246
	1.2146734696994483
	1.2146812822621673
	1.2146827413437535
	1.214684352023926
	1.214684739018864
	1.214684035898802
	1.214688479137879
	1.214686198074531
	1.214686346853054
	1.2146853565470135
	1.2146786909083165
	1.2146825322392916
	1.214683456234636
	1.2146747666441877
	1.2146778231326107
	1.2146785464335685
	1.2146694894283652
	1.2146681296422757
	1.2146649240113048
	1.2146631727386352
	1.214662650130028
	1.214661936947807
	1.2146652312290092
	1.2146661703782904
	1.214667215326661
	1.2146710639272764
	1.2146700356132287
	1.2146733851970757
	1.2146725662071187
	1.214671022102837
	1.214667818029096
	1.2146680144539537
	1.2146720404867426
	1.2146704006378652
	1.2146754437848648
	1.214674343803617
	1.214674462991823
	1.214674637727908
	1.2146739049106265
	1.2146722820948284
	1.2146716746462476
	1.2146718036072852
	1.2146701193866167
	1.2146740941187275
	1.2146761923655351
	1.2146723399996628
	1.2146738264042
	1.2146744914003116
	1.2146779449116907
	1.2146793087878427
	1.2146796730594764
	1.2146834382180498
	1.2146777040087853
	1.214679747120981
	1.2146788301017568
	1.214679831549833
	1.2146790665416152
	1.2146735703144735
	1.2146749839644375
	1.2146781559575082
	1.214676696210036
	1.2146829905874383
	1.2146810616474641
	1.2146808279410939
	1.214674490790127
	1.2146733968387717
	1.214671188618022
	1.2146806508652968
	1.2146816681715031
	1.21468466969657
	1.2146883480785908
	1.2146869478530855
	1.2146905308860538
	1.2146869271277865
	1.214690898556715
	1.214690286819124
	1.2146868712112964
	1.2146896159455431
	1.2146882336862939
	1.2146875232038639
	1.2146851779438599
	1.2146918815951693
	1.2146972228948865
	1.2147011755752566
	1.2146989371739656
	1.2147021372323736
	1.2147029263357274
	1.2147071193701087
	1.2147061644186399
	1.2147095624283462
	1.2147107621856479
	1.2147056796424138
	1.2147079081532124
	1.2147092544556441
	1.2147033835551526
	1.2147001069268566
	1.2147030173759543
]