[
	0.9792903661727905
	0.9793130159378052
	0.9793490767478943
	0.9793777465820312
	0.9794127345085144
	0.9794442057609558
	0.9794887900352478
	0.9795272350311279
	0.9795660972595215
	0.9795978665351868
	0.9796316623687744
	0.9796640872955322
	0.9797042608261108
	0.9797492623329163
	0.9797951579093933
	0.9798330664634705
	0.9798638820648193
	0.9798958897590637
	0.9799332022666931
	0.9799684882164001
	0.9799919128417969
	0.9800276756286621
	0.9800641536712646
	0.9800945520401001
	0.9801363945007324
	0.9801719784736633
	0.9802038073539734
	0.980242908000946
	0.980285108089447
	0.9803253412246704
	0.9803610444068909
	0.9804023504257202
	0.9804456830024719
	0.9804754257202148
	0.9805144667625427
	0.980546772480011
	0.9805881977081299
	0.9806245565414429
	0.9806699156761169
	0.9807063341140747
	0.9807418584823608
	0.9807742238044739
	0.9808048009872437
	0.9808359742164612
	0.9808652997016907
	0.9808987975120544
	0.9809327721595764
	0.9809684157371521
	0.9810009598731995
	0.981037974357605
	0.9810802340507507
	0.9811066389083862
	0.9811598062515259
	0.9812023639678955
	0.9812380075454712
	0.9812737703323364
	0.9813056588172913
	0.9813400506973267
	0.9813823699951172
	0.98140949010849
	0.9814510941505432
	0.9814849495887756
	0.9815371632575989
	0.9815675020217896
	0.9816045761108398
	0.9816452264785767
	0.9816717505455017
	0.9817075729370117
	0.9817418456077576
	0.9817632436752319
	0.9817919731140137
	0.9818354845046997
	0.9818709492683411
	0.9819108843803406
	0.9819400906562805
	0.9819744825363159
	0.9820135235786438
	0.9820510149002075
	0.9820834398269653
	0.9821101427078247
	0.9821438193321228
	0.9821694493293762
	0.9822130799293518
	0.9822449684143066
	0.9822760224342346
	0.9823061227798462
	0.9823330044746399
	0.9823604822158813
	0.9823823571205139
	0.9824143648147583
	0.9824573993682861
	0.9824802875518799
	0.9825150370597839
	0.9825406074523926
	0.9825793504714966
	0.9826099276542664
	0.9826499223709106
	0.9826920032501221
	0.9827327728271484
	0.982763409614563
	0.9827906489372253
	0.9828142523765564
	0.982841432094574
	0.982867419719696
	0.9828999638557434
	0.9829325079917908
	0.9829555749893188
	0.9829899072647095
	0.9830189347267151
	0.9830489158630371
	0.9830911755561829
	0.9831169247627258
	0.9831456542015076
	0.9831717014312744
	0.9832082986831665
	0.983232855796814
	0.9832680821418762
	0.9832943677902222
	0.9833305478096008
	0.9833669662475586
	0.9833930134773254
	0.9834192395210266
	0.9834449887275696
	0.983471691608429
	0.9834873676300049
	0.9835183620452881
	0.9835444688796997
	0.9835653305053711
	0.9835880398750305
	0.9836209416389465
	0.9836348295211792
	0.9836623072624207
	0.9836896657943726
	0.9837209582328796
	0.9837424159049988
	0.983758807182312
	0.9837768077850342
	0.9837946891784668
	0.9838053584098816
	0.983811616897583
	0.9838387370109558
	0.9838641881942749
	0.9838902354240417
	0.9839133024215698
	0.9839295744895935
	0.9839386343955994
	0.983967661857605
	0.983982503414154
	0.9840086698532104
	0.984020471572876
	0.9840269684791565
	0.9840528964996338
	0.9840831160545349
	0.9841042160987854
	0.9841298460960388
	0.9841536283493042
	0.9841675758361816
	0.9841873645782471
	0.9842029213905334
	0.9842259287834167
	0.9842536449432373
	0.984268307685852
	0.9842762351036072
	0.9842851758003235
	0.9843006730079651
	0.9843236207962036
	0.9843396544456482
	0.984347403049469
	0.9843659400939941
	0.9843840003013611
	0.9844001531600952
	0.9844160676002502
	0.984438955783844
	0.9844452738761902
	0.9844527244567871
	0.9844624996185303
	0.9844748377799988
	0.9844827651977539
	0.9844948053359985
	0.9845126271247864
	0.9845237731933594
	0.984530508518219
	0.9845356345176697
	0.9845563769340515
	0.984572172164917
	0.9845789074897766
	0.9845969080924988
	0.9846042990684509
	0.9846197962760925
	0.9846287369728088
	0.9846327304840088
	0.9846606850624084
	0.9846833944320679
	0.9846894145011902
	0.9847061634063721
	0.9847288727760315
	0.9847362041473389
	0.9847396016120911
	0.9847456812858582
	0.9847675561904907
	0.9847867488861084
	0.9847913980484009
	0.9848057627677917
	0.9848146438598633
	0.9848184585571289
	0.9848183989524841
	0.984819769859314
	0.9848415851593018
	0.9848456382751465
	0.984859824180603
	0.9848683476448059
	0.9848825931549072
	0.9848929643630981
	0.9849056005477905
	0.9849027395248413
	0.9849103689193726
	0.9849075078964233
	0.9849179983139038
	0.9849300384521484
	0.9849424958229065
	0.9849570989608765
	0.9849570989608765
	0.9849629998207092
	0.9849655032157898
	0.9849749207496643
	0.9849697351455688
	0.9849804639816284
	0.9849735498428345
	0.9849815964698792
	0.9849905371665955
	0.9849996566772461
	0.9850066900253296
	0.9850107431411743
	0.9850246906280518
	0.9850265979766846
	0.9850367307662964
	0.9850513339042664
	0.9850436449050903
	0.9850509762763977
	0.9850410223007202
	0.985050618648529
	0.985049843788147
	0.9850475788116455
	0.9850489497184753
	0.9850497841835022
	0.9850583076477051
	0.985058605670929
	0.9850547909736633
	0.9850596785545349
	0.9850696921348572
	0.9850931763648987
	0.9850918054580688
	0.9850862622261047
	0.9850901365280151
	0.9850972890853882
	0.9850907325744629
	0.9850985407829285
	0.985103964805603
	0.9851114153862
	0.9851145148277283
	0.9851018786430359
	0.9851087331771851
	0.985100269317627
	0.9851052165031433
	0.985109806060791
	0.9851040244102478
	0.9851000905036926
	0.9850924015045166
	0.9850844740867615
	0.9850903153419495
	0.9850932359695435
	0.9850850701332092
	0.9850930571556091
	0.9850881099700928
	0.9850830435752869
	0.9850883483886719
	0.9850952625274658
	0.9850930571556091
	0.9850802421569824
	0.9850792288780212
	0.9850927591323853
	0.9850922226905823
	0.9850972294807434
	0.9851201772689819
	0.9851130843162537
	0.9851159453392029
	0.9851272702217102
	0.9851306080818176
	0.985133171081543
	0.9851404428482056
	0.9851496815681458
	0.985144317150116
	0.9851342439651489
	0.9851304292678833
	0.9851202368736267
	0.9851313829421997
	0.9851328134536743
	0.9851232171058655
	0.985123872756958
	0.9851243495941162
	0.985119104385376
	0.9851177334785461
	0.9851208925247192
	0.9851238131523132
	0.9851318001747131
	0.9851347804069519
	0.985134482383728
	0.9851489067077637
	0.9851545095443726
	0.9851570725440979
	0.9851540327072144
	0.9851579070091248
	0.9851544499397278
	0.9851548671722412
	0.985166609287262
	0.9851680397987366
	0.9851608872413635
	0.9851608276367188
	0.985146164894104
	0.9851460456848145
	0.9851212501525879
	0.9851080775260925
	0.9851070046424866
	0.9851252436637878
	0.985124409198761
	0.9851222634315491
	0.9851124286651611
	0.9851120114326477
	0.9851220846176147
	0.9851047396659851
	0.9851024746894836
	0.9851069450378418
	0.9850943088531494
	0.9850863218307495
	0.9850860238075256
	0.9850864410400391
	0.9850814342498779
	0.9850887656211853
	0.9850684404373169
	0.985069215297699
	0.9850500822067261
	0.9850395917892456
	0.9850316643714905
	0.9850240349769592
	0.9850101470947266
	0.9849994778633118
	0.9849783182144165
	0.9849876761436462
	0.9849829077720642
	0.9849874377250671
	0.9849812388420105
	0.9849674701690674
	0.9849584102630615
	0.9849448800086975
	0.9849362969398499
	0.9849287271499634
	0.9849228262901306
	0.9849146604537964
	0.9849012494087219
	0.9848933219909668
	0.9848704934120178
	0.98484867811203
	0.9848477840423584
	0.984825849533081
	0.9848324060440063
	0.9848281741142273
	0.984828531742096
	0.9848310947418213
	0.9848228693008423
	0.9848088026046753
	0.9848119020462036
	0.9848164319992065
	0.9848233461380005
	0.9848204851150513
	0.98479825258255
	0.9847972393035889
	0.9847838878631592
	0.9847862720489502
	0.9847851395606995
	0.9847767949104309
	0.9847770929336548
	0.9847784042358398
	0.9847775101661682
	0.9847624897956848
	0.9847522377967834
	0.9847508072853088
	0.9847466349601746
	0.9847613573074341
	0.9847427606582642
	0.9847406148910522
	0.9847169518470764
	0.9847148656845093
	0.9847121834754944
	0.984707236289978
	0.9846876263618469
	0.9846829771995544
	0.9846817851066589
	0.9846754670143127
	0.9846814274787903
	0.984674870967865
	0.9846633672714233
	0.984649658203125
	0.9846494197845459
	0.9846479892730713
	0.9846305251121521
	0.9846221804618835
	0.9845927953720093
	0.9845919609069824
	0.984581470489502
	0.9845709800720215
	0.9845705032348633
	0.9845689535140991
	0.9845568537712097
	0.9845467209815979
	0.9845463037490845
	0.9845291376113892
	0.9845110774040222
	0.9845064878463745
	0.9844914674758911
	0.9844797253608704
	0.9844653010368347
	0.9844616651535034
	0.9844503402709961
	0.9844239950180054
	0.9844292402267456
	0.9844187498092651
	0.984410285949707
	0.98438560962677
	0.9843714833259583
	0.9843615293502808
	0.9843420386314392
	0.9843249320983887
	0.9843209385871887
	0.9843053817749023
	0.9842979907989502
	0.9842898845672607
	0.9842771291732788
	0.9842643141746521
	0.9842628836631775
	0.9842608571052551
	0.9842501878738403
	0.9842491745948792
	0.9842308759689331
	0.9842231869697571
	0.9842192530632019
	0.984208345413208
	0.9841902852058411
	0.9841930866241455
	0.9841799139976501
	0.9841735363006592
	0.9841618537902832
	0.9841578006744385
	0.9841588139533997
	0.9841464161872864
	0.9841160178184509
	0.9841053485870361
	0.9841045141220093
	0.9840859174728394
	0.9840690493583679
	0.9840434193611145
	0.9840469360351562
	0.9840413331985474
	0.9840196371078491
	0.9840095043182373
	0.9839998483657837
	0.9839868545532227
	0.9839849472045898
	0.9839778542518616
	0.9839650988578796
	0.9839572310447693
	0.9839492440223694
	0.9839421510696411
	0.9839386940002441
	0.9839116930961609
	0.9838968515396118
	0.9838807582855225
	0.9838862419128418
	0.9838776588439941
	0.9838513731956482
	0.9838337302207947
	0.9838151931762695
	0.9838132858276367
	0.9837908744812012
	0.9837862253189087
	0.9837750792503357
	0.9837464094161987
	0.9837385416030884
	0.9837030172348022
	0.9836957454681396
	0.9836665987968445
	0.9836584329605103
	0.9836462736129761
	0.9836302399635315
	0.9836307764053345
	0.9836390018463135
	0.9836455583572388
	0.9836424589157104
	0.9836345911026001
	0.983620285987854
	0.9835941195487976
	0.9835926294326782
	0.9835776686668396
	0.9835658669471741
	0.9835473895072937
	0.9835497736930847
	0.9835253953933716
	0.9835340976715088
	0.9835211634635925
	0.9835066795349121
	0.9834974408149719
	0.983481764793396
	0.9834511876106262
	0.9834267497062683
	0.9834132790565491
	0.9834004640579224
	0.9833900332450867
	0.9833802580833435
	0.9833720326423645
	0.9833486676216125
	0.9833345413208008
	0.9833234548568726
	0.9832959771156311
	0.9832779169082642
	0.9832543134689331
	0.9832353591918945
	0.983218252658844
	0.9832119345664978
	0.9831942319869995
	0.9831669330596924
	0.983141303062439
	0.9831244945526123
	0.9830992221832275
	0.9830927848815918
	0.9830870032310486
	0.9830612540245056
	0.9830461740493774
	0.9830249547958374
	0.9830008149147034
	0.982974648475647
	0.9829570055007935
	0.9829362034797668
	0.9829281568527222
	0.9829080104827881
	0.9829042553901672
	0.9828823804855347
	0.9828733801841736
	0.9828557968139648
	0.9828246831893921
	0.9828118681907654
	0.9828117489814758
	0.9827998876571655
	0.9827925562858582
	0.9827817678451538
	0.9827658534049988
	0.9827597141265869
	0.9827473163604736
	0.9827418923377991
	0.9827382564544678
	0.9827136993408203
	0.9826986193656921
	0.9826735854148865
	0.9826347827911377
	0.9826303124427795
	0.9826000332832336
	0.9825878143310547
	0.9825507402420044
	0.9825318455696106
	0.982521116733551
	0.9825153946876526
	0.982505202293396
	0.9824963808059692
	0.9824926257133484
	0.982501745223999
	0.9824751615524292
	0.9824585318565369
	0.9824578762054443
	0.9824473857879639
	0.9824448823928833
	0.9824414253234863
	0.9824395179748535
	0.9824355840682983
	0.9824240207672119
	0.982398509979248
	0.9823835492134094
	0.9823675155639648
	0.9823527932167053
	0.9823231101036072
	0.9823126792907715
	0.9823044538497925
	0.9822954535484314
	0.982276976108551
	0.9822738170623779
	0.9822544455528259
	0.9822375774383545
	0.982214093208313
	0.9821906089782715
	0.9821891188621521
	0.9821667671203613
	0.9821531772613525
	0.9821311235427856
	0.9821333885192871
	0.9821161031723022
	0.9821030497550964
	0.9820988774299622
	0.9820861220359802
	0.982081949710846
	0.9820712804794312
	0.9820477366447449
	0.9820176959037781
	0.9819949865341187
	0.9819918274879456
	0.9819967746734619
	0.9819843173027039
	0.9819614887237549
	0.981942892074585
	0.9819256663322449
	0.9819022417068481
	0.9818778038024902
	0.9818639755249023
	0.9818607568740845
	0.9818564057350159
	0.981847882270813
	0.9818394184112549
	0.9818283915519714
	0.9818063378334045
	0.9817884564399719
	0.981769323348999
	0.9817606806755066
	0.9817439317703247
	0.9817362427711487
	0.9817246794700623
	0.9816939234733582
	0.9816902279853821
	0.9816729426383972
	0.9816509485244751
	0.9816316366195679
	0.9816127419471741
	0.9816077351570129
	0.9815854430198669
	0.981568455696106
	0.9815565347671509
	0.9815439581871033
	0.9815292358398438
	0.9815026521682739
	0.9814863801002502
	0.9814567565917969
	0.9814572334289551
	0.981449544429779
	0.9814363718032837
	0.9814261198043823
	0.981402575969696
	0.9813851714134216
	0.9813659191131592
	0.9813436269760132
	0.9813452959060669
	0.9813306927680969
	0.9813364744186401
	0.9813204407691956
	0.9813061356544495
	0.9812754988670349
	0.9812434911727905
	0.9812400937080383
	0.9812244176864624
	0.9812119603157043
	0.9811914563179016
	0.9811748266220093
	0.9811639785766602
	0.9811373949050903
	0.9811245203018188
	0.9811150431632996
	0.9811001420021057
	0.9810652732849121
	0.9810540080070496
	0.9810390472412109
	0.9810087084770203
	0.9809999465942383
	0.9809860587120056
	0.9809778332710266
	0.9809796214103699
	0.980961263179779
	0.9809525012969971
	0.9809480905532837
	0.9809330701828003
	0.9809209108352661
	0.9809119701385498
	0.9809101819992065
	0.9808960556983948
	0.9808787703514099
	0.9808743596076965
	0.9808722138404846
	0.9808561205863953
	0.9808483123779297
	0.9808225035667419
	0.9808065891265869
	0.9808118939399719
	0.9807952642440796
	0.9807904958724976
	0.9807634949684143
	0.9807460308074951
	0.9807115793228149
	0.9807009696960449
	0.98067307472229
	0.9806472659111023
	0.9806256294250488
	0.9806147217750549
	0.9806039929389954
	0.9805988073348999
	0.9805918335914612
	0.9805940389633179
	0.9805682897567749
	0.9805603623390198
	0.980534017086029
	0.9805381894111633
	0.9805242419242859
	0.9804980158805847
	0.980482816696167
	0.9804674983024597
	0.9804635643959045
	0.9804314970970154
	0.980427086353302
	0.9804137945175171
	0.9804019331932068
	0.9803841710090637
	0.9803687930107117
	0.9803574681282043
	0.9803528189659119
	0.9803214073181152
	0.980303943157196
	0.9802786707878113
	0.980252206325531
	0.9802476167678833
	0.9802408218383789
	0.9802135825157166
	0.9802099466323853
	0.9801986217498779
	0.9801907539367676
	0.9801723957061768
	0.980157732963562
	0.9801537990570068
	0.9801424145698547
	0.9801365733146667
	0.9801172018051147
	0.9801139235496521
	0.9800927042961121
	0.9800874590873718
	0.9800694584846497
	0.9800578951835632
	0.9800508618354797
	0.9800328612327576
	0.980019211769104
	0.9800023436546326
	0.9799962043762207
	0.9799873232841492
	0.9799821376800537
	0.9799554347991943
	0.9799512028694153
	0.9799551367759705
	0.9799299836158752
	0.9799192547798157
	0.9798920154571533
	0.9798872470855713
	0.9798678755760193
	0.9798625707626343
	0.979844331741333
	0.9798367023468018
	0.9798164963722229
	0.9798040390014648
	0.9797802567481995
	0.9797650575637817
	0.9797458648681641
	0.979722261428833
	0.9797110557556152
	0.9796687364578247
	0.9796551465988159
	0.9796218872070312
	0.9796215891838074
	0.9796023368835449
	0.9795836210250854
	0.9795816540718079
	0.9795712232589722
	0.9795607328414917
	0.979552149772644
	0.9795386791229248
	0.9795219898223877
	0.9795166850090027
	0.9795053601264954
	0.9794975519180298
	0.9794917702674866
	0.9795016646385193
	0.9794954061508179
	0.9794912338256836
	0.979472279548645
	0.9794512391090393
	0.9794440269470215
	0.9794199466705322
	0.9794196486473083
	0.979406476020813
	0.9793949723243713
	0.9793668985366821
	0.9793432950973511
	0.9793319702148438
	0.9793499112129211
	0.9793261289596558
	0.9792866706848145
	0.9792855978012085
	0.9792570471763611
	0.9792354106903076
	0.9792125821113586
	0.979194700717926
	0.9791784882545471
	0.9791702628135681
	0.9791589975357056
	0.9791566729545593
	0.9791161417961121
	0.9791170954704285
	0.9791059494018555
	0.9790889620780945
	0.9790797829627991
	0.9790703654289246
	0.9790731072425842
	0.9790512323379517
	0.9790441393852234
	0.9790289402008057
	0.9790245294570923
	0.9790101051330566
	0.9789970517158508
	0.9789771437644958
	0.9789572358131409
	0.9789572954177856
	0.9789562821388245
	0.9789395332336426
	0.9789337515830994
	0.9789173603057861
	0.9789099097251892
	0.9788938760757446
	0.9788827896118164
	0.9788825511932373
	0.9788753390312195
	0.9788565635681152
	0.9788432121276855
	0.9788335561752319
	0.9788287281990051
	0.9788280725479126
	0.9788077473640442
	0.9787982702255249
	0.9788070917129517
	0.9787764549255371
	0.9787434339523315
	0.9787192940711975
	0.9787105321884155
	0.9786940217018127
	0.9786778688430786
	0.978641927242279
	0.9786301851272583
	0.978611946105957
	0.9785876274108887
	0.9785833954811096
	0.9785720705986023
	0.9785605669021606
	0.9785434603691101
	0.9785417914390564
	0.9785287380218506
	0.978513777256012
	0.9785103797912598
	0.978495180606842
	0.9784759879112244
	0.9784672260284424
	0.9784541130065918
	0.9784356951713562
	0.9784128069877625
	0.9783854484558105
	0.9783786535263062
	0.9783596992492676
	0.9783430099487305
	0.9783230423927307
	0.9783167839050293
	0.9783225059509277
	0.9783229827880859
	0.9783051013946533
	0.978290855884552
	0.9782747626304626
	0.978278636932373
	0.9782700538635254
	0.9782730937004089
	0.9782609343528748
	0.9782601594924927
	0.9782655835151672
	0.978255569934845
	0.9782492518424988
	0.9782228469848633
	0.9782137870788574
	0.9781979918479919
	0.9781720042228699
	0.9781589508056641
	0.9781558513641357
	0.9781277775764465
	0.9781139492988586
	0.9781055450439453
	0.9780793786048889
	0.9780651926994324
	0.9780383110046387
	0.9780479073524475
	0.9780391454696655
	0.9780066609382629
	0.9780017137527466
	0.9779852628707886
	0.9779777526855469
	0.9779812097549438
	0.9779849052429199
	0.9779807925224304
	0.9779775142669678
	0.9779636263847351
	0.9779530167579651
	0.9779416918754578
	0.9779309034347534
	0.9779055118560791
	0.977874755859375
	0.9778686761856079
	0.9778412580490112
	0.9778419137001038
	0.9778228402137756
	0.9778239130973816
	0.9778140187263489
	0.9778320789337158
	0.9778214693069458
	0.9778172969818115
	0.9777972102165222
	0.9777820706367493
	0.9777796268463135
	0.9777790307998657
	0.9777610301971436
	0.9777531623840332
	0.9777505993843079
	0.9777458906173706
	0.9777389168739319
	0.9777417182922363
	0.9777262806892395
	0.9777271151542664
	0.9777187705039978
	0.9777121543884277
	0.977702260017395
	0.9776992797851562
	0.9777008295059204
	0.9776760339736938
	0.9776746034622192
	0.9776677489280701
	0.9776579141616821
	0.9776387214660645
	0.9776325225830078
	0.9776426553726196
	0.9776374101638794
	0.9776414036750793
	0.9776347875595093
	0.9776336550712585
	0.9776166081428528
	0.9776024222373962
	0.977600634098053
	0.9775761365890503
	0.977583646774292
	0.9775692224502563
	0.9775433540344238
	0.9775212407112122
	0.9775164723396301
	0.9775207042694092
	0.97752445936203
	0.9775201678276062
	0.9775248765945435
	0.9775140881538391
	0.9775067567825317
	0.9775150418281555
	0.9775158762931824
	0.9774988889694214
	0.9774971604347229
	0.9774798154830933
	0.9774660468101501
	0.9774428009986877
	0.9774296879768372
	0.9774240851402283
	0.9773890376091003
	0.9773755669593811
	0.9773820042610168
	0.9773699045181274
	0.9773625135421753
	0.9773481488227844
	0.977332592010498
	0.9773242473602295
	0.9773298501968384
	0.9772933125495911
	0.9772863984107971
	0.9772762656211853
	0.9772635698318481
	0.9772612452507019
	0.9772724509239197
	0.9772500991821289
	0.9772262573242188
	0.9772292971611023
	0.9772195816040039
	0.9772223830223083
	0.9772024750709534
	0.9771949052810669
	0.9771930575370789
	0.9771766662597656
	0.9771516919136047
	0.9771265387535095
	0.9771209359169006
	0.9771397113800049
	0.9771163463592529
	0.9771028161048889
	0.9771008491516113
	0.9770868420600891
	0.9770817160606384
	0.9770830869674683
	0.9770780205726624
	0.9770678877830505
	0.9770512580871582
	0.9770264625549316
	0.9770301580429077
	0.9770070314407349
	0.9769971966743469
	0.9769803285598755
	0.9769778847694397
	0.976989209651947
	0.9769793748855591
	0.9769898653030396
	0.9769805073738098
	0.976981520652771
	0.9769823551177979
	0.9769762754440308
	0.9769801497459412
	0.9769879579544067
	0.9769722819328308
	0.9769669771194458
	0.9769759774208069
	0.9769822955131531
	0.9769723415374756
	0.9769680500030518
	0.9769582152366638
	0.9769527316093445
	0.9769638776779175
	0.9769425392150879
	0.97695392370224
	0.9769384264945984
	0.9769416451454163
	0.9769411087036133
	0.9769143462181091
	0.9769147634506226
	0.9769114851951599
	0.976900577545166
	0.976894736289978
	0.9768953323364258
	0.9768704175949097
	0.9768553972244263
	0.9768551588058472
	0.9768498539924622
	0.9768428802490234
	0.976828932762146
	0.9768164157867432
	0.9768049120903015
	0.9767990708351135
	0.9767704010009766
	0.9767625331878662
	0.9767412543296814
	0.976740837097168
	0.9767261147499084
	0.9767175316810608
	0.9767025709152222
	0.9766865372657776
	0.9766982197761536
	0.9766930937767029
	0.9766883254051208
	0.9766900539398193
	0.9766955375671387
	0.9766883254051208
	0.9766695499420166
	0.9766739010810852
	0.9766697883605957
	0.9766619801521301
	0.9766511917114258
	0.9766417145729065
	0.9766308665275574
	0.9766188263893127
	0.976593554019928
	0.976584255695343
	0.9765778183937073
	0.9765878319740295
	0.9765741229057312
	0.9765896201133728
	0.9765794277191162
	0.9765909910202026
	0.976580798625946
	0.9765875935554504
	0.9765934348106384
	0.9765833616256714
	0.9765832424163818
	0.9765598773956299
	0.9765720367431641
	0.9765533804893494
	0.9765565395355225
	0.9765524864196777
	0.9765658974647522
	0.9765923023223877
	0.9765622615814209
	0.9765576124191284
	0.9765347242355347
	0.9765211343765259
	0.9765264987945557
	0.9765300154685974
	0.9765159487724304
	0.9765161871910095
	0.9765072464942932
	0.9765090346336365
	0.9765005707740784
	0.9765028357505798
	0.9764857888221741
	0.976479172706604
	0.9764852523803711
	0.9764954447746277
	0.976474404335022
	0.9764560461044312
	0.9764455556869507
	0.9764474034309387
	0.976439893245697
	0.9764664769172668
	0.9764569997787476
	0.9764567613601685
	0.9764652252197266
	0.9764752984046936
	0.9764670133590698
	0.9764528274536133
	0.9764539003372192
	0.9764374494552612
	0.9764459133148193
	0.9764478206634521
	0.9764564037322998
	0.9764477610588074
	0.9764278531074524
	0.9764071106910706
	0.9764253497123718
	0.9764360785484314
	0.976425051689148
	0.976415753364563
	0.9764183759689331
	0.976411759853363
	0.9764150381088257
	0.9764235615730286
	0.9764218330383301
	0.9764333367347717
	0.9764369130134583
	0.9764556884765625
	0.9764544367790222
	0.9764485955238342
	0.9764568209648132
	0.9764443039894104
	0.9764554500579834
	0.9764562249183655
	0.9764724373817444
	0.9764624834060669
	0.9764651656150818
	0.9764306545257568
	0.976416826248169
	0.9764080047607422
	0.9763956665992737
	0.9764019846916199
	0.9764063954353333
	0.9763866662979126
	0.976381778717041
	0.976385235786438
	0.9763943552970886
	0.9764010310173035
	0.9764028787612915
	0.9764105081558228
	0.9764140844345093
	0.976416826248169
	0.9764162302017212
	0.9764189720153809
	0.9764170050621033
	0.9764021635055542
	0.9764146208763123
	0.9763993620872498
	0.9764006733894348
	0.9764106869697571
	0.976416826248169
	0.9764140248298645
	0.9764294624328613
	0.976443350315094
	0.9764487147331238
	0.9764501452445984
	0.9764716029167175
	0.9764694571495056
	0.9764851331710815
	0.9764732718467712
	0.9765000343322754
	0.9764938950538635
	0.9765111207962036
	0.9765154719352722
	0.9765288233757019
	0.9765260219573975
	0.97654128074646
	0.9765183329582214
	0.9765000939369202
	0.9765039086341858
	0.9764904975891113
	0.976482093334198
	0.976482629776001
	0.9764808416366577
	0.9764641523361206
	0.976479709148407
	0.9764929413795471
	0.9764827489852905
	0.9764715433120728
	0.9764788746833801
	0.9764723181724548
	0.976484477519989
	0.9764769077301025
	0.9764727354049683
	0.9764695167541504
	0.9764774441719055
	0.9764921069145203
	0.9764936566352844
	0.9764934182167053
	0.9764905571937561
	0.9764974117279053
	0.9764884114265442
	0.976481020450592
	0.9764984846115112
	0.9765112996101379
	0.9765076637268066
	0.9765034317970276
	0.9764983654022217
	0.9765017628669739
	0.9765058159828186
	0.9764930605888367
	0.9764966368675232
	0.976518988609314
	0.976513147354126
	0.9765007495880127
	0.9765011668205261
	0.9764950275421143
	0.9765148758888245
	0.9765127897262573
	0.9765084385871887
	0.9765045046806335
	0.9765211343765259
	0.9765182137489319
	0.976529061794281
	0.9765389561653137
	0.9765436053276062
	0.9765533804893494
	0.9765764474868774
	0.976571798324585
	0.9765748977661133
	0.9765868186950684
	0.97659832239151
	0.9765788316726685
	0.9765830039978027
	0.9765815138816833
	0.9765804409980774
	0.9765749573707581
	0.9765549898147583
	0.976571261882782
	0.9765796065330505
	0.9765673279762268
	0.9765541553497314
	0.9765568971633911
	0.9765601754188538
	0.9765542149543762
	0.9765479564666748
	0.9765430688858032
	0.9765281081199646
	0.9765295386314392
	0.9765260219573975
	0.9765286445617676
	0.9765448570251465
	0.9765399694442749
	0.9765331149101257
	0.9765456318855286
	0.9765512943267822
	0.9765723347663879
	0.9765713810920715
	0.9765418171882629
	0.9765497446060181
	0.9765352606773376
	0.9765340685844421
	0.9765328168869019
	0.9765342473983765
	0.9765114784240723
	0.9765126705169678
	0.9765326380729675
	0.9765272736549377
	0.9765432476997375
	0.9765371680259705
	0.9765578508377075
	0.9765573740005493
	0.9765678644180298
	0.9765830039978027
	0.97660893201828
	0.9765969514846802
	0.9765745997428894
	0.9765833616256714
	0.9765774011611938
	0.9765960574150085
	0.976609468460083
	0.9766032099723816
	0.9766015410423279
	0.9765974879264832
	0.9766129851341248
	0.9766371250152588
	0.9766253232955933
	0.9766132235527039
	0.9766107797622681
	0.9766359329223633
	0.9766327738761902
	0.9766340851783752
	0.9766498804092407
	0.9766663908958435
	0.9766883254051208
	0.9767085313796997
	0.9767149686813354
	0.9767363667488098
	0.9767557382583618
	0.9767701625823975
	0.9767733812332153
	0.9767544269561768
	0.9767594337463379
	0.9767717719078064
	0.9767783284187317
	0.9767763614654541
	0.9767817258834839
	0.9767823219299316
	0.9767960906028748
	0.9767910838127136
	0.9768182039260864
	0.9768157601356506
	0.9768179059028625
	0.9768286943435669
	0.9768176674842834
	0.9768363833427429
	0.9768525958061218
	0.9768593311309814
	0.9768632650375366
	0.9768939018249512
	0.9769042134284973
	0.976905345916748
	0.9769103527069092
	0.9769189357757568
	0.9769318103790283
	0.9769502282142639
	0.9769269227981567
	0.9769484996795654
	0.9769482612609863
	0.9769585728645325
	0.9769605994224548
	0.9769571423530579
	0.9769555330276489
	0.9769772887229919
	0.9769885540008545
	0.9769823551177979
	0.9769993424415588
	0.9770010113716125
	0.9770060181617737
	0.9770275354385376
	0.9770432114601135
	0.9770567417144775
	0.9770731925964355
	0.977081835269928
	0.977096438407898
	0.9771427512168884
	0.9771564602851868
	0.9771488904953003
	0.9771642088890076
	0.9771749973297119
	0.9772041440010071
	0.9772198796272278
	0.9772177338600159
	0.9772143363952637
	0.9772355556488037
	0.9772384166717529
	0.9772567749023438
	0.9772592186927795
	0.9772666692733765
	0.9772369265556335
	0.9772504568099976
	0.9772592782974243
	0.9772382974624634
	0.977252721786499
	0.977253794670105
	0.9772652387619019
	0.9772679805755615
	0.9772768616676331
	0.9772754907608032
	0.9773221611976624
	0.9773483872413635
	0.9773370027542114
	0.9773373007774353
	0.97734534740448
	0.9773463606834412
	0.9773445129394531
	0.9773450493812561
	0.977350115776062
	0.9773584604263306
	0.977359414100647
	0.9773716330528259
	0.977387011051178
	0.9773910045623779
	0.9773990511894226
	0.977394163608551
	0.9773889780044556
	0.9773946404457092
	0.9774112701416016
	0.9774501323699951
	0.9774649739265442
	0.9774935245513916
	0.9775033593177795
	0.9775090217590332
	0.9775111675262451
	0.9775213003158569
	0.977521538734436
	0.9775359630584717
	0.9775301814079285
	0.977541983127594
	0.9775498509407043
	0.9775314331054688
	0.9775223135948181
	0.9775161147117615
	0.9775105118751526
	0.977515459060669
	0.9775343537330627
	0.9775403141975403
	0.9775631427764893
	0.9775636792182922
	0.9775644540786743
	0.9775540828704834
	0.977554976940155
	0.9775807857513428
	0.9775747656822205
	0.9775891304016113
	0.9775932431221008
	0.9776006937026978
	0.9775878190994263
	0.9775973558425903
	0.9776216149330139
	0.9776300191879272
	0.9776442050933838
	0.9776507616043091
	0.9776711463928223
	0.9776830673217773
	0.9776950478553772
	0.9776889681816101
	0.977689266204834
	0.9777080416679382
	0.9777123332023621
	0.9777076244354248
	0.9777230024337769
	0.9777277112007141
	0.9777461290359497
	0.9777372479438782
	0.977759063243866
	0.9777733683586121
	0.977791965007782
	0.9778398871421814
	0.9778432250022888
	0.9778465628623962
	0.9778529405593872
	0.9778481721878052
	0.9778531193733215
	0.9778664708137512
	0.9778879284858704
	0.9779097437858582
	0.9779282212257385
	0.9779543280601501
	0.9779715538024902
	0.9779848456382751
	0.9780038595199585
	0.9779960513114929
	0.9780086278915405
	0.9780303239822388
	0.97806715965271
	0.9780799150466919
	0.9780987501144409
	0.97809898853302
	0.9781291484832764
	0.9781367778778076
	0.9781625270843506
	0.9781639575958252
	0.978181004524231
	0.9782012104988098
	0.9782297611236572
	0.9782423973083496
	0.9782701134681702
	0.9782912135124207
	0.9782867431640625
	0.9782954454421997
	0.9783405065536499
	0.9783533215522766
	0.9783622622489929
	0.978360116481781
	0.9783750176429749
	0.9784000515937805
	0.9784128069877625
	0.9784328937530518
	0.9784577488899231
	0.978475034236908
	0.9784715175628662
	0.9784788489341736
	0.9784943461418152
	0.9785095453262329
	0.9785227179527283
	0.9785443544387817
	0.9785508513450623
	0.9785574078559875
	0.9785610437393188
	0.9785696864128113
	0.978556752204895
	0.9785760641098022
	0.9785760045051575
	0.978594183921814
	0.9785850644111633
	0.9785876870155334
	0.9785900712013245
	0.9785991311073303
	0.9786112904548645
	0.9786193370819092
	0.9786369800567627
	0.9786504507064819
	0.9786583185195923
	0.9786551594734192
	0.9786780476570129
	0.9786844849586487
	0.9786731004714966
	0.978685736656189
	0.9786849617958069
	0.9786935448646545
	0.9787129759788513
	0.9786983728408813
	0.9786969423294067
	0.9786979556083679
	0.9787064790725708
	0.9787160754203796
	0.9787222146987915
	0.978740394115448
	0.9787415862083435
	0.9787609577178955
	0.9787870049476624
	0.9787930250167847
	0.9788076877593994
	0.9788082838058472
	0.9788237810134888
	0.9788430333137512
	0.9788724780082703
	0.9788931012153625
	0.9788935780525208
	0.9789049029350281
	0.9789204597473145
	0.9789481163024902
	0.9789741635322571
	0.9789898991584778
	0.978992223739624
	0.978999137878418
	0.9790053367614746
	0.9790064096450806
	0.979035496711731
	0.9790584444999695
	0.9790565371513367
	0.9790690541267395
	0.9790838360786438
	0.9791033267974854
	0.9791287779808044
	0.9791333675384521
	0.9791288375854492
	0.9791504144668579
	0.9791670441627502
	0.9791774153709412
	0.9791905283927917
	0.9791930913925171
	0.9792028665542603
	0.9792433977127075
	0.9792401790618896
	0.9792275428771973
	0.9792447090148926
	0.9792672395706177
	0.9792702794075012
	0.9792984127998352
	0.979308545589447
	0.9793146252632141
	0.9793376922607422
	0.9793548583984375
	0.9793816208839417
	0.9793883562088013
	0.9793998003005981
	0.9794189929962158
	0.9794487953186035
	0.9794670939445496
	0.9794857501983643
	0.9794742465019226
	0.9794886112213135
	0.979477047920227
	0.9794508218765259
	0.9794743061065674
	0.9794909358024597
	0.9795121550559998
	0.9795351028442383
	0.9795411825180054
	0.9795631170272827
	0.9795790910720825
	0.9795863032341003
	0.9796013236045837
	0.9796245694160461
	0.9796372652053833
	0.979655385017395
	0.979668378829956
	0.9796818494796753
	0.9797102808952332
	0.97974693775177
	0.9797530174255371
	0.979772686958313
	0.9798105359077454
	0.9798148274421692
	0.979839026927948
	0.979843020439148
	0.9798438549041748
	0.9798488020896912
	0.9798753261566162
	0.97989422082901
	0.9799165725708008
	0.979935348033905
	0.9799506664276123
	0.9799781441688538
	0.979983389377594
	0.9799920916557312
	0.9800071716308594
	0.9800253510475159
	0.9800246357917786
	0.9800406694412231
	0.9800479412078857
	0.9800654053688049
	0.9800878763198853
	0.9801003336906433
	0.9801145195960999
	0.9801154732704163
	0.9801281094551086
	0.9801247715950012
	0.9801510572433472
	0.9801570177078247
	0.9801738858222961
	0.980184018611908
	0.980208158493042
	0.9802217483520508
	0.9802383184432983
	0.980252206325531
	0.9802429676055908
	0.9802729487419128
	0.9802687764167786
	0.9802860617637634
	0.9802966117858887
	0.9803153276443481
	0.9803078770637512
	0.9803045392036438
	0.9803194999694824
	0.9803121089935303
	0.9803162217140198
	0.9803374409675598
	0.9803590774536133
	0.9803860783576965
	0.9803851842880249
	0.9804263710975647
	0.9804480671882629
	0.9804554581642151
	0.980452835559845
	0.9804810285568237
	0.9804999232292175
	0.9805261492729187
	0.9805244207382202
	0.9805582761764526
	0.9805660247802734
	0.980574905872345
	0.9805855751037598
	0.9806088209152222
	0.9806323647499084
	0.9806303381919861
	0.9806487560272217
	0.9806573987007141
	0.9806802868843079
	0.9806919097900391
	0.9807136058807373
	0.9806958436965942
	0.9807089567184448
	0.9807306528091431
	0.9807405471801758
	0.9807593822479248
	0.9807661175727844
	0.9807844758033752
	0.9807865023612976
	0.9807906150817871
	0.9807972311973572
	0.980810284614563
	0.9808379411697388
	0.9808669090270996
	0.9808829426765442
	0.9808984994888306
	0.9809148907661438
	0.9809295535087585
	0.9809194207191467
	0.9809368848800659
	0.9809299111366272
	0.9809215664863586
	0.9809463024139404
	0.9809646606445312
	0.9809812903404236
	0.9809830188751221
	0.9810197949409485
	0.9810341596603394
	0.9810388088226318
	0.9810472130775452
	0.981061577796936
	0.9810505509376526
	0.9810582995414734
	0.9810556769371033
	0.9810755252838135
	0.9811081886291504
	0.9811041355133057
	0.9811177253723145
	0.9811270236968994
	0.9811424612998962
	0.9811580777168274
	0.981191098690033
	0.9812062978744507
	0.9812225103378296
	0.9812288880348206
	0.981235921382904
	0.9812482595443726
	0.9812730550765991
	0.9812846183776855
	0.9812912344932556
	0.9813106656074524
	0.9813224673271179
	0.9813551902770996
	0.9813527464866638
	0.9813557267189026
	0.9813516736030579
	0.9813745021820068
	0.9813928604125977
	0.9814305901527405
	0.9814678430557251
	0.9814939498901367
	0.9814856648445129
	0.9814983606338501
	0.9815143346786499
	0.9815397262573242
	0.9815547466278076
	0.9815728664398193
	0.9815837740898132
	0.981600821018219
	0.9816197156906128
	0.9816556572914124
	0.9816817045211792
	0.9816908836364746
	0.981698215007782
	0.9817022681236267
	0.9817108511924744
	0.9817405939102173
	0.9817541837692261
	0.9817617535591125
	0.9817786812782288
	0.9817882180213928
	0.9818066358566284
	0.981818437576294
	0.9818475842475891
	0.981852114200592
	0.9818563461303711
	0.9818733930587769
	0.9818801283836365
	0.9818776249885559
	0.9818753600120544
	0.9818718433380127
	0.9818945527076721
	0.9818915724754333
	0.9819257855415344
	0.9819495677947998
	0.981945812702179
	0.9819808602333069
	0.9819759130477905
	0.9820046424865723
	0.9820034503936768
	0.9820079207420349
	0.9820341467857361
	0.9820655584335327
	0.9820694923400879
	0.982087254524231
	0.9820780754089355
	0.9821017980575562
	0.9821308255195618
	0.9821415543556213
	0.9821770191192627
	0.9821888208389282
	0.9821979999542236
	0.9822186231613159
	0.9822409749031067
	0.9822416305541992
	0.9822492003440857
	0.982259213924408
	0.9822620749473572
	0.9822827577590942
	0.9822807908058167
	0.9822975397109985
	0.9823041558265686
	0.982326090335846
	0.982354462146759
	0.9823876619338989
	0.9824231863021851
	0.982420027256012
	0.9824144244194031
	0.9824373722076416
	0.9824343323707581
	0.9824457764625549
	0.9824667572975159
	0.9824708104133606
	0.9825047850608826
	0.9825196266174316
	0.9825334548950195
	0.9825473427772522
	0.9825559258460999
	0.9825724959373474
	0.9826024770736694
	0.9825886487960815
	0.9826046824455261
	0.9826042652130127
	0.9826338291168213
	0.9826610684394836
	0.982692301273346
	0.9827247858047485
	0.9827375411987305
	0.9827591776847839
	0.9827904105186462
	0.9828211069107056
	0.9828243851661682
	0.9828547835350037
	0.9828377962112427
	0.9828394055366516
	0.9828395843505859
	0.982856810092926
	0.982887864112854
	0.982917308807373
	0.9829524755477905
	0.9829666018486023
	0.9829604029655457
	0.9829928278923035
	0.9829837083816528
	0.9830147624015808
	0.9830415844917297
	0.9830631613731384
	0.983084499835968
	0.9830788373947144
	0.9831021428108215
	0.9831016659736633
	0.9831140637397766
	0.9831390976905823
	0.9831587076187134
	0.9831902384757996
	0.9832260012626648
	0.9832274913787842
	0.983254611492157
	0.9832755923271179
	0.983266294002533
	0.9832866787910461
	0.9833242297172546
	0.9833277463912964
	0.9833682775497437
	0.9834046959877014
	0.983422040939331
	0.9834197163581848
	0.9834200739860535
	0.9834305644035339
	0.983456552028656
	0.9834759831428528
	0.9834667444229126
	0.9834799766540527
	0.9834944605827332
	0.9835212230682373
	0.9835591316223145
	0.9835830926895142
	0.9835931658744812
	0.983597993850708
	0.9836249947547913
	0.9836509823799133
	0.9836646318435669
	0.9836718440055847
	0.9837058782577515
	0.9837179780006409
	0.9837292432785034
	0.9837495684623718
	0.983769416809082
	0.9838085174560547
	0.9838070869445801
	0.9837883710861206
	0.9838238954544067
	0.9838345050811768
	0.983867347240448
	0.9838657975196838
	0.9838758707046509
	0.9839102029800415
	0.9839252829551697
	0.9839118719100952
	0.9839223027229309
	0.9839475154876709
	0.9839406609535217
	0.9839392900466919
	0.9839702844619751
	0.9839974641799927
	0.9839930534362793
	0.9840092062950134
	0.9840118288993835
	0.9840348362922668
	0.984055757522583
	0.9840707182884216
	0.9840719103813171
	0.984089195728302
	0.9841171503067017
	0.9841306209564209
	0.98416668176651
	0.984163761138916
	0.9841890335083008
	0.9842037558555603
	0.9842224717140198
	0.9842347502708435
	0.9842289090156555
	0.984239399433136
	0.9842631220817566
	0.9842898845672607
	0.9843117594718933
	0.9843099117279053
	0.9843391180038452
	0.9843353629112244
	0.9843390583992004
	0.9843319654464722
	0.9843330383300781
	0.9843736290931702
	0.9843698740005493
	0.9843815565109253
	0.9843853116035461
	0.9843996167182922
	0.9844152331352234
	0.9844260811805725
	0.9844286441802979
	0.984459400177002
	0.9845054149627686
	0.9845223426818848
	0.9845232367515564
	0.984553337097168
	0.9845615029335022
	0.984577476978302
	0.9845829010009766
	0.9845872521400452
	0.9846073985099792
	0.9846405386924744
	0.9846664071083069
	0.9846824407577515
	0.9847234487533569
	0.9847493767738342
	0.9847426414489746
	0.9847426414489746
	0.9847471714019775
	0.9847314953804016
	0.9847416281700134
	0.9847655296325684
	0.9848107695579529
	0.9848311543464661
	0.9848405122756958
	0.9848477244377136
	0.9848630428314209
	0.9848619103431702
	0.984868049621582
	0.9848845601081848
	0.9849055409431458
	0.9849371314048767
	0.984941840171814
	0.9849623441696167
	0.9849632382392883
	0.984968364238739
	0.9849672913551331
	0.9849646091461182
	0.9849671721458435
	0.984975278377533
	0.9849891662597656
	0.984988272190094
	0.9850238561630249
	0.9850372076034546
	0.9850410223007202
	0.9850625395774841
	0.9850565791130066
	0.9850545525550842
	0.9850598573684692
	0.9850775599479675
	0.9850870370864868
	0.9851093888282776
	0.9851427674293518
	0.9851581454277039
	0.9851869344711304
	0.9852049946784973
	0.9852038621902466
	0.9852199554443359
]