[
	0.7928751111030579
	0.7927224636077881
	0.7925517559051514
	0.7923847436904907
	0.7922149896621704
	0.7920482158660889
	0.7918875813484192
	0.7917140126228333
	0.7915438413619995
	0.791375458240509
	0.7912101745605469
	0.7910465002059937
	0.7908759117126465
	0.7907254695892334
	0.7905537486076355
	0.7903719544410706
	0.7902011275291443
	0.7900217771530151
	0.7898319363594055
	0.7896631360054016
	0.7895030379295349
	0.7893756628036499
	0.7892004251480103
	0.789034366607666
	0.7888655662536621
	0.7887130379676819
	0.7885565161705017
	0.7883961796760559
	0.7882248163223267
	0.7880499958992004
	0.7878857254981995
	0.7877269983291626
	0.7875556945800781
	0.7873923182487488
	0.7872225046157837
	0.7870759963989258
	0.7869066596031189
	0.7867311239242554
	0.7865636944770813
	0.7864056825637817
	0.786243200302124
	0.7860949635505676
	0.7859176993370056
	0.7857523560523987
	0.78558349609375
	0.7854264974594116
	0.7852680087089539
	0.7851133942604065
	0.7849676012992859
	0.784790575504303
	0.7846332788467407
	0.7844700813293457
	0.7843290567398071
	0.7841911911964417
	0.7840487360954285
	0.7839048504829407
	0.7837523221969604
	0.7836111783981323
	0.7834566235542297
	0.7833230495452881
	0.7831715941429138
	0.7830167412757874
	0.7828675508499146
	0.7827135324478149
	0.7825731635093689
	0.7824337482452393
	0.7822718024253845
	0.7821376919746399
	0.781981885433197
	0.7818450331687927
	0.7816926836967468
	0.7815610766410828
	0.7814225554466248
	0.7812823057174683
	0.7811424732208252
	0.7810102701187134
	0.7808705568313599
	0.7807314395904541
	0.7805876731872559
	0.7804410457611084
	0.7802957892417908
	0.780160665512085
	0.7800287008285522
	0.7799005508422852
	0.7797709107398987
	0.7796341776847839
	0.7794893383979797
	0.7793639302253723
	0.7792275547981262
	0.7790952324867249
	0.7789535522460938
	0.7788226008415222
	0.7786868214607239
	0.7785682082176208
	0.7784431576728821
	0.7783055901527405
	0.7781729698181152
	0.7780482172966003
	0.7779314517974854
	0.77780681848526
	0.7776867151260376
	0.7775611877441406
	0.7774599194526672
	0.7773187756538391
	0.7771869897842407
	0.7770395874977112
	0.7769210338592529
	0.7768052816390991
	0.7766767740249634
	0.7765580415725708
	0.7764341831207275
	0.7763115167617798
	0.7761898636817932
	0.7760648727416992
	0.7759466767311096
	0.7758306264877319
	0.7757179141044617
	0.7755882143974304
	0.775456428527832
	0.7753373384475708
	0.775216281414032
	0.7751048803329468
	0.7750106453895569
	0.7748980522155762
	0.7748007774353027
	0.7746878862380981
	0.7745751738548279
	0.7744894623756409
	0.7744038105010986
	0.7742825746536255
	0.7741642594337463
	0.7740463018417358
	0.773942232131958
	0.7738326191902161
	0.7737113833427429
	0.7735912203788757
	0.7734849452972412
	0.773381769657135
	0.7732788920402527
	0.7731696963310242
	0.7730590105056763
	0.7729401588439941
	0.7728292346000671
	0.772724449634552
	0.7726148366928101
	0.7725160717964172
	0.7723962664604187
	0.7722753882408142
	0.7721683382987976
	0.772060215473175
	0.7719547152519226
	0.7718632817268372
	0.771765410900116
	0.7716442346572876
	0.7715408205986023
	0.7714367508888245
	0.7713267207145691
	0.7712328433990479
	0.7711282968521118
	0.7710167169570923
	0.7709181308746338
	0.7708452939987183
	0.7707352638244629
	0.7706590890884399
	0.7705824375152588
	0.7704972624778748
	0.7704102993011475
	0.7703201174736023
	0.7702266573905945
	0.770136296749115
	0.7700356245040894
	0.7699348330497742
	0.7698494791984558
	0.769751787185669
	0.7696564793586731
	0.7695528268814087
	0.7694517374038696
	0.7693657279014587
	0.7692654728889465
	0.7691693902015686
	0.7690815925598145
	0.7689944505691528
	0.7689145803451538
	0.7688190340995789
	0.7687448263168335
	0.76864093542099
	0.7685484290122986
	0.768464207649231
	0.7683712244033813
	0.7682842016220093
	0.7681898474693298
	0.7680884003639221
	0.7680066823959351
	0.7679123878479004
	0.767829179763794
	0.7677433490753174
	0.7676719427108765
	0.767615795135498
	0.7675306797027588
	0.7674487829208374
	0.7673566937446594
	0.7672877907752991
	0.7672112584114075
	0.767116367816925
	0.767036497592926
	0.7669702172279358
	0.7668874263763428
	0.7667959332466125
	0.7667140960693359
	0.7666197419166565
	0.7665267586708069
	0.7664491534233093
	0.7663695812225342
	0.7662832736968994
	0.7661872506141663
	0.7660953402519226
	0.7660060524940491
	0.7659199833869934
	0.765844464302063
	0.7657763361930847
	0.7657002210617065
	0.7656117677688599
	0.7655418515205383
	0.7654657363891602
	0.7653909921646118
	0.7653268575668335
	0.765256941318512
	0.7651819586753845
	0.7651087641716003
	0.7650316953659058
	0.7649495005607605
	0.7648821473121643
	0.7647997140884399
	0.7647108435630798
	0.7646267414093018
	0.764553964138031
	0.7644758820533752
	0.7644040584564209
	0.7643408179283142
	0.7642714381217957
	0.7641857862472534
	0.7641058564186096
	0.764054536819458
	0.7639706134796143
	0.7639057040214539
	0.7638282775878906
	0.7637598514556885
	0.763684093952179
	0.7636065483093262
	0.7635292410850525
	0.7634477019309998
	0.7633650898933411
	0.7632895708084106
	0.76323002576828
	0.7631597518920898
	0.7630851864814758
	0.7630156874656677
	0.7629324197769165
	0.7628870010375977
	0.7628397345542908
	0.7627738118171692
	0.7626892924308777
	0.7626071572303772
	0.762556791305542
	0.7624943852424622
	0.7624236345291138
	0.7623535990715027
	0.7622876167297363
	0.7622213363647461
	0.7621488571166992
	0.7620798945426941
	0.7620052695274353
	0.7619419097900391
	0.7618745565414429
	0.7618173956871033
	0.7617471814155579
	0.761691153049469
	0.7616252899169922
	0.7615895867347717
	0.7615230679512024
	0.7614648342132568
	0.7613891363143921
	0.7613159418106079
	0.7612609267234802
	0.7612096071243286
	0.7611315250396729
	0.7610715627670288
	0.7610045075416565
	0.7609372138977051
	0.7608837485313416
	0.7608219981193542
	0.76075279712677
	0.7606934905052185
	0.7606514096260071
	0.7605958580970764
	0.7605546116828918
	0.7605089545249939
	0.7604629993438721
	0.7604077458381653
	0.7603482604026794
	0.7602851390838623
	0.7602230906486511
	0.7601578831672668
	0.7601040005683899
	0.7600456476211548
	0.7599948644638062
	0.7599242925643921
	0.7598559260368347
	0.759803056716919
	0.7597531080245972
	0.7596922516822815
	0.7596217393875122
	0.7595594525337219
	0.7594999670982361
	0.7594367265701294
	0.759373664855957
	0.7593298554420471
	0.7592521905899048
	0.7591907978057861
	0.759135901927948
	0.7590781450271606
	0.7590104341506958
	0.758954644203186
	0.7588933706283569
	0.7588414549827576
	0.758774995803833
	0.7587142586708069
	0.7586559653282166
	0.7585961818695068
	0.7585644125938416
	0.7585280537605286
	0.7584864497184753
	0.7584503889083862
	0.7584243416786194
	0.7583905458450317
	0.758337140083313
	0.7582905888557434
	0.7582443952560425
	0.7581965923309326
	0.7581477165222168
	0.7580891847610474
	0.7580522298812866
	0.7579833269119263
	0.7579379081726074
	0.7578901648521423
	0.7578479051589966
	0.7577900886535645
	0.7577399015426636
	0.7576882839202881
	0.7576642632484436
	0.7576335072517395
	0.7575769424438477
	0.7575179934501648
	0.7574674487113953
	0.7574191689491272
	0.7573855519294739
	0.7573230862617493
	0.757266640663147
	0.757217288017273
	0.7571637630462646
	0.7571131587028503
	0.7570571303367615
	0.7570223808288574
	0.7569748759269714
	0.7569297552108765
	0.7568800449371338
	0.7568292617797852
	0.7567863464355469
	0.7567367553710938
	0.7566848993301392
	0.756644606590271
	0.7565988302230835
	0.7565407156944275
	0.7565009593963623
	0.7564507126808167
	0.7564066648483276
	0.7563731074333191
	0.7563450932502747
	0.7563103437423706
	0.7562794089317322
	0.7562350630760193
	0.7561964988708496
	0.7561497092247009
	0.756102979183197
	0.756056547164917
	0.7560134530067444
	0.7559639811515808
	0.7559212446212769
	0.7558810710906982
	0.7558308243751526
	0.7557781934738159
	0.7557345032691956
	0.755687952041626
	0.7556418776512146
	0.7555973529815674
	0.755567193031311
	0.7555086612701416
	0.7554816603660583
	0.7554599046707153
	0.7554298043251038
	0.7554100751876831
	0.7553648352622986
	0.7553225159645081
	0.7552794814109802
	0.7552328109741211
	0.755183756351471
	0.7551287412643433
	0.7550820708274841
	0.7550356388092041
	0.7550127506256104
	0.7549816966056824
	0.7549422979354858
	0.7548938393592834
	0.7548487186431885
	0.7548097372055054
	0.7547729015350342
	0.7547414302825928
	0.7547186017036438
	0.7546806931495667
	0.7546452879905701
	0.7545983791351318
	0.7545536756515503
	0.7545017004013062
	0.7544685006141663
	0.7544582486152649
	0.7544392943382263
	0.7543931603431702
	0.7543473243713379
	0.7543248534202576
	0.7543046474456787
	0.7542704939842224
	0.7542469501495361
	0.7542283535003662
	0.7542135715484619
	0.7541873455047607
	0.7541730403900146
	0.7541266679763794
	0.7541037797927856
	0.7540786862373352
	0.7540489435195923
	0.754011869430542
	0.75398188829422
	0.7539438605308533
	0.7539072632789612
	0.7538658976554871
	0.7538476586341858
	0.7538241147994995
	0.7537930607795715
	0.7537702918052673
	0.7537218928337097
	0.7536723613739014
	0.7536424994468689
	0.7535969614982605
	0.7535558938980103
	0.7535094022750854
	0.7534788250923157
	0.7534317374229431
	0.7533936500549316
	0.7533767819404602
	0.7533565759658813
	0.7533431649208069
	0.7533195614814758
	0.7532808780670166
	0.7532631754875183
	0.7532413601875305
	0.7532143592834473
	0.7531754970550537
	0.7531334757804871
	0.7530894875526428
	0.7530478239059448
	0.7530027031898499
	0.7529762387275696
	0.7529416084289551
	0.7529060244560242
	0.7528647780418396
	0.7528377771377563
	0.7528184652328491
	0.7528024911880493
	0.7527632117271423
	0.7527285814285278
	0.7526901960372925
	0.7526465058326721
	0.7526120543479919
	0.752596914768219
	0.7525667548179626
	0.7525522112846375
	0.7525284290313721
	0.7524990439414978
	0.7524608969688416
	0.7524253726005554
	0.7523948550224304
	0.7523795962333679
	0.752348005771637
	0.7523095011711121
	0.752276599407196
	0.7522602081298828
	0.7522357106208801
	0.7522255778312683
	0.7521907687187195
	0.7521508932113647
	0.7521263957023621
	0.7520959377288818
	0.7520726919174194
	0.7520453333854675
	0.7520152926445007
	0.7519864439964294
	0.7519624829292297
	0.7519499063491821
	0.7519317269325256
	0.7518940567970276
	0.7518607974052429
	0.7518247961997986
	0.7518053650856018
	0.7517648935317993
	0.751746416091919
	0.7517171502113342
	0.7516825795173645
	0.7516745328903198
	0.7516687512397766
	0.7516620755195618
	0.7516322731971741
	0.7515953779220581
	0.7515702843666077
	0.7515496611595154
	0.7515242099761963
	0.7514896392822266
	0.7514537572860718
	0.7514222860336304
	0.751383364200592
	0.7513630986213684
	0.7513518929481506
	0.7513089776039124
	0.7512717247009277
	0.7512422204017639
	0.7512016296386719
	0.7511624693870544
	0.7511311173439026
	0.7511181235313416
	0.7510860562324524
	0.7510559558868408
	0.751023530960083
	0.7510023713111877
	0.7509967088699341
	0.7509757280349731
	0.7509351968765259
	0.7509185671806335
	0.75089031457901
	0.7508766055107117
	0.7508474588394165
	0.7508360743522644
	0.7508252263069153
	0.7508141398429871
	0.7507858872413635
	0.7507469058036804
	0.7507126927375793
	0.7506996989250183
	0.750694990158081
	0.7506857514381409
	0.7506793737411499
	0.7506491541862488
	0.7506304979324341
	0.7506163716316223
	0.7505840063095093
	0.7505770325660706
	0.750569760799408
	0.7505413889884949
	0.7505248785018921
	0.7505045533180237
	0.7505071759223938
	0.7505068778991699
	0.7504932284355164
	0.7504796981811523
	0.7504414319992065
	0.750407874584198
	0.7503693103790283
	0.750354528427124
	0.7503488063812256
	0.7503372430801392
	0.7503217458724976
	0.7503094673156738
	0.7502985000610352
	0.7502920627593994
	0.7502890825271606
	0.7502847909927368
	0.7502647042274475
	0.7502480745315552
	0.7502360343933105
	0.7502142786979675
	0.7501839995384216
	0.7501508593559265
	0.7501383423805237
	0.7501147389411926
	0.7501133680343628
	0.7501088380813599
	0.7500764727592468
	0.750080406665802
	0.7500709891319275
	0.7500697374343872
	0.750041127204895
	0.750010073184967
	0.7499824166297913
	0.7499380707740784
	0.7499116063117981
	0.7498790621757507
	0.7498788237571716
	0.7498771548271179
	0.7498773336410522
	0.7498542070388794
	0.7498552203178406
	0.7498347759246826
	0.7498084306716919
	0.7497962117195129
	0.7497923970222473
	0.7497828602790833
	0.7497729063034058
	0.7497503757476807
	0.7497172355651855
	0.749688446521759
	0.7496770024299622
	0.7496592998504639
	0.7496585249900818
	0.7496392726898193
	0.7496370077133179
	0.7496330738067627
	0.7496229410171509
	0.7496000528335571
	0.7495725154876709
	0.7495639324188232
	0.7495641708374023
	0.7495487928390503
	0.7495181560516357
	0.7494856119155884
	0.7494717836380005
	0.7494593858718872
	0.7494543790817261
	0.7494524121284485
	0.7494548559188843
	0.7494353652000427
	0.7494243383407593
	0.7494207620620728
	0.7494173645973206
	0.7494224905967712
	0.7494193911552429
	0.7494143843650818
	0.749387800693512
	0.7493780851364136
	0.7493658661842346
	0.7493577003479004
	0.749358594417572
	0.7493585348129272
	0.7493313550949097
	0.7492994070053101
	0.749272882938385
	0.7492526173591614
	0.7492490410804749
	0.7492457032203674
	0.7492445111274719
	0.7492421865463257
	0.7492329478263855
	0.7492015361785889
	0.7491730451583862
	0.749161422252655
	0.749151885509491
	0.7491403222084045
	0.7491579055786133
	0.7491546273231506
	0.7491523027420044
	0.7491416335105896
	0.7491311430931091
	0.7491255402565002
	0.7491258382797241
	0.7490984201431274
	0.7490915656089783
	0.7490874528884888
	0.7490778565406799
	0.7490713596343994
	0.7490627765655518
	0.7490493059158325
	0.7490234971046448
	0.749019980430603
	0.74901282787323
	0.7490094900131226
	0.7489964962005615
	0.7489932179450989
	0.748996913433075
	0.7489959597587585
	0.7489961981773376
	0.7489684224128723
	0.748971164226532
	0.7489423751831055
	0.7489345669746399
	0.7489233613014221
	0.7489235401153564
	0.7489279508590698
	0.7489215135574341
	0.7489116191864014
	0.7489088773727417
	0.7488995790481567
	0.7488983869552612
	0.748892605304718
	0.7488896250724792
	0.7488915920257568
	0.7488595843315125
	0.748856782913208
	0.7488521933555603
	0.7488471865653992
	0.7488259673118591
	0.748822033405304
	0.7488176226615906
	0.7488054037094116
	0.7488036751747131
	0.7487785816192627
	0.748751699924469
	0.748742938041687
	0.7487471699714661
	0.7487524151802063
	0.7487472295761108
	0.748751699924469
	0.7487441301345825
	0.7487374544143677
	0.7487396597862244
	0.7487333416938782
	0.7487297058105469
	0.7487148642539978
	0.7486861348152161
	0.7486627697944641
	0.7486512660980225
	0.7486365437507629
	0.7486340999603271
	0.748631477355957
	0.7486144304275513
	0.7486128807067871
	0.7486129999160767
	0.748609721660614
	0.7486083507537842
	0.7486011981964111
	0.7485968470573425
	0.748599648475647
	0.7486146092414856
	0.7486081719398499
	0.7486085891723633
	0.748609185218811
	0.7486023902893066
	0.7486006617546082
	0.748599112033844
	0.7486036419868469
	0.7486004829406738
	0.7486061453819275
	0.7485925555229187
	0.7485859394073486
	0.7485915422439575
	0.748596727848053
	0.7485878467559814
	0.7485629916191101
	0.7485301494598389
	0.7485286593437195
	0.7485292553901672
	0.7485185265541077
	0.7485185861587524
	0.7485182285308838
	0.7485204935073853
	0.7485161423683167
	0.7485182881355286
	0.748528778553009
	0.7485199570655823
	0.7485097646713257
	0.7485119700431824
	0.7484891414642334
	0.7484880089759827
	0.748493492603302
	0.748495876789093
	0.7484959959983826
	0.7484885454177856
	0.7484796643257141
	0.7484744787216187
	0.7484754323959351
	0.7484726309776306
	0.7484741806983948
	0.7484497427940369
	0.7484531402587891
	0.7484562397003174
	0.7484293580055237
	0.7484323382377625
	0.7484241127967834
	0.7484288811683655
	0.7484425902366638
	0.7484402656555176
	0.7484496831893921
	0.7484455108642578
	0.7484418153762817
	0.7484486699104309
	0.7484334707260132
	0.7484279274940491
	0.7484275102615356
	0.7484275698661804
	0.7484290599822998
	0.7484249472618103
	0.7484347224235535
	0.7484389543533325
	0.7484461665153503
	0.7484409213066101
	0.748445987701416
	0.7484434843063354
	0.7484350204467773
	0.7484294772148132
	0.7484327554702759
	0.7484349608421326
	0.7484326362609863
	0.7484264969825745
	0.7484200596809387
	0.7484269142150879
	0.7484213709831238
	0.7484189867973328
	0.7484202980995178
	0.7484287619590759
	0.7484279870986938
	0.7484328746795654
	0.7484334111213684
	0.7484350800514221
	0.748417317867279
	0.7484195828437805
	0.748417317867279
	0.7484107613563538
	0.7484201788902283
	0.748420774936676
	0.7484312653541565
	0.7484064698219299
	0.7484018802642822
	0.7483865022659302
	0.7483885288238525
	0.7483927607536316
	0.7483628988265991
	0.7483415603637695
	0.7483360767364502
	0.7483348250389099
	0.7483274936676025
	0.7483184337615967
	0.7483139038085938
	0.7483080625534058
	0.74831223487854
	0.7483060956001282
	0.7483082413673401
	0.7483036518096924
	0.7482947111129761
	0.748305082321167
	0.7483084797859192
	0.748314619064331
	0.7483056783676147
	0.7482998967170715
	0.7482998967170715
	0.7482996582984924
	0.7482988834381104
	0.7483049631118774
	0.7483100295066833
	0.7483077049255371
	0.7483091354370117
	0.7482995986938477
	0.7483094930648804
	0.7483100891113281
	0.7483100891113281
	0.7483179569244385
	0.7483109831809998
	0.7483039498329163
	0.748305082321167
	0.7483130693435669
	0.7483123540878296
	0.7483086585998535
	0.7483097314834595
	0.7483036518096924
	0.7483058571815491
	0.748308539390564
	0.7483079433441162
	0.748308539390564
	0.7483083605766296
	0.7483164668083191
	0.7483130097389221
	0.7483160495758057
	0.7483176589012146
	0.7483271956443787
	0.7483280897140503
	0.7483304142951965
	0.7483376860618591
	0.7483416795730591
	0.7483357787132263
	0.7483335137367249
	0.7483363151550293
	0.7483402490615845
	0.7483395338058472
	0.7483360171318054
	0.7483346462249756
	0.7483376860618591
	0.7483431696891785
	0.7483437657356262
	0.7483450770378113
	0.7483428716659546
	0.7483380436897278
	0.7483367919921875
	0.7483333945274353
	0.7483256459236145
	0.748312771320343
	0.7483043670654297
	0.7483000159263611
	0.7483029961585999
	0.7483018636703491
	0.7483008503913879
	0.7483031749725342
	0.7482984066009521
	0.7483031749725342
	0.7483038902282715
	0.7482955455780029
	0.7482913136482239
	0.7482889890670776
	0.7482966780662537
	0.748271107673645
	0.7482680678367615
	0.7482572197914124
	0.748254656791687
	0.7482483983039856
	0.7482473254203796
	0.7482412457466125
	0.7482433915138245
	0.7482544779777527
	0.7482597231864929
	0.7482629418373108
	0.7482551336288452
	0.7482589483261108
	0.7482513785362244
	0.748250424861908
	0.7482572197914124
	0.7482596635818481
	0.7482575178146362
	0.7482606172561646
	0.7482559084892273
	0.7482607364654541
	0.748263955116272
	0.7482709884643555
	0.7482717633247375
	0.7482777237892151
	0.7482677102088928
	0.7482730746269226
	0.7482697367668152
	0.74828040599823
	0.7482748031616211
	0.7482746243476868
	0.7482690215110779
	0.7482694983482361
	0.7482638955116272
	0.7482736706733704
	0.7482731342315674
	0.7482680678367615
	0.7482718825340271
	0.748276948928833
	0.7482811808586121
	0.7482748627662659
	0.7482659816741943
	0.7482424974441528
	0.7482333183288574
	0.7482348084449768
	0.748240053653717
	0.7482351064682007
	0.7482358813285828
	0.7482447028160095
	0.7482393980026245
	0.7482430934906006
	0.7482423186302185
	0.74824059009552
	0.7482424974441528
	0.7482406497001648
	0.7482375502586365
	0.7482300400733948
	0.7482370138168335
	0.7482385039329529
	0.7482536435127258
	0.7482524514198303
	0.7482530474662781
	0.7482537031173706
	0.7482507824897766
	0.7482549548149109
	0.7482532858848572
	0.7482629418373108
	0.7482666373252869
	0.7482742667198181
	0.7482746839523315
	0.7482762336730957
	0.7482729554176331
	0.7482611536979675
	0.7482609748840332
	0.7482584118843079
	0.7482607960700989
	0.7482606768608093
	0.7482545971870422
	0.7482507228851318
	0.7482529878616333
	0.7482557892799377
	0.7482483386993408
	0.7482502460479736
	0.7482558488845825
	0.7482630014419556
	0.748265266418457
	0.7482687830924988
	0.7482659816741943
	0.748263955116272
	0.7482523918151855
	0.7482513785362244
	0.7482537627220154
	0.748236894607544
	0.7482370138168335
	0.7482293844223022
	0.7482311129570007
	0.7482306957244873
	0.7482394576072693
	0.7482415437698364
	0.7482427954673767
	0.7482390403747559
	0.7482351660728455
	0.7482423186302185
	0.7482488751411438
	0.7482432723045349
	0.7482375502586365
	0.7482364177703857
	0.7482268810272217
	0.7482382655143738
	0.7482344508171082
	0.7482313513755798
	0.7482389211654663
	0.7482396960258484
	0.7482427954673767
	0.7482569217681885
	0.7482454180717468
	0.7482558488845825
	0.7482415437698364
	0.748243510723114
	0.7482362985610962
	0.7482394576072693
	0.7482479214668274
	0.7482476234436035
	0.7482479214668274
	0.7482487559318542
	0.7482504844665527
	0.7482576966285706
	0.7482608556747437
	0.748255729675293
	0.7482539415359497
	0.7482582330703735
	0.7482448816299438
	0.7482532858848572
	0.7482525110244751
	0.7482540607452393
	0.7482559084892273
	0.7482492923736572
	0.7482460141181946
	0.7482377886772156
	0.7482231259346008
	0.7482145428657532
	0.7482175827026367
	0.7482239007949829
	0.7482286095619202
	0.7482269406318665
	0.7482194304466248
	0.7482215166091919
	0.7482268810272217
	0.748222827911377
	0.7482242584228516
	0.7482163906097412
	0.7482175230979919
	0.7482133507728577
	0.7482193112373352
	0.7482156157493591
	0.7482093572616577
	0.7482072114944458
	0.7482038736343384
	0.7481999397277832
	0.7481967210769653
	0.7481968998908997
	0.7481886148452759
	0.7481911182403564
	0.7481920123100281
	0.7481886744499207
	0.7481867671012878
	0.7481849789619446
	0.7481886148452759
	0.7481840252876282
	0.7481830716133118
	0.7481874823570251
	0.7481858730316162
	0.7481807470321655
	0.7481707334518433
	0.7481645941734314
	0.7481617331504822
	0.7481649518013
	0.7481648921966553
	0.7481656074523926
	0.7481520175933838
	0.7481641173362732
	0.748157262802124
	0.7481638193130493
	0.748173713684082
	0.7481682896614075
	0.7481675744056702
	0.7481561899185181
	0.7481442093849182
	0.7481428384780884
	0.748149573802948
	0.7481448650360107
	0.7481487393379211
	0.7481511831283569
	0.7481605410575867
	0.7481621503829956
	0.7481638789176941
	0.7481597661972046
	0.7481565475463867
	0.7481627464294434
	0.7481796145439148
	0.7481774687767029
	0.7481779456138611
	0.7481837272644043
	0.7481859922409058
	0.7481808662414551
	0.7481790781021118
	0.7481786608695984
	0.7481725811958313
	0.7481686472892761
	0.748177170753479
	0.7481802701950073
	0.7481803297996521
	0.7481692433357239
	0.748167872428894
	0.7481767535209656
	0.7481698393821716
	0.748165488243103
	0.7481639385223389
	0.7481568455696106
	0.7481552958488464
	0.7481606602668762
	0.7481665015220642
	0.7481637001037598
	0.7481610774993896
	0.7481650114059448
	0.7481650114059448
	0.7481638789176941
	0.748157262802124
	0.74814772605896
	0.7481530904769897
	0.748153567314148
	0.7481525540351868
	0.7481575608253479
	0.7481603026390076
	0.7481631636619568
	0.7481687664985657
	0.7481850981712341
	0.7481826543807983
	0.7481800317764282
	0.7481712698936462
	0.7481662631034851
	0.7481628656387329
	0.7481501698493958
	0.7481589913368225
	0.7481619715690613
	0.7481608390808105
	0.7481560707092285
	0.7481482028961182
	0.7481637001037598
	0.7481580376625061
	0.7481619715690613
	0.7481712102890015
	0.7481672763824463
	0.7481565475463867
	0.7481587529182434
	0.7481629848480225
	0.7481564879417419
	0.7481569647789001
	0.7481639981269836
	0.7481696605682373
	0.7481671571731567
	0.748160183429718
	0.7481638789176941
	0.7481618523597717
	0.7481572031974792
	0.7481528520584106
	0.7481467127799988
	0.7481428980827332
	0.7481335401535034
	0.748137354850769
	0.748133659362793
	0.7481377124786377
	0.7481406331062317
	0.7481387853622437
	0.7481414079666138
	0.7481364011764526
	0.7481271028518677
	0.7481105327606201
	0.7481082081794739
	0.7480963468551636
	0.7480994462966919
	0.7480902671813965
	0.7480875253677368
	0.7480992078781128
	0.7480963468551636
	0.7480985522270203
	0.7480951547622681
	0.7480931878089905
	0.7480944395065308
	0.7480860352516174
	0.748083233833313
	0.7480818629264832
	0.7480763792991638
	0.7480723857879639
	0.7480751276016235
	0.7480753064155579
	0.748075008392334
	0.7480806112289429
	0.7480786442756653
	0.7480765581130981
	0.7480778098106384
	0.7480664253234863
	0.7480586767196655
	0.748055636882782
	0.7480478882789612
	0.7480456829071045
	0.7480490803718567
	0.7480519413948059
	0.7480583190917969
	0.7480517625808716
	0.7480413317680359
	0.7480437755584717
	0.7480470538139343
	0.7480429410934448
	0.748039186000824
	0.7480310797691345
	0.7480311989784241
	0.7480393052101135
	0.7480447888374329
	0.7480382919311523
	0.748029351234436
	0.7480168342590332
	0.7480114102363586
	0.7480020523071289
	0.7480005621910095
	0.7480018138885498
	0.7479937076568604
	0.7479920983314514
	0.7479783892631531
	0.7479788064956665
	0.7479852437973022
	0.7479782104492188
	0.747989296913147
	0.7479947805404663
	0.7480021119117737
	0.7480023503303528
	0.748001217842102
	0.7479862570762634
	0.7479864358901978
	0.7479930520057678
	0.7479904294013977
	0.7479903697967529
	0.7479910254478455
	0.7479888796806335
	0.7479895949363708
	0.7479882836341858
	0.7479782700538635
	0.7479773163795471
	0.7479802966117859
	0.7479771971702576
	0.7479764223098755
	0.7479719519615173
	0.7479760050773621
	0.7479665279388428
	0.7479583621025085
	0.7479548454284668
	0.7479657530784607
	0.7479611039161682
	0.747965395450592
	0.7479692101478577
	0.7479678988456726
	0.7479712963104248
	0.7479691505432129
	0.747965931892395
	0.7479704022407532
	0.7479760646820068
	0.7479857802391052
	0.7479914426803589
	0.7479852437973022
	0.7479862570762634
	0.7479865550994873
	0.7479823231697083
	0.7479738593101501
	0.7479696273803711
	0.7479740381240845
	0.7479724287986755
	0.747972846031189
	0.7479672431945801
	0.7479599118232727
	0.7479610443115234
	0.7479573488235474
	0.7479555606842041
	0.7479510307312012
	0.7479453682899475
	0.747949481010437
	0.747943103313446
	0.7479405999183655
	0.7479386329650879
	0.7479377388954163
	0.747940719127655
	0.7479375600814819
	0.7479479908943176
	0.7479419708251953
	0.7479426860809326
	0.74795001745224
	0.7479481101036072
	0.7479448914527893
	0.7479450106620789
	0.7479416131973267
	0.7479475736618042
	0.747944712638855
	0.7479473352432251
	0.7479562759399414
	0.7479464411735535
	0.7479371428489685
	0.7479404211044312
	0.74793541431427
	0.7479338049888611
	0.7479405999183655
	0.7479381561279297
	0.7479313611984253
	0.747940719127655
	0.7479367256164551
	0.7479477524757385
	0.7479467988014221
	0.7479445934295654
	0.7479379177093506
	0.7479510307312012
	0.7479524612426758
	0.7479512095451355
	0.7479512095451355
	0.7479498386383057
	0.7479465007781982
	0.747957706451416
	0.7479533553123474
	0.7479516863822937
	0.7479480504989624
	0.7479521632194519
	0.7479565739631653
	0.7479463219642639
	0.747951328754425
	0.7479493618011475
	0.7479376196861267
	0.7479295134544373
	0.7479273080825806
	0.7479302287101746
	0.7479298710823059
	0.7479409575462341
	0.7479360699653625
	0.747943639755249
	0.7479356527328491
	0.7479261755943298
	0.7479234337806702
	0.7479270100593567
	0.7479245066642761
	0.7479220032691956
	0.7479168772697449
	0.7479078769683838
	0.7479001879692078
	0.7478954792022705
	0.7478943467140198
	0.7479029893875122
	0.7478996515274048
	0.7479021549224854
	0.7479127645492554
	0.7479161620140076
	0.7479231357574463
	0.7479124069213867
	0.7479103803634644
	0.747907817363739
	0.7479031682014465
	0.7479034066200256
	0.7478954195976257
	0.74789959192276
	0.7478998899459839
	0.7478936910629272
	0.7478854060173035
	0.7478762865066528
	0.7478879690170288
	0.747893750667572
	0.7478913068771362
	0.7478928565979004
	0.7478980422019958
	0.7478975653648376
	0.7478882074356079
	0.7478924989700317
	0.7478868961334229
	0.7478836178779602
	0.7478830814361572
	0.7478943467140198
	0.747904896736145
	0.7479056119918823
	0.7479013800621033
	0.7479095458984375
	0.7479115724563599
	0.7479037642478943
	0.747887134552002
	0.7478932738304138
	0.747894823551178
	0.7478965520858765
	0.7478780746459961
	0.7478840947151184
	0.7478818893432617
	0.7478997111320496
	0.7478888630867004
	0.7478939294815063
	0.7478998303413391
	0.7478960752487183
	0.7478970289230347
	0.747904896736145
	0.7479211091995239
	0.7479259371757507
	0.7479218244552612
	0.7479237914085388
	0.7479239106178284
	0.7479249835014343
	0.7479199171066284
	0.7479207515716553
	0.7479285597801208
	0.7479214668273926
	0.7479251027107239
	0.7479267716407776
	0.7479309439659119
	0.7479307651519775
	0.7479284405708313
	0.7479156851768494
	0.747925341129303
	0.7479255795478821
	0.747927725315094
	0.7479228973388672
	0.7479267716407776
	0.7479327917098999
	0.7479352355003357
	0.7479297518730164
	0.7479233741760254
	0.7479331493377686
	0.7479211091995239
	0.7479166388511658
	0.7479187250137329
	0.7479214072227478
	0.7479126453399658
	0.7479060292243958
	0.7478975057601929
	0.747899055480957
	0.7479041814804077
	0.7478907704353333
	0.7478887438774109
	0.7478985786437988
	0.7478958368301392
	0.7478973865509033
	0.747893750667572
	0.7478930354118347
	0.747900664806366
	0.7479058504104614
	0.747912585735321
	0.7479031682014465
	0.7479047775268555
	0.7478997111320496
	0.7479005455970764
	0.747908890247345
	0.7479157447814941
	0.7479225397109985
	0.7479231357574463
	0.7479218244552612
	0.7479214072227478
	0.7479196786880493
	0.7479227185249329
	0.747922420501709
	0.7479197382926941
	0.7479206919670105
	0.7479207515716553
	0.7479261755943298
	0.7479255795478821
	0.7479220032691956
	0.7479202151298523
	0.747914731502533
	0.7479174137115479
	0.7479138374328613
	0.7479180693626404
	0.7479250431060791
	0.7479239702224731
	0.747918426990509
	0.7479054927825928
	0.7479002475738525
	0.747898280620575
	0.7479026317596436
	0.7478973865509033
	0.7478936910629272
	0.747896671295166
	0.7479062080383301
	0.7479123473167419
	0.7479080557823181
	0.7479147911071777
	0.747918426990509
	0.7479203939437866
	0.7479233145713806
	0.7479236125946045
	0.7479270696640015
	0.7479242086410522
	0.7479279041290283
	0.747934103012085
	0.7479391694068909
	0.7479417324066162
	0.7479519844055176
	0.7479556202888489
	0.747943639755249
	0.7479557394981384
	0.7479665875434875
	0.7479650378227234
	0.7479693293571472
	0.747962474822998
	0.7479693293571472
	0.7479705810546875
	0.7479631304740906
	0.7479672431945801
	0.7479762434959412
	0.7479767799377441
	0.7479774355888367
	0.747982919216156
	0.7479791045188904
	0.7479778528213501
	0.7479725480079651
	0.7479655742645264
	0.747967541217804
	0.7479718923568726
	0.7479658722877502
	0.7479729056358337
	0.7479759454727173
	0.7479766607284546
	0.7479726672172546
	0.7479733824729919
	0.7479804754257202
	0.7479864358901978
	0.7479881048202515
	0.747982919216156
	0.747979462146759
	0.7479758858680725
	0.747974157333374
	0.7479775547981262
	0.7479828000068665
	0.7479755878448486
	0.7479761242866516
	0.747979998588562
	0.7479870319366455
	0.7479905486106873
	0.7479960322380066
	0.7480072975158691
	0.7480032444000244
	0.7480052709579468
	0.7480036020278931
	0.7480085492134094
	0.7480077743530273
	0.7480036020278931
	0.7479995489120483
	0.7479987740516663
	0.7480054497718811
	0.7480051517486572
	0.7480108737945557
	0.7480106949806213
	0.7480056285858154
	0.7480037212371826
	0.7480152249336243
	0.7480235695838928
	0.7480190992355347
	0.7480189204216003
	0.7480136752128601
	0.7480201721191406
	0.7480119466781616
	0.7480031847953796
	0.7480018138885498
	0.7480035424232483
	0.7480099201202393
	0.7480131983757019
	0.7480310201644897
	0.7480380535125732
	0.7480466365814209
	0.7480546236038208
	0.7480581402778625
	0.7480642795562744
	0.7480595707893372
	0.7480600476264954
	0.7480604648590088
	0.748053252696991
	0.7480584979057312
	0.7480651140213013
	0.7480657696723938
	0.7480627298355103
	0.7480707764625549
	0.7480818033218384
	0.7480881214141846
	0.748080849647522
	0.7480792999267578
	0.7480905055999756
	0.7480889558792114
	0.7480869889259338
	0.748090922832489
	0.7480987310409546
	0.7481184005737305
	0.7481220960617065
	0.748134195804596
	0.7481287717819214
	0.7481244802474976
	0.748124897480011
	0.7481207251548767
	0.748126208782196
	0.7481361031532288
	0.7481275200843811
	0.7481327652931213
	0.7481438517570496
	0.7481368184089661
	0.7481334805488586
	0.748136579990387
	0.7481409311294556
	0.7481476664543152
	0.748141884803772
	0.7481549382209778
	0.748149037361145
	0.748162567615509
	0.7481721043586731
	0.7481785416603088
	0.7481867671012878
	0.7481848001480103
	0.7481985688209534
	0.7482010722160339
	0.7482122778892517
	0.7482039928436279
	0.7482051253318787
	0.7482045888900757
	0.7481938600540161
	0.7481845617294312
	0.7481856942176819
	0.748196005821228
	0.7481975555419922
	0.7481957674026489
	0.748206377029419
	0.7482080459594727
	0.748208224773407
	0.748224675655365
	0.7482373118400574
	0.7482287883758545
	0.7482341527938843
	0.7482392191886902
	0.7482414841651917
	0.7482379078865051
	0.7482384443283081
	0.7482455372810364
	0.7482430338859558
	0.7482434511184692
	0.7482374310493469
	0.7482271790504456
	0.7482311129570007
	0.7482281923294067
	0.7482311129570007
	0.7482298612594604
	0.7482295632362366
	0.7482249736785889
	0.7482298612594604
	0.7482278347015381
	0.748221218585968
	0.7482213973999023
	0.7482247352600098
	0.7482287287712097
	0.7482224702835083
	0.7482277154922485
	0.7482330799102783
	0.7482461333274841
	0.7482482194900513
	0.748245358467102
	0.7482444643974304
	0.7482500672340393
	0.7482443451881409
	0.7482427358627319
	0.7482507824897766
	0.7482553720474243
	0.7482633590698242
	0.7482749223709106
	0.7482826709747314
	0.7482877969741821
	0.7482768297195435
	0.7482874989509583
	0.7482855916023254
	0.7482903599739075
	0.7482771873474121
	0.7482783198356628
	0.7482748627662659
	0.748290479183197
	0.7482959032058716
	0.7482891082763672
	0.7482949495315552
	0.7482978701591492
	0.7482955455780029
	0.7482960820198059
	0.7483029365539551
	0.7482990622520447
	0.7483106255531311
	0.7483146786689758
	0.7483041286468506
	0.7483137845993042
	0.7483115792274475
	0.7483205199241638
	0.7483278512954712
	0.748333215713501
	0.7483413815498352
	0.748347282409668
	0.7483473420143127
	0.7483458518981934
	0.748353123664856
	0.7483707666397095
	0.7483705878257751
	0.7483676075935364
	0.7483605742454529
	0.7483580112457275
	0.7483574748039246
	0.7483619451522827
	0.7483673691749573
	0.7483705282211304
	0.7483598589897156
	0.7483631372451782
	0.7483696341514587
	0.7483815550804138
	0.7483817934989929
	0.74838787317276
	0.748388409614563
	0.7483940124511719
	0.7484023571014404
	0.748407244682312
	0.7484170794487
	0.748429000377655
	0.7484375834465027
	0.748440682888031
	0.7484411001205444
	0.7484586834907532
	0.7484564185142517
	0.7484496235847473
	0.7484713196754456
	0.7484739422798157
	0.7484849095344543
	0.7484890222549438
	0.7485011219978333
	0.7485035061836243
	0.748511791229248
	0.7485224604606628
	0.7485159039497375
	0.7485227584838867
	0.7485268712043762
	0.7485357522964478
	0.7485473155975342
	0.7485533952713013
	0.7485635280609131
	0.7485730648040771
	0.7485658526420593
	0.7485669851303101
	0.7485676407814026
	0.7485798001289368
	0.7485805153846741
	0.7485761642456055
	0.7485769987106323
	0.7485790848731995
	0.748582124710083
	0.7485857009887695
	0.7485858201980591
	0.7485897541046143
	0.7485922574996948
	0.7486001253128052
	0.7485934495925903
	0.7485964894294739
	0.7486099600791931
	0.7486119866371155
	0.748627781867981
	0.7486278414726257
	0.7486364841461182
	0.7486518621444702
	0.7486506700515747
	0.748649537563324
	0.7486605048179626
	0.7486700415611267
	0.74867844581604
	0.7486790418624878
	0.7486833930015564
	0.7486833333969116
	0.7486852407455444
	0.7486923336982727
	0.7487022876739502
	0.7487104535102844
	0.7487101554870605
	0.7487128973007202
	0.7487143278121948
	0.7487186193466187
	0.7487427592277527
	0.7487602233886719
	0.7487655878067017
	0.7487567663192749
	0.7487671971321106
	0.7487698793411255
	0.7487685680389404
	0.7487791180610657
	0.7487843632698059
	0.7487947940826416
	0.7488079071044922
	0.7488040924072266
	0.7488150000572205
	0.748822033405304
	0.7488149404525757
	0.7488218545913696
	0.7488228678703308
	0.7488353252410889
	0.748828649520874
	0.7488248348236084
	0.7488197088241577
	0.748832643032074
	0.7488471269607544
	0.7488511204719543
	0.7488638758659363
	0.7488674521446228
	0.748870849609375
	0.7488765120506287
	0.7488763928413391
	0.7488782405853271
	0.7488895058631897
	0.7488915324211121
	0.7488932013511658
	0.7489064931869507
	0.7489101886749268
	0.7489045858383179
	0.7489055395126343
	0.7489103078842163
	0.7489154934883118
	0.7489235401153564
	0.7489314675331116
	0.7489356994628906
	0.7489413619041443
	0.7489466071128845
	0.74894118309021
	0.7489448189735413
	0.7489561438560486
	0.748950183391571
	0.7489590048789978
	0.7489606738090515
	0.7489660978317261
	0.7489545941352844
	0.7489620447158813
	0.7489572763442993
	0.7489610910415649
	0.7489600777626038
	0.7489801645278931
	0.7489970922470093
	0.7490021586418152
	0.749000072479248
	0.7490101456642151
	0.7490155100822449
	0.7490257620811462
	0.7490342855453491
	0.7490400075912476
	0.7490404844284058
	0.7490456700325012
	0.7490420341491699
	0.7490462064743042
	0.749051570892334
	0.7490649223327637
	0.7490674257278442
	0.7490771412849426
	0.749078094959259
	0.7490804195404053
	0.7490937113761902
	0.7490974068641663
	0.749103844165802
	0.7491174340248108
	0.7491192817687988
	0.7491273880004883
	0.7491381764411926
	0.7491399645805359
	0.7491358518600464
	0.7491477727890015
	0.7491595149040222
	0.7491647601127625
	0.7491675019264221
	0.7491733431816101
	0.7491700649261475
	0.749160885810852
	0.7491623163223267
	0.7491682767868042
	0.7491710782051086
	0.7491913437843323
	0.7492040991783142
	0.7492038011550903
	0.7492095232009888
	0.7492144703865051
	0.7492280602455139
	0.7492354512214661
	0.7492340207099915
	0.7492435574531555
	0.7492533922195435
	0.7492662668228149
	0.7492753267288208
	0.7492740750312805
	0.749275267124176
	0.7492951154708862
	0.7493022084236145
	0.7492968440055847
	0.7492979764938354
	0.7493048906326294
	0.7493212223052979
	0.7493326663970947
	0.7493436932563782
	0.74935382604599
	0.7493603229522705
	0.749361515045166
	0.7493664026260376
	0.749369204044342
	0.7493769526481628
	0.7493901252746582
	0.7493877410888672
	0.7493998408317566
	0.7494009733200073
	0.7494105696678162
	0.7494150996208191
	0.749424934387207
	0.7494240403175354
	0.7494302988052368
	0.7494452595710754
	0.7494447827339172
	0.7494558691978455
	0.7494592666625977
	0.7494741678237915
	0.7494733333587646
	0.7494863867759705
	0.7495013475418091
	0.7495200634002686
	0.749518096446991
	0.7495160102844238
	0.7495136260986328
	0.7495131492614746
	0.749515950679779
	0.7495133876800537
	0.7495324015617371
	0.749541699886322
	0.749544084072113
	0.7495510578155518
	0.7495552897453308
	0.7495647072792053
	0.7495643496513367
	0.7495684623718262
	0.7495761513710022
	0.749582827091217
	0.7495812177658081
	0.749585747718811
	0.7495986223220825
	0.7496074438095093
	0.7496175169944763
	0.7496232986450195
	0.7496212124824524
	0.749634325504303
	0.7496342062950134
	0.7496451139450073
	0.7496505379676819
	0.7496592998504639
	0.7496680617332458
	0.7496838569641113
	0.749688982963562
	0.7496957778930664
	0.7497068047523499
	0.7497190237045288
	0.7497231960296631
	0.7497376799583435
	0.7497405409812927
	0.7497533559799194
	0.7497521638870239
	0.7497599720954895
	0.7497584223747253
	0.7497580647468567
	0.7497674822807312
	0.749774694442749
	0.7497739195823669
	0.7497859001159668
	0.7497949004173279
	0.7498045563697815
	0.7498061060905457
	0.7498182058334351
	0.7498216032981873
	0.7498367428779602
	0.7498438358306885
	0.7498480677604675
	0.7498653531074524
	0.7498777508735657
	0.7498920559883118
	0.7498999238014221
	0.7499020099639893
	0.7499080896377563
	0.7499071955680847
	0.7499253749847412
	0.749928891658783
	0.7499364614486694
	0.7499433755874634
	0.7499561309814453
	0.749966025352478
	0.749984085559845
	0.7499868869781494
]