[
	0.6720916628837585
	0.672094464302063
	0.67210853099823
	0.6721176505088806
	0.6721130609512329
	0.6721282601356506
	0.6721430420875549
	0.672167181968689
	0.6721796989440918
	0.6721908450126648
	0.6721810698509216
	0.672185480594635
	0.6721804738044739
	0.6721813082695007
	0.6721901297569275
	0.6721985936164856
	0.6722100973129272
	0.6722207069396973
	0.6722239255905151
	0.6722404956817627
	0.6722554564476013
	0.6722639203071594
	0.6722720861434937
	0.6722848415374756
	0.6723016500473022
	0.67231285572052
	0.6723390817642212
	0.6723446249961853
	0.672353208065033
	0.672365128993988
	0.6723746657371521
	0.6723905205726624
	0.672410786151886
	0.6724321842193604
	0.6724476218223572
	0.6724866628646851
	0.67249596118927
	0.6725128293037415
	0.6725289225578308
	0.6725557446479797
	0.6725605726242065
	0.6725816130638123
	0.6725984215736389
	0.6726235151290894
	0.672642707824707
	0.6726380586624146
	0.6726557016372681
	0.6726642847061157
	0.6726802587509155
	0.6726962924003601
	0.6727131009101868
	0.6727365255355835
	0.6727469563484192
	0.6727644801139832
	0.6727832555770874
	0.6727972626686096
	0.6728188991546631
	0.6728472113609314
	0.6728640198707581
	0.6728846430778503
	0.6728911399841309
	0.6729066967964172
	0.6729270815849304
	0.6729643940925598
	0.6729781031608582
	0.6729871034622192
	0.6729978322982788
	0.6730263233184814
	0.6730390787124634
	0.6730614900588989
	0.6730663776397705
	0.6730828881263733
	0.6730925440788269
	0.6731137037277222
	0.6731230020523071
	0.6731489896774292
	0.6731762290000916
	0.6731905937194824
	0.6732054352760315
	0.6732259392738342
	0.6732344627380371
	0.6732683181762695
	0.6732949018478394
	0.673317551612854
	0.6733375191688538
	0.6733677983283997
	0.6733919382095337
	0.6734186410903931
	0.673443615436554
	0.6734771132469177
	0.6734902858734131
	0.6735227108001709
	0.6735391020774841
	0.6735790967941284
	0.673612117767334
	0.6736453771591187
	0.6736656427383423
	0.6736880540847778
	0.6736989617347717
	0.6737152934074402
	0.6737220883369446
	0.6737459897994995
	0.673762857913971
	0.6737915277481079
	0.6738210320472717
	0.6738516688346863
	0.6738752722740173
	0.6738895177841187
	0.6739121079444885
	0.6739340424537659
	0.6739574074745178
	0.6739810705184937
	0.6740022897720337
	0.6740274429321289
	0.6740640997886658
	0.6740861535072327
	0.6741167306900024
	0.6741414666175842
	0.6741549968719482
	0.6741811633110046
	0.674220860004425
	0.6742534637451172
	0.674282968044281
	0.6743163466453552
	0.6743370294570923
	0.6743611097335815
	0.6743855476379395
	0.6744094491004944
	0.6744431257247925
	0.6744510531425476
	0.6744778156280518
	0.6745097041130066
	0.67453932762146
	0.6745872497558594
	0.6746143698692322
	0.6746541857719421
	0.674686849117279
	0.6747087836265564
	0.6747257113456726
	0.6747581958770752
	0.6747873425483704
	0.6748114824295044
	0.6748481392860413
	0.6748572587966919
	0.6748925447463989
	0.6749168634414673
	0.6749433875083923
	0.6749626398086548
	0.6749884486198425
	0.6750291585922241
	0.675061047077179
	0.6750974655151367
	0.6751275062561035
	0.6751587390899658
	0.675196647644043
	0.6752464771270752
	0.6752786040306091
	0.6753072142601013
	0.6753448247909546
	0.6753746867179871
	0.675395667552948
	0.6754351854324341
	0.6754692792892456
	0.6754913330078125
	0.675525426864624
	0.6755495071411133
	0.6755821704864502
	0.6756107211112976
	0.6756364107131958
	0.6756778955459595
	0.6757145524024963
	0.6757561564445496
	0.6758005619049072
	0.6758161187171936
	0.6758512258529663
	0.6758769750595093
	0.675903856754303
	0.6759325265884399
	0.6759530305862427
	0.6759920716285706
	0.6760308742523193
	0.6760619282722473
	0.6760993599891663
	0.6761448979377747
	0.6761616468429565
	0.6761832237243652
	0.6762162446975708
	0.6762544512748718
	0.6762770414352417
	0.6763111352920532
	0.6763410568237305
	0.6763617396354675
	0.6763952970504761
	0.676430881023407
	0.6764784455299377
	0.6765063405036926
	0.6765499711036682
	0.6765852570533752
	0.6766184568405151
	0.6766445636749268
	0.6766781806945801
	0.6767084002494812
	0.6767553687095642
	0.676792562007904
	0.6768180131912231
	0.6768434643745422
	0.6768766641616821
	0.6769142150878906
	0.6769459843635559
	0.6769780516624451
	0.677010178565979
	0.6770473122596741
	0.6770970821380615
	0.6771134734153748
	0.677142858505249
	0.6771721839904785
	0.6772007942199707
	0.6772291660308838
	0.6772668361663818
	0.6773015260696411
	0.6773356199264526
	0.6773756742477417
	0.6774179935455322
	0.6774536967277527
	0.6774963736534119
	0.6775363087654114
	0.677571713924408
	0.6776022911071777
	0.6776309013366699
	0.6776837110519409
	0.677718460559845
	0.6777560114860535
	0.6777918934822083
	0.6778327226638794
	0.6778817176818848
	0.6779159307479858
	0.6779526472091675
	0.6779990196228027
	0.6780295372009277
	0.6780592799186707
	0.6780918836593628
	0.6781154870986938
	0.678143322467804
	0.678173840045929
	0.6782149076461792
	0.6782488822937012
	0.6782792806625366
	0.678309977054596
	0.678359866142273
	0.6783942580223083
	0.6784136295318604
	0.6784462332725525
	0.67849200963974
	0.6785312294960022
	0.6785680055618286
	0.678597629070282
	0.6786399483680725
	0.678682804107666
	0.6787145733833313
	0.6787548661231995
	0.6787915825843811
	0.6788275241851807
	0.6788519620895386
	0.6788781881332397
	0.678914487361908
	0.6789512038230896
	0.6789752840995789
	0.6790022253990173
	0.6790420413017273
	0.6790715456008911
	0.6790990829467773
	0.6791173815727234
	0.6791624426841736
	0.6791877150535583
	0.679225742816925
	0.6792561411857605
	0.6792998909950256
	0.6793566942214966
	0.679388165473938
	0.6794341802597046
	0.6794727444648743
	0.6795106530189514
	0.6795538067817688
	0.6795900464057922
	0.679618239402771
	0.6796514391899109
	0.6796814203262329
	0.6797174215316772
	0.6797665953636169
	0.6798121929168701
	0.6798480153083801
	0.6798869967460632
	0.6799305081367493
	0.6799594163894653
	0.6799975633621216
	0.6800376176834106
	0.680070161819458
	0.6801120042800903
	0.6801561713218689
	0.680185854434967
	0.6802154183387756
	0.6802527904510498
	0.6802908182144165
	0.6803185343742371
	0.6803670525550842
	0.6804172992706299
	0.6804482936859131
	0.6804899573326111
	0.680526077747345
	0.6805631518363953
	0.6806051135063171
	0.6806340217590332
	0.680662214756012
	0.680698812007904
	0.6807340383529663
	0.6807726621627808
	0.6807937622070312
	0.6808342337608337
	0.6808662414550781
	0.6809056997299194
	0.6809384226799011
	0.6809695363044739
	0.6810060739517212
	0.6810472011566162
	0.6810780167579651
	0.6811255216598511
	0.6811603903770447
	0.681201159954071
	0.6812425255775452
	0.6812796592712402
	0.68132084608078
	0.681362509727478
	0.6814037561416626
	0.6814587712287903
	0.6815117597579956
	0.6815374493598938
	0.6815949082374573
	0.6816418170928955
	0.6816902160644531
	0.6817306280136108
	0.6817685961723328
	0.6818128228187561
	0.6818460822105408
	0.6818903684616089
	0.6819227933883667
	0.6819667220115662
	0.6820095181465149
	0.6820573210716248
	0.6820975542068481
	0.6821208596229553
	0.6821612119674683
	0.6821997761726379
	0.6822499632835388
	0.6822786927223206
	0.6823152303695679
	0.6823537945747375
	0.6824134588241577
	0.6824566721916199
	0.6824902892112732
	0.6825358867645264
	0.6825736165046692
	0.6826162934303284
	0.6826635599136353
	0.6827075481414795
	0.6827464699745178
	0.6827834844589233
	0.6828192472457886
	0.6828550696372986
	0.6828856468200684
	0.6829305291175842
	0.6829685568809509
	0.68300461769104
	0.6830532550811768
	0.6830897927284241
	0.6831130981445312
	0.6831523776054382
	0.6831955909729004
	0.6832308173179626
	0.6832460761070251
	0.6832833886146545
	0.6833261251449585
	0.6833658814430237
	0.6834014058113098
	0.6834465265274048
	0.6834886074066162
	0.6835291385650635
	0.6835586428642273
	0.6835886836051941
	0.6836156249046326
	0.6836581230163574
	0.6836970448493958
	0.6837382316589355
	0.6837751865386963
	0.6838259100914001
	0.68386310338974
	0.6838984489440918
	0.6839396357536316
	0.6839743256568909
	0.6840202212333679
	0.6840568780899048
	0.684093177318573
	0.6841219067573547
	0.6841759085655212
	0.6842177510261536
	0.6842532753944397
	0.6842985153198242
	0.6843278408050537
	0.6843676567077637
	0.6843973994255066
	0.6844339966773987
	0.6844742894172668
	0.6845104098320007
	0.6845585107803345
	0.6846103668212891
	0.6846540570259094
	0.684697687625885
	0.6847445964813232
	0.6847975254058838
	0.6848242282867432
	0.6848568320274353
	0.6848858594894409
	0.6849079728126526
	0.684956431388855
	0.6850003600120544
	0.6850420236587524
	0.685073733329773
	0.6851212978363037
	0.6851590275764465
	0.6851905584335327
	0.6852211356163025
	0.6852575540542603
	0.6852948665618896
	0.6853367686271667
	0.6853716373443604
	0.6854202151298523
	0.6854628324508667
	0.6855008602142334
	0.6855430006980896
	0.6855764985084534
	0.6856122016906738
	0.6856467723846436
	0.6856950521469116
	0.6857357025146484
	0.6857761740684509
	0.6858137249946594
	0.6858465075492859
	0.685886025428772
	0.6859273910522461
	0.6859571933746338
	0.6860013008117676
	0.6860502362251282
	0.6860759258270264
	0.6861125230789185
	0.6861613392829895
	0.6861919164657593
	0.686234712600708
	0.6862803101539612
	0.6863048672676086
	0.6863419413566589
	0.6863822937011719
	0.6864320039749146
	0.6864699721336365
	0.6865274906158447
	0.686559796333313
	0.6865988969802856
	0.6866495013237
	0.6866884231567383
	0.6867212057113647
	0.686760663986206
	0.686804473400116
	0.6868395209312439
	0.6868898272514343
	0.6869235634803772
	0.6869658827781677
	0.6870211958885193
	0.6870569586753845
	0.6871040463447571
	0.6871502995491028
	0.6871764659881592
	0.6872247457504272
	0.6872667074203491
	0.6873109340667725
	0.6873555183410645
	0.6874024271965027
	0.6874520182609558
	0.6874946355819702
	0.6875402331352234
	0.6875693798065186
	0.6876136660575867
	0.6876429915428162
	0.6876813769340515
	0.6877248883247375
	0.6877740621566772
	0.6878181099891663
	0.687850832939148
	0.6878939867019653
	0.6879372000694275
	0.6879728436470032
	0.6879973411560059
	0.6880342960357666
	0.6880754828453064
	0.688114583492279
	0.6881559491157532
	0.688199520111084
	0.6882403492927551
	0.6882795095443726
	0.6883271336555481
	0.6883816719055176
	0.6884247660636902
	0.6884657740592957
	0.6885105967521667
	0.6885514855384827
	0.6885879635810852
	0.6886194944381714
	0.6886560916900635
	0.6887074112892151
	0.6887602806091309
	0.6887844204902649
	0.6888151168823242
	0.6888501644134521
	0.6888929009437561
	0.6889486908912659
	0.6889850497245789
	0.6890205144882202
	0.6890544891357422
	0.6890807151794434
	0.6891129612922668
	0.6891500353813171
	0.6891915798187256
	0.6892393827438354
	0.68928462266922
	0.6893349885940552
	0.6893682479858398
	0.6894182562828064
	0.6894530653953552
	0.6895031929016113
	0.6895476579666138
	0.689592182636261
	0.6896237134933472
	0.6896670460700989
	0.6897065043449402
	0.6897518038749695
	0.6898035407066345
	0.6898432970046997
	0.6898819804191589
	0.6899322867393494
	0.689959704875946
	0.6899922490119934
	0.690026044845581
	0.6900514364242554
	0.6901068091392517
	0.6901485919952393
	0.6901886463165283
	0.6902158260345459
	0.6902639269828796
	0.6903263926506042
	0.6903707385063171
	0.6904131770133972
	0.6904464960098267
	0.6904969215393066
	0.6905093193054199
	0.6905519366264343
	0.6905995607376099
	0.6906392574310303
	0.6906908750534058
	0.6907080411911011
	0.6907452344894409
	0.6907811164855957
	0.6908231973648071
	0.6908643841743469
	0.690897524356842
	0.6909400224685669
	0.6910014748573303
	0.6910451054573059
	0.6910936236381531
	0.6911274790763855
	0.6911752223968506
	0.6912157535552979
	0.6912602186203003
	0.6912980675697327
	0.691350519657135
	0.691404402256012
	0.6914349794387817
	0.6914721727371216
	0.6915101408958435
	0.6915482878684998
	0.6915798783302307
	0.6916090846061707
	0.6916616559028625
	0.6917003393173218
	0.6917411088943481
	0.691785991191864
	0.6918295621871948
	0.6918742060661316
	0.6919141411781311
	0.6919587254524231
	0.6919951438903809
	0.6920327544212341
	0.6920698285102844
	0.6921274065971375
	0.6921712756156921
	0.6922143697738647
	0.692258894443512
	0.6922953724861145
	0.6923386454582214
	0.692376434803009
	0.6924076676368713
	0.6924425363540649
	0.6924905776977539
	0.692541241645813
	0.6925882697105408
	0.6926325559616089
	0.6926818490028381
	0.6927249431610107
	0.6927775740623474
	0.6928290128707886
	0.692864716053009
	0.6929051876068115
	0.6929358243942261
	0.6929845213890076
	0.6930233836174011
	0.6930574178695679
	0.6930891871452332
	0.6931400299072266
	0.6931789517402649
	0.6932358145713806
	0.6932721138000488
	0.6933181285858154
	0.6933581233024597
	0.693396806716919
	0.6934410333633423
	0.6934864521026611
	0.6935429573059082
	0.6935752630233765
	0.6936042904853821
	0.6936433911323547
	0.6936867237091064
	0.6937277913093567
	0.6937615871429443
	0.6938003301620483
	0.6938381195068359
	0.6938796639442444
	0.6939275860786438
	0.6939790844917297
	0.6940206289291382
	0.6940532922744751
	0.6940934658050537
	0.6941344738006592
	0.6941688060760498
	0.6942065954208374
	0.6942319273948669
	0.694269061088562
	0.6942978501319885
	0.6943396925926208
	0.6943881511688232
	0.6944261193275452
	0.6944647431373596
	0.6944875717163086
	0.6945298910140991
	0.6945804953575134
	0.6946224570274353
	0.6946560740470886
	0.6947072148323059
	0.6947463750839233
	0.6947901844978333
	0.6948318481445312
	0.6948727369308472
	0.6949196457862854
	0.6949437856674194
	0.6949878334999084
	0.6950423121452332
	0.695083737373352
	0.6951294541358948
	0.6951733827590942
	0.6952112317085266
	0.6952521204948425
	0.6953023076057434
	0.6953408718109131
	0.6953766345977783
	0.6954098343849182
	0.6954505443572998
	0.6955024600028992
	0.6955624222755432
	0.6955989599227905
	0.6956456303596497
	0.6956806182861328
	0.6957110166549683
	0.69575434923172
	0.6957952976226807
	0.6958267688751221
	0.695854663848877
	0.6958976984024048
	0.6959534287452698
	0.6959992051124573
	0.6960533261299133
	0.6960934996604919
	0.6961419582366943
	0.6961765885353088
	0.6962134838104248
	0.696260929107666
	0.696307897567749
	0.6963409185409546
	0.6963762640953064
	0.6964156031608582
	0.6964600682258606
	0.6965227723121643
	0.6965546011924744
	0.6965912580490112
	0.6966314315795898
	0.6966732144355774
	0.6967187523841858
	0.6967373490333557
	0.6967698931694031
	0.6968172192573547
	0.6968557238578796
	0.6968933343887329
	0.6969400644302368
	0.6969708800315857
	0.6970019340515137
	0.6970582008361816
	0.697095513343811
	0.6971443891525269
	0.6971824169158936
	0.6972284913063049
	0.6972841024398804
	0.6973227262496948
	0.6973525285720825
	0.6973884701728821
	0.697431206703186
	0.6974610090255737
	0.6974911093711853
	0.6975326538085938
	0.6975812315940857
	0.6976315975189209
	0.6976782083511353
	0.697722315788269
	0.6977659463882446
	0.6978013515472412
	0.697848379611969
	0.6979072690010071
	0.6979579329490662
	0.6980206966400146
	0.6980676054954529
	0.6981256604194641
	0.69817715883255
	0.6982192397117615
	0.6982628107070923
	0.6983108520507812
	0.6983362436294556
	0.6983780264854431
	0.6984195113182068
	0.6984610557556152
	0.6985008120536804
	0.6985465884208679
	0.6985867023468018
	0.6986286044120789
	0.6986749768257141
	0.6987132430076599
	0.6987574100494385
	0.6988149285316467
	0.6988662481307983
	0.6989242434501648
	0.6989740133285522
	0.6990070939064026
	0.6990417242050171
	0.6990869641304016
	0.6991355419158936
	0.6991676092147827
	0.6991967558860779
	0.6992310285568237
	0.6992648243904114
	0.6993064880371094
	0.699354887008667
	0.6994004249572754
	0.6994602680206299
	0.699499785900116
	0.6995436549186707
	0.699588418006897
	0.6996317505836487
	0.6996752619743347
	0.6997255682945251
	0.6997749209403992
	0.699809730052948
	0.6998583674430847
	0.6999018788337708
	0.6999351382255554
	0.6999900937080383
	0.7000284790992737
	0.7000830769538879
	0.70011305809021
	0.7001495361328125
	0.7002055644989014
	0.7002363801002502
	0.7002835273742676
	0.7003281116485596
	0.7003657817840576
	0.7004238963127136
	0.7004662752151489
	0.7005077004432678
	0.7005471587181091
	0.7005907893180847
	0.7006452083587646
	0.7007021903991699
	0.7007384300231934
	0.7007933855056763
	0.7008351683616638
	0.7008744478225708
	0.7009078860282898
	0.7009610533714294
	0.7010058164596558
	0.701049268245697
	0.7010889649391174
	0.7011334896087646
	0.7011849284172058
	0.7012426853179932
	0.7012788653373718
	0.7013173699378967
	0.701370358467102
	0.7013887763023376
	0.7014340162277222
	0.7014603018760681
	0.7015194296836853
	0.7015766501426697
	0.7016186714172363
	0.7016629576683044
	0.7017111778259277
	0.7017487287521362
	0.7017797231674194
	0.7018264532089233
	0.7018659710884094
	0.701911211013794
	0.7019513249397278
	0.7019945383071899
	0.702032744884491
	0.7020838260650635
	0.7021237015724182
	0.7021694183349609
	0.7022151947021484
	0.7022529244422913
	0.7022950053215027
	0.7023298740386963
	0.7023686170578003
	0.7024198770523071
	0.7024516463279724
	0.7024919390678406
	0.7025221586227417
	0.7025535106658936
	0.7025989890098572
	0.7026460766792297
	0.7026779651641846
	0.7027348279953003
	0.7027761936187744
	0.7028173208236694
	0.7028579711914062
	0.702912449836731
	0.7029463648796082
	0.7029894590377808
	0.7030404210090637
	0.7030821442604065
	0.7031248807907104
	0.7031794786453247
	0.7032290101051331
	0.7032743096351624
	0.7033151388168335
	0.7033579349517822
	0.7033951878547668
	0.7034505009651184
	0.7034947872161865
	0.7035310864448547
	0.7035546898841858
	0.7036029100418091
	0.7036414742469788
	0.7036826610565186
	0.7037193775177002
	0.7037602663040161
	0.7037943601608276
	0.703840970993042
	0.7038605213165283
	0.7038820385932922
	0.7039260268211365
	0.7039569616317749
	0.7039845585823059
	0.7040247917175293
	0.7040547728538513
	0.7040788531303406
	0.7041326761245728
	0.704184889793396
	0.7042157649993896
	0.7042526006698608
	0.7042948603630066
	0.7043355107307434
	0.7043752670288086
	0.7044202089309692
	0.7044677734375
	0.7045067548751831
	0.7045548558235168
	0.7045769095420837
	0.7046125531196594
	0.7046409249305725
	0.7046797275543213
	0.7047341465950012
	0.7047861218452454
	0.704822838306427
	0.7048541307449341
	0.7048884034156799
	0.7049404978752136
	0.7049906849861145
	0.7050420641899109
	0.7050982117652893
	0.7051448225975037
	0.7051833271980286
	0.705230176448822
	0.7052842378616333
	0.7053240537643433
	0.7053613662719727
	0.7054096460342407
	0.7054545283317566
	0.705514132976532
	0.7055631875991821
	0.7056125998497009
	0.7056594491004944
	0.7057133316993713
	0.7057625651359558
	0.7058014869689941
	0.705842137336731
	0.7058866024017334
	0.7059347629547119
	0.7059739828109741
	0.7060224413871765
	0.7060738205909729
	0.7061141133308411
	0.7061669826507568
	0.7062013149261475
	0.7062433958053589
	0.7062862515449524
	0.706330418586731
	0.7063634991645813
	0.7064146995544434
	0.7064455151557922
	0.7064928412437439
	0.7065398097038269
	0.7065832614898682
	0.7066220641136169
	0.7066781520843506
	0.706717848777771
	0.7067672610282898
	0.7068002223968506
	0.7068402171134949
	0.706888735294342
	0.7069421410560608
	0.7069740295410156
	0.7070044279098511
	0.707051157951355
	0.7070903778076172
	0.7071316242218018
	0.7071847319602966
	0.7072293758392334
	0.7072672843933105
	0.7073075771331787
	0.7073538303375244
	0.7074093818664551
	0.7074636220932007
	0.7075000405311584
	0.7075536251068115
	0.7075930237770081
	0.7076355814933777
	0.7076771855354309
	0.7077333331108093
	0.7077882289886475
	0.7078351974487305
	0.7078882455825806
	0.7079305648803711
	0.7079670429229736
	0.7080044746398926
	0.7080474495887756
	0.7081028819084167
	0.708133339881897
	0.7081689238548279
	0.7082129120826721
	0.7082513570785522
	0.7083062529563904
	0.7083261609077454
	0.7083773016929626
	0.7084295153617859
	0.7084788084030151
	0.7085132002830505
	0.7085463404655457
	0.7085892558097839
	0.7086324095726013
	0.7086827754974365
	0.7087392807006836
	0.7087790966033936
	0.7088319063186646
	0.7088770270347595
	0.7089294195175171
	0.7089681029319763
	0.7090059518814087
	0.7090333104133606
	0.7090861797332764
	0.7091217041015625
	0.7091784477233887
	0.7092099785804749
	0.7092395424842834
	0.7092690467834473
	0.7093103528022766
	0.7093561887741089
	0.7094025015830994
	0.7094454765319824
	0.7094902396202087
	0.7095277309417725
	0.7095615863800049
	0.7095935940742493
	0.7096211314201355
	0.7096595168113708
	0.7096983194351196
	0.7097454071044922
	0.7097762227058411
	0.7097991108894348
	0.7098356485366821
	0.7098731994628906
	0.7099336981773376
	0.7099695205688477
	0.7100045680999756
	0.7100445032119751
	0.7100708484649658
	0.7101173400878906
	0.7101520895957947
	0.7101911306381226
	0.7102208137512207
	0.7102747559547424
	0.7102981805801392
	0.7103559374809265
	0.7104081511497498
	0.710454523563385
	0.7104893326759338
	0.7105246782302856
	0.7105689644813538
	0.7106149792671204
	0.7106592655181885
	0.7107128500938416
	0.7107508182525635
	0.7107886672019958
	0.7108364105224609
	0.7108860611915588
	0.7109336853027344
	0.7109726071357727
	0.7110230326652527
	0.7110694646835327
	0.711116373538971
	0.7111620306968689
	0.7111977934837341
	0.71124267578125
	0.711285412311554
	0.7113396525382996
	0.7113674879074097
	0.7114278078079224
	0.711458146572113
	0.7114880084991455
	0.7115272283554077
	0.7115801572799683
	0.7116330862045288
	0.7116634249687195
	0.7117189764976501
	0.7117606997489929
	0.711799681186676
	0.7118491530418396
	0.711886465549469
	0.7119132876396179
	0.7119479179382324
	0.7119718790054321
	0.7120316028594971
	0.7120569944381714
	0.7120904326438904
	0.7121279835700989
	0.7121604084968567
	0.7121988534927368
	0.7122429013252258
	0.7122748494148254
	0.7123275399208069
	0.7123442888259888
	0.7123814821243286
	0.712427020072937
	0.7124587893486023
	0.712515115737915
	0.7125748991966248
	0.7126188278198242
	0.7126609683036804
	0.7126991748809814
	0.7127469778060913
	0.7127902507781982
	0.7128272652626038
	0.7128775119781494
	0.7129178047180176
	0.7129629850387573
	0.7130226492881775
	0.7130725979804993
	0.7131091952323914
	0.7131370306015015
	0.7131925225257874
	0.7132399082183838
	0.713266909122467
	0.7133084535598755
	0.7133563756942749
	0.7133871912956238
	0.7134169340133667
	0.713447093963623
	0.7134923934936523
	0.7135376334190369
	0.7135782241821289
	0.7136261463165283
	0.7136710286140442
	0.7137079238891602
	0.7137527465820312
	0.7137958407402039
	0.7138334512710571
	0.7138742208480835
	0.7139073610305786
	0.7139345407485962
	0.7139784693717957
	0.7140408754348755
	0.7140858173370361
	0.7141198515892029
	0.7141680121421814
	0.7142021656036377
	0.7142298221588135
	0.7142688035964966
	0.7142959833145142
	0.7143354415893555
	0.7143785357475281
	0.7143966555595398
	0.7144426703453064
	0.7144765257835388
	0.7145057916641235
	0.7145352959632874
	0.7145784497261047
	0.7146064639091492
	0.7146531939506531
	0.714686393737793
	0.7147229313850403
	0.7147573828697205
	0.7147916555404663
	0.7148383259773254
	0.7148664593696594
	0.7149053812026978
	0.714948296546936
	0.7149757146835327
	0.7150173187255859
	0.7150460481643677
	0.7150865197181702
	0.7151232957839966
	0.715169370174408
	0.7151983380317688
	0.7152232527732849
	0.715269148349762
	0.7153069972991943
	0.71535325050354
	0.7153961658477783
	0.7154325246810913
	0.715465247631073
	0.7155045866966248
	0.7155274152755737
	0.7155680060386658
	0.7155961394309998
	0.7156389951705933
	0.7156811356544495
	0.715709388256073
	0.715765118598938
	0.715789794921875
	0.715822160243988
	0.7158775329589844
	0.7159107327461243
	0.7159501314163208
	0.715976893901825
	0.7160174250602722
	0.7160564064979553
	0.7160937786102295
	0.7161363959312439
	0.7161707878112793
	0.716210126876831
	0.7162615060806274
	0.7162907123565674
	0.7163330316543579
	0.7163717150688171
	0.7163991928100586
	0.7164301872253418
	0.7164487242698669
	0.716482937335968
	0.7165176272392273
	0.7165517807006836
	0.7165825963020325
	0.7166072726249695
	0.7166479825973511
	0.7166962623596191
	0.7167279124259949
	0.7167554497718811
	0.7167672514915466
	0.7168149948120117
	0.7168471217155457
	0.7168799042701721
	0.7168984413146973
	0.7169172167778015
	0.716932475566864
	0.7169750332832336
	0.7170093059539795
	0.7170385122299194
	0.7170698642730713
	0.7170926928520203
	0.7171373963356018
	0.7171767950057983
	0.7172295451164246
	0.7172662615776062
	0.7173130512237549
	0.7173614501953125
	0.717391312122345
	0.717411994934082
	0.717441201210022
	0.7174795866012573
	0.717490553855896
	0.717519998550415
	0.7175485491752625
	0.7175757884979248
	0.7175995707511902
	0.7176409363746643
	0.7176839709281921
	0.7177320122718811
	0.7177718281745911
	0.7178038358688354
	0.7178375124931335
	0.7178767323493958
	0.7179074287414551
	0.7179271578788757
	0.7179534435272217
	0.7179881930351257
	0.7180191278457642
	0.7180449366569519
	0.7180755138397217
	0.7181161046028137
	0.7181494832038879
	0.7181829214096069
	0.7182102799415588
	0.7182548642158508
	0.7182822227478027
	0.7183264493942261
	0.7183784246444702
	0.7184203863143921
	0.7184551358222961
	0.7184856534004211
	0.7185102701187134
	0.7185617089271545
	0.7186036109924316
	0.7186351418495178
	0.7186586856842041
	0.7187108993530273
	0.7187545299530029
	0.7187832593917847
	0.7188290357589722
	0.7188380360603333
	0.7188733220100403
	0.7189005017280579
	0.7189378142356873
	0.7189520001411438
	0.7189921140670776
	0.7190257906913757
	0.7190678715705872
	0.7190898060798645
	0.7191210985183716
	0.719158411026001
	0.7192025184631348
	0.719222903251648
	0.7192544341087341
	0.7192872166633606
	0.7193189263343811
	0.719362735748291
	0.719385027885437
	0.7194161415100098
	0.7194561958312988
	0.7194784283638
	0.7195208072662354
	0.7195571660995483
	0.7195947170257568
	0.7196176648139954
	0.7196564078330994
	0.7196775078773499
	0.7197152376174927
	0.7197476625442505
	0.7197898626327515
	0.719819962978363
	0.719857394695282
	0.7198914289474487
	0.7199196219444275
	0.7199522852897644
	0.7199936509132385
	0.7200175523757935
	0.7200678586959839
	0.7201122045516968
	0.7201579213142395
	0.7201828956604004
	0.720206618309021
	0.7202429175376892
	0.7202613353729248
	0.7202949523925781
	0.7203205227851868
	0.7203542590141296
	0.7203817963600159
	0.7204101085662842
	0.7204443216323853
	0.7204727530479431
	0.7205013632774353
	0.7205308675765991
	0.7205661535263062
	0.720596969127655
	0.7206279039382935
	0.7206595540046692
	0.7206970453262329
	0.720737636089325
	0.7207611203193665
	0.7207953929901123
	0.7208355069160461
	0.7208735942840576
	0.7209141850471497
	0.7209421396255493
	0.7209638357162476
	0.7209790349006653
	0.7210034728050232
	0.7210240364074707
	0.7210478782653809
	0.7210745811462402
	0.7211130857467651
	0.7211369276046753
	0.7211635708808899
	0.7211904525756836
	0.7212228775024414
	0.7212616205215454
	0.7212905883789062
	0.7213097214698792
	0.7213236093521118
	0.7213770151138306
	0.7214123606681824
	0.7214378714561462
	0.7214618921279907
	0.7214919924736023
	0.721518337726593
	0.7215341925621033
	0.7215719223022461
	0.7216002941131592
	0.7216227650642395
	0.7216521501541138
	0.7216781377792358
	0.7217012643814087
	0.7217333316802979
	0.7217650413513184
	0.7217957377433777
	0.7218291759490967
	0.7218597531318665
	0.7219067811965942
	0.7219220995903015
	0.7219606041908264
	0.722012460231781
	0.7220557332038879
	0.7220706939697266
	0.7220995426177979
	0.7221403121948242
	0.7221501469612122
	0.7221863865852356
	0.7222210168838501
	0.7222527861595154
	0.7222817540168762
	0.7223095893859863
	0.7223463654518127
	0.7223690152168274
	0.7224079370498657
	0.7224229574203491
	0.7224607467651367
	0.7224846482276917
	0.7225117087364197
	0.7225355505943298
	0.7225672006607056
	0.722602903842926
	0.7226262092590332
	0.7226456999778748
	0.722681999206543
	0.7227023243904114
	0.7227263450622559
	0.7227617502212524
	0.7227795720100403
	0.7227875590324402
	0.722826361656189
	0.7228526473045349
	0.7228782773017883
	0.7229015827178955
	0.7229344248771667
	0.722980260848999
	0.7230134010314941
	0.7230448126792908
	0.7230750918388367
	0.7231076955795288
	0.723136842250824
	0.7231753468513489
	0.7232019901275635
	0.7232295274734497
	0.7232621908187866
	0.7232710123062134
	0.7232978940010071
	0.7233263850212097
	0.7233623266220093
	0.7233915328979492
	0.7234253883361816
	0.7234615683555603
	0.7234998345375061
	0.7235287427902222
	0.7235578894615173
	0.7235823273658752
	0.7236218452453613
	0.7236666679382324
	0.7236921787261963
	0.7237245440483093
	0.7237587571144104
	0.7237759232521057
	0.7237887978553772
	0.7238048911094666
	0.7238283157348633
	0.723867654800415
	0.7239039540290833
	0.7239256501197815
	0.723956286907196
	0.7239871025085449
	0.7240195870399475
	0.7240554690361023
	0.7240808606147766
	0.7241064310073853
	0.7241500616073608
	0.7241883873939514
	0.7242118120193481
	0.7242421507835388
	0.7242790460586548
	0.7243008613586426
	0.7243298888206482
	0.7243534326553345
	0.7243723273277283
	0.72440105676651
	0.7244155406951904
	0.7244492769241333
	0.7244786024093628
	0.7245132327079773
	0.7245432138442993
	0.7245655059814453
	0.7245818972587585
	0.7246003746986389
	0.7246350646018982
	0.7246597409248352
	0.7246785759925842
	0.7247015237808228
	0.7247233986854553
	0.7247519493103027
	0.7247704267501831
	0.7247851490974426
	0.7248064279556274
	0.7248169779777527
	0.7248408794403076
	0.7248637676239014
	0.7248949408531189
	0.7249220609664917
	0.7249473929405212
	0.7249813675880432
	0.7250076532363892
	0.7250410914421082
	0.7250620126724243
	0.7250763773918152
	0.7251102328300476
	0.7251428365707397
	0.7251666784286499
	0.7251920700073242
	0.7252140641212463
	0.7252477407455444
	0.7252615094184875
	0.7252779603004456
	0.7252975106239319
	0.7253307700157166
	0.7253509759902954
	0.725384533405304
	0.725408136844635
	0.7254123687744141
	0.725450336933136
	0.7254828810691833
	0.7255150675773621
	0.7255508899688721
	0.7255730628967285
	0.7255956530570984
	0.7256383299827576
	0.7256677150726318
	0.7257083058357239
	0.7257183790206909
	0.7257474660873413
	0.7257728576660156
	0.7258061766624451
	0.7258304357528687
	0.725861132144928
	0.7258806228637695
	0.7258996963500977
	0.7259240746498108
	0.7259467244148254
	0.7259800434112549
	0.726011335849762
	0.726044774055481
	0.7260647416114807
	0.7260751724243164
	0.7260869741439819
	0.7261267304420471
	0.7261518239974976
	0.7261841297149658
	0.7262048125267029
	0.7262333035469055
	0.7262623906135559
	0.7262961864471436
	0.7263228297233582
	0.7263471484184265
	0.7263802289962769
	0.7264158129692078
	0.7264376878738403
	0.7264611124992371
	0.7264859676361084
	0.7265085577964783
	0.7265206575393677
	0.7265390157699585
	0.7265493869781494
	0.7265588641166687
	0.7265675067901611
	0.7265885472297668
	0.7266133427619934
	0.7266453504562378
	0.7266730666160583
	0.7266934514045715
	0.7267137765884399
	0.726740837097168
	0.7267577648162842
	0.7267763614654541
	0.7267890572547913
	0.7268210649490356
	0.7268648743629456
	0.7268875241279602
	0.7269085049629211
	0.7269322276115417
	0.7269604802131653
	0.7269976735115051
	0.7270410656929016
	0.7270562648773193
	0.7270761728286743
	0.7271119952201843
	0.727141797542572
	0.7271497845649719
	0.7271642088890076
	0.7271906733512878
	0.72721928358078
	0.7272494435310364
	0.7272622585296631
	0.7272921204566956
	0.7273213267326355
	0.7273264527320862
	0.7273390293121338
	0.7273586392402649
	0.7273859977722168
	0.7274245023727417
	0.7274317741394043
	0.7274727821350098
	0.7274905443191528
	0.7275059223175049
	0.7275257110595703
	0.7275526523590088
	0.7275635600090027
	0.7275691628456116
	0.7275652289390564
	0.7275797128677368
	0.727595865726471
	0.7276164293289185
	0.7276292443275452
	0.7276517748832703
	0.7276672124862671
	0.7276958227157593
	0.7277339100837708
	0.7277404069900513
	0.7277674674987793
	0.7277951240539551
	0.7278146743774414
	0.7278459668159485
	0.7278670072555542
	0.7278851270675659
	0.7279176712036133
	0.727925717830658
	0.7279571294784546
	0.7279955148696899
	0.7280215620994568
	0.7280465960502625
	0.7280523180961609
	0.7280631065368652
	0.7280855178833008
	0.7281150817871094
	0.7281370162963867
	0.7281487584114075
	0.7281768321990967
	0.7281942367553711
	0.7282022833824158
	0.7282083630561829
	0.7282290458679199
	0.728241503238678
	0.7282586097717285
	0.7282779812812805
	0.7283018231391907
	0.7283073663711548
	0.728326141834259
	0.7283411622047424
	0.728357195854187
	0.7283880710601807
	0.7284038662910461
	0.728438675403595
	0.7284499406814575
	0.7284690141677856
	0.7284846305847168
	0.7285157442092896
	0.7285380959510803
	0.7285451292991638
	0.7285681962966919
	0.7286049127578735
	0.7286309599876404
	0.7286553978919983
	0.7286906242370605
	0.7287120223045349
	0.7287262678146362
	0.7287527918815613
	0.7287667989730835
	0.7287878394126892
	0.7288118600845337
	0.7288322448730469
	0.7288683652877808
	0.728869616985321
	0.7288919687271118
	0.7289004325866699
	0.7289339900016785
	0.7289384603500366
	0.7289329767227173
	0.7289688587188721
	0.7289817333221436
	0.728997528553009
	0.7290105819702148
	0.729028046131134
	0.7290327548980713
	0.7290561199188232
	0.7290545701980591
	0.7290840744972229
	0.7291164994239807
	0.7291290163993835
	0.7291568517684937
	0.7291772961616516
	0.7292105555534363
	0.7292362451553345
	0.729252278804779
	0.7292627692222595
	0.729270875453949
	0.7292987108230591
	0.7293105721473694
	0.7293345928192139
	0.7293668985366821
	0.7293860912322998
	0.7293965220451355
	0.7294286489486694
	0.7294543981552124
	0.7294729948043823
	0.7294880151748657
	0.7295154929161072
	0.7295289039611816
	0.729555070400238
	0.7295803427696228
	0.7296061515808105
	0.7296229004859924
	0.7296260595321655
	0.7296592593193054
	0.7296895384788513
	0.7296947836875916
	0.7297071218490601
	0.7297362685203552
	0.7297576069831848
	0.7297742962837219
	0.7297857403755188
	0.7298192381858826
	0.7298416495323181
	0.7298704981803894
	0.7298851013183594
	0.729912281036377
	0.7299273014068604
	0.7299519181251526
	0.7299701571464539
	0.7299907803535461
	0.7300040125846863
	0.7300437688827515
	0.7300684452056885
	0.7300928235054016
	0.7301017045974731
	0.7301276922225952
	0.7301508784294128
	0.7301786541938782
	0.7302009463310242
	0.7302249073982239
	0.7302445769309998
	0.7302491664886475
	0.7302619218826294
	0.7302776575088501
	0.7303044199943542
	0.7303227186203003
	0.7303189039230347
	0.7303409576416016
	0.7303317189216614
	0.7303451895713806
	0.7303768396377563
	0.7304016351699829
	0.7304210066795349
	0.7304378747940063
	0.7304502725601196
	0.7304630875587463
	0.7304831743240356
	0.7305155396461487
	0.7305341362953186
	0.7305414080619812
	0.7305459976196289
	0.7305658459663391
	0.7305618524551392
	0.7305917739868164
	0.7306087017059326
	0.7306268811225891
	0.730650007724762
	0.7306788563728333
	0.7306979298591614
	0.7307121157646179
	0.7307260632514954
	0.7307335138320923
	0.730767011642456
	0.7307852506637573
	0.7307949066162109
	0.7308134436607361
	0.7308256030082703
	0.7308502793312073
	0.7308654189109802
	0.7308942675590515
	0.7309115529060364
	0.7309224605560303
	0.7309271693229675
	0.7309473752975464
	0.7309565544128418
	0.730972409248352
	0.7309779524803162
	0.7310113906860352
	0.7310247421264648
	0.7310474514961243
	0.7310602068901062
	0.731058657169342
	0.7310709357261658
	0.7310941815376282
	0.7311111092567444
	0.7311223149299622
	0.7311394214630127
	0.7311585545539856
	0.7311624884605408
	0.7311770915985107
	0.731178343296051
	0.7312069535255432
	0.7312173247337341
	0.7312303185462952
	0.7312512993812561
	0.7312660217285156
	0.7312825322151184
	0.7312952280044556
	0.7313110828399658
	0.7313169240951538
	0.731322705745697
	0.7313373684883118
	0.7313616871833801
	0.731391191482544
	0.7314038276672363
	0.7314110994338989
	0.7314062118530273
	0.7314216494560242
	0.7314559817314148
	0.7314804196357727
	0.7315049767494202
	0.7315249443054199
	0.7315402626991272
	0.73152756690979
	0.7315361499786377
	0.7315582633018494
	0.7315837740898132
	0.731596052646637
	0.7316184043884277
	0.7316429615020752
	0.7316583395004272
	0.731670081615448
	0.7316693663597107
	0.7316843271255493
	0.7316922545433044
	0.731711745262146
	0.7317245006561279
	0.7317555546760559
	0.7317758798599243
	0.7317772507667542
	0.7317821383476257
	0.7317997813224792
	0.731812596321106
	0.7318125367164612
	0.7318357825279236
	0.731850266456604
	0.731867790222168
	0.7318849563598633
	0.7319064140319824
	0.7319160103797913
	0.731915295124054
	0.7319294214248657
	0.7319473624229431
	0.731957733631134
	0.7319744229316711
	0.7319873571395874
	0.7319839000701904
	0.7319989204406738
	0.7320119738578796
	0.7320049405097961
	0.7320207357406616
	0.7320442199707031
	0.7320683002471924
	0.7320875525474548
	0.7321146726608276
	0.7321375012397766
	0.7321550846099854
	0.7321922183036804
	0.7322215437889099
	0.7322323322296143
	0.7322552800178528
	0.7322675585746765
	0.7322951555252075
	0.7322964668273926
	0.7323079109191895
	0.7323136329650879
	0.732328474521637
	0.7323225736618042
	0.7323349714279175
	0.7323551774024963
	0.7323696613311768
	0.7323794960975647
	0.7324050068855286
	0.7324300408363342
	0.732444703578949
	0.732452929019928
	0.7324669361114502
	0.7325062155723572
	0.7325152158737183
	0.732526421546936
	0.7325378656387329
	0.7325730919837952
	0.7325934171676636
	0.7326127290725708
	0.7326157689094543
	0.7326358556747437
	0.73265540599823
	0.7326651215553284
	0.7326726317405701
	0.7326865196228027
	0.7326918244361877
	0.7326975464820862
	0.732711672782898
	0.7327196598052979
	0.7327281832695007
	0.7327448129653931
	0.7327491044998169
	0.7327558994293213
	0.7327750325202942
	0.7328013181686401
	0.7328054308891296
	0.732830286026001
	0.7328379154205322
	0.732842206954956
	0.7328448295593262
	0.7328701615333557
	0.7328709363937378
	0.7328965067863464
	0.7329102158546448
	0.7329187989234924
	0.7329299449920654
	0.732949435710907
	0.7329635620117188
	0.7329815626144409
	0.7329917550086975
	0.7330117225646973
	0.7330260276794434
	0.7330381274223328
	0.7330438494682312
	0.7330615520477295
	0.7330821752548218
	0.7330977320671082
	0.7331150770187378
	0.7331295013427734
	0.733138918876648
	0.7331644296646118
	0.7331830859184265
	0.7332041263580322
	0.7332179546356201
	0.733228862285614
	0.7332520484924316
	0.7332673668861389
	0.7332888245582581
	0.7333044409751892
	0.7333233952522278
	0.7333357930183411
	0.7333482503890991
	0.7333638668060303
	0.733373761177063
	0.7333733439445496
	0.7333903312683105
	0.7334064841270447
	0.7334266304969788
	0.7334402799606323
	0.7334426045417786
	0.7334631681442261
	0.7334692478179932
	0.7334842681884766
	0.7334983348846436
	0.7335112690925598
	0.7335363626480103
	0.7335467338562012
	0.7335599660873413
	0.7335840463638306
	0.7336025238037109
	0.7336130142211914
	0.733629584312439
	0.7336391806602478
	0.7336618900299072
	0.7336727976799011
	0.7336886525154114
	0.7336944341659546
	0.7337144613265991
	0.7337080836296082
	0.7337220907211304
	0.7337326407432556
	0.7337377667427063
	0.7337443828582764
	0.7337673902511597
	0.733779788017273
	0.7337781190872192
	0.7337784171104431
	0.733795702457428
	0.7338179349899292
	0.7338359355926514
	0.7338353395462036
	0.7338504791259766
	0.7338570952415466
	0.7338665127754211
	0.7338781356811523
	0.733889639377594
	0.7339028120040894
	0.7339155077934265
	0.7339183688163757
	0.7339432835578918
	0.733958899974823
	0.7339555621147156
	0.7339642643928528
	0.7339692711830139
	0.7339839339256287
	0.7339940071105957
	0.7339893579483032
	0.7340147495269775
	0.7340454459190369
	0.7340506315231323
	0.7340642213821411
	0.7340735793113708
	0.7340980172157288
	0.7341048121452332
	0.7341080904006958
	0.734130322933197
	0.7341420650482178
	0.7341660261154175
	0.7341726422309875
	0.734173595905304
	0.7341898083686829
	0.7341738343238831
	0.7341933250427246
	0.734218180179596
	0.7342401742935181
	0.7342483997344971
	0.7342504858970642
	0.7342475652694702
	0.7342662811279297
	0.7342808246612549
	0.7342637181282043
	0.7342793345451355
	0.7342972755432129
	0.734288215637207
	0.7343100905418396
	0.7343307733535767
	0.7343349456787109
	0.7343361377716064
	0.7343574166297913
	0.7343726754188538
	0.7343859672546387
	0.7343946099281311
	0.7343881130218506
	0.7343906164169312
]