[
	0.8785364031791687
	0.878325343132019
	0.8781213164329529
	0.8779093623161316
	0.8776959776878357
	0.8774763345718384
	0.8772639632225037
	0.8770474195480347
	0.8768442273139954
	0.8766396045684814
	0.8764243721961975
	0.8762010335922241
	0.8759915232658386
	0.875778079032898
	0.875567615032196
	0.8753621578216553
	0.8751531839370728
	0.8749237060546875
	0.8747141361236572
	0.8745078444480896
	0.874297022819519
	0.8740770220756531
	0.8738688826560974
	0.873667299747467
	0.873457670211792
	0.8732571601867676
	0.8730527758598328
	0.872852623462677
	0.8726450204849243
	0.8724175095558167
	0.872218132019043
	0.8720040917396545
	0.8718068599700928
	0.8715886473655701
	0.8713773488998413
	0.871179461479187
	0.8709934949874878
	0.8707748055458069
	0.8705849051475525
	0.8703848123550415
	0.8701766133308411
	0.869976818561554
	0.8697864413261414
	0.8695907592773438
	0.8693974614143372
	0.8692019581794739
	0.8690120577812195
	0.8688225746154785
	0.8686386942863464
	0.8684442043304443
	0.8682595491409302
	0.8680749535560608
	0.8678811192512512
	0.8676872849464417
	0.8675042986869812
	0.867317795753479
	0.8671268820762634
	0.8669396042823792
	0.8667417764663696
	0.8665623664855957
	0.8663753867149353
	0.8661859035491943
	0.8660044074058533
	0.8657993674278259
	0.8656104803085327
	0.8654265403747559
	0.8652474880218506
	0.865058958530426
	0.8648881316184998
	0.8647069334983826
	0.8645440936088562
	0.8643637895584106
	0.8641933798789978
	0.8640053272247314
	0.8638278245925903
	0.8636513352394104
	0.8634853363037109
	0.8633080124855042
	0.8631457090377808
	0.8629505038261414
	0.8627838492393494
	0.8626087307929993
	0.8624480962753296
	0.862272322177887
	0.8621053099632263
	0.8619416356086731
	0.8617745041847229
	0.8616050481796265
	0.8614510893821716
	0.8612841367721558
	0.8611217737197876
	0.8609659671783447
	0.8608068823814392
	0.860643744468689
	0.8604780435562134
	0.8603246212005615
	0.8601714968681335
	0.8600157499313354
	0.8598652482032776
	0.8597026467323303
	0.8595417737960815
	0.8593826293945312
	0.8592108488082886
	0.8590491414070129
	0.8588933348655701
	0.8587354421615601
	0.8585814237594604
	0.8584401607513428
	0.8582867383956909
	0.8581361770629883
	0.8579890727996826
	0.8578488230705261
	0.8577025532722473
	0.8575544953346252
	0.8574128150939941
	0.8572531342506409
	0.8571112155914307
	0.8569707870483398
	0.8568335771560669
	0.8566927909851074
	0.8565465211868286
	0.8564011454582214
	0.8562607765197754
	0.8561219573020935
	0.8559727668762207
	0.8558259010314941
	0.8557050824165344
	0.855552077293396
	0.8554174900054932
	0.855273962020874
	0.8551314473152161
	0.8549923896789551
	0.8548504710197449
	0.854716420173645
	0.8545824885368347
	0.8544365167617798
	0.8543023467063904
	0.8541783690452576
	0.8540312051773071
	0.8538857102394104
	0.8537551760673523
	0.8536251783370972
	0.853493332862854
	0.8533579111099243
	0.8532219529151917
	0.8530850410461426
	0.852957010269165
	0.8528227806091309
	0.8526934385299683
	0.8525629043579102
	0.852437436580658
	0.8522994518280029
	0.8521690368652344
	0.8520303964614868
	0.8519076704978943
	0.8517751097679138
	0.8516472578048706
	0.8515282869338989
	0.8513991236686707
	0.851272463798523
	0.8511525988578796
	0.851030170917511
	0.8508897423744202
	0.8507673740386963
	0.8506448268890381
	0.8505244255065918
	0.8503940105438232
	0.8502747416496277
	0.8501552939414978
	0.850030779838562
	0.8499071598052979
	0.8497835993766785
	0.8496638536453247
	0.8495364189147949
	0.8494231104850769
	0.84930819272995
	0.8491895198822021
	0.8490737080574036
	0.8489447236061096
	0.848834216594696
	0.8487195372581482
	0.8485923409461975
	0.8484742045402527
	0.8483529686927795
	0.848233163356781
	0.8481119871139526
	0.8479940891265869
	0.847882866859436
	0.8477616310119629
	0.8476452231407166
	0.8475338816642761
	0.8474249243736267
	0.8473078608512878
	0.8471936583518982
	0.8470901846885681
	0.8469812870025635
	0.846867561340332
	0.846752405166626
	0.8466449975967407
	0.8465324640274048
	0.8464168310165405
	0.846310019493103
	0.8461927771568298
	0.8461024165153503
	0.8459898233413696
	0.8458787202835083
	0.8457690477371216
	0.845653772354126
	0.8455469012260437
	0.8454316258430481
	0.8453289270401001
	0.8452259302139282
	0.8451241850852966
	0.8450290560722351
	0.8449262380599976
	0.8448260426521301
	0.8447248339653015
	0.844618022441864
	0.8445128798484802
	0.8444138169288635
	0.8443213105201721
	0.8442241549491882
	0.8441177010536194
	0.8440186381340027
	0.843914806842804
	0.8438116908073425
	0.8437034487724304
	0.8436082005500793
	0.8435107469558716
	0.8434122800827026
	0.8433082699775696
	0.8432126641273499
	0.8431125283241272
	0.8430092334747314
	0.8429149985313416
	0.842820405960083
	0.8427234292030334
	0.8426176905632019
	0.84251868724823
	0.8424205780029297
	0.8423206210136414
	0.8422263264656067
	0.842132031917572
	0.8420394062995911
	0.8419445157051086
	0.8418501019477844
	0.8417548537254333
	0.8416602611541748
	0.8415642380714417
	0.8414722084999084
	0.8413861989974976
	0.8412936329841614
	0.841188907623291
	0.8411001563072205
	0.841006338596344
	0.8409258127212524
	0.8408395648002625
	0.8407415747642517
	0.8406515717506409
	0.8405575156211853
	0.8404636383056641
	0.8403775691986084
	0.8402830958366394
	0.8401960730552673
	0.8400996923446655
	0.8400127291679382
	0.839920699596405
	0.8398293852806091
	0.839737594127655
	0.8396481275558472
	0.8395609259605408
	0.8394691348075867
	0.8393821120262146
	0.839295506477356
	0.8392100930213928
	0.839120090007782
	0.839042067527771
	0.8389585018157959
	0.8388772010803223
	0.8387962579727173
	0.8387113213539124
	0.8386226296424866
	0.838537871837616
	0.8384570479393005
	0.8383755683898926
	0.8382841944694519
	0.8381975293159485
	0.8381108641624451
	0.838035523891449
	0.8379525542259216
	0.8378598093986511
	0.837772786617279
	0.8376893997192383
	0.837601363658905
	0.8375151753425598
	0.8374390602111816
	0.8373579382896423
	0.8372781872749329
	0.8371806144714355
	0.837097704410553
	0.8370178937911987
	0.836929976940155
	0.8368501663208008
	0.8367726802825928
	0.8366931080818176
	0.8366155028343201
	0.8365374207496643
	0.8364641666412354
	0.8363876342773438
	0.836301326751709
	0.8362219929695129
	0.8361472487449646
	0.8360671997070312
	0.8359836339950562
	0.8359041213989258
	0.835824191570282
	0.8357444405555725
	0.8356665968894958
	0.8355860114097595
	0.8355032205581665
	0.8354196548461914
	0.8353406190872192
	0.8352651000022888
	0.8351948857307434
	0.8351103067398071
	0.8350360989570618
	0.8349633812904358
	0.8348893523216248
	0.8348145484924316
	0.8347401022911072
	0.8346622586250305
	0.8345754146575928
	0.8344985842704773
	0.8344256281852722
	0.8343520164489746
	0.8342692255973816
	0.834187924861908
	0.8341108560562134
	0.8340389132499695
	0.8339688181877136
	0.8339003324508667
	0.8338214159011841
	0.833747923374176
	0.8336738348007202
	0.8336020708084106
	0.8335207104682922
	0.8334408402442932
	0.8333690166473389
	0.8332993388175964
	0.8332264423370361
	0.8331480026245117
	0.8330727815628052
	0.8329887986183167
	0.8329107761383057
	0.8328421711921692
	0.832767903804779
	0.8326947689056396
	0.832628071308136
	0.8325596451759338
	0.8324835300445557
	0.8324121832847595
	0.8323456048965454
	0.8322762250900269
	0.8322032690048218
	0.832128643989563
	0.8320572972297668
	0.8319828510284424
	0.8319090604782104
	0.8318383693695068
	0.8317744731903076
	0.8317050337791443
	0.831632673740387
	0.8315573334693909
	0.8314840793609619
	0.8314136266708374
	0.8313442468643188
	0.8312703967094421
	0.8312069773674011
	0.8311377167701721
	0.8310637474060059
	0.8309908509254456
	0.8309242129325867
	0.8308593034744263
	0.8307924270629883
	0.8307282328605652
	0.8306573033332825
	0.8305935263633728
	0.8305201530456543
	0.8304609656333923
	0.8303945660591125
	0.8303173184394836
	0.8302501440048218
	0.8301824927330017
	0.8301124572753906
	0.8300397992134094
	0.8299726843833923
	0.8299127221107483
	0.8298452496528625
	0.8297795653343201
	0.829715371131897
	0.8296514749526978
	0.8295940160751343
	0.8295210003852844
	0.8294568657875061
	0.8293911814689636
	0.8293225765228271
	0.8292603492736816
	0.8291949033737183
	0.8291306495666504
	0.8290672302246094
	0.8290029168128967
	0.8289397954940796
	0.8288716077804565
	0.8288026452064514
	0.8287363648414612
	0.8286761045455933
	0.8286131620407104
	0.828546941280365
	0.8284819722175598
	0.8284223079681396
	0.8283554911613464
	0.8282902240753174
	0.8282224535942078
	0.828151285648346
	0.828089714050293
	0.8280273079872131
	0.827965259552002
	0.8279076218605042
	0.8278393149375916
	0.8277761936187744
	0.8277111649513245
	0.8276483416557312
	0.8275864720344543
	0.8275173902511597
	0.8274500966072083
	0.8273955583572388
	0.8273440003395081
	0.8272840976715088
	0.8272163271903992
	0.8271488547325134
	0.8270853161811829
	0.8270207643508911
	0.8269578218460083
	0.8268992304801941
	0.8268313407897949
	0.8267675042152405
	0.8267017602920532
	0.826640248298645
	0.8265753388404846
	0.8265160322189331
	0.8264549374580383
	0.8263985514640808
	0.8263300061225891
	0.8262705206871033
	0.8262044787406921
	0.826142430305481
	0.8260854482650757
	0.8260278105735779
	0.8259623646736145
	0.8259023427963257
	0.8258400559425354
	0.8257789611816406
	0.8257248997688293
	0.8256575465202332
	0.8256043791770935
	0.825543999671936
	0.8254864811897278
	0.8254276514053345
	0.8253662586212158
	0.8253080248832703
	0.8252490758895874
	0.8251897096633911
	0.8251320719718933
	0.8250782489776611
	0.8250260353088379
	0.8249673843383789
	0.8249046206474304
	0.8248417973518372
	0.8247821927070618
	0.8247264623641968
	0.8246663212776184
	0.8246104121208191
	0.8245537281036377
	0.8245004415512085
	0.8244421482086182
	0.8243881464004517
	0.8243324160575867
	0.8242698311805725
	0.8242121934890747
	0.8241488337516785
	0.8240923881530762
	0.8240310549736023
	0.8239696621894836
	0.8239167332649231
	0.8238587975502014
	0.8237963318824768
	0.8237407207489014
	0.8236904740333557
	0.82363361120224
	0.8235759735107422
	0.8235195279121399
	0.8234651684761047
	0.8234145641326904
	0.8233574628829956
	0.8233012557029724
	0.823249340057373
	0.8231908679008484
	0.8231330513954163
	0.8230751156806946
	0.8230193257331848
	0.8229671120643616
	0.8229168653488159
	0.8228558897972107
	0.8228024244308472
	0.822752833366394
	0.822697103023529
	0.8226482272148132
	0.8225921392440796
	0.8225375413894653
	0.8224876523017883
	0.8224353194236755
	0.8223806023597717
	0.8223314881324768
	0.8222668170928955
	0.8222119212150574
	0.8221598267555237
	0.8221044540405273
	0.822052538394928
	0.8220005035400391
	0.8219459056854248
	0.8218931555747986
	0.8218382000923157
	0.8217867016792297
	0.8217301964759827
	0.8216781616210938
	0.8216267824172974
	0.8215774297714233
	0.8215254545211792
	0.8214772939682007
	0.8214182257652283
	0.8213601112365723
	0.8213059306144714
	0.8212577700614929
	0.8212053775787354
	0.8211507201194763
	0.8211055397987366
	0.8210536241531372
	0.8210068941116333
	0.8209574818611145
	0.820904016494751
	0.8208461999893188
	0.8207929134368896
	0.8207359313964844
	0.8206844329833984
	0.8206355571746826
	0.8205873370170593
	0.8205315470695496
	0.820479691028595
	0.8204317092895508
	0.8203843832015991
	0.8203374743461609
	0.8202836513519287
	0.820233166217804
	0.8201863765716553
	0.820134699344635
	0.8200867176055908
	0.8200414180755615
	0.8199959397315979
	0.8199459314346313
	0.8198961019515991
	0.8198480010032654
	0.8198095560073853
	0.8197596669197083
	0.8197095394134521
	0.8196608424186707
	0.8196122050285339
	0.8195597529411316
	0.8195073008537292
	0.8194639682769775
	0.8194162249565125
	0.8193740248680115
	0.8193268179893494
	0.8192750215530396
	0.8192254304885864
	0.8191762566566467
	0.8191268444061279
	0.8190762400627136
	0.8190264701843262
	0.8189821839332581
	0.8189350366592407
	0.8188892602920532
	0.8188403844833374
	0.8187911510467529
	0.8187462687492371
	0.818695604801178
	0.8186441659927368
	0.8185925483703613
	0.8185407519340515
	0.8184968829154968
	0.8184502124786377
	0.8184016942977905
	0.8183517456054688
	0.8183085322380066
	0.8182620406150818
	0.8182114362716675
	0.8181658387184143
	0.8181275129318237
	0.8180729746818542
	0.8180188536643982
	0.817973256111145
	0.8179214596748352
	0.8178752660751343
	0.8178333044052124
	0.8177856802940369
	0.8177433609962463
	0.8176997303962708
	0.8176504969596863
	0.8176102042198181
	0.8175678849220276
	0.817523181438446
	0.8174794316291809
	0.8174349665641785
	0.8173912763595581
	0.8173457384109497
	0.8173024654388428
	0.8172529935836792
	0.8172029852867126
	0.817154586315155
	0.817112147808075
	0.8170637488365173
	0.8170154094696045
	0.8169738054275513
	0.816925585269928
	0.8168870210647583
	0.8168388605117798
	0.8167973160743713
	0.8167517185211182
	0.8167058825492859
	0.8166610598564148
	0.8166173696517944
	0.8165764212608337
	0.8165347576141357
	0.8164891600608826
	0.8164420127868652
	0.8163954615592957
	0.8163475394248962
	0.8163044452667236
	0.8162700533866882
	0.8162176012992859
	0.8161734938621521
	0.8161269426345825
	0.8160864114761353
	0.816041886806488
	0.8159995675086975
	0.8159576058387756
	0.8159138560295105
	0.8158724904060364
	0.815826416015625
	0.81578528881073
	0.815744161605835
	0.8157032132148743
	0.8156648874282837
	0.815617561340332
	0.8155742287635803
	0.8155314922332764
	0.8154844641685486
	0.815437912940979
	0.8153998255729675
	0.8153555393218994
	0.8153130412101746
	0.8152747750282288
	0.8152334094047546
	0.8151931762695312
	0.8151497840881348
	0.8151087760925293
	0.8150621056556702
	0.8150190711021423
	0.8149756193161011
	0.8149321675300598
	0.8148884177207947
	0.8148514032363892
	0.8148065805435181
	0.8147590160369873
	0.8147169351577759
	0.8146819472312927
	0.8146477937698364
	0.8146066069602966
	0.8145634531974792
	0.8145220279693604
	0.8144758343696594
	0.8144372701644897
	0.8143970370292664
	0.8143566250801086
	0.8143206834793091
	0.8142859935760498
	0.8142472505569458
	0.8142077326774597
	0.8141759037971497
	0.8141362071037292
	0.8140929341316223
	0.814053475856781
	0.8140077590942383
	0.813963770866394
	0.8139211535453796
	0.8138778209686279
	0.8138406872749329
	0.8138036131858826
	0.8137632012367249
	0.8137258291244507
	0.8136851787567139
	0.8136467337608337
	0.8136072754859924
	0.8135681748390198
	0.8135238885879517
	0.8134869337081909
	0.8134523630142212
	0.813416063785553
	0.8133729696273804
	0.8133307695388794
	0.8132941126823425
	0.8132544159889221
	0.8132202625274658
	0.8131757378578186
	0.8131372928619385
	0.8130995035171509
	0.8130563497543335
	0.8130102157592773
	0.812969982624054
	0.8129289746284485
	0.8128986358642578
	0.8128636479377747
	0.8128226399421692
	0.8127951622009277
	0.8127580285072327
	0.8127175569534302
	0.8126799464225769
	0.812637209892273
	0.8126017451286316
	0.8125616908073425
	0.8125246167182922
	0.8124904632568359
	0.8124536275863647
	0.8124135136604309
	0.8123751878738403
	0.8123399615287781
	0.8123034834861755
	0.8122684955596924
	0.812227725982666
	0.8121895790100098
	0.8121534585952759
	0.8121187686920166
	0.8120834231376648
	0.8120412826538086
	0.8120110034942627
	0.8119705319404602
	0.811937153339386
	0.8119016289710999
	0.8118625283241272
	0.8118273615837097
	0.811792254447937
	0.8117546439170837
	0.81172114610672
	0.8116865158081055
	0.8116509318351746
	0.8116160035133362
	0.8115799427032471
	0.81154465675354
	0.8115130662918091
	0.8114762902259827
	0.811434268951416
	0.8113991618156433
	0.8113648295402527
	0.8113245964050293
	0.8112918138504028
	0.8112547397613525
	0.8112245798110962
	0.8111908435821533
	0.811156690120697
	0.8111228346824646
	0.8110940456390381
	0.8110619783401489
	0.8110291957855225
	0.8109881281852722
	0.8109533190727234
	0.8109214305877686
	0.8108869194984436
	0.810855507850647
	0.8108198642730713
	0.8107884526252747
	0.810754656791687
	0.8107219934463501
	0.8106874823570251
	0.8106535077095032
	0.8106233477592468
	0.8105865120887756
	0.8105528950691223
	0.810511589050293
	0.8104725480079651
	0.8104384541511536
	0.8104020357131958
	0.8103703856468201
	0.8103330731391907
	0.8102924823760986
	0.810256838798523
	0.8102285861968994
	0.8101915717124939
	0.8101627230644226
	0.8101252913475037
	0.810093104839325
	0.8100559115409851
	0.8100187182426453
	0.8099890947341919
	0.8099492192268372
	0.8099181056022644
	0.8098834156990051
	0.8098578453063965
	0.8098230361938477
	0.8097946643829346
	0.8097612857818604
	0.8097295761108398
	0.8096979260444641
	0.8096665740013123
	0.8096302151679993
	0.8095933198928833
	0.8095641732215881
	0.8095322847366333
	0.8095001578330994
	0.8094713687896729
	0.8094377517700195
	0.8094013333320618
	0.8093664646148682
	0.8093324899673462
	0.8093031644821167
	0.8092706799507141
	0.809231698513031
	0.8091999292373657
	0.8091716766357422
	0.8091362714767456
	0.8091074824333191
	0.8090806603431702
	0.809053897857666
	0.8090234994888306
	0.8089869022369385
	0.8089596033096313
	0.8089209198951721
	0.8088850378990173
	0.8088570237159729
	0.8088243007659912
	0.8087927103042603
	0.8087649941444397
	0.8087396621704102
	0.808711051940918
	0.8086810111999512
	0.808653712272644
	0.8086268305778503
	0.8085960745811462
	0.808564305305481
	0.8085417747497559
	0.8085099458694458
	0.8084763288497925
	0.8084539175033569
	0.8084221482276917
	0.8083949685096741
	0.8083657622337341
	0.8083369731903076
	0.8083016872406006
	0.8082748651504517
	0.8082436919212341
	0.8082177639007568
	0.8081849813461304
	0.8081501722335815
	0.8081191182136536
	0.8080874085426331
	0.8080568313598633
	0.8080231547355652
	0.8079952001571655
	0.807969331741333
	0.8079386353492737
	0.8079156279563904
	0.8078879714012146
	0.8078538775444031
	0.807834804058075
	0.8078081011772156
	0.8077810406684875
	0.8077548146247864
	0.8077226281166077
	0.8076937198638916
	0.8076647520065308
	0.8076311349868774
	0.8076059818267822
	0.8075767755508423
	0.8075516819953918
	0.8075288534164429
	0.8074986338615417
	0.807471513748169
	0.807443380355835
	0.8074135184288025
	0.8073877096176147
	0.8073630928993225
	0.8073416948318481
	0.8073117733001709
	0.8072835206985474
	0.8072545528411865
	0.8072265982627869
	0.8071935176849365
	0.8071686029434204
	0.8071428537368774
	0.8071128726005554
	0.8070845007896423
	0.807058572769165
	0.8070371747016907
	0.807011067867279
	0.806980311870575
	0.8069526553153992
	0.806920051574707
	0.8068931698799133
	0.806868851184845
	0.8068404197692871
	0.806806743144989
	0.806777834892273
	0.8067442774772644
	0.8067160844802856
	0.8066866993904114
	0.8066592216491699
	0.8066322803497314
	0.8065956234931946
	0.8065636157989502
	0.8065304160118103
	0.8065007925033569
	0.8064727187156677
	0.806448757648468
	0.8064195513725281
	0.8063912987709045
	0.8063622713088989
	0.8063324689865112
	0.806303858757019
	0.8062859773635864
	0.8062579035758972
	0.8062285780906677
	0.8062055706977844
	0.8061846494674683
	0.8061548471450806
	0.8061355352401733
	0.8061063885688782
	0.8060801029205322
	0.806056022644043
	0.806026816368103
	0.8059983849525452
	0.8059739470481873
	0.8059451580047607
	0.8059215545654297
	0.8058915734291077
	0.8058714866638184
	0.8058383464813232
	0.8058130741119385
	0.8057902455329895
	0.805759847164154
	0.8057329058647156
	0.8057024478912354
	0.8056796789169312
	0.8056615591049194
	0.8056344985961914
	0.805611789226532
	0.8055877685546875
	0.8055665493011475
	0.8055429458618164
	0.8055173754692078
	0.8054974675178528
	0.8054711818695068
	0.8054482936859131
	0.8054225444793701
	0.8053958415985107
	0.805370569229126
	0.8053513765335083
	0.8053208589553833
	0.8053011298179626
	0.8052757382392883
	0.8052529096603394
	0.8052304983139038
	0.8052045702934265
	0.8051853179931641
	0.805163562297821
	0.8051462769508362
	0.8051237463951111
	0.8050951361656189
	0.8050702214241028
	0.8050478100776672
	0.805025577545166
	0.8050069212913513
	0.8049811720848083
	0.8049595355987549
	0.8049348592758179
	0.8049099445343018
	0.8048831224441528
	0.8048573136329651
	0.8048312067985535
	0.8048057556152344
	0.8047885894775391
	0.8047741055488586
	0.8047541379928589
	0.8047302961349487
	0.804699182510376
	0.8046715259552002
	0.8046443462371826
	0.8046167492866516
	0.8045965433120728
	0.804567813873291
	0.8045462369918823
	0.8045201301574707
	0.8044984340667725
	0.8044732213020325
	0.8044438362121582
	0.8044182062149048
	0.8043884634971619
	0.8043631315231323
	0.8043419122695923
	0.8043168783187866
	0.8042898774147034
	0.8042590618133545
	0.8042373061180115
	0.8042223453521729
	0.8041946887969971
	0.804170548915863
	0.8041447997093201
	0.8041175603866577
	0.8040904998779297
	0.8040706515312195
	0.8040444254875183
	0.8040181398391724
	0.8039957880973816
	0.8039687275886536
	0.8039400577545166
	0.8039200901985168
	0.8038942813873291
	0.8038694262504578
]