[
	1.232898289133903
	1.232898289133904
	1.2328982891339693
	1.2328982891296545
	1.2328982887020692
	1.2328982644222088
	1.2329079743154778
	1.232962375406392
	1.2330331650509387
	1.2331125588356555
	1.233172210179522
	1.233243162699
	1.233315477348679
	1.2333703029417855
	1.2334293624241148
	1.2334856655866915
	1.2335558995245197
	1.233610308814651
	1.2336696128278062
	1.2337131738579472
	1.2337632210046707
	1.233815520909982
	1.2338616088798713
	1.2339070130013798
	1.2339610234344778
	1.2340066392950768
	1.2340567882392044
	1.2341044870870517
	1.23413369947106
	1.2341680764523368
	1.2342119453394635
	1.2342535366812128
	1.2342853144804706
	1.2343186519111695
	1.2343497214842998
	1.2343922777241254
	1.234427996201596
	1.2344722380916446
	1.2345094702169406
	1.2345375586802503
	1.2345681240057402
	1.2345976588237138
	1.234623997716843
	1.2346536605395109
	1.2346791881801167
	1.2347161157123945
	1.234743351686408
	1.234771421797369
	1.2348061036227813
	1.2348337969804406
	1.2348646617784076
	1.23488873225353
	1.2349136544471433
	1.234936565456942
	1.2349614571530612
	1.2349816765818442
	1.2349965442353847
	1.2350210509482384
	1.2350391830399101
	1.235050627085653
	1.2350738508430166
	1.2350945735917034
	1.2351074845302141
	1.2351314873166526
	1.2351567641801995
	1.2351681016818379
	1.2351829379055375
	1.2352022495199264
	1.2352206084621031
	1.2352476188229635
	1.2352592783264058
	1.2352688533374707
	1.2352838973397482
	1.2353025982415695
	1.2353105961465525
	1.2353242175170198
	1.235341890995372
	1.2353430417270759
	1.2353560523331195
	1.2353708584754037
	1.2353822347806205
	1.235399644721517
	1.235408072509443
	1.2354167640733813
	1.2354197359595094
	1.2354379760194376
	1.2354462861589879
	1.2354464795941025
	1.2354623033162178
	1.2354648638545676
	1.2354750970412514
	1.235486003207612
	1.235494476215068
	1.235502622851806
	1.235514009131038
	1.235524644704433
	1.2355369120054205
	1.2355411729838166
	1.2355506741242324
	1.2355650810671477
	1.2355808894186444
	1.2355818331392219
	1.2355961917793843
	1.2355994386948423
	1.2356018604786323
	1.2356092782864005
	1.2356065951521493
	1.23560830225512
	1.235609041512442
	1.2356110761290926
	1.2356214753201633
	1.2356283123989893
	1.2356364034783236
	1.2356364645272104
	1.235642627184675
	1.235649003532631
	1.2356541201727664
	1.2356563938125886
	1.235663165951166
	1.235663290270463
	1.2356718399217175
	1.235672783448993
	1.2356722996580536
	1.2356790724275935
	1.235676081322684
	1.2356798224204826
	1.2356804767867708
	1.2356876868347901
	1.2356869765582583
	1.2356793269677178
	1.2356758071885094
	1.2356817572483751
	1.235681614315455
	1.235685270715838
	1.2356794802769122
	1.2356795433912262
	1.2356780145423951
	1.2356783811029717
	1.235684953376265
	1.235682922836594
	1.2356825261572764
	1.2356876031618917
	1.2356933957851484
	1.2356954444485078
	1.2356957358227754
	1.2356995252808765
	1.2357060543430924
	1.2357058660013223
	1.2357116627345157
	1.2357171331499566
	1.2357182061326388
	1.235714558299267
	1.235712884592641
	1.2357140247411778
	1.2357152616415141
	1.2357175890912904
	1.2357166235078803
	1.2357151153970336
	1.2357087205552457
	1.235699483028409
	1.235701732129802
	1.235693695525057
	1.235696458184398
	1.2356956180319885
	1.2356955349322796
	1.2357006088131373
	1.2357043460609256
	1.235706520935247
	1.2357110031410716
	1.2357099156590179
	1.2357173914766926
	1.2357144568538858
	1.2357126908246876
	1.2357114962039581
	1.2357155884231537
	1.2357078341795926
	1.2357009848383547
	1.2356945154936387
	1.2356962556192195
	1.2356944032489898
	1.2356939081251739
	1.235690211010438
	1.2356893934959159
	1.2356898620587486
	1.2356941100858074
	1.235688961945077
	1.235687858426224
	1.235680699176437
	1.2356813363200239
	1.2356827772479237
	1.2356823905949585
	1.2356793952368297
	1.2356748804651125
	1.2356732086724773
	1.2356713893183515
	1.2356712296093102
	1.2356733871202024
	1.23567304194338
	1.235669820767516
	1.2356643446846987
	1.2356593083073661
	1.235658631338083
	1.235653917451905
	1.2356541981696088
	1.2356501092840162
	1.235645181901709
	1.2356396533727045
	1.2356376240732214
	1.235633446053877
	1.235629516643567
	1.235628021827431
	1.235627570753194
	1.235621476178953
	1.2356154898783787
	1.2356156332293489
	1.235610152525106
	1.2356134056899863
	1.2356100634333833
	1.2356046431532155
	1.2356062919280029
	1.2356039766299856
	1.2355958500354753
	1.235588373391808
	1.2355903032722577
	1.2355859767032242
	1.2355826349961305
	1.235580579738448
	1.2355779921191017
	1.2355733536223055
	1.2355693452900236
	1.2355707211945728
	1.2355705399571195
	1.2355642815974694
	1.235563867363277
	1.2355664360907714
	1.2355675402515005
	1.2355674648471917
	1.2355687949864251
	1.2355663747745103
	1.2355598103286864
	1.235557737940104
	1.2355584477642039
	1.2355607896755267
	1.2355562033547227
	1.235553510981734
	1.2355482683164138
	1.2355445610819513
	1.23554470454721
	1.2355400278345152
	1.2355413031687053
	1.2355445678049473
	1.235542652812419
	1.2355387705995708
	1.2355359402603816
	1.2355342977951227
	1.2355334492068772
	1.2355300750537035
	1.2355315497424642
	1.2355309532862606
	1.2355272524271181
	1.23552238802749
	1.235522189076697
	1.2355234247507754
	1.2355247198332096
	1.2355214514362247
	1.2355124307914258
	1.2355102174787902
	1.2355138335580111
	1.2355111689039573
	1.2355148035672374
	1.2355153947663589
	1.2355156903851126
	1.2355171547114805
	1.235516717228906
	1.2355128813615364
	1.2355100022948902
	1.2355077630495162
	1.2355112337721985
	1.23550963788247
	1.2355115682874929
	1.235508550176646
	1.2355016895536588
	1.235503535549292
	1.2355033847501613
	1.2355027092756943
	1.2355054509160857
	1.235505544527003
	1.2355063252303455
	1.2355030435162195
	1.2355036428319313
	1.2355045333294172
	1.2355018013627561
	1.2355010678543263
	1.2354918924008593
	1.235485100868918
	1.235477943660104
	1.235476757608572
	1.2354752412036936
	1.235472391851066
	1.2354710858737286
	1.235468555993946
	1.2354708478326986
	1.235468040317143
	1.2354671676134283
	1.2354676042731128
	1.235464787299702
	1.2354630370360193
	1.2354650589778446
	1.2354637805794766
	1.2354634179903667
	1.2354622366091055
	1.2354600983916328
	1.2354591895205396
	1.2354600241540452
	1.2354624958370848
	1.2354596668186126
	1.2354563704278696
	1.2354571185900753
	1.2354539723321891
	1.2354543532660043
	1.2354538104493045
	1.2354521530915272
	1.2354487272849048
	1.235449461514175
	1.2354493509845181
	1.2354457587903496
	1.2354438417184703
	1.2354428047257024
	1.235441475036706
	1.2354363666805148
	1.2354373687701792
	1.2354343801780014
	1.2354340560973656
	1.2354311909964377
	1.2354286061142135
	1.2354265547203893
	1.23542757902085
	1.2354223938021731
	1.2354201633332365
	1.235421600093264
	1.235423516740441
	1.2354206087051909
	1.2354209814223092
	1.235425383736417
	1.235425033294592
	1.235426381498497
	1.2354253641193815
	1.235424633282442
	1.2354246605099601
	1.235416490542147
	1.235418160305355
	1.2354135583679158
	1.2354132391450732
	1.2354102588137104
	1.235406264169704
	1.2354033331523997
	1.2354019843402662
	1.2354017272904378
	1.2353977877929392
	1.2353968955618504
	1.2353958350273795
	1.235395741224621
	1.2353922289703398
	1.2353927187385956
	1.2353931829398057
	1.2353872604465832
	1.2353887741784928
	1.235387662356067
	1.2353863650035655
	1.2353853523865477
	1.235385543237773
	1.2353835296077174
	1.2353813547157915
	1.235381340531122
	1.2353780076010166
	1.2353765169779132
	1.2353771390212585
	1.235378080655914
	1.23537826398163
	1.2353760311505533
	1.2353762377342432
	1.2353775037174255
	1.2353776006081614
	1.2353734879383758
	1.235372465339281
	1.2353755963237905
	1.235384000398077
	1.2353824340321213
	1.235385390909438
	1.235383410534356
	1.2353774423744783
	1.2353789458193642
	1.2353833975066935
	1.2353821196094323
	1.2353813246039809
	1.2353767883699724
	1.2353758309892766
	1.2353767237671975
	1.2353758420342602
	1.2353768723605987
	1.23537119288956
	1.235362737645436
	1.2353593987843592
	1.2353555655159534
	1.2353511840377158
	1.235347717480421
	1.2353421381786773
	1.235341233838212
	1.235342342909646
	1.2353361826317601
	1.2353302934070052
	1.235333498926031
	1.2353286511064423
	1.2353244596727224
	1.235324507069326
	1.235322606570863
	1.2353203013592116
	1.2353212764357089
	1.2353190687733142
	1.2353133946188803
	1.2353165903661243
	1.2353143405075233
	1.2353165955991334
	1.2353205854502392
	1.235319134196923
	1.2353183335963422
	1.2353210484823376
	1.2353183935852605
	1.235314372234092
	1.2353142187262418
	1.2353144820039894
	1.235314260068765
	1.2353090250189378
	1.2353058721228776
	1.2353022951228143
	1.2353004399640286
	1.2353008708432829
	1.2353015351073497
	1.2353003544283438
	1.235299186060563
	1.2352947368130143
	1.2352945955358294
	1.2352914166973614
	1.235289577198277
	1.2352907995111653
	1.2352880487703646
	1.2352870406682699
	1.2352863859665446
	1.235284631809369
	1.2352838994592827
	1.235278022044786
	1.235279440310545
	1.2352811892515965
	1.2352743626933633
	1.2352701090896343
	1.2352684694315565
	1.2352666487325312
	1.2352644660936873
	1.2352691642882698
	1.235272543700396
	1.2352714673925997
	1.2352718551973825
	1.2352702813596992
	1.235272447155454
	1.2352741334724047
	1.2352763044003046
	1.2352742702695478
	1.2352735925020777
	1.2352715255947795
	1.2352685634616067
	1.2352659043420229
	1.2352658877881368
	1.235266007875424
	1.2352646529076123
	1.2352621844262075
	1.2352614589539772
	1.2352604370033649
	1.2352524793413615
	1.235250486879447
	1.2352463388960842
	1.235247897101254
	1.235245788297755
	1.2352446675857043
	1.2352446740297194
	1.235241489265375
	1.2352455982815471
	1.2352430786538742
	1.2352437991851717
	1.2352464443723847
	1.2352427234306824
	1.2352404430731143
	1.2352386602592769
	1.2352384399854326
	1.2352354929530287
	1.2352324062573052
	1.2352303738938688
	1.2352288401972513
	1.2352289560786902
	1.2352246585033195
	1.2352288406581184
	1.2352339406903312
	1.2352376909493343
	1.2352404422888308
	1.2352384699652712
	1.2352408069480376
	1.235237826915215
	1.23523927286537
	1.235243554634501
	1.2352351042900607
	1.235230750191337
	1.2352292471858717
	1.235230121183024
	1.2352310975892147
	1.2352341056512897
	1.2352300437893997
	1.2352317187345154
	1.235225861241353
	1.2352245558887944
	1.2352269541562733
	1.2352263389616243
	1.2352235077583602
	1.2352206669777042
	1.235220482443008
	1.2352240792130376
	1.235226913829802
	1.2352255918938344
	1.2352270475360323
	1.235227913890076
	1.235224335289691
	1.2352235048563387
	1.2352231016053308
	1.235225830312352
	1.2352223163741274
	1.2352230353764238
	1.2352216710241855
	1.2352223679263632
	1.2352226078565116
	1.2352245004780111
	1.2352229565225596
	1.2352239112191543
	1.2352202543632629
	1.2352193927629869
	1.2352145029875279
	1.2352168365451808
	1.2352186116329997
	1.2352206601652984
	1.235217931482279
	1.2352193868781354
	1.2352172973780362
	1.2352109054379612
	1.23520833788011
	1.2352073085536857
	1.2352101411313896
	1.235210638279488
	1.235211663907897
	1.2352097368022767
	1.2352097469935719
	1.2352081177926841
	1.2352123862501494
	1.2352112958547001
	1.2352113724135914
	1.235215445532672
	1.235219076551974
	1.2352175166147275
	1.2352181659870736
	1.235220622485213
	1.2352183128156362
	1.2352157034181714
	1.2352167209010467
	1.2352148129482754
	1.2352123196087939
	1.235212049341041
	1.2352155998242933
	1.2352144099539617
	1.2352128194346497
	1.23521493343209
	1.2352138734445646
	1.2352139893530838
	1.235217043925659
	1.2352128985002568
	1.2352126217810828
	1.2352124202656298
	1.2352140135420067
	1.2352181282690167
	1.2352203840831866
	1.2352196090299752
	1.2352168066548757
	1.2352149899620883
	1.2352157774854802
	1.2352195770808152
	1.235215897011654
	1.235215412077695
	1.2352098902060342
	1.2352067420519661
	1.2352075670158715
	1.2352057009481077
	1.2352092377546675
	1.2352082947240657
	1.2352095810410288
	1.2352098805118366
	1.2352118683693154
	1.2352134754286619
	1.2352135881402508
	1.2352102228980701
	1.2352057296449777
	1.2352021866863394
	1.2352065717383227
	1.235206460124586
	1.2352081113276496
	1.2352061723912386
	1.2352057142424329
	1.2352067922735024
	1.2352083186538092
	1.2352080700305672
	1.2352091578526982
	1.2352075311644457
	1.2352007547463864
	1.2351998321872586
	1.2351984991569003
	1.2352030007833052
	1.2352043836508415
	1.2352045410059442
	1.2352045468455477
	1.235208603328383
	1.2352098787954058
	1.2352100361914886
	1.2352073883840269
	1.2352071292608204
	1.2352075575657313
	1.2352059409911669
	1.2352096225003697
	1.2352121785672847
	1.23520914869634
	1.23521281647922
	1.2352191390440812
	1.2352193536102782
	1.2352182755448609
	1.2352206472831557
	1.2352212560094196
	1.2352262309687132
	1.2352251661699978
	1.2352239372008302
	1.2352255293491472
	1.2352270751641652
	1.2352251619179764
	1.235223475413178
	1.235226613917646
	1.2352233334109302
	1.2352258927869073
	1.2352237522084861
	1.2352230947476341
	1.2352227758484247
	1.235220909132922
	1.2352218839619589
	1.2352204633567592
	1.235219275296576
	1.2352171006073436
	1.235218863921316
	1.235213776417357
	1.2352100627154126
	1.2352134351387771
	1.2352133151064937
	1.2352160231825322
	1.235215489460191
	1.2352167489188652
	1.2352139931687873
	1.235213677665954
	1.2352153971238289
	1.2352178636563538
	1.2352173594326614
	1.2352152300763788
	1.2352122898081603
	1.2352117457815077
	1.2352112757159064
	1.235209061629521
	1.2352009793967416
	1.235206045727517
	1.2352039822052496
	1.2352079285594824
	1.235205520784127
	1.23520368127477
	1.2352034431389554
	1.2352035206084933
	1.2352013857190585
	1.235200640644922
	1.2352022017773971
	1.2351988736805917
	1.2352009720352424
	1.2352007530116438
	1.2352029507914193
	1.2352015279578232
	1.2352014777022313
	1.2352012015669036
	1.2352038398817204
	1.2352054591230714
	1.2352028149724406
	1.2352056082259586
	1.2352043483894182
	1.2352022959381446
	1.2352035497713636
	1.2352041219868688
	1.235204954982927
	1.235205427168503
	1.2352024117246996
	1.2352020933044425
	1.2352032881535515
	1.2351948956839391
	1.2351937801058608
	1.2351950674183263
	1.2351912174647521
	1.2351906251660922
	1.235193557269682
	1.2351921367885703
	1.2351920638502103
	1.2351929849269803
	1.2351935555892466
	1.2351959079516968
	1.2351908974411339
	1.2351922633631391
	1.2351908098779494
	1.2351894755068151
	1.2351896379750293
	1.2351907333927776
	1.235188648216245
	1.2351863572510509
	1.2351879580154979
	1.235189009757895
	1.2351904420535915
	1.23518885364491
	1.2351881161766758
	1.2351927337525945
	1.2351993981194302
	1.2352002425970454
	1.2352031073484986
	1.2351953981068788
	1.2351967282993994
	1.2351990839609952
	1.2351994877352568
	1.2351971155102646
	1.2351987926034054
	1.2351983098863288
	1.2352016636450989
	1.2352067012758765
	1.2352070766946586
	1.2352051689661032
	1.2352031767201719
	1.2352002985278934
	1.235200721404509
	1.235200564609161
	1.2351986153072199
	1.2351988574599055
	1.2351987275564544
	1.2351990028525064
	1.235203183846241
	1.2352054337612814
	1.23520696817204
	1.23520987313102
	1.2352087741050939
	1.2352083441955592
	1.2352122245156478
	1.2352140817185884
	1.2352134861253428
	1.235216300035336
	1.2352122563250798
	1.2352156668970216
	1.235216433040624
	1.2352170061545706
	1.2352164469756863
	1.2352202789242093
	1.2352195691257097
	1.2352197689813562
	1.2352225133488735
	1.2352230602796097
	1.2352211586634336
	1.2352206952644489
	1.2352229915170028
	1.235224908770885
	1.2352218397054409
	1.2352220220761194
	1.2352163452339815
	1.2352146735039964
	1.2352144647411716
	1.235214991512924
	1.235218150463995
	1.2352173041525982
	1.2352112497976218
	1.2352099564023904
	1.2352079444149127
	1.235207671358739
	1.2352097175495886
	1.2352077136728656
	1.2352095779632597
	1.2352048634207713
	1.235202620828726
	1.235203207797739
	1.2352034281194528
	1.2352023003394739
	1.235199042090019
	1.2351971957684487
	1.2351954139680164
	1.2351956677675506
	1.2351942840213745
	1.2351941381123495
	1.2351919442764843
	1.2351924245811032
	1.2351919107421054
	1.235190581915736
	1.235188848289848
	1.235191884018239
	1.2351893110183971
	1.2351874280459603
	1.2351864230467358
	1.2351861861947353
	1.2351874035090673
	1.2351910885173383
	1.235193173196337
	1.2351967904662153
	1.2351978508543522
	1.2351987623415999
	1.2351947294996608
	1.2351939560844312
	1.235195608327994
	1.2351991403550224
	1.2351976778107354
	1.2351968530026207
	1.2351937947954033
	1.2351925826808745
	1.2351930361795662
	1.2351916970838408
	1.2351908541219467
	1.2351908076096794
	1.2351888968919658
	1.235190743615213
	1.2351936846911202
	1.235194897030779
	1.2352005207658747
	1.2352024275933082
	1.2352031809867046
	1.2351979508490838
	1.2352019467584132
	1.2351967138547142
	1.2351979751963373
	1.2351973736903945
	1.2351984478742557
	1.2351999664249418
	1.2352014868798005
	1.2352031838245972
	1.2352025064714047
	1.2351988797499645
	1.235199844194508
	1.2351966994963013
	1.2351942206756248
	1.2351928047071705
	1.2351932079051389
	1.2351951650402284
	1.2351924508762522
	1.2351957575124537
	1.235192458626803
	1.235195269211419
	1.2351988692974387
	1.235198072453037
	1.235201498154073
	1.2352019048314193
	1.2352003291114932
	1.2352003950343078
	1.2351996118700657
	1.235197328367938
	1.2351963213820352
	1.2351932853582919
	1.2351937129706536
	1.2351945144287713
	1.2351982641292845
	1.2351983085276175
	1.2351995832666904
	1.2352015386101973
	1.2351990832680773
	1.2352001950875167
	1.2352002767765782
	1.235196824014895
	1.2352009897528602
	1.2352025127974948
	1.235202638253452
	1.2352045948900987
	1.2352079528408044
	1.2352050268296597
	1.2352049963697749
	1.2352049067161133
	1.2352049643221392
	1.235205658762526
	1.235203348470995
	1.2352017497526293
	1.2352003642751568
	1.2352002949938
	1.2352017410162945
	1.235203604089228
	1.235208216407933
	1.235206664231202
	1.2352048598375118
	1.235203139391561
	1.2352081306070517
	1.2352058904841166
	1.2352072749276046
	1.2352099018958593
	1.2352110311756275
	1.2352050066341342
	1.2352088694362229
	1.2352100071006327
	1.2352077398025227
	1.2352102065232906
	1.235209582907569
	1.235211096954457
	1.235213989194829
	1.235211657683721
	1.2352071852712976
	1.2352052053772704
	1.235207662148303
	1.235205659768386
	1.2352014864974794
	1.2352015478646348
	1.2352027227944444
	1.2352037405712477
	1.2352018597241325
	1.2352027549791849
	1.2352022036354557
	1.2352018886452691
	1.2352016872087745
	1.2352001119563893
	1.235201497067137
	1.235198956932092
	1.2351966694632988
	1.235196550190933
	1.2351964586918218
	1.2351967108758206
	1.2351955857277521
	1.2351964649426277
	1.2351958811566972
	1.235194751278781
	1.2351899759497686
	1.2351898291857668
	1.235186196644284
	1.235188825943356
	1.2351829553358962
	1.2351796478021766
	1.235181276166764
	1.235184180843127
	1.235184381546755
	1.2351885478823503
	1.2351894639188352
	1.2351863497134319
	1.2351837394638319
	1.2351828881768412
	1.2351854823974489
	1.2351806905631348
	1.235180464306467
	1.2351797293136073
	1.2351827369109207
	1.2351827516390914
	1.2351853829517478
	1.2351850593000708
	1.2351847071987578
	1.2351850146235008
	1.235190906621965
	1.2351877900341166
	1.23518995582744
	1.2351888221704344
	1.2351920382031658
	1.2351937203003367
	1.2351962338359328
	1.2351940602516744
	1.235187936278861
	1.235189647141103
	1.2351881017680006
	1.2351907735746515
	1.2351924199878583
	1.2351934976795822
	1.235194073770495
	1.2351937383155902
	1.235193022669234
	1.2351968341616604
	1.2351955783913684
	1.2351947251393716
	1.235198299748284
	1.2352005151801435
	1.2351974845577125
	1.23519984698943
	1.2351972390250265
	1.2351968421391175
	1.2351981646511074
	1.2351981063599533
	1.2352020263698509
	1.235202349270941
	1.2351994294732629
	1.235201329726619
	1.2352013439185092
	1.2352000297672776
	1.2352026307892874
	1.2352030056009302
	1.2351994063083132
	1.2351982125107843
	1.2351987079231168
	1.23519952795175
	1.2351999866159291
	1.235200249801564
	1.2351989070629044
	1.2351965207028919
	1.235196330819361
	1.235199766764246
	1.2352036719657082
	1.2352027943110286
	1.2352010949532446
	1.2352005191966842
	1.2352041421586428
	1.2352027974533835
	1.235196880663525
	1.2351967857611406
	1.2352007283299706
	1.2352021352441864
	1.2352012712685716
	1.2352003228846322
	1.2351979831214603
	1.2352017962895265
	1.2352034418737925
	1.2352009705550384
	1.2351982084894575
	1.2352015277626254
	1.2352072063865251
	1.2352096901023653
	1.235215542208227
	1.235217697288545
	1.2352170763629862
	1.2352126710810127
	1.2352091219137524
	1.2352080656142104
	1.2352114233445715
	1.2352150065595489
	1.2352116894929812
	1.2352176269645931
	1.2352244091653082
	1.2352237515013482
	1.2352280811647804
	1.2352271636778545
	1.2352277929482232
	1.2352281551776738
	1.2352280907997057
	1.2352289788195534
	1.2352328330971045
	1.2352359588679662
	1.2352331383246289
	1.2352315461520227
	1.2352305739707394
	1.2352335732357804
	1.235236198818677
	1.2352392616837937
	1.2352408647081035
	1.2352421526642547
	1.235240118177874
	1.2352379564418041
	1.2352386262298802
	1.2352381497442309
	1.2352359325190554
	1.2352365589426417
	1.2352313723419954
	1.2352313248072504
	1.2352291654585217
	1.2352290886614936
	1.2352287556061092
	1.2352288472116573
	1.2352318303896832
	1.2352323916000616
	1.2352409931471982
	1.2352419403976274
	1.2352434824384328
	1.235240726360891
	1.2352416910389086
	1.2352418262163596
	1.235241947334997
	1.235240072766393
	1.235240304214662
	1.2352392424193408
	1.235233977239952
	1.2352309642750965
	1.2352316303015558
	1.235229265058405
	1.2352328237366792
	1.2352362406734467
	1.2352362003003663
	1.2352344763389234
	1.2352385691704142
	1.235239382605837
	1.235240087375789
	1.2352423194014015
	1.2352451034749865
	1.2352457435419062
	1.235242103896804
	1.235244082525404
	1.2352449858990435
	1.2352456715164812
	1.235245559309704
	1.235243684602993
	1.2352453036309128
	1.235244268136787
	1.2352435517588436
	1.2352420765972483
	1.2352424707080043
	1.2352435107915254
	1.2352406618234417
	1.2352464630998272
	1.235247089599354
	1.235244038250939
	1.2352424285089916
	1.23524279723258
	1.2352451969612919
	1.2352485921417662
	1.2352525509407755
	1.235259212175173
	1.23525903303235
	1.2352616545217048
	1.2352652362922818
	1.2352640245130464
	1.2352668509265523
	1.2352695114905672
	1.23526698447104
	1.235268103107479
	1.2352733152406667
	1.2352764222278758
	1.2352771556905489
	1.2352771536628497
	1.2352763708053467
	1.2352751754437963
	1.2352709046525225
	1.2352745100251619
	1.2352751373709874
	1.2352731771924441
	1.2352754286890617
	1.2352749980266613
	1.235275384875355
	1.2352735092247298
	1.2352726306478288
	1.2352703806709284
	1.2352687376453382
	1.2352697181051095
	1.235264905563168
	1.2352637049072508
	1.2352642927832937
	1.2352636589992527
	1.2352634459445815
	1.235261950735718
	1.235260748763957
	1.2352617967711124
	1.2352647868210558
	1.2352600686267254
	1.2352657428669034
	1.235265788364486
	1.2352652169721265
	1.2352692438173525
	1.2352683934725917
	1.2352667692777701
	1.2352677562934262
	1.2352627856141445
	1.235267606354757
	1.235270350812147
	1.2352715515256563
	1.2352707323860945
	1.235270234539387
	1.2352643138802464
	1.23526573192472
	1.2352652782368856
	1.2352636534200265
	1.235262323272987
	1.2352623080330323
	1.2352640893480489
	1.2352627341709477
	1.2352637787438387
	1.2352678111097268
	1.2352694320786832
	1.235267430777921
	1.2352699037205679
	1.2352706977675234
	1.2352730311330269
	1.2352747779182596
	1.235274594043216
	1.2352758895161469
	1.2352774201968906
	1.2352805843387926
	1.2352775356407708
	1.235279300046156
	1.2352827483450926
	1.2352838077972297
	1.235284308556311
	1.2352851439347734
	1.2352838942418014
	1.2352814437258333
	1.2352824897386279
	1.2352828716113704
	1.235280457703997
	1.2352805788929788
	1.235276863519185
	1.2352782272103868
	1.23528047638019
	1.2352797475776018
	1.2352776497317741
	1.2352816307828112
	1.2352823107792386
	1.2352784717182765
	1.23527787170305
	1.2352798682019648
	1.2352807891139939
	1.2352769249776827
	1.2352789748311035
	1.2352812131483777
	1.2352829593958874
	1.2352859988761757
	1.2352822590161021
	1.2352834018498824
	1.2352847472438149
	1.235285786750313
	1.2352778176045762
	1.235276304045368
	1.2352819774653165
	1.2352828732394572
	1.2352810730398354
	1.2352782190320104
	1.2352771587194753
	1.2352770579706414
	1.2352756439472303
	1.2352742909010888
	1.2352739233895054
	1.2352712903664373
	1.235270442183719
	1.235268828315107
	1.2352690185152733
	1.2352679595790441
	1.2352641772771555
	1.2352604481134757
	1.2352638886911274
	1.2352620984475255
	1.2352616113088883
	1.2352599562992148
	1.2352591869843255
	1.235261629439875
	1.2352636287477359
	1.2352638851505229
	1.2352674692270447
	1.2352675085326574
	1.235270384066054
	1.2352724342994574
	1.235268754329456
	1.2352681198151174
	1.2352673140795611
	1.2352708458621149
	1.2352699960582816
	1.235269593354017
	1.235268704158944
	1.2352679516158864
	1.235265939774219
	1.2352695300841914
	1.2352706358569443
	1.2352702959739184
	1.2352694707880651
	1.2352682897880602
	1.2352686337751504
	1.2352645333494117
	1.2352627317861717
	1.2352618558763668
	1.235261758406064
	1.2352593912131953
	1.2352583197858382
	1.235257648051251
	1.2352556650362083
	1.2352550217122462
	1.235255599130188
	1.2352562977308201
	1.2352546935966446
	1.2352533003368367
	1.2352546656181163
	1.2352532227137334
	1.2352545370668475
	1.2352513262422848
	1.2352527639839685
	1.235245518527921
	1.2352404047754753
	1.235241307802395
	1.2352392301022934
	1.2352389808404325
	1.235237776637566
	1.235238259717037
	1.235238522671432
	1.2352364872437276
	1.2352324609811538
	1.2352334812986459
	1.2352315976646782
	1.2352288034631485
	1.235225493909847
	1.2352238592161522
	1.2352262494204926
	1.2352233011648577
	1.2352238809793545
	1.2352235065635222
	1.2352245387874865
	1.2352245312368009
	1.2352276653976217
	1.235226044549995
	1.2352259412832873
	1.2352231121392732
	1.2352210517339588
	1.2352182142129127
	1.2352221775241004
	1.2352196711827383
	1.2352206833537869
	1.2352180530365693
	1.2352182942231968
	1.2352152791588682
	1.2352167467861788
	1.235213238425036
	1.2352145488416755
	1.2352135459330968
	1.2352122847227542
	1.2352102932266709
	1.2352113317148536
	1.235210432811807
	1.2352089373378106
	1.2352098776971334
	1.2352048898930952
	1.2352040642307487
	1.2351985161048444
	1.2351987519015317
	1.2351961086539522
	1.2351949785258618
	1.2351953302260803
	1.2351936214272548
	1.2351923933096451
	1.2351948866653322
	1.2351954256070183
	1.2351924223514914
	1.2351918914162434
	1.2351921929308238
	1.2351891389898655
	1.2351883304284776
	1.2351884368839363
	1.2351872613811037
	1.2351882150840408
	1.235187617868043
	1.2351888458267406
	1.2351924164440857
	1.2351949220998188
	1.235192619999163
	1.2351962933563347
	1.235195994863696
	1.2351924982265023
	1.235196926216748
	1.2351946256421746
	1.2351968480464328
	1.235197142746553
	1.2351962631843822
	1.235196497449291
	1.2351944651905793
	1.235200399786688
	1.2352025707962109
	1.2352018869295414
	1.235205312635689
	1.2352011877797884
	1.235200050151869
	1.2352032008919283
	1.235206003606649
	1.2352061156550165
	1.2352097629113545
	1.2352138279778027
	1.2352130130072345
	1.23521328632305
	1.2352174481343539
	1.235222519196159
	1.23522277125824
	1.2352246208521356
	1.2352256732617932
	1.2352242400996352
	1.2352245673976048
	1.2352294186272914
	1.235231307931931
	1.2352313100189058
	1.2352316263751795
	1.2352296734669328
	1.235231585445762
	1.235232167593372
	1.2352320768786356
	1.2352292779051355
	1.2352288551672914
	1.2352213182737697
	1.2352162491694143
	1.2352176016149117
	1.2352180740302015
	1.235219327161295
	1.23522144347479
	1.2352244720280423
	1.2352202960088365
	1.235219509048801
	1.2352208931359316
	1.2352182598391135
	1.235219547165957
	1.2352248529228544
	1.2352256516629059
	1.2352259909706527
	1.2352248212228154
	1.235224772873889
	1.235226514904062
	1.2352239021640352
	1.2352248157944872
	1.2352219561820739
	1.2352257019601147
	1.2352261909113085
	1.2352216280184432
	1.235223567588168
	1.2352189178789157
	1.2352178465953847
	1.2352158384002894
	1.2352127210827746
	1.2352164894770947
	1.2352169314118318
	1.2352172717912706
	1.2352204251690753
	1.2352185805934384
	1.2352153652648017
	1.2352168993709658
	1.2352200645003566
	1.2352184613813946
	1.2352176167628388
	1.2352171816808322
	1.2352177508201196
	1.2352164714750422
	1.2352155435858898
	1.2352168063959372
	1.2352202971343746
	1.235218358680872
	1.2352212334467199
	1.2352221281281974
	1.2352213375342198
	1.2352198925893758
	1.2352202290792296
	1.2352201673523635
	1.2352212458527687
	1.2352197177058133
	1.235218228821609
	1.2352204952875865
	1.2352182050683638
	1.2352173388801166
	1.2352167047419025
	1.2352156116104327
	1.2352189050835358
	1.2352202455651222
	1.2352181314887065
	1.235220501522177
	1.2352215653157923
	1.2352219180642618
	1.2352216624173282
	1.235224297208486
	1.2352256808374948
	1.2352272505105852
	1.2352270026312744
	1.2352281328716197
	1.2352279441675325
	1.2352234133782711
	1.2352272826306825
	1.2352265717166577
	1.2352259080907195
	1.2352252454175392
	1.2352240681330042
	1.235223320553739
	1.2352201074420177
	1.235221145206239
	1.235218379823747
	1.2352127850730936
	1.2352140260332438
	1.2352140789348909
	1.235212985427641
	1.2352158358344885
	1.2352157009879456
	1.2352145603202331
	1.2352138672876438
	1.2352125410571269
	1.2352090748299402
	1.2352085610454995
	1.2352068513329628
	1.2352025240580702
	1.2352005745662396
	1.2352030692664073
	1.235206672755124
	1.2352065144673077
	1.2352053342573992
	1.2352027513161794
	1.235205150195548
	1.2352065024254772
	1.2352075048671005
	1.2352084297536383
	1.2352050817118112
	1.2352064934169023
	1.2352050978640046
	1.2352041961891789
	1.2352003724043812
	1.2351985930519929
	1.23519888219245
	1.2351974855419736
	1.2351988524017172
	1.2352039905332455
	1.2352098563122456
	1.2352105552789148
	1.2352094849523583
	1.2352090602005399
	1.2352120155765929
	1.235211227804179
	1.2352116434943219
	1.2352104817532206
	1.2352104014203573
	1.2352120629725218
	1.235212195860239
	1.2352087854200244
	1.2352076091690434
	1.2352073430470891
	1.2352078225307204
	1.235209049433959
	1.235209319788696
	1.23520549610903
	1.2352079274182781
	1.2352094939944498
	1.235208197910307
	1.2352118956478715
	1.2352131000286395
	1.235211742951202
	1.2352143514221992
	1.2352091877499556
	1.2352080362119782
	1.235208939355677
	1.2352141423463439
	1.2352148080460954
	1.235215080118086
	1.2352176027625925
	1.2352182941108354
	1.2352182233653475
	1.2352160794960994
	1.235214876130481
	1.2352169328667049
	1.235214364122397
	1.2352117900881132
	1.235211560616967
	1.2352134772867933
	1.2352121689515827
	1.2352131535120527
	1.2352133350193946
	1.2352146175977867
	1.2352140040270292
	1.2352173768444947
	1.235217724408167
	1.2352143339796933
	1.2352167752254755
	1.2352181096906523
	1.235217760741436
	1.2352147239771596
	1.2352152361615574
	1.2352141427364614
	1.2352070995395206
	1.2352105366025863
	1.2352095639935894
	1.2352125402513292
	1.2352100318790844
	1.2352090866745906
	1.2352103480275949
	1.2352106661955768
	1.235208980486308
	1.2352090209706406
	1.2352051561525372
	1.2352038464914235
	1.2352038532235803
	1.2352011891793118
	1.2352012201680953
	1.2352018590583727
	1.235200107480686
	1.235199963614206
	1.2352003366291802
	1.2351988684833515
	1.2351978212012913
	1.2351983894984495
	1.2351998002121773
	1.2351983279220557
	1.2352024685532064
	1.2352010800770723
	1.2352023701560673
	1.2351999273472167
	1.2351994125922445
	1.2351991506132662
	1.2351978025041055
	1.2352021364691952
	1.235199895996163
	1.2352004887482328
	1.2351980204044304
	1.2352008687153466
	1.2352053417663857
	1.2352042002077728
	1.2352003813517622
	1.2352022715407407
	1.2352055919544205
	1.2352033288601438
	1.2352068697857308
	1.2352030912496508
	1.23520852338036
	1.2352084842503206
	1.2352088898934062
	1.235204666773487
	1.2352071657909593
	1.2352065231447835
	1.2352048350242162
	1.2352031834761228
	1.2352031974815956
	1.2352022797286526
	1.2352023275797055
	1.2352005183309345
	1.2352021087095082
	1.2352035391493454
	1.2352030639692473
	1.235200678983287
	1.2352031549283733
	1.235199337414765
	1.2352010950751817
	1.2351997924304443
	1.2351953291433444
	1.2351941114086342
	1.2351946147949626
	1.2351944076912091
	1.2351937776838344
	1.2351924776409255
	1.2351913654333613
	1.235189572218868
	1.2351891085808548
	1.2351925601099174
	1.2351951584304683
	1.235193652536535
	1.2351945753990698
	1.2351944934909866
	1.2351968066002337
	1.235194573246594
	1.2351929847945393
	1.2351908271318974
	1.2351890022070804
	1.2351877165346146
	1.235186088826375
	1.235184184991355
	1.2351855673737206
	1.235184683467379
	1.235183714823607
	1.235185344857415
	1.2351879229030878
	1.2351928571837283
	1.2351962987872962
	1.2351972949864822
	1.2351976615758398
	1.2351989854406669
	1.2352001623865627
	1.235197620922434
	1.2351965527999689
	1.2351985061197508
	1.2351962706340136
	1.2351975135405449
	1.235198406868835
	1.2351986238468247
	1.2351994733496163
	1.2352024429737407
	1.2352008993809496
	1.2351974803464998
	1.2351970274773139
	1.2351973618161403
	1.2351951157830439
	1.235193631864879
	1.2351938340415152
	1.2351927746146645
	1.2351885309927801
	1.2351842991126813
	1.235186361002846
	1.235187802523171
	1.2351878678285761
	1.2351847814029968
	1.2351864789699785
	1.2351893366644215
	1.2351860358956122
	1.235182161503408
	1.2351811467885603
	1.2351832917176535
	1.235188797658597
	1.235190225627389
	1.235186157942085
	1.2351825732410626
	1.235185272443966
	1.2351847466898944
	1.2351865453739321
	1.2351887017869896
	1.2351892017062251
	1.2351909417431715
	1.2351891320777828
	1.2351922909313615
	1.2351906473381764
	1.2351890209885683
	1.2351924266400554
	1.235188359297457
	1.2351881082797587
	1.2351924289698182
	1.2351910375250175
	1.2351929799351753
	1.2351946436507204
	1.235195728694947
	1.2351914392163945
	1.2351913127922713
	1.2351892280062444
	1.2351901437658552
	1.2351905228401878
	1.2351900940778127
	1.235192976671911
	1.235191727583371
	1.235189013889408
	1.2351904236694398
	1.2351925844698988
	1.235195120005615
	1.235197215610431
	1.2351970552351432
	1.2351945622903777
	1.235193228462345
	1.23519331267841
	1.2351969532382885
	1.235197566109964
	1.235197310927239
	1.235198009118687
	1.235198509065125
	1.2351971929564787
	1.2351939062616082
	1.2351886676691153
	1.235186668718754
	1.2351870670752267
	1.2351881892379302
	1.2351870168794035
	1.235189247045899
	1.235191337099132
	1.2351903454513835
	1.2351890910827028
	1.2351897989394578
	1.2351901431009547
	1.2351862655681995
	1.2351857451324806
	1.2351845947624016
	1.2351868868686129
	1.2351887219361288
	1.2351892577765164
	1.2351852491268889
	1.2351888018211843
	1.2351863244488386
	1.235185338627753
	1.2351881588660771
	1.23518835952528
	1.2351893005160333
	1.2351888506568287
	1.235188500876738
	1.235189010899621
	1.23518993623724
	1.2351921668758126
	1.2351917136471393
	1.235191064123467
	1.2351903781817888
	1.2351890842953153
	1.235188061986745
	1.235185794030143
	1.2351875475677243
	1.2351883944986342
	1.2351893694709473
	1.235190452017155
	1.235189123992591
	1.2351832879531555
	1.2351790164906915
	1.2351783821421782
	1.2351778667056488
	1.2351779643004537
	1.2351798825720524
	1.2351825033053196
	1.2351825093135784
	1.2351848582686005
	1.2351864452483665
	1.235186656275513
	1.235190619684987
	1.2351953004885414
	1.2351928325761041
	1.2351881942477114
	1.2351875764549511
	1.235186730950747
	1.2351885506244997
	1.2351912030802945
	1.2351859256159632
	1.2351852828551948
	1.2351849944132074
	1.2351873866442638
	1.2351861577852141
	1.2351802744044096
	1.2351811915298374
	1.235181376727105
	1.2351796200626795
	1.2351788655120266
	1.2351794478573184
	1.235177969152357
	1.2351742056294184
	1.2351737920084125
	1.2351731542784217
	1.2351716723927808
	1.2351734662135507
	1.2351754861414501
	1.2351776793731697
	1.2351772282141311
	1.235178252188271
	1.2351789439800762
	1.2351790190624763
	1.2351770000748061
	1.2351777261861148
	1.235176463945873
	1.2351744213400075
	1.2351739170424443
	1.2351738177300036
	1.2351688936815528
	1.2351693490540239
	1.2351701380231415
	1.2351657144560269
	1.235167309376298
	1.2351680100251068
	1.2351654408216497
	1.23516560566706
	1.2351670358791076
	1.2351680445563775
	1.2351688224744044
	1.23517086399887
	1.2351692140033737
	1.2351759128447488
	1.235179361254346
	1.2351750931450904
	1.235175309255719
	1.2351756007238217
	1.2351767412307533
	1.2351804635977035
	1.235179225593235
	1.235181837295773
	1.2351819019806822
	1.235184494540299
	1.2351865264011834
	1.2351853799177037
	1.2351840877450342
	1.2351841938281145
	1.2351877286056658
	1.2351943346140553
	1.235192781803385
	1.2351924865500878
	1.2351903760157181
	1.2351896170969385
	1.235188639394032
	1.2351848025526169
	1.2351887505172525
	1.2351903088188996
	1.2351891357565798
	1.23518939829167
	1.2351923072192708
	1.2351898131601489
	1.2351968985859427
	1.2351943133619108
	1.2351966162508683
	1.235195049681327
	1.2351933475501296
	1.2351960555413581
	1.2351959640028838
	1.2351978927680163
	1.2351985309657847
	1.2351957452727054
	1.2351957688478616
	1.2351997410985893
	1.2351993346875823
	1.235197939365908
	1.2351974453393169
	1.235197396710243
	1.2351998073000454
	1.235198773644655
	1.2351962896035291
	1.2351937576232384
	1.2351969200385473
	1.23519897560664
	1.2352039171835454
	1.2352062104407524
	1.235206800745657
	1.235204206701761
	1.235202822259662
	1.2352040009413001
	1.235203972700187
	1.2352047952052467
	1.2352045790332806
	1.2352055131196096
	1.2352049401401592
	1.2352063906819806
	1.2352066578190346
	1.2352064856905902
	1.235203801169809
	1.2352046719896808
	1.2352047230209784
	1.2352042657971707
	1.2352064114865318
	1.2352054387945979
	1.235205870525093
	1.2352053911972056
	1.2352038757325976
	1.2352078861598441
	1.2352082092777203
	1.2352108944055047
	1.2352127635217331
	1.2352098588617129
	1.2352100432612196
	1.2352092225365057
	1.2352056050592122
	1.2352018103510816
	1.2351994158875996
	1.2352004937188568
	1.2351984167670618
	1.235193707573466
	1.2351959132324954
	1.2351940402502264
	1.2351922694424193
	1.235193273659474
	1.235194768629403
	1.2352012570852284
	1.2352002479941244
	1.2352033495961434
	1.2352051265597181
	1.235203718765162
	1.2352075701497758
	1.2352050758319209
	1.2352001820818894
	1.235204053585867
	1.2352054602650653
	1.2352071413551333
	1.2352093284074241
	1.23521609470809
	1.2352150071236327
	1.2352146120079852
	1.2352148537068957
	1.2352138337377292
	1.2352174934782163
	1.2352181345879185
	1.235219015363193
	1.2352178753286833
	1.2352137826939755
	1.2352147362616201
	1.2352119104615629
	1.2352077953940641
	1.235207119491325
	1.2352105810010623
	1.2352131767736785
	1.235216881572962
	1.2352138459878492
	1.2352140564067593
	1.2352156511215877
	1.2352135273266713
	1.2352109670101492
	1.2352085502392882
	1.2352075045837905
	1.2352054366356036
	1.235209646377401
	1.2352105930201287
	1.2352106218430658
	1.2352068491331503
	1.235203358106447
	1.2352061310708542
	1.2352088190533583
	1.2352088177678124
	1.235208977376856
	1.2352108623676457
	1.2352136334887556
	1.2352099336361286
	1.235211534197983
	1.2352078409356892
	1.2352077881405195
	1.2352051858698636
	1.2352063197045573
	1.2352089677933402
	1.2352123105696744
	1.235213726145641
	1.2352185797405455
	1.2352169522000558
	1.2352127601631828
	1.2352166173315728
	1.2352231619605814
	1.2352203811130458
	1.2352194859140517
	1.2352208589132154
	1.235221550978084
	1.2352241415641152
	1.235225685156263
	1.2352233034691906
	1.2352207716946086
	1.2352199293060215
	1.2352168896567752
	1.2352208090277175
	1.235221543026064
	1.2352224043693847
	1.2352228704103587
	1.2352208649355447
	1.235220385542123
]