[
	0.8647521734237671
	0.8645082712173462
	0.8642676472663879
	0.8640056848526001
	0.8637439608573914
	0.8634724020957947
	0.8632121682167053
	0.8629628419876099
	0.8627093434333801
	0.8624594807624817
	0.8621895909309387
	0.861937403678894
	0.8616691827774048
	0.861397922039032
	0.8611432909965515
	0.8608933687210083
	0.8606345653533936
	0.8603715300559998
	0.8601111173629761
	0.8598422408103943
	0.8595786094665527
	0.8593155145645142
	0.8590475916862488
	0.8587772250175476
	0.8585188984870911
	0.858273446559906
	0.8580079674720764
	0.8577643632888794
	0.8575009107589722
	0.8572483658790588
	0.857001781463623
	0.8567519783973694
	0.8565042018890381
	0.8562378287315369
	0.8559794425964355
	0.8557225465774536
	0.8554827570915222
	0.855223536491394
	0.8549678325653076
	0.8547036051750183
	0.8544507622718811
	0.8542065024375916
	0.8539674878120422
	0.8537136912345886
	0.8534781336784363
	0.8532301187515259
	0.8529996871948242
	0.8527528047561646
	0.8524994254112244
	0.8522541522979736
	0.8520103693008423
	0.8517627120018005
	0.8515324592590332
	0.8512968420982361
	0.8510676026344299
	0.8508363962173462
	0.8505997061729431
	0.8503626585006714
	0.8501295447349548
	0.8499072194099426
	0.8496622443199158
	0.8494375348091125
	0.8492228388786316
	0.8489790558815002
	0.8487504124641418
	0.8485283255577087
	0.848295271396637
	0.8480697870254517
	0.847839891910553
	0.8476014137268066
	0.8473816514015198
	0.847168505191803
	0.8469513058662415
	0.8467196226119995
	0.8464990854263306
	0.8462820649147034
	0.846069872379303
	0.8458437323570251
	0.8456304669380188
	0.8454145193099976
	0.8451958894729614
	0.8449746966362
	0.8447631001472473
	0.8445559740066528
	0.844333291053772
	0.8441252708435059
	0.8439180254936218
	0.8437172174453735
	0.8435240983963013
	0.8433113098144531
	0.8430987596511841
	0.8429253101348877
	0.8427085876464844
	0.842499315738678
	0.8422954678535461
	0.8420951962471008
	0.8418859243392944
	0.8416852355003357
	0.8414834141731262
	0.841302752494812
	0.8411185145378113
	0.840919017791748
	0.8407224416732788
	0.8405309915542603
	0.8403306007385254
	0.8401304483413696
	0.83992600440979
	0.8397486209869385
	0.8395577669143677
	0.839365541934967
	0.8391752243041992
	0.8389847874641418
	0.8388117551803589
	0.8386242985725403
	0.8384440541267395
	0.8382599949836731
	0.8380847573280334
	0.8379005789756775
	0.8377296924591064
	0.8375593423843384
	0.8373769521713257
	0.8372011780738831
	0.8370208740234375
	0.8368431925773621
	0.8366691470146179
	0.8364980220794678
	0.8363262414932251
	0.8361454010009766
	0.8359796404838562
	0.8358149528503418
	0.8356298208236694
	0.8354417681694031
	0.8352524042129517
	0.8350766897201538
	0.834904134273529
	0.8347378969192505
	0.8345710635185242
	0.8344181180000305
	0.8342467546463013
	0.8340812921524048
	0.8339052200317383
	0.8337521553039551
	0.8335827589035034
	0.8334130048751831
	0.8332418203353882
	0.8330706357955933
	0.8328985571861267
	0.8327285647392273
	0.8325600028038025
	0.8323945999145508
	0.8322416543960571
	0.8320592045783997
	0.8318963646888733
	0.8317533135414124
	0.8315951824188232
	0.8314269185066223
	0.8312667012214661
	0.8311252593994141
	0.8309752941131592
	0.8308395147323608
	0.8306941390037537
	0.8305400609970093
	0.830377995967865
	0.8302197456359863
	0.8300797343254089
	0.8299404382705688
	0.8297743797302246
	0.8296260237693787
	0.8294784426689148
	0.8293293714523315
	0.8291787505149841
	0.8290247321128845
	0.8288820385932922
	0.828728973865509
	0.8285951018333435
	0.8284596800804138
	0.8283223509788513
	0.8281804919242859
	0.8280405402183533
	0.8279067873954773
	0.8277718424797058
	0.827619194984436
	0.827485978603363
	0.8273411393165588
	0.8271977305412292
	0.8270615339279175
	0.8269100189208984
	0.8267702460289001
	0.8266167044639587
	0.826484203338623
	0.8263680338859558
	0.8262336254119873
	0.8260812163352966
	0.8259438872337341
	0.8258146643638611
	0.8256668448448181
	0.8255329728126526
	0.8253886103630066
	0.825252890586853
	0.8251132369041443
	0.8249726891517639
	0.8248384594917297
	0.8247042894363403
	0.8245900869369507
	0.8244501948356628
	0.824322521686554
	0.8241918683052063
	0.8240593671798706
	0.8239226937294006
	0.8237979412078857
	0.8236704468727112
	0.8235480189323425
	0.8234180808067322
	0.8233031630516052
	0.8231780529022217
	0.8230694532394409
	0.822945773601532
	0.8228198885917664
	0.8226963877677917
	0.8225678205490112
	0.8224510550498962
	0.8223298788070679
	0.8222000002861023
	0.8220760226249695
	0.8219327330589294
	0.8218065500259399
	0.8216880559921265
	0.8215629458427429
	0.8214436173439026
	0.8213244080543518
	0.8211817145347595
	0.8210613131523132
	0.820937991142273
	0.8208156824111938
	0.8207034468650818
	0.8205946683883667
	0.8204730153083801
	0.820348858833313
	0.820225715637207
	0.820108950138092
	0.8199789524078369
	0.8198604583740234
	0.8197310566902161
	0.819615364074707
	0.8195022344589233
	0.8193845152854919
	0.8192535638809204
	0.8191285133361816
	0.8190125823020935
	0.8189064860343933
	0.8187969326972961
	0.8186911940574646
	0.8185681700706482
	0.8184663653373718
	0.818358302116394
	0.8182505369186401
	0.8181445598602295
	0.818038821220398
	0.8179250955581665
	0.8178082704544067
	0.8176992535591125
	0.8175951242446899
	0.8174877166748047
	0.8173757791519165
	0.8172612190246582
	0.817156195640564
	0.8170362114906311
	0.816927969455719
	0.8168147206306458
	0.81670743227005
	0.816592812538147
	0.816497266292572
	0.8163920640945435
	0.8162943124771118
	0.8161870837211609
	0.8160699605941772
	0.8159626722335815
	0.815858006477356
	0.8157516717910767
	0.8156346678733826
	0.8155235648155212
	0.8154181838035583
	0.815314769744873
	0.8152090311050415
	0.8151030540466309
	0.8150078058242798
	0.8148976564407349
	0.8147982954978943
	0.8146957755088806
	0.8145995736122131
	0.8144908547401428
	0.8143720626831055
	0.8142701387405396
	0.8141559958457947
	0.8140522241592407
	0.8139579892158508
	0.8138564825057983
	0.8137543201446533
	0.8136465549468994
	0.8135460019111633
	0.813448429107666
	0.8133399486541748
	0.8132388591766357
	0.8131363391876221
	0.8130409717559814
	0.8129402995109558
	0.8128443956375122
	0.8127522468566895
	0.812653660774231
	0.8125512003898621
	0.8124511241912842
	0.8123527765274048
	0.8122475147247314
	0.8121486306190491
	0.8120467066764832
	0.811948835849762
	0.8118540644645691
	0.8117518424987793
	0.8116576671600342
	0.8115552067756653
	0.8114615678787231
	0.8113788962364197
	0.8112867474555969
	0.8111921548843384
	0.811082661151886
	0.8109886050224304
	0.8108974695205688
	0.8108211755752563
	0.810726523399353
	0.810631513595581
	0.8105372786521912
	0.8104385137557983
	0.8103465437889099
	0.8102558851242065
	0.8101678490638733
	0.810066282749176
	0.8099650740623474
	0.8098788857460022
	0.8097925186157227
	0.8097031116485596
	0.8096254467964172
	0.8095445036888123
	0.809449315071106
	0.8093662261962891
	0.809270441532135
	0.8091683983802795
	0.8090687394142151
	0.8089829087257385
	0.8088849186897278
	0.8087973594665527
	0.8087074756622314
	0.8086076974868774
	0.808519184589386
	0.8084346055984497
	0.8083467483520508
	0.8082682490348816
	0.808178186416626
	0.8080933094024658
	0.808015763759613
	0.8079226016998291
	0.8078300952911377
	0.8077407479286194
	0.807664692401886
	0.8075724840164185
	0.8074830174446106
	0.8074007034301758
	0.8073205351829529
	0.8072382211685181
	0.8071496486663818
	0.807063102722168
	0.8069902658462524
	0.8068899512290955
	0.8068047761917114
	0.806717574596405
	0.8066356182098389
	0.8065510392189026
	0.8064675331115723
	0.8063791394233704
	0.806291937828064
	0.8061997890472412
	0.806119978427887
	0.8060346841812134
	0.8059423565864563
	0.8058601021766663
	0.8057824969291687
	0.8057047128677368
	0.8056214451789856
	0.8055364489555359
	0.8054661154747009
	0.8053898215293884
	0.805305004119873
	0.8052308559417725
	0.8051502704620361
	0.8050563931465149
	0.804973840713501
	0.8048891425132751
	0.8048092722892761
	0.8047247529029846
	0.8046388626098633
	0.8045629262924194
	0.8044753670692444
	0.8044050931930542
	0.8043130040168762
	0.8042367696762085
	0.8041641712188721
	0.8040863275527954
	0.8040154576301575
	0.8039320111274719
	0.8038420677185059
	0.8037588596343994
	0.8036841750144958
	0.8036056160926819
	0.8035268783569336
	0.8034384250640869
	0.8033607006072998
	0.8032830953598022
	0.8032123446464539
	0.8031261563301086
	0.8030471205711365
	0.8029570579528809
	0.8028818964958191
	0.8028066754341125
	0.802726686000824
	0.8026465177536011
	0.8025665283203125
	0.8024842739105225
	0.8024090528488159
	0.8023366332054138
	0.802262544631958
	0.8021818399429321
	0.8021054267883301
	0.8020191192626953
	0.8019344806671143
	0.8018683791160583
	0.8017914891242981
	0.8017235994338989
	0.8016519546508789
	0.8015699982643127
	0.8014980554580688
	0.8014187812805176
	0.8013433218002319
	0.8012744188308716
	0.8012005090713501
	0.8011248111724854
	0.8010520935058594
	0.8009714484214783
	0.8008947968482971
	0.8008253574371338
	0.8007495999336243
	0.8006829023361206
	0.800597071647644
	0.8005204796791077
	0.8004418611526489
	0.800371527671814
	0.8002954721450806
	0.8002230525016785
	0.8001403212547302
	0.8000743389129639
	0.7999973893165588
	0.7999223470687866
	0.7998495101928711
	0.7997722029685974
	0.7997026443481445
	0.799621045589447
	0.7995548844337463
	0.7994750738143921
	0.7993949055671692
	0.7993225455284119
	0.7992410659790039
	0.7991670966148376
	0.7990843653678894
	0.799016535282135
	0.7989392280578613
	0.7988587617874146
	0.798782229423523
	0.7987038493156433
	0.7986343502998352
	0.7985600233078003
	0.7984773516654968
	0.7984105944633484
	0.7983413934707642
	0.7982677817344666
	0.7981929183006287
	0.7981345653533936
	0.798078179359436
	0.7980139255523682
	0.7979427576065063
	0.79786616563797
	0.7977933883666992
	0.7977179884910583
	0.7976542711257935
	0.7975836396217346
	0.7975134253501892
	0.7974417209625244
	0.7973760962486267
	0.7973044514656067
	0.7972332239151001
	0.7971590161323547
	0.7970913052558899
	0.797025203704834
	0.7969545125961304
	0.7968859076499939
	0.796815037727356
	0.7967420816421509
	0.7966693639755249
	0.7966088056564331
	0.7965391278266907
	0.7964596748352051
	0.7963886857032776
	0.796323299407959
	0.7962575554847717
	0.7961865067481995
	0.7961094379425049
	0.7960482835769653
	0.7959785461425781
	0.795901894569397
	0.7958359122276306
	0.7957633137702942
	0.7956956028938293
	0.7956160306930542
	0.7955526113510132
	0.7954803705215454
	0.795427680015564
	0.795358419418335
	0.7952845692634583
	0.7952192425727844
	0.7951671481132507
	0.795097291469574
	0.7950278520584106
	0.7949605584144592
	0.7949022650718689
	0.7948354482650757
	0.7947666049003601
	0.7947019338607788
	0.7946336269378662
	0.7945748567581177
	0.7945149540901184
	0.7944480776786804
	0.7943822145462036
	0.7943119406700134
	0.7942501306533813
	0.7941795587539673
	0.7941091060638428
	0.7940488457679749
	0.7939807772636414
	0.7939199805259705
	0.7938607931137085
	0.7937905788421631
	0.7937279343605042
	0.7936545014381409
	0.7935894727706909
	0.7935202121734619
	0.7934600114822388
	0.793395459651947
	0.79332435131073
	0.7932630777359009
	0.7931931614875793
	0.7931174039840698
	0.7930426597595215
	0.7929782271385193
	0.7929086685180664
	0.7928407192230225
	0.7927786111831665
	0.7927160859107971
	0.7926471829414368
	0.7925866842269897
	0.7925296425819397
	0.7924647927284241
	0.7924047112464905
	0.7923447489738464
	0.7922899127006531
	0.7922266721725464
	0.7921605110168457
	0.792100191116333
	0.7920408248901367
	0.7919784784317017
	0.7919154167175293
	0.7918527126312256
	0.7917911410331726
	0.7917303442955017
	0.7916666269302368
	0.7916018962860107
	0.7915361523628235
	0.7914705872535706
	0.7914151549339294
	0.7913534045219421
	0.7912864685058594
	0.7912288904190063
	0.7911621928215027
	0.7911002039909363
	0.79104083776474
	0.7909837961196899
	0.7909161448478699
	0.7908569574356079
	0.7907944321632385
	0.7907388210296631
	0.790676474571228
	0.7906070351600647
	0.7905480265617371
	0.7904943227767944
	0.7904338836669922
	0.7903774976730347
	0.7903285622596741
	0.7902772426605225
	0.7902118563652039
	0.7901487946510315
	0.7900897860527039
	0.7900211811065674
	0.7899622917175293
	0.7899035215377808
	0.7898425459861755
	0.7897809147834778
	0.7897260189056396
	0.7896599173545837
	0.7896010279655457
	0.7895447015762329
	0.7894827723503113
	0.789432942867279
	0.7893712520599365
	0.7893113493919373
	0.7892566919326782
	0.7891976237297058
	0.7891432642936707
	0.7890876531600952
	0.7890369296073914
	0.788984477519989
	0.7889283895492554
	0.7888677716255188
	0.7888067960739136
	0.7887411713600159
	0.7886797785758972
	0.7886244058609009
	0.788566529750824
	0.7885053157806396
	0.7884528040885925
	0.7883909344673157
	0.7883279919624329
	0.7882688641548157
	0.7882075905799866
	0.7881553173065186
	0.7880972027778625
	0.7880455255508423
	0.7879913449287415
	0.7879308462142944
	0.7878747582435608
	0.7878172993659973
	0.7877532243728638
	0.7876932621002197
	0.7876341938972473
	0.7875699400901794
	0.7875174880027771
	0.787472665309906
	0.7874199151992798
	0.7873623967170715
	0.7873021364212036
	0.7872456312179565
	0.7871922254562378
	0.787138044834137
	0.7870697975158691
	0.7870098352432251
	0.7869518399238586
	0.786898136138916
	0.7868424654006958
	0.7867936491966248
	0.7867361903190613
	0.7866895198822021
	0.7866220474243164
	0.7865606546401978
	0.7865035533905029
	0.7864434719085693
	0.7863855361938477
	0.7863252758979797
	0.7862732410430908
	0.7862195372581482
	0.7861666679382324
	0.7861183285713196
	0.7860596776008606
	0.7860005497932434
	0.7859516143798828
	0.7858924269676208
	0.785833477973938
	0.7857716083526611
	0.7857158184051514
	0.7856578230857849
	0.7856101393699646
	0.785551905632019
	0.7854960560798645
	0.7854295969009399
	0.7853826284408569
	0.7853171825408936
	0.7852612733840942
	0.785209059715271
	0.7851465940475464
	0.7850918769836426
	0.7850337624549866
	0.7849771976470947
	0.7849215865135193
	0.7848666906356812
	0.7848103642463684
	0.784756064414978
	0.7847076058387756
	0.7846552133560181
	0.7846031785011292
	0.7845427989959717
	0.7844809293746948
	0.7844192385673523
	0.7843665480613708
	0.7843205332756042
	0.7842710614204407
	0.784218966960907
	0.7841647267341614
	0.7841078639030457
	0.784061849117279
	0.7840111255645752
	0.783963143825531
	0.7839069366455078
	0.7838405966758728
	0.7837932109832764
	0.7837396860122681
	0.7836791276931763
	0.7836242318153381
	0.7835765480995178
	0.7835217118263245
	0.7834720015525818
	0.7834204435348511
	0.7833727598190308
	0.7833261489868164
	0.7832740545272827
	0.7832189798355103
	0.783165693283081
	0.783104419708252
	0.7830521464347839
	0.7830069065093994
	0.7829518914222717
	0.7828971743583679
	0.7828529477119446
	0.7828074097633362
	0.7827629446983337
	0.782712459564209
	0.7826634645462036
	0.7826131582260132
	0.7825615406036377
	0.7825197577476501
	0.7824757099151611
	0.7824298739433289
	0.7823839783668518
	0.7823430895805359
	0.7822871804237366
	0.7822359800338745
	0.7821912169456482
	0.782137393951416
	0.78208327293396
	0.782031238079071
	0.7819727063179016
	0.7819294333457947
	0.7818752527236938
	0.781825602054596
	0.7817737460136414
	0.7817206382751465
	0.7816705703735352
	0.7816163301467896
	0.7815666198730469
	0.781520426273346
	0.7814667224884033
	0.781406044960022
	0.7813534140586853
	0.7812990546226501
	0.7812497019767761
	0.7811951637268066
	0.781141996383667
	0.7810792326927185
	0.7810158729553223
	0.7809609770774841
	0.7809131741523743
	0.7808636426925659
	0.7808186411857605
	0.7807653546333313
	0.7807096838951111
	0.7806537747383118
	0.7806003093719482
	0.7805582284927368
	0.780508816242218
	0.7804656624794006
	0.7804198861122131
	0.7803677320480347
	0.7803257703781128
	0.7802782654762268
	0.7802202105522156
	0.7801687121391296
	0.7801200747489929
	0.7800692319869995
	0.7800144553184509
	0.7799585461616516
	0.7799240946769714
	0.7798728942871094
	0.7798293828964233
	0.7797756195068359
	0.7797268033027649
	0.7796761393547058
	0.7796351909637451
	0.7795846462249756
	0.7795428037643433
	0.7794957160949707
	0.7794427275657654
	0.7793943285942078
	0.77933669090271
	0.7792949676513672
	0.7792508602142334
	0.779201865196228
	0.7791473269462585
	0.7790931463241577
	0.7790497541427612
	0.7789973616600037
	0.7789502143859863
	0.7788935899734497
	0.7788499593734741
	0.7787959575653076
	0.7787497043609619
	0.7786990404129028
	0.7786532640457153
	0.7786105275154114
	0.7785623669624329
	0.7785074710845947
	0.778456449508667
	0.7784027457237244
	0.7783595323562622
	0.7783138751983643
	0.778264582157135
	0.7782224416732788
	0.7781713604927063
	0.7781177163124084
	0.7780723571777344
	0.7780143022537231
	0.7779709696769714
	0.7779192924499512
	0.7778664231300354
	0.7778229117393494
	0.777772068977356
	0.7777329087257385
	0.7776826620101929
	0.7776351571083069
	0.7775915861129761
	0.7775596976280212
	0.7775073647499084
	0.7774611711502075
	0.7774078249931335
	0.7773585319519043
	0.7773177027702332
	0.7772796750068665
	0.777237594127655
	0.7771921753883362
	0.7771432995796204
	0.777096152305603
	0.7770563364028931
	0.777006983757019
	0.7769578099250793
	0.7769099473953247
	0.776867151260376
	0.7768174409866333
	0.7767706513404846
	0.7767185568809509
	0.7766679525375366
	0.7766250371932983
	0.7765747904777527
	0.776534914970398
	0.7764848470687866
	0.7764410376548767
	0.7763997912406921
	0.7763529419898987
	0.776317298412323
	0.7762748599052429
	0.7762261629104614
	0.7761860489845276
	0.7761416435241699
	0.7761021852493286
	0.7760588526725769
	0.7760201692581177
	0.7759801745414734
	0.775939404964447
	0.7758950591087341
	0.7758467197418213
	0.7758026719093323
	0.7757555246353149
	0.7757147550582886
	0.7756709456443787
	0.775626003742218
	0.7755913138389587
	0.7755517363548279
	0.7755064964294434
	0.7754592895507812
	0.7754112482070923
	0.7753662467002869
	0.7753197550773621
	0.7752833962440491
	0.7752335071563721
	0.7751864194869995
	0.7751445770263672
	0.7750953435897827
	0.7750507593154907
	0.7750043869018555
	0.774955689907074
	0.774917721748352
	0.7748790383338928
	0.7748396992683411
	0.7747928500175476
	0.7747545838356018
	0.7747107744216919
	0.7746681571006775
	0.7746239304542542
	0.7745882868766785
	0.774539589881897
	0.7745015025138855
	0.7744552493095398
	0.7744168043136597
	0.7743685245513916
	0.7743364572525024
	0.7742897868156433
	0.7742422819137573
	0.7741941809654236
	0.774152398109436
	0.7741052508354187
	0.7740605473518372
	0.7740213871002197
	0.7739777565002441
	0.773939311504364
	0.7738980650901794
	0.77385413646698
	0.7738078236579895
	0.773766815662384
	0.7737264037132263
	0.7736846208572388
	0.7736386060714722
	0.7735918164253235
	0.7735541462898254
	0.7735126614570618
	0.7734624743461609
	0.7734304666519165
	0.7733936905860901
	0.773348867893219
	0.773307740688324
	0.7732779383659363
	0.773226797580719
	0.7731810808181763
	0.7731351256370544
	0.7730904221534729
	0.7730449438095093
	0.7729955911636353
	0.772953450679779
	0.772917628288269
	0.7728846669197083
	0.772837221622467
	0.7728071212768555
	0.7727656960487366
	0.7727274298667908
	0.7726885676383972
	0.7726426124572754
	0.7726014852523804
	0.77256840467453
	0.7725252509117126
	0.7724779844284058
	0.7724324464797974
	0.7723836898803711
	0.7723537683486938
	0.7723109722137451
	0.7722673416137695
	0.7722294926643372
	0.7721817493438721
	0.7721400856971741
	0.7721001505851746
	0.7720646262168884
	0.7720203399658203
	0.771978497505188
	0.771929144859314
	0.7718891501426697
	0.7718496322631836
	0.7717972993850708
	0.7717540264129639
	0.7717122435569763
	0.771665096282959
	0.7716245651245117
	0.771579921245575
	0.7715390920639038
	0.7715022563934326
	0.7714577317237854
	0.7714176774024963
	0.7713809013366699
	0.7713476419448853
	0.7713139057159424
	0.7712700963020325
	0.7712332010269165
	0.7711989879608154
	0.7711511850357056
	0.7711158990859985
	0.7710630893707275
	0.7710279822349548
	0.7709959149360657
	0.7709556818008423
	0.7709107995033264
	0.7708672881126404
	0.7708244919776917
	0.7707816958427429
	0.7707430124282837
	0.7707046270370483
	0.7706617712974548
	0.7706273198127747
	0.770586371421814
	0.7705473303794861
	0.7705140113830566
	0.7704696655273438
	0.7704302668571472
	0.7703908085823059
	0.7703461647033691
	0.7703135013580322
	0.7702699303627014
	0.7702232599258423
	0.770182192325592
	0.7701350450515747
	0.7701103091239929
	0.7700607180595398
	0.7700172066688538
	0.7699820399284363
	0.7699496150016785
	0.7699131369590759
	0.7698774933815002
	0.7698442935943604
	0.7698094844818115
	0.7697715163230896
	0.7697317600250244
	0.7696933150291443
	0.7696581482887268
	0.7696274518966675
	0.7695850133895874
	0.7695450186729431
	0.7695043087005615
	0.7694593667984009
	0.7694178819656372
	0.7693864703178406
	0.7693473696708679
	0.7693043947219849
	0.7692607045173645
	0.7692174911499023
	0.7691723704338074
	0.7691366076469421
	0.7690910696983337
	0.7690604329109192
	0.7690224051475525
	0.7689881920814514
	0.7689535617828369
	0.768914520740509
	0.7688866853713989
	0.768849790096283
	0.7688190340995789
	0.7687886357307434
	0.7687469124794006
	0.7687022686004639
	0.7686617374420166
	0.7686218619346619
	0.7685904502868652
	0.768549382686615
	0.7685222625732422
	0.768481433391571
	0.7684429883956909
	0.7684006094932556
	0.7683770060539246
	0.7683449983596802
	0.7683091163635254
	0.7682615518569946
	0.7682322859764099
	0.7681934237480164
	0.7681588530540466
	0.7681321501731873
	0.7680880427360535
	0.7680487036705017
	0.7680200934410095
	0.7679837942123413
	0.7679465413093567
	0.7679005861282349
	0.7678640484809875
	0.7678278088569641
	0.7677933573722839
	0.767755925655365
	0.7677202820777893
	0.7676772475242615
	0.7676404118537903
	0.7676087617874146
	0.767574667930603
	0.767536997795105
	0.7675095796585083
	0.7674674987792969
	0.7674326300621033
	0.7674014568328857
	0.7673641443252563
	0.7673201560974121
	0.767286479473114
	0.7672510147094727
	0.7672195434570312
	0.7671874761581421
	0.7671536207199097
	0.7671229243278503
	0.7670894265174866
	0.7670554518699646
	0.76701420545578
	0.7669761180877686
	0.766939103603363
	0.7669041156768799
	0.766867458820343
	0.7668428421020508
	0.7668083310127258
	0.7667797207832336
	0.7667468786239624
	0.7667005658149719
	0.7666669487953186
	0.766642153263092
	0.7666027545928955
	0.7665733098983765
	0.7665392756462097
	0.7665098905563354
	0.7664865255355835
	0.7664555907249451
	0.7664194703102112
	0.7663893699645996
	0.7663503885269165
	0.7663232684135437
	0.76628577709198
	0.7662562131881714
	0.766226053237915
	0.766200065612793
	0.7661611437797546
	0.7661256790161133
	0.7660932540893555
	0.766062319278717
	0.7660204172134399
	0.7659846544265747
	0.7659544348716736
	0.7659183144569397
	0.7658881545066833
	0.7658491134643555
	0.7658154964447021
	0.7657830119132996
	0.7657458186149597
	0.7657090425491333
	0.7656716704368591
	0.7656373977661133
	0.765602171421051
	0.7655733823776245
	0.7655394077301025
	0.7655044794082642
	0.7654628753662109
	0.7654343843460083
	0.7654003500938416
	0.765372097492218
	0.7653368711471558
	0.7653023600578308
	0.7652748227119446
	0.7652316093444824
	0.7651957273483276
	0.765155017375946
	0.7651218175888062
	0.7650865912437439
	0.7650463581085205
	0.7650247812271118
	0.765000581741333
	0.7649661302566528
	0.7649283409118652
	0.7648864388465881
	0.7648505568504333
	0.7648188471794128
	0.7647861242294312
	0.7647470235824585
	0.7647117376327515
	0.764684796333313
	0.7646519541740417
	0.7646206617355347
	0.7645861506462097
	0.764546275138855
	0.7645089626312256
	0.764480710029602
	0.7644517421722412
	0.764420747756958
	0.7643900513648987
	0.7643626928329468
	0.7643386125564575
	0.7643003463745117
	0.7642667889595032
	0.7642320394515991
	0.7642049193382263
	0.7641769051551819
	0.7641517519950867
	0.7641191482543945
	0.764080822467804
	0.7640495300292969
	0.7640287280082703
	0.7639937400817871
	0.7639543414115906
	0.7639186382293701
	0.7638798952102661
	0.7638429403305054
	0.7638102173805237
	0.7637706995010376
	0.763731837272644
	0.763694703578949
	0.7636598944664001
	0.7636405229568481
	0.7636061310768127
	0.7635764479637146
	0.7635383605957031
	0.763509213924408
	0.7634716629981995
	0.7634410262107849
	0.7634189128875732
	0.7633841037750244
	0.763349175453186
	0.7633056640625
	0.7632672786712646
	0.7632233500480652
	0.7632001042366028
	0.763175368309021
	0.7631400227546692
	0.7631086707115173
	0.7630797028541565
	0.7630436420440674
	0.7630042433738708
	0.7629634141921997
	0.7629290223121643
	0.7628880143165588
	0.7628533244132996
	0.762832522392273
	0.7627996206283569
	0.7627630233764648
	0.7627328634262085
	0.7626934051513672
	0.7626660466194153
	0.762633204460144
	0.76259845495224
	0.7625695466995239
	0.7625383138656616
	0.7625147700309753
	0.7624730467796326
	0.7624460458755493
	0.7624185681343079
	0.7623866200447083
	0.7623626589775085
	0.7623255848884583
	0.7622910141944885
	0.7622578740119934
	0.7622278332710266
	0.7621909976005554
	0.7621554136276245
	0.76212477684021
	0.7620928883552551
	0.7620546817779541
	0.7620227932929993
	0.7620056867599487
	0.7619732022285461
	0.7619548439979553
	0.7619242668151855
	0.7618927359580994
	0.7618627548217773
	0.7618284225463867
	0.7617903351783752
	0.7617618441581726
	0.7617318630218506
	0.7616981267929077
	0.7616625428199768
	0.7616221904754639
	0.7615916132926941
	0.7615618705749512
	0.7615274786949158
	0.7614928483963013
	0.7614622116088867
	0.7614274621009827
	0.7613992094993591
	0.7613721489906311
	0.7613410949707031
	0.7613214254379272
	0.7612892985343933
	0.7612547874450684
	0.7612163424491882
	0.7611825466156006
	0.7611530423164368
	0.7611191272735596
	0.761089563369751
	0.7610599398612976
	0.7610260844230652
	0.7609973549842834
	0.7609638571739197
	0.760944128036499
	0.7609127163887024
	0.7608808279037476
	0.7608581185340881
	0.7608214020729065
	0.7607995271682739
	0.7607691287994385
	0.7607388496398926
	0.7607057094573975
	0.7606745362281799
	0.7606495022773743
	0.7606191635131836
	0.7605884671211243
	0.7605586051940918
	0.7605359554290771
	0.7605030536651611
	0.7604702711105347
	0.7604371905326843
	0.7604154348373413
	0.7603819966316223
	0.7603464722633362
	0.7603174448013306
	0.7602861523628235
	0.7602569460868835
	0.7602242231369019
	0.7602028846740723
	0.760170578956604
	0.7601448893547058
	0.7601174116134644
	0.7600839138031006
	0.7600505948066711
	0.7600180506706238
	0.7599811553955078
	0.7599526643753052
	0.7599261999130249
	0.759901225566864
	0.7598722577095032
	0.7598446011543274
	0.7598195672035217
	0.759782075881958
	0.7597600817680359
	0.7597301602363586
	0.7596978545188904
	0.7596701979637146
	0.75963294506073
	0.7596095204353333
	0.759578287601471
	0.7595580816268921
	0.7595314383506775
	0.7595018744468689
	0.7594647407531738
	0.7594286203384399
	0.7594064474105835
	0.7593787312507629
	0.7593558430671692
	0.7593299746513367
	0.7592945098876953
	0.7592583298683167
	0.759234607219696
	0.7591992020606995
	0.7591708898544312
	0.7591392993927002
	0.759103536605835
	0.7590753436088562
	0.7590494751930237
	0.7590213418006897
	0.7589994668960571
	0.7589701414108276
	0.7589409947395325
	0.7589169144630432
	0.7588896751403809
	0.7588554620742798
	0.7588306069374084
	0.7588058710098267
	0.7587777376174927
	0.758752167224884
	0.758717954158783
	0.7586843371391296
	0.7586476802825928
	0.7586163878440857
	0.7585937976837158
	0.7585567235946655
	0.7585332989692688
	0.7585012912750244
	0.7584806084632874
	0.7584454417228699
	0.7584151029586792
	0.7583827376365662
	0.7583503127098083
	0.7583187222480774
	0.758289098739624
	0.7582533955574036
	0.7582249045372009
	0.7582000494003296
	0.758169412612915
	0.7581433057785034
	0.7581160068511963
	0.7580889463424683
	0.7580602765083313
	0.7580482363700867
	0.7580134272575378
	0.7579864859580994
	0.7579634189605713
	0.7579377889633179
	0.7579126358032227
	0.7578877806663513
	0.7578633427619934
	0.7578407526016235
	0.7578081488609314
	0.7577747106552124
	0.7577488422393799
	0.7577217817306519
	0.7577041387557983
	0.757674515247345
	0.757636547088623
	0.7576150298118591
	0.757583737373352
	0.7575526833534241
	0.7575197219848633
	0.7574869990348816
	0.7574507594108582
	0.7574281692504883
	0.7573848366737366
	0.757351815700531
	0.7573187947273254
	0.757287859916687
	0.7572540640830994
	0.7572259902954102
	0.7571933269500732
	0.7571702599525452
	0.7571446895599365
	0.7571234703063965
	0.7571005821228027
	0.7570690512657166
	0.7570415735244751
	0.757021427154541
	0.7570003271102905
	0.7569778561592102
	0.7569517493247986
	0.7569218873977661
	0.7568972110748291
	0.7568708658218384
	0.7568330764770508
	0.7568012475967407
	0.7567687034606934
	0.7567365765571594
	0.7567048072814941
	0.7566761374473572
	0.7566567659378052
	0.7566321492195129
	0.756605327129364
	0.7565810680389404
	0.756553053855896
	0.7565262913703918
	0.7565003037452698
	0.7564767599105835
	0.7564467191696167
	0.7564218640327454
	0.7564029097557068
	0.7563757300376892
	0.7563480138778687
	0.7563230991363525
	0.756298840045929
	0.7562758922576904
	0.7562547326087952
	0.7562324404716492
	0.7561976909637451
	0.756173849105835
	0.7561452984809875
	0.7561060786247253
	0.7560794353485107
	0.7560559511184692
	0.7560319304466248
	0.756005048751831
	0.7559704780578613
	0.755944013595581
	0.7559225559234619
	0.7558960914611816
	0.7558711171150208
	0.7558456659317017
	0.7558109760284424
	0.7557862401008606
	0.7557621598243713
	0.7557345032691956
	0.755714476108551
	0.755691409111023
	0.7556608319282532
	0.7556279897689819
	0.7555965185165405
	0.755569338798523
	0.7555420994758606
	0.7555230259895325
	0.7554875016212463
	0.7554639577865601
	0.7554413676261902
	0.7554101943969727
	0.7553907036781311
	0.755370557308197
	0.7553406953811646
	0.755303144454956
	0.7552729249000549
	0.7552490234375
	0.7552198171615601
	0.755193829536438
	0.7551637887954712
	0.7551328539848328
	0.7551038265228271
	0.7550786733627319
	0.7550507187843323
	0.7550255656242371
	0.7549967169761658
	0.7549668550491333
	0.7549453377723694
	0.7549171447753906
	0.7549012899398804
	0.7548752427101135
	0.7548502683639526
	0.7548167705535889
	0.7547996044158936
	0.7547752261161804
	0.7547500133514404
	0.7547183036804199
	0.7546870708465576
	0.7546641826629639
	0.7546283602714539
	0.7545983195304871
	0.7545729279518127
	0.7545398473739624
	0.7545118927955627
	0.7544853091239929
	0.7544575333595276
	0.754431426525116
	0.7544077038764954
	0.7543787956237793
	0.7543536424636841
	0.7543284893035889
	0.7543081045150757
	0.7542872428894043
	0.7542545795440674
	0.7542206645011902
	0.7541852593421936
	0.754156768321991
	0.7541216611862183
	0.7540969848632812
	0.754059910774231
	0.7540277242660522
	0.7539976239204407
	0.7539708614349365
	0.7539516091346741
	0.7539150714874268
	0.7538936138153076
	0.7538753151893616
	0.753852128982544
	0.7538169622421265
	0.7537868022918701
	0.7537649869918823
	0.7537323236465454
	0.7537069320678711
	0.7536799907684326
	0.7536523938179016
	0.7536301612854004
	0.7536022663116455
	0.7535715103149414
	0.7535473704338074
	0.753525972366333
	0.7535037994384766
	0.753481388092041
	0.753454327583313
	0.7534233927726746
	0.7533910274505615
	0.7533606290817261
	0.7533354759216309
	0.753308117389679
	0.753278911113739
	0.7532427310943604
	0.7532176375389099
	0.7531941533088684
	0.7531625032424927
	0.7531372904777527
	0.7531111240386963
	0.7530916929244995
	0.753059983253479
	0.7530327439308167
	0.7530159950256348
	0.752989649772644
	0.7529624104499817
	0.7529324293136597
	0.7529082894325256
	0.7528855204582214
	0.7528572082519531
	0.7528337836265564
	0.7528175115585327
	0.7527933716773987
	0.7527661323547363
	0.7527413368225098
	0.7527123689651489
	0.7526974081993103
	0.7526752948760986
	0.7526528239250183
	0.752631664276123
	0.7526008486747742
	0.7525762319564819
	0.7525386214256287
	0.7525138854980469
	0.7524857521057129
	0.7524605393409729
	0.7524357438087463
	0.7524141669273376
	0.7523866295814514
	0.7523613572120667
	0.7523298859596252
	0.7522969841957092
	0.7522627115249634
	0.7522377371788025
	0.752216637134552
	0.7521874904632568
	0.7521652579307556
	0.7521466612815857
	0.752122163772583
	0.7521013617515564
	0.7520681619644165
	0.7520418167114258
	0.7520170211791992
	0.75199294090271
	0.7519658207893372
	0.7519400119781494
	0.7519145011901855
	0.7518901228904724
	0.7518596053123474
	0.7518320083618164
	0.7518060803413391
	0.7517791986465454
	0.7517460584640503
	0.7517126202583313
	0.7516856789588928
	0.7516521215438843
	0.7516270875930786
	0.7516051530838013
	0.7515775561332703
	0.7515465021133423
	0.7515138983726501
	0.7514864802360535
	0.7514733672142029
	0.7514455914497375
	0.7514237761497498
	0.7513939738273621
	0.751368522644043
	0.7513470649719238
	0.7513192892074585
	0.7512953877449036
	0.751274585723877
	0.7512516975402832
	0.7512241005897522
	0.751205563545227
	0.7511938214302063
	0.7511686086654663
	0.7511398196220398
	0.7511172890663147
	0.7510983347892761
	0.7510783672332764
	0.7510584592819214
	0.7510327100753784
	0.7510067820549011
	0.7509896755218506
	0.750961184501648
	0.7509356141090393
	0.7509118318557739
	0.7508863210678101
	0.7508613467216492
	0.7508369088172913
	0.7508122324943542
	0.7507874369621277
	0.750765860080719
	0.7507380843162537
	0.7507136464118958
	0.7506859302520752
	0.7506776452064514
	0.7506573796272278
	0.7506334781646729
	0.7506077885627747
	0.7505882382392883
	0.7505645751953125
	0.750540554523468
	0.7505136728286743
	0.7504902482032776
	0.7504673004150391
	0.7504532933235168
	0.7504305839538574
	0.7504086494445801
	0.7503864765167236
	0.7503573894500732
	0.7503326535224915
	0.7503098845481873
	0.7502820491790771
	0.7502543330192566
	0.7502307891845703
	0.7502115368843079
	0.7501893043518066
	0.7501635551452637
	0.7501413226127625
	0.7501114010810852
	0.7500919103622437
	0.7500671744346619
	0.7500465512275696
	0.7500308156013489
	0.7500064373016357
	0.7499902844429016
	0.7499614953994751
	0.7499399185180664
	0.7499123811721802
	0.7498924732208252
	0.7498696446418762
	0.7498477101325989
	0.7498247623443604
	0.7497972249984741
	0.7497738003730774
	0.7497448325157166
	0.7497249245643616
	0.7497082948684692
	0.749681293964386
	0.7496525645256042
	0.7496256232261658
	0.7496040463447571
	0.7495890855789185
	0.7495585083961487
	0.749539852142334
	0.7495247721672058
	0.7495028972625732
	0.7494823336601257
	0.7494551539421082
	0.749433159828186
	0.7494049668312073
	0.7493818402290344
	0.749362587928772
	0.7493376731872559
	0.7493208050727844
	0.7493000030517578
	0.7492762804031372
	0.7492501139640808
	0.7492225170135498
	0.7491931915283203
	0.749168336391449
	0.749155580997467
	0.7491312026977539
	0.7491050362586975
	0.7490822076797485
	0.7490658760070801
	0.7490352392196655
	0.7490140795707703
	0.74898761510849
	0.7489646673202515
	0.7489400506019592
	0.7489171624183655
	0.748892068862915
	0.7488684058189392
	0.7488362789154053
	0.7488111853599548
	0.7487891912460327
	0.7487621307373047
	0.748738706111908
	0.7487146258354187
	0.7486938834190369
	0.7486749291419983
	0.7486468553543091
	0.7486379742622375
	0.7486186623573303
	0.7485950589179993
	0.7485740184783936
	0.7485573291778564
	0.7485384941101074
	0.7485107779502869
	0.7484963536262512
	0.748473048210144
	0.7484461069107056
	0.7484280467033386
	0.7483920454978943
	0.7483677268028259
	0.7483401298522949
	0.7483271360397339
	0.7483124732971191
	0.7482876181602478
	0.7482697367668152
	0.7482482194900513
	0.7482290267944336
	0.7482101321220398
	0.7481924891471863
	0.7481650710105896
	0.7481353878974915
	0.7481101155281067
	0.7480921745300293
	0.7480637431144714
	0.748043417930603
	0.7480326294898987
	0.7480116486549377
	0.7479918003082275
	0.7479659914970398
	0.7479552030563354
	0.7479282021522522
	0.7479032874107361
	0.7478919625282288
	0.7478753328323364
	0.7478552460670471
	0.7478358745574951
	0.7478097081184387
	0.7477909326553345
	0.7477708458900452
	0.7477526068687439
	0.7477352619171143
	0.7477225661277771
	0.7477002143859863
	0.7476818561553955
	0.7476620674133301
	0.7476493716239929
	0.7476287484169006
	0.7476037740707397
	0.7475881576538086
	0.7475621104240417
	0.7475424408912659
	0.7475255727767944
	0.7475072741508484
	0.7474859952926636
	0.7474754452705383
	0.747445285320282
	0.7474300265312195
	0.7474021911621094
	0.7473848462104797
	0.7473653554916382
	0.7473409175872803
	0.7473132610321045
	0.7472910284996033
	0.7472737431526184
	0.7472482323646545
	0.7472285032272339
	0.7472056150436401
	0.7471807599067688
	0.7471730709075928
	0.747143566608429
	0.7471240758895874
	0.7471076250076294
	0.7470832467079163
	0.7470596432685852
	0.7470484375953674
	0.7470371127128601
	0.7470141053199768
	0.7469971179962158
	0.7469815015792847
	0.7469676733016968
	0.746942937374115
	0.7469200491905212
	0.7468981146812439
	0.7468846440315247
	0.746863067150116
	0.7468385696411133
	0.7468178272247314
	0.7467897534370422
	0.746768057346344
	0.7467447519302368
	0.7467218637466431
	0.7467056512832642
	0.7466738820075989
	0.7466515898704529
	0.7466357350349426
	0.746621310710907
	0.7466056942939758
	0.7465911507606506
	0.7465767860412598
	0.7465533018112183
	0.7465327382087708
	0.7465164065361023
	0.7464904189109802
	0.7464687824249268
	0.7464465498924255
	0.7464308738708496
	0.7464099526405334
	0.7463963627815247
	0.7463706731796265
	0.7463472485542297
	0.7463265657424927
	0.7462995648384094
	0.7462896704673767
	0.746268630027771
	0.7462482452392578
	0.74622642993927
	0.7462131381034851
	0.7461902499198914
	0.74616539478302
	0.7461517453193665
	0.7461316585540771
	0.7461150288581848
	0.7460989952087402
	0.7460755705833435
	0.7460539937019348
	0.7460353970527649
	0.7460122108459473
	0.7459929585456848
	0.7459894418716431
	0.7459635734558105
	0.7459402084350586
	0.7459195852279663
	0.745907187461853
	0.7458869218826294
	0.7458680868148804
	0.7458451390266418
	0.745827317237854
	0.74580979347229
	0.745785117149353
	0.7457619309425354
	0.7457525730133057
	0.745734453201294
	0.7457078695297241
	0.7456821799278259
	0.7456640601158142
	0.745639979839325
	0.745618999004364
	0.7455917596817017
	0.7455774545669556
	0.7455528378486633
	0.7455416917800903
	0.7455211877822876
	0.7455015778541565
	0.7454732656478882
	0.7454409003257751
	0.7454218864440918
	0.745397686958313
	0.7453699707984924
	0.7453497648239136
	0.74532151222229
	0.7453020811080933
	0.7452834248542786
	0.7452656626701355
	0.7452430129051208
	0.7452250123023987
	0.745208203792572
	0.7451932430267334
	0.7451744079589844
	0.7451592087745667
	0.745136559009552
	0.7451165318489075
	0.7450902462005615
	0.7450740933418274
	0.7450592517852783
	0.7450379133224487
	0.7450169324874878
	0.7450039386749268
	0.744991660118103
	0.744970440864563
	0.7449550628662109
	0.7449417114257812
	0.7449244260787964
	0.7448963522911072
	0.7448766827583313
	0.7448530197143555
	0.7448426485061646
	0.7448239922523499
	0.7448009252548218
	0.7447788119316101
	0.744756281375885
	0.7447385787963867
	0.7447176575660706
	0.7446963787078857
	0.7446796894073486
	0.7446699142456055
	0.7446509599685669
	0.7446348667144775
	0.744621217250824
	0.7446011900901794
	0.7445815801620483
	0.7445580363273621
	0.7445377707481384
	0.7445236444473267
	0.7445089817047119
	0.7444948554039001
	0.7444726824760437
	0.744451642036438
	0.7444261312484741
	0.7444109916687012
	0.7443926930427551
	0.7443702816963196
	0.7443569302558899
	0.7443355917930603
	0.7443140149116516
	0.7442968487739563
	0.74427330493927
	0.7442480325698853
	0.7442312240600586
	0.7442142963409424
	0.7442009449005127
	0.7441787123680115
	0.7441573143005371
	0.744124710559845
	0.7440982460975647
	0.744086503982544
	0.7440720200538635
	0.7440532445907593
	0.7440354228019714
	0.7440200448036194
	0.7440089583396912
	0.7439911961555481
	0.7439671754837036
	0.743954598903656
	0.7439276576042175
	0.7439019680023193
	0.7438833713531494
	0.7438623309135437
	0.7438454031944275
	0.7438273429870605
	0.7438056468963623
	0.7437841892242432
	0.7437676191329956
	0.7437479496002197
	0.7437297105789185
	0.7437146306037903
	0.7436967492103577
	0.7436780333518982
]