[
	1.263471007347107
	1.2631862163543701
	1.262903094291687
	1.2626173496246338
	1.2623393535614014
	1.2620662450790405
	1.2617902755737305
	1.2615089416503906
	1.2612324953079224
	1.2609550952911377
	1.2606778144836426
	1.2604066133499146
	1.2601357698440552
	1.259873867034912
	1.2596015930175781
	1.2593306303024292
	1.259071707725525
	1.2588061094284058
	1.2585430145263672
	1.2582780122756958
	1.258007526397705
	1.2577544450759888
	1.2574925422668457
	1.257237195968628
	1.2569820880889893
	1.2567219734191895
	1.2564738988876343
	1.2562119960784912
	1.255955457687378
	1.2556895017623901
	1.2554285526275635
	1.25517737865448
	1.254923701286316
	1.2546621561050415
	1.2544132471084595
	1.2541654109954834
	1.2539132833480835
	1.2536563873291016
	1.2534148693084717
	1.2531650066375732
	1.2529144287109375
	1.2526706457138062
	1.2524230480194092
	1.2521836757659912
	1.251940369606018
	1.2517011165618896
	1.2514665126800537
	1.2512305974960327
	1.2509760856628418
	1.2507377862930298
	1.2504860162734985
	1.2502485513687134
	1.249999761581421
	1.2497671842575073
	1.2495275735855103
	1.2492769956588745
	1.2490241527557373
	1.2487796545028687
	1.2485435009002686
	1.2483209371566772
	1.2480839490890503
	1.2478543519973755
	1.2476158142089844
	1.2473807334899902
	1.2471462488174438
	1.2469123601913452
	1.2466782331466675
	1.2464510202407837
	1.246216893196106
	1.245988130569458
	1.2457489967346191
	1.2455254793167114
	1.2452912330627441
	1.2450671195983887
	1.2448362112045288
	1.2446092367172241
	1.2443785667419434
	1.244158387184143
	1.2439298629760742
	1.2437162399291992
	1.243483304977417
	1.2432615756988525
	1.2430403232574463
	1.2428123950958252
	1.2425925731658936
	1.2423691749572754
	1.2421530485153198
	1.241930365562439
	1.2417110204696655
	1.241500735282898
	1.241287350654602
	1.241077184677124
	1.2408703565597534
	1.2406511306762695
	1.2404286861419678
	1.2402161359786987
	1.2399990558624268
	1.2397875785827637
	1.2395803928375244
	1.2393630743026733
	1.2391541004180908
	1.2389425039291382
	1.238732933998108
	1.238510251045227
	1.238293170928955
	1.2380887269973755
	1.2378891706466675
	1.2376904487609863
	1.2374777793884277
	1.2372702360153198
	1.2370576858520508
	1.2368563413619995
	1.2366466522216797
	1.2364506721496582
	1.2362569570541382
	1.2360566854476929
	1.2358518838882446
	1.2356393337249756
	1.2354403734207153
	1.2352360486984253
	1.2350324392318726
	1.2348185777664185
	1.234613299369812
	1.2344248294830322
	1.2342216968536377
	1.2340238094329834
	1.233830213546753
	1.23362398147583
	1.2334171533584595
	1.2332344055175781
	1.2330390214920044
	1.2328424453735352
	1.2326518297195435
	1.232454776763916
	1.2322516441345215
	1.232060194015503
	1.2318706512451172
	1.2316813468933105
	1.2314833402633667
	1.2312917709350586
	1.2310864925384521
	1.230902075767517
	1.2307233810424805
	1.2305309772491455
	1.2303494215011597
	1.2301626205444336
	1.2299745082855225
	1.2297894954681396
	1.2296112775802612
	1.229435920715332
	1.2292490005493164
	1.229069471359253
	1.2288894653320312
	1.2287040948867798
	1.2285162210464478
	1.2283402681350708
	1.228156328201294
	1.2279703617095947
	1.2277660369873047
	1.2275720834732056
	1.2273975610733032
	1.227213740348816
	1.2270355224609375
	1.2268415689468384
	1.2266616821289062
	1.226484775543213
	1.2263009548187256
	1.2261242866516113
	1.2259299755096436
	1.2257578372955322
	1.2255761623382568
	1.2253984212875366
	1.2252159118652344
	1.225042462348938
	1.224866271018982
	1.2246909141540527
	1.2245253324508667
	1.2243574857711792
	1.2241679430007935
	1.2239832878112793
	1.223808765411377
	1.223626732826233
	1.2234524488449097
	1.2232698202133179
	1.2230911254882812
	1.2229117155075073
	1.222739338874817
	1.222567081451416
	1.2224012613296509
	1.2222270965576172
	1.2220412492752075
	1.2218650579452515
	1.221682071685791
	1.2215086221694946
	1.2213386297225952
	1.2211594581604004
	1.220985770225525
	1.220811128616333
	1.220646619796753
	1.2204889059066772
	1.220332145690918
	1.2201567888259888
	1.219982624053955
	1.2198063135147095
	1.2196409702301025
	1.2194663286209106
	1.2193044424057007
	1.2191276550292969
	1.2189594507217407
	1.2187811136245728
	1.2186132669448853
	1.2184410095214844
	1.2182689905166626
	1.2181001901626587
	1.2179367542266846
	1.217776894569397
	1.2176119089126587
	1.2174466848373413
	1.2172677516937256
	1.2171015739440918
	1.2169368267059326
	1.2167764902114868
	1.2166061401367188
	1.216446876525879
	1.21627938747406
	1.216115117073059
	1.215948224067688
	1.2157816886901855
	1.2156202793121338
	1.2154546976089478
	1.215286374092102
	1.2151230573654175
	1.2149553298950195
	1.214795708656311
	1.214641809463501
	1.2144688367843628
	1.2143076658248901
	1.2141520977020264
	1.2139872312545776
	1.2138352394104004
	1.2136770486831665
	1.21351957321167
	1.213360071182251
	1.2131980657577515
	1.213047742843628
	1.2128843069076538
	1.2127330303192139
	1.2125788927078247
	1.212419867515564
	1.2122663259506226
	1.2121232748031616
	1.2119678258895874
	1.2118076086044312
	1.2116440534591675
	1.211491584777832
	1.211323618888855
	1.2111624479293823
	1.211007833480835
	1.2108529806137085
	1.2106915712356567
	1.2105450630187988
	1.2103792428970337
	1.2102211713790894
	1.2100499868392944
	1.2099040746688843
	1.2097498178482056
	1.2095929384231567
	1.2094240188598633
	1.209267497062683
	1.2091141939163208
	1.208961844444275
	1.2088043689727783
	1.2086610794067383
	1.2085169553756714
	1.208381175994873
	1.2082316875457764
	1.2080804109573364
	1.2079390287399292
	1.2077900171279907
	1.2076444625854492
	1.207501769065857
	1.2073451280593872
	1.2072012424468994
	1.207041621208191
	1.206884741783142
	1.206735372543335
	1.2065850496292114
	1.2064359188079834
	1.2062830924987793
	1.2061318159103394
	1.2059824466705322
	1.2058407068252563
	1.2056920528411865
	1.2055479288101196
	1.2053924798965454
	1.2052526473999023
	1.2051135301589966
	1.2049752473831177
	1.2048259973526
	1.2046823501586914
	1.2045412063598633
	1.204400658607483
	1.204249382019043
	1.2041053771972656
	1.2039605379104614
	1.2038227319717407
	1.203682541847229
	1.2035434246063232
	1.2033960819244385
	1.2032520771026611
	1.2031121253967285
	1.2029656171798706
	1.2028218507766724
	1.202682375907898
	1.2025352716445923
	1.202399730682373
	1.2022557258605957
	1.2021113634109497
	1.2019704580307007
	1.201838731765747
	1.2016966342926025
	1.2015511989593506
	1.2014003992080688
	1.2012630701065063
	1.201126217842102
	1.2009828090667725
	1.2008447647094727
	1.2007007598876953
	1.2005560398101807
	1.2004268169403076
	1.2002842426300049
	1.2001482248306274
	1.2000223398208618
	1.1998900175094604
	1.1997486352920532
	1.1996129751205444
	1.1994768381118774
	1.1993447542190552
	1.199212670326233
	1.199075698852539
	1.1989376544952393
	1.1988106966018677
	1.1986808776855469
	1.1985504627227783
	1.1984041929244995
	1.1982768774032593
	1.1981371641159058
	1.1980096101760864
	1.1978819370269775
	1.1977388858795166
	1.1976021528244019
	1.197466254234314
	1.197328805923462
	1.1972025632858276
	1.1970665454864502
	1.1969438791275024
	1.1968237161636353
	1.1966843605041504
	1.1965556144714355
	1.1964224576950073
	1.1962779760360718
	1.196149230003357
	1.1960113048553467
	1.1958789825439453
	1.1957406997680664
	1.195597767829895
	1.1954702138900757
	1.1953330039978027
	1.195200800895691
	1.1950733661651611
	1.194940447807312
	1.1948158740997314
	1.194685935974121
	1.1945550441741943
	1.194431185722351
	1.194298505783081
	1.1941787004470825
	1.194047212600708
	1.1939101219177246
	1.1937793493270874
	1.1936506032943726
	1.1935195922851562
	1.193390130996704
	1.193268060684204
	1.193152666091919
	1.1930246353149414
	1.192901849746704
	1.1927763223648071
	1.1926466226577759
	1.1925296783447266
	1.1924059391021729
	1.192276120185852
	1.192144751548767
	1.192033290863037
	1.1919039487838745
	1.191771149635315
	1.1916518211364746
	1.1915371417999268
	1.1914024353027344
	1.1912795305252075
	1.191156268119812
	1.1910446882247925
	1.1909165382385254
	1.1907923221588135
	1.190664291381836
	1.190537929534912
	1.1904181241989136
	1.1903090476989746
	1.190190076828003
	1.190065622329712
	1.1899396181106567
	1.1898305416107178
	1.1897075176239014
	1.1895889043807983
	1.1894696950912476
	1.1893559694290161
	1.1892311573028564
	1.1891087293624878
	1.1889886856079102
	1.1888717412948608
	1.188751220703125
	1.1886355876922607
	1.188513994216919
	1.1883900165557861
	1.188267707824707
	1.1881510019302368
	1.1880390644073486
	1.1879216432571411
	1.1878052949905396
	1.1876883506774902
	1.187569499015808
	1.1874459981918335
	1.1873371601104736
	1.1872270107269287
	1.1871106624603271
	1.186991572380066
	1.1868771314620972
	1.1867550611495972
	1.1866474151611328
	1.1865352392196655
	1.1864138841629028
	1.1863020658493042
	1.1861841678619385
	1.186065673828125
	1.1859498023986816
	1.1858330965042114
	1.185725450515747
	1.185619592666626
	1.1855014562606812
	1.1853880882263184
	1.1852720975875854
	1.1851516962051392
	1.1850392818450928
	1.1849266290664673
	1.1848194599151611
	1.184708833694458
	1.1845958232879639
	1.1844788789749146
	1.184364914894104
	1.184243083000183
	1.1841374635696411
	1.1840338706970215
	1.1839295625686646
	1.1838167905807495
	1.1837033033370972
	1.1835973262786865
	1.1834874153137207
	1.1833782196044922
	1.1832635402679443
	1.1831541061401367
	1.183046817779541
	1.1829396486282349
	1.1828324794769287
	1.182724118232727
	1.182621717453003
	1.1825051307678223
	1.182399868965149
	1.1822985410690308
	1.1821889877319336
	1.1820768117904663
	1.1819688081741333
	1.1818516254425049
	1.1817395687103271
	1.1816294193267822
	1.1815342903137207
	1.1814292669296265
	1.1813161373138428
	1.1812129020690918
	1.181112289428711
	1.1810142993927002
	1.1809101104736328
	1.180802583694458
	1.1806976795196533
	1.1805915832519531
	1.1804858446121216
	1.180372953414917
	1.1802637577056885
	1.1801713705062866
	1.1800626516342163
	1.179967999458313
	1.1798778772354126
	1.1797747611999512
	1.179672360420227
	1.1795698404312134
	1.1794648170471191
	1.1793638467788696
	1.1792547702789307
	1.1791499853134155
	1.1790465116500854
	1.1789424419403076
	1.178844928741455
	1.1787405014038086
	1.1786396503448486
	1.178538203239441
	1.178430199623108
	1.1783323287963867
	1.178231120109558
	1.1781262159347534
	1.1780157089233398
	1.1779160499572754
	1.1778202056884766
	1.1777153015136719
	1.177612543106079
	1.1774952411651611
	1.1773810386657715
	1.1772822141647339
	1.1771814823150635
	1.1770862340927124
	1.1769825220108032
	1.1768791675567627
	1.17677640914917
	1.1766705513000488
	1.1765676736831665
	1.1764665842056274
	1.176367998123169
	1.1762665510177612
	1.176161289215088
	1.176055908203125
	1.1759541034698486
	1.175857424736023
	1.1757580041885376
	1.1756560802459717
	1.175559163093567
	1.1754621267318726
	1.1753579378128052
	1.1752606630325317
	1.1751617193222046
	1.1750695705413818
	1.1749697923660278
	1.1748751401901245
	1.1747713088989258
	1.174673080444336
	1.1745774745941162
	1.1744825839996338
	1.1743810176849365
	1.1742881536483765
	1.1741873025894165
	1.1740891933441162
	1.1739890575408936
	1.1738849878311157
	1.1737772226333618
	1.1736838817596436
	1.1735926866531372
	1.1734949350357056
	1.1733970642089844
	1.173292875289917
	1.1731926202774048
	1.1730892658233643
	1.1729907989501953
	1.172890543937683
	1.1727938652038574
	1.1726970672607422
	1.1726018190383911
	1.1725101470947266
	1.1724026203155518
	1.1723052263259888
	1.1722161769866943
	1.1721155643463135
	1.172027826309204
	1.1719248294830322
	1.1718242168426514
	1.1717232465744019
	1.1716381311416626
	1.1715425252914429
	1.1714386940002441
	1.171339750289917
	1.1712409257888794
	1.1711466312408447
	1.171059012413025
	1.170960545539856
	1.17086923122406
	1.1707767248153687
	1.1706844568252563
	1.1705888509750366
	1.1704925298690796
	1.1703904867172241
	1.1702990531921387
	1.1702091693878174
	1.1701189279556274
	1.1700243949890137
	1.1699304580688477
	1.1698373556137085
	1.1697520017623901
	1.1696521043777466
	1.1695661544799805
	1.1694668531417847
	1.1693744659423828
	1.1692805290222168
	1.1691850423812866
	1.1690877676010132
	1.1689954996109009
	1.1689045429229736
	1.168809413909912
	1.168726921081543
	1.168619990348816
	1.1685336828231812
	1.168446660041809
	1.1683610677719116
	1.168270468711853
	1.1681829690933228
	1.168089747428894
	1.168005108833313
	1.1679134368896484
	1.1678290367126465
	1.167733907699585
	1.167641043663025
	1.1675503253936768
	1.167458415031433
	1.1673686504364014
	1.1672741174697876
	1.167181372642517
	1.1670936346054077
	1.167009711265564
	1.1669198274612427
	1.1668339967727661
	1.1667500734329224
	1.1666607856750488
	1.1665774583816528
	1.1664901971817017
	1.1663970947265625
	1.166310429573059
	1.1662272214889526
	1.166141390800476
	1.1660523414611816
	1.1659678220748901
	1.1658910512924194
	1.1658062934875488
	1.1657236814498901
	1.1656373739242554
	1.1655513048171997
	1.1654629707336426
	1.1653809547424316
	1.1652939319610596
	1.1652053594589233
	1.1651161909103394
	1.1650302410125732
	1.1649407148361206
	1.1648623943328857
	1.1647741794586182
	1.164687991142273
	1.1646027565002441
	1.1645172834396362
	1.164430856704712
	1.1643441915512085
	1.1642522811889648
	1.1641695499420166
	1.1640809774398804
	1.1639950275421143
	1.163912057876587
	1.1638187170028687
	1.1637420654296875
	1.1636642217636108
	1.1635799407958984
	1.1634920835494995
	1.1634013652801514
	1.1633135080337524
	1.1632291078567505
	1.163147211074829
	1.1630613803863525
	1.1629761457443237
	1.162886619567871
	1.1628084182739258
	1.1627321243286133
	1.1626474857330322
	1.1625666618347168
	1.1624834537506104
	1.1624064445495605
	1.16232430934906
	1.1622400283813477
	1.162156105041504
	1.1620758771896362
	1.1619946956634521
	1.1619105339050293
	1.1618263721466064
	1.1617417335510254
	1.1616560220718384
	1.1615740060806274
	1.1614878177642822
	1.161401391029358
	1.1613150835037231
	1.1612346172332764
	1.1611487865447998
	1.1610628366470337
	1.1609787940979004
	1.1608960628509521
	1.160812497138977
	1.1607354879379272
	1.160649299621582
	1.160565972328186
	1.1604838371276855
	1.1604021787643433
	1.1603256464004517
	1.1602433919906616
	1.1601613759994507
	1.1600795984268188
	1.1599980592727661
	1.1599270105361938
	1.1598436832427979
	1.1597648859024048
	1.1596828699111938
	1.159600853919983
	1.1595202684402466
	1.1594388484954834
	1.1593530178070068
	1.1592780351638794
	1.1591947078704834
	1.1591198444366455
	1.1590486764907837
	1.1589692831039429
	1.1588842868804932
	1.158801555633545
	1.1587162017822266
	1.1586378812789917
	1.1585620641708374
	1.1584757566452026
	1.1583975553512573
	1.1583244800567627
	1.1582489013671875
	1.1581774950027466
	1.1580973863601685
	1.1580123901367188
	1.1579374074935913
	1.1578575372695923
	1.157781720161438
	1.1577067375183105
	1.1576224565505981
	1.1575462818145752
	1.1574660539627075
	1.1573917865753174
	1.1573126316070557
	1.1572401523590088
	1.15716552734375
	1.1570916175842285
	1.1570122241973877
	1.156933069229126
	1.1568489074707031
	1.1567747592926025
	1.1566917896270752
	1.1566146612167358
	1.1565368175506592
	1.1564630270004272
	1.1563866138458252
	1.1563119888305664
	1.1562458276748657
	1.1561775207519531
	1.1561073064804077
	1.156033992767334
	1.1559559106826782
	1.1558862924575806
	1.1558139324188232
	1.1557421684265137
	1.1556713581085205
	1.1556000709533691
	1.1555261611938477
	1.1554585695266724
	1.1553895473480225
	1.1553133726119995
	1.1552410125732422
	1.1551661491394043
	1.1550945043563843
	1.1550168991088867
	1.1549407243728638
	1.1548696756362915
	1.1547986268997192
	1.154723882675171
	1.1546556949615479
	1.1545772552490234
	1.1545095443725586
	1.1544363498687744
	1.1543629169464111
	1.154289960861206
	1.154222846031189
	1.1541560888290405
	1.1540791988372803
	1.1540037393569946
	1.1539338827133179
	1.1538516283035278
	1.1537801027297974
	1.1537070274353027
	1.1536341905593872
	1.153559923171997
	1.1534888744354248
	1.1534109115600586
	1.153333067893982
	1.1532591581344604
	1.1531939506530762
	1.1531189680099487
	1.153049349784851
	1.152972936630249
	1.1529031991958618
	1.152827501296997
	1.1527618169784546
	1.1526938676834106
	1.15261971950531
	1.1525466442108154
	1.1524808406829834
	1.1524078845977783
	1.1523406505584717
	1.152266502380371
	1.1522037982940674
	1.1521357297897339
	1.1520633697509766
	1.1519933938980103
	1.1519235372543335
	1.151850938796997
	1.1517763137817383
	1.1517012119293213
	1.1516308784484863
	1.1515616178512573
	1.1514970064163208
	1.151425838470459
	1.151357650756836
	1.1512848138809204
	1.1512174606323242
	1.1511489152908325
	1.1510741710662842
	1.1510076522827148
	1.1509413719177246
	1.1508675813674927
	1.1507948637008667
	1.1507266759872437
	1.150664210319519
	1.150593638420105
	1.1505273580551147
	1.1504559516906738
	1.1503878831863403
	1.150321125984192
	1.1502543687820435
	1.1501858234405518
	1.1501154899597168
	1.15005362033844
	1.1499838829040527
	1.1499130725860596
	1.149849772453308
	1.1497807502746582
	1.149717092514038
	1.149649739265442
	1.1495776176452637
	1.1495109796524048
	1.149440884590149
	1.1493752002716064
	1.1493029594421387
	1.1492362022399902
	1.149163842201233
	1.1491045951843262
	1.1490318775177002
	1.1489578485488892
	1.1488957405090332
	1.148828387260437
	1.1487637758255005
	1.1487008333206177
	1.1486351490020752
	1.1485716104507446
	1.1485064029693604
	1.1484438180923462
	1.1483803987503052
	1.148321270942688
	1.1482559442520142
	1.1481871604919434
	1.1481236219406128
	1.1480635404586792
	1.148003339767456
	1.1479355096817017
	1.1478713750839233
	1.147809386253357
	1.1477406024932861
	1.1476744413375854
	1.1476061344146729
	1.147533893585205
	1.1474661827087402
	1.1474015712738037
	1.1473283767700195
	1.1472606658935547
	1.1471940279006958
	1.1471197605133057
	1.1470593214035034
	1.1469990015029907
	1.1469382047653198
	1.146868348121643
	1.1468076705932617
	1.1467382907867432
	1.1466790437698364
	1.1466153860092163
	1.146547794342041
	1.1464823484420776
	1.1464189291000366
	1.1463596820831299
	1.1463013887405396
	1.1462451219558716
	1.1461735963821411
	1.1461046934127808
	1.1460425853729248
	1.1459842920303345
	1.1459165811538696
	1.1458561420440674
	1.1458004713058472
	1.1457347869873047
	1.1456767320632935
	1.145614743232727
	1.1455554962158203
	1.1454994678497314
	1.1454390287399292
	1.1453778743743896
	1.1453176736831665
	1.1452568769454956
	1.145192265510559
	1.1451339721679688
	1.1450705528259277
	1.1450103521347046
	1.144949197769165
	1.1448861360549927
	1.1448233127593994
	1.1447612047195435
	1.1446949243545532
	1.1446380615234375
	1.144574522972107
	1.144518256187439
	1.1444599628448486
	1.1444013118743896
	1.144344449043274
	1.1442821025848389
	1.1442211866378784
	1.1441650390625
	1.1441071033477783
	1.144051432609558
	1.143996238708496
	1.1439316272735596
	1.1438692808151245
	1.143805980682373
	1.1437474489212036
	1.1436865329742432
	1.1436272859573364
	1.1435719728469849
	1.1435160636901855
	1.1434566974639893
	1.1433874368667603
	1.1433281898498535
	1.1432615518569946
	1.1431981325149536
	1.143139362335205
	1.1430782079696655
	1.1430178880691528
	1.1429626941680908
	1.1429088115692139
	1.1428539752960205
	1.1427949666976929
	1.1427375078201294
	1.1426811218261719
	1.1426219940185547
	1.1425668001174927
	1.1425119638442993
	1.1424537897109985
	1.142393946647644
	1.1423351764678955
	1.1422802209854126
	1.1422194242477417
	1.1421610116958618
	1.1421048641204834
	1.1420533657073975
	1.1420035362243652
	1.1419470310211182
	1.141886591911316
	1.141828179359436
	1.1417707204818726
	1.1417144536972046
	1.1416575908660889
	1.1415942907333374
	1.1415315866470337
	1.1414754390716553
	1.1414203643798828
	1.141364336013794
	1.141306757926941
	1.1412512063980103
	1.1411916017532349
	1.14113187789917
	1.1410795450210571
	1.1410229206085205
	1.140966773033142
	1.1409101486206055
	1.1408536434173584
	1.1407970190048218
	1.1407383680343628
	1.14068603515625
	1.1406257152557373
	1.1405681371688843
	1.1405118703842163
	1.1404577493667603
	1.1403956413269043
	1.140337347984314
	1.1402899026870728
	1.1402297019958496
	1.1401729583740234
	1.140124797821045
	1.1400731801986694
	1.140012264251709
	1.1399592161178589
	1.1399037837982178
	1.1398530006408691
	1.1397989988327026
	1.1397430896759033
	1.1396796703338623
	1.1396288871765137
	1.139577031135559
	1.1395220756530762
	1.1394624710083008
	1.1394087076187134
	1.139350175857544
	1.1392970085144043
	1.1392390727996826
	1.139184594154358
	1.1391289234161377
	1.139069676399231
	1.1390137672424316
	1.1389530897140503
	1.13889741897583
	1.1388447284698486
	1.1387896537780762
	1.1387373208999634
	1.1386854648590088
	1.1386305093765259
	1.1385812759399414
	1.1385263204574585
	1.1384679079055786
	1.1384133100509644
	1.1383556127548218
	1.1383044719696045
	1.1382564306259155
	1.1381946802139282
	1.138139247894287
	1.1380852460861206
	1.1380361318588257
	1.1379889249801636
	1.1379376649856567
	1.137885570526123
	1.1378341913223267
	1.1377813816070557
	1.1377321481704712
	1.1376760005950928
	1.1376245021820068
	1.137571096420288
	1.1375142335891724
	1.137466311454773
	1.1374112367630005
	1.1373558044433594
	1.1373037099838257
	1.1372534036636353
	1.1372028589248657
	1.1371463537216187
	1.1370925903320312
	1.1370395421981812
	1.1369866132736206
	1.1369292736053467
	1.136879563331604
	1.1368286609649658
	1.1367719173431396
	1.1367173194885254
	1.1366671323776245
	1.1366183757781982
	1.1365677118301392
	1.1365242004394531
	1.1364744901657104
	1.1364229917526245
	1.1363751888275146
	1.1363232135772705
	1.1362758874893188
	1.13623046875
	1.1361815929412842
	1.1361294984817505
	1.136070728302002
	1.1360185146331787
	1.1359587907791138
	1.1359059810638428
	1.1358580589294434
	1.1358064413070679
	1.1357553005218506
	1.1357015371322632
	1.1356556415557861
	1.1356126070022583
	1.1355606317520142
	1.1355117559432983
	1.135460376739502
	1.135405421257019
	1.1353508234024048
	1.1353017091751099
	1.1352512836456299
	1.1352086067199707
	1.1351581811904907
	1.135113000869751
	1.1350597143173218
	1.1350101232528687
	1.1349592208862305
	1.1349092721939087
]