[
	0.8168646619808391
	0.8168646619808391
	0.8168646619808468
	0.8168646619816617
	0.8168646609730345
	0.8168651730235239
	0.8168766424333617
	0.8170018491731135
	0.8171563517752622
	0.8173010235029743
	0.8174604121654732
	0.8176022410040072
	0.8177350153450693
	0.8178674068685422
	0.8179670506646232
	0.818102415096454
	0.8182457174197556
	0.8183657870959133
	0.8184753037727991
	0.8185920270444517
	0.8186910821687592
	0.8187981852444247
	0.8188928743021318
	0.8189951924282849
	0.8190762142496227
	0.8191926984783735
	0.8192672156111137
	0.8193653036799006
	0.8194426164372249
	0.8195198480858441
	0.8195950196817572
	0.8196504782176065
	0.8197370953846773
	0.8198265610802271
	0.8198854949533999
	0.8199571796247547
	0.820024658724541
	0.8200836643182513
	0.8201286483071133
	0.8201906194990658
	0.8202432723465263
	0.8202835960153966
	0.8203307003060585
	0.8203985721556895
	0.8204529989125456
	0.820502400757044
	0.8205219860271693
	0.8205807751813795
	0.8206150689869894
	0.8206447201955998
	0.8206885662992293
	0.8207204738828869
	0.820748092782308
	0.8207973883210333
	0.8208178518110424
	0.8208491993781953
	0.8208690384612827
	0.8208786536912767
	0.820909395093434
	0.8209326525143494
	0.8209571937653737
	0.8209783037774113
	0.820985750460529
	0.821016787838525
	0.8210386053628521
	0.8210582172695633
	0.8210775236162748
	0.8211058324940901
	0.8211350127360924
	0.8211578568382379
	0.8211720581214706
	0.8211858303116647
	0.8212065166019574
	0.8212043050636977
	0.8212174636164802
	0.8212335279078777
	0.8212350500651766
	0.8212361950190825
	0.8212458895774336
	0.8212610448202539
	0.8212609115515328
	0.8212636997989707
	0.8212691893756496
	0.8212710098297692
	0.8212813807328185
	0.8212955221543655
	0.8213031817121134
	0.8213045057818954
	0.8213047186738706
	0.8213082116553709
	0.821309629886775
	0.8213200467592294
	0.821317080557796
	0.8213148252616005
	0.8213240529368835
	0.8213119815463328
	0.8213288974168985
	0.8213312160244378
	0.8213245655921733
	0.8213326774629148
	0.8213205099954457
	0.8213029614609343
	0.8212950768068312
	0.8212948615827601
	0.8212822385490272
	0.8212869068657165
	0.8212918868406687
	0.8212923362582408
	0.8213177526272089
	0.8213185768138554
	0.8213090691003134
	0.8213002261037554
	0.8213004884087337
	0.821301635877552
	0.8212999492659633
	0.8212894042559434
	0.8212986122342106
	0.8212856044124419
	0.8212793727596536
	0.8212644252530896
	0.8212503540004368
	0.8212432260595844
	0.8212321876397005
	0.8212226801841518
	0.8212211167082135
	0.8212201150167369
	0.8212096001586813
	0.8211996583111377
	0.8211952697618177
	0.8211814968639906
	0.8211616126234738
	0.8211421476636594
	0.8211286425338421
	0.8211149633688452
	0.8211103220382722
	0.8210935951306979
	0.8210825763378518
	0.8210650101899944
	0.8210519648552657
	0.8210479326874612
	0.8210382085378363
	0.821024211839772
	0.8210219414425836
	0.8210078814301005
	0.8209932896856378
	0.8209778941150249
	0.8209595911774122
	0.8209452694036595
	0.8209416742799508
	0.8209345818438378
	0.8209181154772989
	0.8208976718743339
	0.8208935638519862
	0.820893113801746
	0.8208849413046398
	0.8208720093662902
	0.8208592844796887
	0.8208538080207625
	0.8208380267504579
	0.8208297993010834
	0.8208242683649766
	0.8208092471063222
	0.8207993015428084
	0.8207943443129478
	0.8207814424008161
	0.8207716519962165
	0.820758932153205
	0.820756684784508
	0.8207626474873471
	0.8207538728684051
	0.8207440437246005
	0.8207356309083897
	0.8207308371257512
	0.8207177764457336
	0.8207114972928887
	0.8206874931643664
	0.820665912634988
	0.8206392959177669
	0.8206323897969027
	0.8206275074975982
	0.8206228818027836
	0.8206143033137083
	0.8206060834895718
	0.8205963950144776
	0.8205855134550423
	0.8205832826002424
	0.8205802475977809
	0.8205756219288819
	0.8205632601099025
	0.8205503171010334
	0.8205448368129309
	0.8205342139807541
	0.8205289458888848
	0.8205168391154893
	0.8205094378805985
	0.8205052562976481
	0.8205035010831057
	0.8204894545455718
	0.8204785397143084
	0.820473826759961
	0.8204685232870585
	0.8204572006456766
	0.8204490823625771
	0.8204439811349934
	0.8204371628257698
	0.8204246195537459
	0.8204034933661117
	0.8203968119252167
	0.8203818838554913
	0.8203787540989677
	0.8203659255058594
	0.8203547216993474
	0.8203429714840793
	0.8203348365750883
	0.8203285932720791
	0.8203231251372197
	0.8203121858679175
	0.820303253071654
	0.8202961174133516
	0.8202921961158103
	0.8202825705697603
	0.8202767725957241
	0.8202691376420782
	0.820260066728173
	0.8202485649351444
	0.8202456976120499
	0.8202340815904835
	0.8202189886913213
	0.8202151166017664
	0.820206579362739
	0.820202548366259
	0.8201928002014375
	0.8201865300934829
	0.8201788303038009
	0.8201664921582327
	0.8201613940283583
	0.8201525594949372
	0.820146736069683
	0.8201455153225679
	0.820130576277515
	0.8201201016596248
	0.8201095166446717
	0.8200974579391144
	0.8200783544545215
	0.8200791221418272
	0.8200738499453534
	0.8200703642475068
	0.8200585837285634
	0.8200401030407328
	0.8200327096408313
	0.8200201507493394
	0.8200139511722002
	0.8200068559069257
	0.8199898721242999
	0.819975847047806
	0.819966981411261
	0.8199613187664012
	0.8199467722205845
	0.8199391345396587
	0.8199278144053612
	0.8199181044155811
	0.8199121148446833
	0.819904901181083
	0.8198943646185499
	0.8198904397627615
	0.8198899119618365
	0.8198885570391333
	0.8198885331275925
	0.8198823352963267
	0.8198809276920969
	0.8198686542042622
	0.8198579798638309
	0.8198513364795063
	0.8198453025490507
	0.819842088582348
	0.8198289270946549
	0.8198243799129076
	0.8198084998291174
	0.8198009628417202
	0.8197961182240897
	0.8197874679398924
	0.8197913150720846
	0.8197806136266079
	0.8197763011802259
	0.8197689770676101
	0.8197604222702863
	0.8197509453531295
	0.8197404393605412
	0.819739819994451
	0.819735804313135
	0.8197357064512497
	0.8197250844957217
	0.8197235222435507
	0.8197227326038105
	0.8197150269769184
	0.8197075551801359
	0.8197036198470118
	0.8196994017970521
	0.8197010751165491
	0.8196981094418438
	0.8196886976866983
	0.8196834241756452
	0.819683837325115
	0.8196841098827887
	0.8196759974539772
	0.8196796156978968
	0.8196727805820743
	0.8196664514132934
	0.819663439023813
	0.8196594670107139
	0.8196573892832829
	0.8196514900203439
	0.8196408592379737
	0.8196352457311483
	0.819627027073665
	0.8196280073293827
	0.8196255405848453
	0.8196191852610777
	0.8196151081679268
	0.8196111273315423
	0.8196026293074431
	0.8195993904213136
	0.8195971804807086
	0.8195923557096633
	0.8195876368382818
	0.8195885080335891
	0.8195812703806278
	0.8195812356298346
	0.819574624928583
	0.8195709559718483
	0.8195633448222808
	0.8195568633481274
	0.8195507008233305
	0.8195464837531093
	0.8195421997186036
	0.819536575747021
	0.8195294305313853
	0.8195269781302594
	0.8195293967343638
	0.8195207605345801
	0.8195175443422126
	0.8195156646604582
	0.8195094147098114
	0.8195056518559565
	0.8194993288687493
	0.8194935389334226
	0.8194880490201849
	0.8194834289214478
	0.8194823917151225
	0.8194765484895866
	0.8194759228089675
	0.8194710146945263
	0.8194635845224718
	0.8194639784620744
	0.8194655083198591
	0.8194617665047075
	0.8194557472986521
	0.8194470027512583
	0.8194405923032103
	0.8194452438185091
	0.819445544207947
	0.8194449649747678
	0.819435138620711
	0.8194342451626635
	0.8194271118295333
	0.8194284308696063
	0.8194293380871326
	0.8194261919123077
	0.8194278023398421
	0.8194273620095657
	0.8194222603466534
	0.819415371760509
	0.8194126719727803
	0.8194119306274893
	0.8194095192915416
	0.8194120948657355
	0.8194069324554784
	0.8194008698745288
	0.8193939689561599
	0.8193859871341803
	0.8193854967956586
	0.8193896308240205
	0.8193961791122044
	0.8193960040362481
	0.8193912964327392
	0.8193873727026671
	0.8193852903572003
	0.8193852265138504
	0.8193801450205586
	0.8193805407521234
	0.819378152829265
	0.8193748196667582
	0.8193655205975604
	0.819364648622675
	0.8193666114050506
	0.819362168391823
	0.819360983207623
	0.8193597124317485
	0.8193565867845833
	0.8193553907054989
	0.8193608055903366
	0.8193606843604216
	0.8193525050000167
	0.8193526050342687
	0.8193550032362801
	0.8193573479403089
	0.8193613117303048
	0.8193618593123205
	0.8193595023555074
	0.8193593372016323
	0.8193667734666275
	0.8193597142478328
	0.819359225464455
	0.8193576751378497
	0.8193531833241489
	0.8193488017125804
	0.8193427306738026
	0.8193397593016427
	0.8193449137375876
	0.8193455903699987
	0.8193525340208562
	0.819350022563727
	0.8193488643556742
	0.819347142133494
	0.8193445400013076
	0.8193442769494484
	0.8193439062713569
	0.8193480121879184
	0.8193437300270942
	0.8193416260870605
	0.8193373141446162
	0.8193345304459029
	0.8193348400586475
	0.8193388344181283
	0.8193357239554659
	0.8193375130779433
	0.8193388717073449
	0.8193411064524841
	0.8193387761437878
	0.8193444081153305
	0.8193413701989969
	0.819337559490347
	0.8193364719892828
	0.8193326190205692
	0.8193326479992106
	0.8193323443724129
	0.8193343711355349
	0.8193341504790632
	0.8193340953487592
	0.8193337179153375
	0.8193338491608729
	0.8193284897757539
	0.8193335517304845
	0.8193396110501336
	0.8193428300665185
	0.8193380788126533
	0.8193351243306655
	0.81933004166328
	0.8193295527314108
	0.819331597245439
	0.8193384118600121
	0.8193429399122109
	0.8193357436315802
	0.8193305914117945
	0.8193364101622258
	0.819337264604158
	0.8193309420969398
	0.8193277611811728
	0.8193324461380507
	0.8193310651677164
	0.8193202179281022
	0.8193150685870623
	0.8193117664574427
	0.8193094644244759
	0.8193090983479668
	0.8193031708970905
	0.8193058622508084
	0.8193078942311408
	0.8193075278350556
	0.8193087330707706
	0.8193099744501928
	0.8193087018681593
	0.8193032085737106
	0.8193053867363128
	0.8193044793030302
	0.8192987723656193
	0.8192944072598844
	0.8192922091336289
	0.8192967001843421
	0.8192949421437256
	0.8192979999355328
	0.81929607431414
	0.8193010825529614
	0.8193008083242631
	0.8192973480468412
	0.8192919396968612
	0.8192889769886103
	0.8192924722428326
	0.8192915823987497
	0.8192935968927727
	0.8192959142256344
	0.8192950202643274
	0.8192955038645005
	0.8192975414529952
	0.819299645765744
	0.8192964325647829
	0.8192916480555473
	0.8192910224940559
	0.8192919536217373
	0.8192934433207374
	0.8192972590001063
	0.8193008379528914
	0.819296785416287
	0.8192962678160488
	0.8192964563343492
	0.81929807780404
	0.8192959800790692
	0.8192957366103749
	0.8192986705684143
	0.8192989783858442
	0.8192944471054348
	0.819294879757842
	0.8193006793608706
	0.8192999594001648
	0.8193058606539635
	0.8193049567055861
	0.8193045349510321
	0.8193029600441475
	0.8193002267847302
	0.819299924940221
	0.8192994414742323
	0.81929865561029
	0.819300308087036
	0.819298502899739
	0.819293451539812
	0.8192887341874966
	0.8192916894008493
	0.819288056147638
	0.8192901393862224
	0.8192898336490055
	0.8192928286396305
	0.8192913399385167
	0.8192901344692297
	0.8192847832924965
	0.8192848870495024
	0.8192839662994704
	0.8192837141641511
	0.8192839669211506
	0.8192901405015428
	0.8192905690383683
	0.81929104575237
	0.819289958520156
	0.819289147752139
	0.8192863223657258
	0.8192847194163204
	0.819283740872823
	0.8192821432735885
	0.819276883736482
	0.8192769535874866
	0.8192745783934605
	0.8192771439024672
	0.8192793021172258
	0.8192774612538161
	0.8192783866123405
	0.8192794914465962
	0.8192834297449131
	0.8192854818123947
	0.8192848106206837
	0.8192920941999822
	0.8192921735711272
	0.8192938777425164
	0.8192977800353584
	0.8192984001950516
	0.8192993818425167
	0.8192996786065703
	0.8192952920102741
	0.8192920323024492
	0.8192904303294725
	0.8192970547823526
	0.8192973539724645
	0.8192986643342834
	0.8192936200436507
	0.8192969086871195
	0.8192935358137582
	0.8192969356784748
	0.8192972893828653
	0.8192951577529403
	0.81929612303097
	0.8192994642541777
	0.8192992658669185
	0.819301085527474
	0.8193062603868797
	0.8193126207328003
	0.8193125409137683
	0.8193118472797908
	0.8193100030794589
	0.8193086496376543
	0.8193117677880549
	0.8193083145287872
	0.819308151654097
	0.8193074361759896
	0.8193096940454333
	0.8193069528374338
	0.8193119800514154
	0.819313134943596
	0.8193177427439481
	0.819312999588868
	0.8193166110083647
	0.8193159515943967
	0.8193111642468279
	0.8193183382669135
	0.8193199413170635
	0.8193228438908471
	0.8193288306880419
	0.8193277682297311
	0.8193275583812333
	0.8193305487993483
	0.8193294792055509
	0.8193279467910639
	0.8193298568718661
	0.8193371418668858
	0.8193406399354007
	0.8193421719314878
	0.8193414466844509
	0.819339682915227
	0.8193374646292229
	0.8193397885179712
	0.8193435249729082
	0.8193414735952336
	0.8193388300933095
	0.8193459919463346
	0.8193472294082471
	0.8193449188632216
	0.8193431044843067
	0.8193532113508771
	0.8193579786926531
	0.8193575984939205
	0.8193601971961956
	0.8193538615245096
	0.8193532080335854
	0.8193557669633394
	0.819355715343176
	0.8193535323230924
	0.8193544840451372
	0.8193606685565146
	0.8193603313787128
	0.8193656209502131
	0.8193658881534994
	0.8193683501057702
	0.8193709069924521
	0.8193739217532987
	0.819371564966709
	0.8193676818085314
	0.8193698689431189
	0.8193698786503771
	0.8193693857721768
	0.8193797659293328
	0.8193802932245652
	0.8193816591481772
	0.819382343791043
	0.8193813699042211
	0.8193759105905525
	0.8193823822423094
	0.8193880346408837
	0.819389289124922
	0.8193874857128578
	0.8193917693331125
	0.8193929131131169
	0.8193980347260438
	0.819397506449583
	0.819398258250707
	0.8193990613341067
	0.8193977523801218
	0.8193934006021738
	0.8193899777303354
	0.8193956473079241
	0.8194005245738901
	0.8194009930500146
	0.8194004469585581
	0.8194060072570704
	0.8194052668382739
	0.8194047678410452
	0.8194104431857033
	0.8194123554637686
	0.8194098042047265
	0.819416068894048
	0.819417444433741
	0.8194227058689821
	0.8194262721932508
	0.8194251861345299
	0.8194229081408685
	0.819420496833451
	0.8194177460658345
	0.819413392030638
	0.8194148505710551
	0.8194137201972322
	0.8194128196161432
	0.8194145964684965
	0.8194150902154154
	0.8194097634651072
	0.8194095418191739
	0.8194110272338807
	0.8194130714171384
	0.8194069165139464
	0.8194077058896996
	0.8194044354831407
	0.8194041740616989
	0.8194044333240882
	0.8194009134550703
	0.8194011385399158
	0.8193993493145911
	0.8194025981180604
	0.8193997498931103
	0.8193966469093166
	0.8193966937541303
	0.8193967842154951
	0.8193990999236205
	0.8194003696769938
	0.8194047812937858
	0.819411787165888
	0.8194029217944389
	0.8194024184828752
	0.8194026970082912
	0.81940889204464
	0.8194139759217082
	0.8194126351711618
	0.8194134487662532
	0.8194125440994897
	0.8194090306385274
	0.8194129005740171
	0.8194129451599738
	0.8194157577058642
	0.8194149617271924
	0.8194149233660583
	0.8194116041757523
	0.8194103154882044
	0.8194028842885422
	0.8193998041639232
	0.8193955631922425
	0.819401872639381
	0.8194076667271228
	0.8194070185067726
	0.8194088554124567
	0.819407985270114
	0.8194045787677872
	0.8194012007487266
	0.8194017148203481
	0.8194015394890135
	0.8194045421785825
	0.81940532238078
	0.8194079722079952
	0.8194077539991066
	0.8194122548208966
	0.8194099485998223
	0.8194113535546633
	0.8194055544161898
	0.8194071369427316
	0.8194105037477538
	0.8194112343420815
	0.8194089034098037
	0.8194075089099778
	0.8194088131629753
	0.819406029144971
	0.8194102604686737
	0.8194102009331883
	0.819407048195719
	0.8194045172576565
	0.8194034668639331
	0.8194060300249764
	0.8194056266546337
	0.8194089266307799
	0.819415098741943
	0.8194200441481846
	0.8194238764025299
	0.8194255929644713
	0.8194300251912083
	0.8194277440571374
	0.8194262577161283
	0.8194259866086571
	0.8194231424044863
	0.8194244360731371
	0.8194230546844525
	0.8194243689472408
	0.8194256516775569
	0.8194300990966562
	0.8194328498045202
	0.819432514728701
	0.8194321184759582
	0.8194363942713235
	0.8194425983557545
	0.8194416167092359
	0.8194414042448493
	0.8194397528479765
	0.8194339984370145
	0.8194374568355187
	0.8194293509511942
	0.8194320403426734
	0.8194341490998022
	0.8194328472558696
	0.8194310437418413
	0.8194279180413878
	0.8194275954495371
	0.8194357306470588
	0.8194388667875286
	0.8194355532553328
	0.8194352784167609
	0.8194378262353904
	0.8194385997586032
	0.8194376624920501
	0.8194398950959507
	0.8194423038351611
	0.8194454001710588
	0.8194405870098682
	0.8194380313442021
	0.819433708192518
	0.8194406436613227
	0.8194392846023869
	0.8194394927009253
	0.8194367813699512
	0.8194393412454534
	0.8194396276009868
	0.8194379669478443
	0.8194415301599189
	0.8194406636647148
	0.819443900519659
	0.8194496988601829
	0.8194522865465135
	0.8194573128022034
	0.8194574607034327
	0.8194639943709091
	0.8194713007446133
	0.8194709691307263
	0.8194653540810124
	0.8194622761060484
	0.8194642421992084
	0.8194596540254202
	0.8194628995428557
	0.8194646519402821
	0.8194641005767656
	0.8194601662179577
	0.8194527316532576
	0.8194503629864516
	0.8194492936998526
	0.8194478403570341
	0.8194454880859458
	0.8194477001787678
	0.8194450870068245
	0.8194467433254375
	0.8194437456097651
	0.819441822219462
	0.8194415416488705
	0.8194468929834584
	0.8194538980643964
	0.8194606166681088
	0.8194598473450202
	0.8194610501637094
	0.8194574972623666
	0.8194617164638579
	0.8194575582209068
	0.8194566659445123
	0.8194526789111753
	0.8194507317011991
	0.8194529882110987
	0.8194524049995054
	0.8194535647662577
	0.8194557871675262
	0.8194482130783642
	0.8194473381060003
	0.81945078562897
	0.8194504818058261
	0.8194475215261052
	0.8194432959640765
	0.8194438740668174
	0.819438746709646
	0.8194438868409794
	0.8194447546757998
	0.8194451365470911
	0.8194420572725031
	0.8194379242564074
	0.8194370385651881
	0.8194336952955851
	0.8194362834160266
	0.8194302545439027
	0.8194269353239697
	0.8194182622367846
	0.8194175395087889
	0.8194204917326932
	0.8194233645575337
	0.8194247860983799
	0.8194233420733729
	0.8194212117623293
	0.8194156649708991
	0.8194165388662122
	0.8194166810881036
	0.8194158298479725
	0.8194137997594861
	0.8194153149038309
	0.8194141967601155
	0.8194130514404869
	0.8194129209706751
	0.8194119882801979
	0.8194134568932173
	0.8194117718950673
	0.8194103761457635
	0.8194179814322415
	0.8194159367937084
	0.8194153357467181
	0.8194189989351014
	0.8194223454977846
	0.819417093378448
	0.8194167144209351
	0.8194171033477095
	0.8194169281549616
	0.8194151855842499
	0.8194159509804473
	0.8194155315398242
	0.8194195014583614
	0.8194234630568046
	0.8194235821126284
	0.8194212494502174
	0.8194179985266048
	0.8194139311213202
	0.8194150787625655
	0.8194152521852182
	0.8194181071819383
	0.8194231021275604
	0.8194198991780177
	0.8194243662702108
	0.8194215845497165
	0.8194197019615395
	0.8194246292184176
	0.8194191695095274
	0.8194184319826804
	0.8194186409508312
	0.8194165595408199
	0.8194164789934489
	0.8194097565190428
	0.8194124960513904
	0.819404940388574
	0.8194041655131905
	0.8194062355607343
	0.819405199601441
	0.8194099443548045
	0.8194072377766121
	0.8194036936965077
	0.8194071925515047
	0.819405228760809
	0.8194085492211333
	0.8194136708300667
	0.819414642177862
	0.8194117152924746
	0.8194116044062975
	0.8194132821559416
	0.8194083547457649
	0.8194097878509414
	0.819405429043338
	0.8194084418384876
	0.819404985035823
	0.8194013693281942
	0.8194020350216694
	0.8194038815800738
	0.8194020490536795
	0.8194003773795664
	0.8194008923295689
	0.8193987206011679
	0.8193976550939104
	0.819389725722898
	0.8193929576104084
	0.8193941234144865
	0.8193931384385735
	0.8193917346557609
	0.8193918177528952
	0.8193997443462738
	0.819396062761128
	0.8193945180869359
	0.8193940052217007
	0.8193940791036076
	0.8193915242087905
	0.8193837316311419
	0.819383305226059
	0.8193824486645815
	0.8193815472713617
	0.8193818239020462
	0.8193813416137546
	0.8193752307536661
	0.8193757641328048
	0.8193792258444395
	0.8193721534705639
	0.8193766599160679
	0.8193758309635272
	0.8193715173480138
	0.8193697283868018
	0.8193672699949488
	0.8193681874541815
	0.8193696171168712
	0.819369493211122
	0.819368403438401
	0.8193683794177299
	0.8193691624493677
	0.8193680241048675
	0.8193636940426459
	0.8193637658133963
	0.8193650953905067
	0.8193651654895533
	0.8193637429192668
	0.8193648348635609
	0.8193640398190642
	0.8193556053969566
	0.8193555029999348
	0.8193604958974992
	0.8193558650593527
	0.819359048699858
	0.8193613876124158
	0.8193598489838282
	0.8193665320836091
	0.8193627675785856
	0.8193621930584843
	0.8193599025508349
	0.8193653493807359
	0.8193680275573964
	0.8193716603153199
	0.8193746108371696
	0.8193737751704229
	0.8193739827334711
	0.8193760893221548
	0.8193838885012216
	0.8193845284861927
	0.8193853151976557
	0.8193893278185458
	0.8193908032796677
	0.8193920692502075
	0.819394097676859
	0.8193924954818537
	0.8193938824137386
	0.8193937463452036
	0.8193967658705311
	0.8193957647698463
	0.8193938826191501
	0.8193918997785129
	0.819392195771334
	0.8193905892302877
	0.8193917404973634
	0.8193952780918358
	0.819392116848971
	0.8193962625609904
	0.8193983267857928
	0.8193967995302405
	0.8193958301715129
	0.819391892203456
	0.8193932318765346
	0.8193961155766512
	0.8193997029196488
	0.8194015964409496
	0.8193992342692098
	0.8193968380038053
	0.819398866167311
	0.8193953764468563
	0.8193941974185865
	0.8193993396206296
	0.819395535607686
	0.8193968803521834
	0.8193971590886814
	0.819397048940307
	0.8194004038699203
	0.8193989527968896
	0.8193967719355817
	0.8193968978195123
	0.8193922346127638
	0.8193936739684157
	0.8193917824176135
	0.8193912694852062
	0.8193884976686217
	0.8193918037910719
	0.8193916828322448
	0.8193944402471584
	0.8193987400770132
	0.8193952762303084
	0.819393512251715
	0.819393360174813
	0.8193908619442266
	0.819388924930658
	0.8193866029758663
	0.8193881196839685
	0.8193907376801194
	0.8193906316613335
	0.8193930692551648
	0.8193898034680818
	0.8193908026524334
	0.8193917602216308
	0.8193890036163125
	0.8193907418976851
	0.8193908033466408
	0.8193892825803316
	0.8193885369324552
	0.8193849748159239
	0.8193917992704676
	0.8193914150214969
	0.8193966257829952
	0.819398789898376
	0.8193960738491778
	0.8194007714675309
	0.819401422441908
	0.8194035916619631
	0.8194049242554239
	0.8194077339879281
	0.8194086039922984
	0.8194047374973618
	0.8194048258655989
	0.8194025471762062
	0.81939869547568
	0.8193942206246093
	0.81939548016848
	0.8193941296527955
	0.819396882322491
	0.8193976700511124
	0.8193955935482319
	0.8193949074216483
	0.8193920967436302
	0.8193902138276632
	0.8193883811125475
	0.8193849236456751
	0.8193815148310699
	0.8193802520461408
	0.8193819975180868
	0.8193764445091662
	0.8193777162954129
	0.8193808440715511
	0.8193840652262837
	0.8193847129227126
	0.8193853728527419
	0.8193855425757913
	0.8193874120044706
	0.8193836351958406
	0.8193849189428942
	0.8193876530684838
	0.8193911236819322
	0.8193954174291496
	0.819400431270722
	0.8193989980247486
	0.8194028879858947
	0.8194055473364656
	0.8194046352189107
	0.8194082783046662
	0.819410566309299
	0.819411422835351
	0.8194163518006118
	0.819418034209222
	0.8194132673810497
	0.819414406839529
	0.8194134047252095
	0.8194148370362536
	0.819416053705374
	0.8194136257811755
	0.8194173823525996
	0.8194187503490293
	0.819418019084411
	0.8194218810710433
	0.8194201938602675
	0.8194179014568159
	0.8194151178236351
	0.8194099050827416
	0.8194145582597208
	0.819420519812407
	0.8194225984764
	0.8194221560880758
	0.8194241062943958
	0.8194228078500271
	0.8194267047151143
	0.8194217764094062
	0.8194160258680008
	0.8194168882964006
	0.8194106614460336
	0.8194085022599628
	0.8194087601399405
	0.8194089154788374
	0.8194109629100977
	0.8194081169664571
	0.8194137223635821
	0.8194134938248486
	0.8194163915993448
	0.8194198373912613
	0.8194161285527429
	0.8194157596438846
	0.8194168598907384
	0.8194133844735106
	0.8194076404753298
	0.8194112068510053
	0.8194076022594534
	0.8194039048317525
	0.8194017878064482
	0.8194086783596308
	0.8194123347477364
	0.8194157462320053
	0.8194158620178345
	0.8194167773611527
	0.8194214616947084
	0.8194179451922919
	0.8194162456761714
	0.8194166909237607
	0.8194151178293844
	0.8194102118054845
	0.8194142941125492
	0.8194090767931054
	0.819409835122418
	0.8194134979130862
	0.8194171241646118
	0.8194166350073262
	0.8194181256825592
	0.8194162423786434
	0.8194202037312458
	0.8194245803998548
	0.8194213029497638
	0.819422871569265
	0.8194204401111527
	0.8194168603434301
	0.8194151289341645
	0.8194119029306075
	0.8194100607924356
	0.8194136759522263
	0.8194089609578197
	0.8194085434534409
	0.8194026858542758
	0.819399296671806
	0.8194018218146341
	0.8194090663045295
	0.8194051683690723
	0.8194048179570567
	0.819408326522766
	0.8194108680889898
	0.8194127901463596
	0.8194070714060908
	0.8194078586302316
	0.8194049283870364
	0.8194066599997801
	0.8194080971023209
	0.8194103485086461
	0.819411157828126
	0.8194120099833572
	0.8194152069443732
	0.8194148117473626
	0.8194136428644522
	0.8194179179082478
	0.8194177684474547
	0.8194168430033877
	0.8194203805774097
	0.8194193624364544
	0.8194202671342881
	0.8194165175485345
	0.8194129441127537
	0.819417334930915
	0.8194155449308864
	0.8194229177998846
	0.819419984861667
	0.8194166662018186
	0.8194163591740128
	0.8194121022864245
	0.8194134230371857
	0.8194116573124622
	0.8194164783450184
	0.8194143128091925
	0.819414652336558
	0.8194132686552099
	0.8194162876546334
	0.8194125743078949
	0.8194105328188807
	0.8194040486659862
	0.8193968123215133
	0.8194021098574841
	0.8194049133594374
	0.8194065180369858
	0.8194059555658243
	0.8193995169084008
	0.819398677310359
	0.8193971975161009
	0.8193943101420956
	0.8193995321527315
	0.8193947203153621
	0.8193954462458758
	0.8193945305165683
	0.8193972391346208
	0.8193991076387691
	0.8193904385411197
	0.8193907418547081
	0.8193872757139391
	0.8193833135982638
	0.8193884543919934
	0.8193892106694404
	0.8193893850857231
	0.8193871123166278
	0.8193946100709484
	0.819395363567832
	0.8193927707341688
	0.8193943541642644
	0.8194006377993582
	0.8194006802443204
	0.8194076369206613
	0.8194135696482676
	0.8194137306820658
	0.8194131193447632
	0.8194085650420425
	0.81940822635031
	0.8194043149431137
	0.8194093008499865
	0.8194085018917804
	0.81940606991187
	0.8194062654198605
	0.8194077878896302
	0.8194056214625968
	0.8194088418885078
	0.8194101011601534
	0.819412507055981
	0.8194133234341864
	0.8194106704454861
	0.8194118739795847
	0.819411171928741
	0.8194075801796944
	0.819406381968537
	0.8194019827742658
	0.8193993885355192
	0.8194047018420626
	0.8194032585581904
	0.8194025559465826
	0.8194008981829448
	0.8194002567075823
	0.819397616252077
	0.8193926938732072
	0.8193922920898035
	0.819389674507418
	0.819385178162591
	0.8193804186120484
	0.8193768581950949
	0.8193764921602674
	0.8193763876259307
	0.8193776916117864
	0.8193775294749162
	0.8193759545266732
	0.8193747664186992
	0.8193758724516226
	0.8193738945283495
	0.8193745170444399
	0.8193807626067406
	0.8193784887847974
	0.8193776751221102
	0.8193865726139644
	0.8193862261513049
	0.8193860016971986
	0.8193840532606197
	0.8193868076151034
	0.8193874872465507
	0.819384754147063
	0.8193862293716025
	0.819385935565693
	0.8193926158638265
	0.8193929316130512
	0.8193907698816503
	0.8193917015795876
	0.8193957062851586
	0.8193934048145104
	0.8193899415441519
	0.8193945316078043
	0.8193921379070658
	0.8193986062552951
	0.8194072178637788
	0.8194079600974215
	0.8194135900175893
	0.819417331796328
	0.8194153717995917
	0.8194132167570666
	0.8194153705903504
	0.8194103825667337
	0.8194081818734298
	0.819405061469865
	0.8194059619149229
	0.819408287866186
	0.8194046346601219
	0.8194074574016246
	0.8194075453864971
	0.8194119576314396
	0.819413239965627
	0.8194193986305305
	0.8194206331553587
	0.8194204463488599
	0.8194193597669803
	0.8194254393886464
	0.8194263092780352
	0.8194247792430827
	0.8194249340530185
	0.8194217327373098
	0.8194196739534356
	0.8194218194036281
	0.8194175432235946
	0.8194178402862872
	0.8194201756233923
	0.8194194853742153
	0.8194188185600014
	0.8194242944505568
	0.8194273111775283
	0.819431171937646
	0.8194294263918634
	0.8194279224507782
	0.8194251568722373
	0.819425693318242
	0.8194239406064938
	0.819424171572264
	0.8194219405667713
	0.8194240859832888
	0.8194224415756888
	0.8194259286321597
	0.8194255349120927
	0.8194291711428386
	0.8194323298823348
	0.8194285678873753
	0.8194299176162416
	0.8194276589663558
	0.8194297072409693
	0.8194298971781852
	0.8194303745708685
	0.8194244334732445
	0.8194241825066119
	0.819422643360742
	0.8194192239331995
	0.8194190837447684
	0.8194171238508093
	0.8194157440727659
	0.8194164298886986
	0.8194157307178416
	0.8194118793462276
	0.8194155300179251
	0.819415097388989
	0.8194175777821125
	0.8194147100175256
	0.8194158192753023
	0.819414580459826
	0.8194143220672842
	0.8194173307731576
	0.8194252582709703
	0.8194233418480668
	0.8194236106875061
	0.8194197212647635
	0.8194217299219315
	0.8194203785079972
	0.8194278740894804
	0.8194298445341645
	0.8194303735832753
	0.8194324103314123
	0.8194337055980824
	0.8194329093520387
	0.81943835551225
	0.819440288994915
	0.8194425774927496
	0.8194449993061658
	0.8194447433745772
	0.8194434922625146
	0.8194438527495429
	0.8194430465882842
	0.8194423980273897
	0.8194400611946673
	0.8194363847688598
	0.8194429440981936
	0.8194409111830927
	0.8194408836359766
	0.8194405243329965
	0.8194387930772503
	0.8194369014168454
	0.819439286269633
	0.8194401002568309
	0.8194459210219404
	0.8194492472851074
	0.8194435223632855
	0.8194419030420248
	0.8194372445220517
	0.8194375480541097
	0.8194387677677286
	0.81943721875043
	0.8194321366125313
	0.8194283747899944
	0.8194271170200366
	0.8194269964088776
	0.8194312833274049
	0.8194343939793808
	0.8194356941151523
	0.8194416754915906
	0.8194401256177847
	0.8194432317163792
	0.8194420230882254
	0.8194414865422839
	0.8194402587121875
	0.8194385157332595
	0.8194403945632366
	0.8194375481723906
	0.8194356599759985
	0.8194370431486482
	0.8194343559725081
	0.8194304428075513
	0.8194319594359307
	0.8194276004656712
	0.8194256811771343
	0.8194224392860077
	0.8194214532327707
	0.8194207874203059
	0.8194216313315422
	0.8194223576280535
	0.8194232228643143
	0.8194290906449175
	0.8194305575111615
	0.8194323866635386
	0.8194290337585802
	0.8194256569246989
	0.8194277695250435
	0.819425856739614
	0.8194284073697886
	0.8194262581549159
	0.8194249064730946
	0.8194275455316584
	0.8194276493276273
	0.8194265083547226
	0.8194297692959994
	0.8194313752885374
	0.8194372831349329
	0.8194383840157381
	0.8194438027981753
	0.8194461773584827
	0.8194473627636659
	0.8194452021350255
	0.8194422529850864
	0.8194416814761686
	0.8194415089793755
	0.8194422356661445
	0.8194392101107071
	0.8194367318051179
	0.8194375139722222
	0.8194346333098079
	0.8194305215407035
	0.8194338686818081
	0.8194340664806847
	0.8194314680258773
	0.8194305286461394
	0.8194315268928253
	0.8194369148470194
	0.8194366656160033
	0.8194355129708454
	0.8194418717097823
	0.8194460219031665
	0.8194479160926132
	0.8194499617938713
	0.8194482704883133
	0.8194441413830613
	0.8194436374996219
	0.8194409304033898
	0.819439143171777
	0.8194358985643919
	0.8194405911239286
	0.81943888855061
	0.8194403521535023
	0.8194390824537374
	0.819438959067118
	0.8194444437383446
	0.8194417469466955
	0.8194445012786321
	0.8194446868060782
	0.8194463949631722
	0.8194481432331358
	0.8194452143221083
	0.8194452828752413
	0.8194433709854931
	0.819442820478009
	0.8194424200498196
	0.8194411384914211
	0.8194382997026094
	0.8194369581829526
	0.8194364236149939
	0.8194359248189338
	0.8194285862092522
	0.8194279469245545
	0.8194309195224134
	0.8194289416901761
	0.819432781236415
	0.8194321368769442
	0.8194336038436584
	0.8194362100560268
	0.8194377181095152
	0.8194396926366073
	0.8194371112100431
	0.8194302649863998
	0.8194296164187757
	0.8194241244528403
	0.8194252461569214
	0.8194283737621647
	0.8194318122740315
	0.819430107943956
	0.8194285626975402
	0.819426893033627
	0.8194292757100882
	0.819425579356099
	0.8194238223459586
	0.819425247196012
	0.8194253127583364
	0.8194240321559549
	0.8194281641899732
	0.8194254304819981
	0.8194267273708044
	0.8194314419489711
	0.8194326511417644
	0.8194375273535569
	0.8194388769125289
	0.8194403946960875
	0.8194377248471841
	0.819441512608745
	0.8194432474541696
	0.8194398203437715
	0.8194470796478089
	0.8194448308999573
	0.8194457895939824
	0.819451369722245
	0.8194527075612754
	0.8194507917042405
	0.8194541609252516
	0.8194495762281415
	0.8194498359815199
	0.8194496815027553
	0.8194516045953872
	0.8194483887919658
	0.8194485526603583
	0.8194509042218644
	0.8194552711827533
	0.8194555760630008
	0.8194524934638142
	0.8194535740737556
	0.8194560686801122
	0.8194548245160374
	0.8194543838713092
	0.8194553750236077
	0.8194505219125215
	0.8194484290919335
	0.8194580199875002
	0.8194607091853796
	0.8194559218127692
	0.819457657862902
	0.8194605939488567
	0.8194598893749864
	0.8194574712275153
	0.8194493138661307
	0.8194513796682377
	0.8194531428950658
	0.8194489169328312
	0.8194465401223093
	0.8194473691004222
	0.819444441244459
	0.819447059800231
	0.8194475220718626
	0.8194407761945538
	0.8194408075779857
	0.8194400999488208
	0.8194456185700261
	0.8194445442038262
	0.8194383842341073
	0.8194380026830522
	0.8194347045408678
	0.8194308693507427
	0.8194288212034121
	0.8194243626558191
	0.8194211807834144
	0.8194289253591381
	0.8194279252809995
	0.819423924355171
	0.8194202575911939
	0.8194197194736568
	0.8194186420946324
	0.8194201999434207
	0.8194168753346999
	0.819420911482097
	0.8194200216170547
	0.8194188272632101
	0.8194164502722183
	0.8194119451835014
	0.8194158971190044
	0.8194167120504011
	0.8194119946638826
	0.8194139234952336
	0.819409884432616
	0.8194107550634601
	0.8194060635756764
	0.8194028482151198
	0.8194036038098352
	0.8194093809811167
	0.8194088079442166
	0.8194107770738523
	0.8194110782348446
	0.8194116074892739
	0.8194057840268423
	0.8194090925180003
	0.8194045210899115
	0.819402910127471
	0.819398025286942
	0.8193974459874052
	0.8193993732294063
	0.8193938168170931
	0.8193925928048857
	0.8193992012643199
	0.8194012951218255
	0.8194018302228147
	0.8194010262438264
	0.8194074032483567
	0.8194073656532237
	0.8194046257732702
	0.819411952517424
	0.8194140832160528
	0.8194174230857454
	0.8194227648128766
	0.819421267527058
	0.819423754705449
	0.8194248547001496
	0.8194248147405686
	0.819423854380694
	0.8194305326084524
	0.8194302638942454
	0.8194298832363577
	0.8194297451646818
	0.819429040265203
	0.8194281393968458
	0.8194337778382145
	0.8194346722331347
	0.8194332419997241
	0.8194344925098493
	0.8194367276195018
	0.8194390446882255
	0.8194339353031982
	0.8194342985874216
	0.8194354885545226
	0.8194378034014396
	0.8194423645786942
	0.8194397778386483
	0.8194393841183233
	0.819442118342596
	0.8194395844495358
	0.8194390308961231
	0.8194405248859351
	0.8194407689713576
	0.8194418875553856
	0.8194441004444536
	0.8194446078823197
	0.8194446469792849
	0.8194429990337282
	0.8194407383796528
	0.8194399244749541
	0.8194402951169139
	0.8194332061237031
	0.8194335737282965
	0.8194293923632402
	0.8194292480854662
	0.8194285747583
	0.8194281686912512
	0.8194275878539674
	0.8194284944438
	0.8194298734123251
	0.819425299353025
	0.8194237539781003
	0.8194196751633853
	0.8194252245520843
	0.8194222995761209
	0.8194279315414108
	0.8194252619554234
	0.819422577345968
	0.8194252505892385
	0.819424740394272
	0.8194215478267831
	0.8194250101708389
	0.819428954404735
	0.8194348084555563
	0.8194307447548802
	0.8194311577228609
	0.8194303836806911
	0.8194294349208698
	0.8194354104142653
	0.8194324368040155
	0.8194299083132647
	0.8194228160144796
	0.8194217205527561
	0.8194212454099927
	0.8194182164275225
	0.8194198424146938
	0.8194256470268928
	0.8194193524515748
	0.8194201367634616
	0.8194170394450754
	0.8194101358272384
	0.8194168761597753
	0.8194166119661939
	0.8194154892995954
	0.819417969472561
	0.8194174385301147
	0.8194224858410193
	0.8194185109527259
	0.8194196175588726
	0.8194165940368533
	0.8194231571362673
	0.8194277620881366
	0.8194285713459184
	0.8194260829798283
	0.819428597204516
	0.8194318408572752
	0.8194352008396069
	0.819436969661693
	0.8194332360238942
	0.819435651867084
	0.8194327871193176
	0.8194296430721905
	0.819430079052718
	0.819423971051249
	0.8194227386125819
	0.8194251936625984
	0.8194252496278521
	0.819431043711992
	0.8194333034127081
	0.8194380257536662
	0.8194330612630969
	0.8194354658329759
	0.8194321334691113
	0.8194324579204542
	0.8194345594222073
	0.8194320149782328
	0.8194304828264386
	0.8194286413947105
	0.8194350448663633
	0.8194313330063311
	0.8194338261617582
	0.8194304561620666
	0.8194258633076779
	0.8194250349084379
	0.8194292751425335
	0.8194326575006697
	0.8194334573644092
	0.8194304521692198
	0.8194311966170252
	0.8194352704146645
	0.8194339596933363
	0.8194360624031458
	0.8194371438865855
	0.8194370229406901
	0.8194352603236834
	0.8194435928855605
	0.8194421109986955
	0.8194376733520281
	0.8194407199078467
	0.819443163847095
	0.8194442146278065
	0.8194466978406266
	0.8194431709773243
	0.8194443029000504
	0.8194465490072871
	0.8194443049324336
	0.8194418585448147
	0.8194404007350145
	0.8194399873324505
	0.8194410358717727
	0.8194416400405617
	0.8194407916036335
	0.8194387151810846
	0.8194383609156598
	0.8194398258412855
	0.8194386860010114
	0.8194392602828073
	0.8194424269244842
	0.8194372584123598
	0.8194374738552579
	0.8194397072158969
	0.8194382074785064
	0.8194359489126899
	0.8194325786761847
	0.8194283063332717
	0.8194299175975244
	0.8194309174775793
	0.8194315460363243
	0.819429641740795
	0.8194346668236652
	0.8194324044061777
	0.8194272802571274
	0.8194279414311461
	0.819429014567944
	0.8194313250780823
	0.8194312948129152
	0.8194349282460673
	0.8194334635727736
	0.8194304292893182
	0.8194306934719217
	0.8194286361795583
	0.8194307943958987
	0.8194254430714197
	0.8194248501397992
	0.8194236353476403
	0.8194277867558487
	0.8194294603424793
	0.8194334856276034
	0.8194317313101982
	0.8194331869377995
	0.8194331294556758
	0.8194348699381271
	0.8194314447131389
	0.8194323182259275
	0.8194329838496174
	0.8194249170617037
	0.8194253444925665
	0.8194283098265572
	0.8194251787928083
	0.8194311397539229
	0.8194332630510207
	0.8194349980984387
	0.8194369405810276
	0.8194359574866763
	0.8194389621006709
	0.819434452043167
	0.8194333804119787
	0.8194335809231205
	0.8194303511641239
	0.8194261728345681
	0.8194243138197157
	0.8194247708950796
	0.8194230110316061
	0.8194228632628253
	0.8194174895964577
	0.8194159912872572
	0.8194211985691097
	0.8194229805741982
	0.8194216487233911
	0.8194227376927532
	0.8194262310047892
	0.8194238636792165
	0.8194250549928681
	0.8194218516328545
	0.8194250404082999
	0.8194247186486747
	0.8194296486517427
	0.8194318560516894
	0.819433260389635
	0.8194362939678985
	0.8194366889903838
	0.8194339098507756
	0.8194346952862729
	0.8194345933630499
	0.8194347544463872
	0.819435023296871
	0.8194331697500771
	0.8194266512397507
	0.8194335420772982
	0.8194354004184466
	0.8194341552430526
	0.8194303212306937
	0.819430936779879
	0.8194286014772758
	0.8194252144254293
	0.819430145593517
	0.8194304011889768
	0.8194317032189765
	0.8194274468036501
	0.8194262231130968
	0.8194330150640255
	0.8194373951899477
	0.8194366832713342
	0.8194348700001262
	0.8194342966682472
	0.819429649521216
	0.8194322032278861
	0.8194356539975783
	0.8194348019495828
	0.8194372659162606
	0.8194374479205605
	0.8194364196973871
	0.8194399119761353
	0.8194457405575413
	0.8194454940324419
	0.8194438783817568
	0.8194373794892041
	0.8194391612778561
	0.8194434389863847
	0.8194507646961431
	0.8194529668016631
	0.8194560666585157
	0.8194499826847115
	0.8194473228498542
	0.8194462276035376
	0.8194434257008517
	0.8194440910624442
	0.8194424749091173
	0.8194455503102643
	0.8194465646533169
	0.8194440078156003
	0.8194430799938351
	0.8194382677579916
	0.8194374138613284
	0.8194390727134563
	0.8194458833510035
	0.8194465704814505
	0.8194446674830477
	0.8194444447272774
	0.8194454837706315
	0.8194503302477307
	0.819451466819578
	0.8194548361775166
	0.8194514808265025
	0.8194502658764353
]