[
	1.2630139589309692
	1.2628430128097534
	1.26265549659729
	1.2624666690826416
	1.26226806640625
	1.2620829343795776
	1.2619036436080933
	1.2617073059082031
	1.261521577835083
	1.2613410949707031
	1.2611438035964966
	1.2609542608261108
	1.2607630491256714
	1.2605828046798706
	1.2603890895843506
	1.260205626487732
	1.2600218057632446
	1.2598276138305664
	1.2596434354782104
	1.259461522102356
	1.2592825889587402
	1.2591028213500977
	1.2589051723480225
	1.2587348222732544
	1.2585417032241821
	1.2583683729171753
	1.2581968307495117
	1.2580333948135376
	1.2578623294830322
	1.2577069997787476
	1.2575262784957886
	1.257353663444519
	1.2571672201156616
	1.2570027112960815
	1.2568340301513672
	1.2566585540771484
	1.2564775943756104
	1.2562910318374634
	1.256113886833191
	1.255946397781372
	1.2557730674743652
	1.255585789680481
	1.2554205656051636
	1.255254864692688
	1.2551004886627197
	1.254926323890686
	1.2547698020935059
	1.2546055316925049
	1.2544341087341309
	1.2542670965194702
	1.2541042566299438
	1.253941297531128
	1.2537745237350464
	1.2536215782165527
	1.2534713745117188
	1.2533159255981445
	1.2531604766845703
	1.252994418144226
	1.2528446912765503
	1.2526942491531372
	1.2525511980056763
	1.2524102926254272
	1.2522495985031128
	1.2520958185195923
	1.251949667930603
	1.2517985105514526
	1.251645803451538
	1.2515065670013428
	1.2513607740402222
	1.251206874847412
	1.251060962677002
	1.2509102821350098
	1.2507456541061401
	1.2505979537963867
	1.2504361867904663
	1.250283122062683
	1.2501357793807983
	1.2499839067459106
	1.249820590019226
	1.2496743202209473
	1.249534249305725
	1.2494006156921387
	1.249264121055603
	1.2491317987442017
	1.2489874362945557
	1.2488495111465454
	1.2486988306045532
	1.2485613822937012
	1.2484124898910522
	1.248282551765442
	1.2481619119644165
	1.2480413913726807
	1.2479121685028076
	1.247786045074463
	1.2476577758789062
	1.247521162033081
	1.2473945617675781
	1.2472585439682007
	1.2471197843551636
	1.2469863891601562
	1.246849536895752
	1.2467256784439087
	1.246592402458191
	1.2464617490768433
	1.2463326454162598
	1.2462012767791748
	1.2460888624191284
	1.2459532022476196
	1.245828628540039
	1.2457057237625122
	1.2455824613571167
	1.2454617023468018
	1.2453513145446777
	1.2452377080917358
	1.2451175451278687
	1.244995355606079
	1.244857668876648
	1.2447328567504883
	1.2446167469024658
	1.2444936037063599
	1.2443819046020508
	1.2442584037780762
	1.244141697883606
	1.244026780128479
	1.2439113855361938
	1.2437909841537476
	1.2436822652816772
	1.243574619293213
	1.2434645891189575
	1.2433565855026245
	1.2432547807693481
	1.2431477308273315
	1.2430399656295776
	1.242940902709961
	1.2428089380264282
	1.2427023649215698
	1.2425965070724487
	1.2424942255020142
	1.242388367652893
	1.2422864437103271
	1.2421786785125732
	1.2420703172683716
	1.2419615983963013
	1.2418601512908936
	1.2417620420455933
	1.2416677474975586
	1.2415623664855957
	1.2414575815200806
	1.2413520812988281
	1.241250991821289
	1.2411612272262573
	1.2410520315170288
	1.2409526109695435
	1.2408541440963745
	1.2407472133636475
	1.2406589984893799
	1.2405636310577393
	1.2404743432998657
	1.2403801679611206
	1.2402832508087158
	1.24018132686615
	1.2400761842727661
	1.2399786710739136
	1.239880919456482
	1.2397946119308472
	1.2397041320800781
	1.23960280418396
	1.2395100593566895
	1.2394119501113892
	1.239321231842041
	1.2392181158065796
	1.2391233444213867
	1.2390217781066895
	1.2389341592788696
	1.238840103149414
	1.2387394905090332
	1.2386583089828491
	1.2385811805725098
	1.2385040521621704
	1.2384144067764282
	1.2383254766464233
	1.2382457256317139
	1.238160490989685
	1.2380787134170532
	1.2379958629608154
	1.2379130125045776
	1.2378300428390503
	1.2377362251281738
	1.2376433610916138
	1.2375662326812744
	1.2374812364578247
	1.2373980283737183
	1.2373051643371582
	1.2372204065322876
	1.2371340990066528
	1.2370431423187256
	1.2369593381881714
	1.2368780374526978
	1.2367935180664062
	1.236725091934204
	1.2366467714309692
	1.2365598678588867
	1.2364667654037476
	1.2363841533660889
	1.2362966537475586
	1.2362160682678223
	1.2361409664154053
	1.2360633611679077
	1.2359882593154907
	1.2359086275100708
	1.2358293533325195
	1.2357538938522339
	1.2356805801391602
	1.2356067895889282
	1.2355353832244873
	1.235460877418518
	1.2353880405426025
	1.235312581062317
	1.2352298498153687
	1.2351455688476562
	1.235076904296875
	1.2350008487701416
	1.2349317073822021
	1.234861969947815
	1.2347794771194458
	1.234710454940796
	1.2346420288085938
	1.2345824241638184
	1.234506607055664
	1.2344317436218262
	1.2343636751174927
	1.234297513961792
	1.2342262268066406
	1.2341583967208862
	1.2340830564498901
	1.2340186834335327
	1.2339521646499634
	1.2338879108428955
	1.2338255643844604
	1.2337603569030762
	1.2337048053741455
	1.2336362600326538
	1.2335621118545532
	1.2335026264190674
	1.2334315776824951
	1.233361005783081
	1.233306646347046
	1.2332370281219482
	1.2331750392913818
	1.2331030368804932
	1.2330355644226074
	1.2329726219177246
	1.2329081296920776
	1.2328450679779053
	1.232770562171936
	1.2327125072479248
	1.2326457500457764
	1.2325888872146606
	1.2325283288955688
	1.232468605041504
	1.2324163913726807
	1.2323521375656128
	1.2322840690612793
	1.2322264909744263
	1.232174277305603
	1.232114315032959
	1.2320671081542969
	1.23201584815979
	1.2319533824920654
	1.2318958044052124
	1.2318392992019653
	1.2317860126495361
	1.2317382097244263
	1.2316826581954956
	1.2316267490386963
	1.2315632104873657
	1.2315082550048828
	1.231449842453003
	1.2313953638076782
	1.231333613395691
	1.2312794923782349
	1.2312262058258057
	1.23117196559906
	1.231110692024231
	1.2310471534729004
	1.2309987545013428
	1.2309539318084717
	1.2308926582336426
	1.2308342456817627
	1.2307685613632202
	1.2307180166244507
	1.230660319328308
	1.230601191520691
	1.2305434942245483
	1.2304941415786743
	1.2304340600967407
	1.2303825616836548
	1.2303310632705688
	1.2302720546722412
	1.230228304862976
	1.230178952217102
	1.2301284074783325
	1.2300779819488525
	1.230018973350525
	1.2299748659133911
	1.229923129081726
	1.2298760414123535
	1.229820728302002
	1.2297673225402832
	1.2297152280807495
	1.229665994644165
	1.2296069860458374
	1.2295688390731812
	1.229516625404358
	1.2294635772705078
	1.2294065952301025
	1.2293574810028076
	1.2293108701705933
	1.2292486429214478
	1.2292063236236572
	1.2291604280471802
	1.2291111946105957
	1.2290661334991455
	1.2290235757827759
	1.2289859056472778
	1.2289464473724365
	1.2288990020751953
	1.2288591861724854
	1.228812336921692
	1.2287734746932983
	1.2287297248840332
	1.2286908626556396
	1.2286463975906372
	1.2286021709442139
	1.2285650968551636
	1.2285234928131104
	1.2284834384918213
	1.228434443473816
	1.2283802032470703
	1.2283309698104858
	1.228291630744934
	1.2282476425170898
	1.2281992435455322
	1.228156566619873
	1.2281111478805542
	1.228066086769104
	1.228031039237976
	1.2279882431030273
	1.2279515266418457
	1.2279118299484253
	1.2278673648834229
	1.2278313636779785
	1.2277873754501343
	1.2277456521987915
	1.22769296169281
	1.2276479005813599
	1.2276018857955933
	1.2275639772415161
	1.2275158166885376
	1.2274770736694336
	1.227428674697876
	1.2273967266082764
	1.2273558378219604
	1.2273168563842773
	1.2272725105285645
	1.2272326946258545
	1.22719144821167
	1.2271474599838257
	1.2271114587783813
	1.2270673513412476
	1.2270311117172241
	1.2269953489303589
	1.226958990097046
	1.2269163131713867
	1.2268744707107544
	1.226828932762146
	1.226791501045227
	1.226759433746338
	1.2267258167266846
	1.2266827821731567
	1.226638913154602
	1.2266067266464233
	1.2265681028366089
	1.2265355587005615
	1.226493239402771
	1.226461410522461
	1.2264246940612793
	1.22638738155365
	1.2263548374176025
	1.2263267040252686
	1.2262929677963257
	1.2262550592422485
	1.226222038269043
	1.226180911064148
	1.2261360883712769
	1.2260931730270386
	1.2260617017745972
	1.226016879081726
	1.2259708642959595
	1.2259379625320435
	1.2258999347686768
	1.2258713245391846
	1.225835919380188
	1.2257920503616333
	1.2257615327835083
	1.225732684135437
	1.2256993055343628
	1.2256665229797363
	1.2256290912628174
	1.2255926132202148
	1.2255584001541138
	1.2255300283432007
	1.2254987955093384
	1.2254663705825806
	1.2254282236099243
	1.225393295288086
	1.2253566980361938
	1.225320816040039
	1.2252929210662842
	1.2252638339996338
	1.2252404689788818
	1.2252082824707031
	1.2251759767532349
	1.2251418828964233
	1.225110650062561
	1.225080966949463
	1.2250510454177856
	1.225007176399231
	1.2249757051467896
	1.224948525428772
	1.2249209880828857
	1.224894642829895
	1.2248636484146118
	1.224839210510254
	1.2248072624206543
	1.2247722148895264
	1.2247401475906372
	1.22471284866333
	1.224682092666626
	1.2246490716934204
	1.2246263027191162
	1.2245982885360718
	1.2245662212371826
	1.2245416641235352
	1.224515676498413
	1.224489688873291
	1.2244592905044556
	1.2244170904159546
	1.2243857383728027
	1.2243573665618896
	1.224327802658081
	1.2242974042892456
	1.224265217781067
	1.2242274284362793
	1.2241929769515991
	1.2241590023040771
	1.2241339683532715
	1.224098563194275
	1.2240701913833618
	1.2240403890609741
	1.2240092754364014
	1.2239822149276733
	1.2239511013031006
	1.223921298980713
	1.223900556564331
	1.2238761186599731
	1.2238515615463257
	1.223827600479126
	1.2237991094589233
	1.2237716913223267
	1.2237522602081299
	1.2237112522125244
	1.2236906290054321
	1.2236623764038086
	1.2236316204071045
	1.2236069440841675
	1.2235792875289917
	1.2235441207885742
	1.2235223054885864
	1.2234992980957031
	1.2234734296798706
	1.2234525680541992
	1.2234362363815308
	1.2234116792678833
	1.2233860492706299
	1.2233548164367676
	1.2233315706253052
	1.2233173847198486
	1.2232871055603027
	1.223259449005127
	1.223231554031372
	1.2232112884521484
	1.223186731338501
	1.2231640815734863
	1.2231351137161255
	1.2231063842773438
	1.2230801582336426
	1.2230526208877563
	1.2230333089828491
	1.2230074405670166
	1.222985029220581
	1.222959041595459
	1.2229365110397339
	1.2229082584381104
	1.2228845357894897
	1.222856879234314
	1.2228333950042725
	1.222800612449646
	1.2227717638015747
	1.222747802734375
	1.2227283716201782
	1.222708821296692
	1.2226788997650146
	1.2226592302322388
	1.2226451635360718
	1.222623348236084
	1.2225985527038574
	1.2225711345672607
	1.2225403785705566
	1.2225232124328613
	1.2224963903427124
	1.2224761247634888
	1.2224596738815308
	1.2224396467208862
	1.2224183082580566
	1.2224042415618896
	1.222383737564087
	1.2223628759384155
	1.2223379611968994
	1.2223076820373535
	1.2222851514816284
	1.2222625017166138
	1.2222439050674438
	1.2222241163253784
	1.2221965789794922
	1.222170352935791
	1.2221453189849854
	1.2221240997314453
	1.2220953702926636
	1.222076177597046
	1.2220555543899536
	1.222034215927124
	1.2220187187194824
	1.2219929695129395
	1.221979022026062
	1.2219632863998413
	1.2219408750534058
	1.2219185829162598
	1.2218886613845825
	1.2218658924102783
	1.2218447923660278
	1.2218272686004639
	1.221811294555664
	1.2217899560928345
	1.221765398979187
	1.2217378616333008
	1.221717119216919
	1.221694827079773
	1.2216717004776
	1.221653699874878
	1.2216346263885498
	1.2216155529022217
	1.2216086387634277
	1.2215877771377563
	1.2215654850006104
	1.221550464630127
	1.2215361595153809
	1.2215126752853394
	1.2214972972869873
	1.2214834690093994
	1.2214641571044922
	1.2214545011520386
	1.221436858177185
	1.2214219570159912
	1.221405267715454
	1.221392035484314
	1.221375584602356
	1.2213553190231323
	1.221340298652649
	1.221325397491455
	1.2213046550750732
	1.2212852239608765
	1.2212709188461304
	1.2212555408477783
	1.2212332487106323
	1.2212189435958862
	1.2212051153182983
	1.221184492111206
	1.2211675643920898
	1.2211464643478394
	1.2211297750473022
	1.22111177444458
	1.2210872173309326
	1.2210626602172852
	1.2210379838943481
	1.221017599105835
	1.221000075340271
	1.2209798097610474
	1.2209585905075073
	1.2209476232528687
	1.2209341526031494
	1.220923662185669
	1.2209017276763916
	1.2208763360977173
	1.2208621501922607
	1.2208439111709595
	1.2208290100097656
	1.2208179235458374
	1.220797061920166
	1.2207818031311035
	1.2207671403884888
	1.2207486629486084
	1.2207324504852295
	1.2207142114639282
	1.2207037210464478
	1.220686674118042
	1.2206717729568481
	1.2206535339355469
	1.220637321472168
	1.2206289768218994
	1.220609426498413
	1.2205934524536133
	1.220579981803894
	1.2205661535263062
	1.2205485105514526
	1.2205320596694946
	1.2205156087875366
	1.2205016613006592
	1.2204880714416504
	1.220470666885376
	1.2204571962356567
	1.2204432487487793
	1.2204304933547974
	1.220410704612732
	1.2203948497772217
	1.220380425453186
	1.220367670059204
	1.2203516960144043
	1.2203413248062134
	1.220321774482727
	1.2203024625778198
	1.2202942371368408
	1.2202751636505127
	1.220273494720459
	1.2202520370483398
	1.2202372550964355
	1.2202283143997192
	1.220206618309021
	1.2201926708221436
	1.2201803922653198
	1.2201751470565796
	1.220170497894287
	1.220156192779541
	1.2201498746871948
	1.2201282978057861
	1.2201215028762817
	1.2201104164123535
	1.2200905084609985
	1.220077395439148
	1.220070481300354
	1.2200543880462646
	1.2200404405593872
	1.220036506652832
	1.220028042793274
	1.2200127840042114
	1.2200003862380981
	1.219992995262146
	1.2199792861938477
	1.2199708223342896
	1.219954013824463
	1.2199409008026123
	1.2199268341064453
	1.2199188470840454
	1.2199084758758545
	1.2198970317840576
	1.2198818922042847
	1.2198693752288818
	1.2198607921600342
	1.2198477983474731
	1.2198395729064941
	1.2198231220245361
	1.2198137044906616
	1.2198084592819214
	1.2197980880737305
	1.2197916507720947
	1.219773769378662
	1.2197649478912354
	1.219760775566101
	1.219748854637146
	1.2197407484054565
	1.2197327613830566
	1.2197222709655762
	1.2197173833847046
	1.219696044921875
	1.2196837663650513
	1.2196708917617798
	1.2196637392044067
	1.2196511030197144
	1.2196344137191772
	1.2196236848831177
	1.219614863395691
	1.2196106910705566
	1.2196015119552612
	1.219594955444336
	1.2195836305618286
	1.2195786237716675
	1.2195595502853394
	1.2195544242858887
	1.2195477485656738
	1.2195425033569336
	1.2195279598236084
	1.2195086479187012
	1.2194938659667969
	1.2194803953170776
	1.219462513923645
	1.2194527387619019
	1.2194379568099976
	1.2194291353225708
	1.2194195985794067
	1.2194050550460815
	1.2194037437438965
	1.2193894386291504
	1.2193812131881714
	1.2193673849105835
	1.2193557024002075
	1.2193490266799927
	1.2193421125411987
	1.2193354368209839
	1.2193278074264526
	1.2193119525909424
	1.2192997932434082
	1.2192919254302979
	1.219286561012268
	1.2192760705947876
	1.2192656993865967
	1.2192550897598267
	1.2192456722259521
	1.219229817390442
	1.2192227840423584
	1.2192131280899048
	1.2192023992538452
	1.2191931009292603
	1.2191877365112305
	1.219180703163147
	1.2191767692565918
	1.2191801071166992
	1.2191708087921143
	1.219162106513977
	1.219161033630371
	1.2191572189331055
	1.2191493511199951
	1.2191342115402222
	1.2191205024719238
	1.2191143035888672
	1.219109058380127
	1.2191022634506226
	1.219093680381775
	1.2190797328948975
	1.2190721035003662
	1.2190766334533691
	1.2190698385238647
	1.2190629243850708
	1.2190558910369873
	1.2190463542938232
	1.2190370559692383
	1.2190314531326294
	1.2190210819244385
	1.2190173864364624
	1.219020962715149
	1.2190051078796387
	1.2190011739730835
	1.2189913988113403
	1.218980073928833
	1.2189762592315674
	1.2189722061157227
	1.2189621925354004
	1.2189520597457886
	1.2189501523971558
	1.2189397811889648
	1.2189375162124634
	1.2189282178878784
	1.218925952911377
	1.2189195156097412
	1.2189174890518188
	1.2189147472381592
	1.2189052104949951
	1.218904972076416
	1.2188957929611206
	1.2188878059387207
	1.2188829183578491
	1.2188732624053955
	1.2188692092895508
	1.2188591957092285
	1.2188575267791748
	1.2188464403152466
	1.2188340425491333
	1.21882963180542
	1.2188185453414917
	1.2188113927841187
	1.218808650970459
	1.218794584274292
	1.2187775373458862
	1.2187700271606445
	1.2187602519989014
	1.218759536743164
	1.218754768371582
	1.2187449932098389
	1.2187429666519165
	1.2187432050704956
	1.2187366485595703
	1.2187317609786987
	1.2187259197235107
	1.218726396560669
	1.2187227010726929
	1.2187154293060303
	1.2187118530273438
	1.2187029123306274
	1.2186981439590454
	1.2186914682388306
	1.2186880111694336
	1.2186756134033203
	1.2186704874038696
	1.2186639308929443
	1.2186599969863892
	1.2186567783355713
	1.218649983406067
	1.2186427116394043
	1.2186355590820312
	1.2186341285705566
	1.2186346054077148
	1.2186267375946045
	1.2186226844787598
	1.2186126708984375
	1.2186037302017212
	1.2185932397842407
	1.2185914516448975
	1.2185883522033691
	1.2185837030410767
	1.2185754776000977
	1.2185722589492798
	1.2185652256011963
	1.218560814857483
	1.2185533046722412
	1.2185463905334473
	1.2185368537902832
	1.218531608581543
	1.2185298204421997
	1.2185206413269043
	1.2185101509094238
	1.2185101509094238
	1.2185062170028687
	1.218504548072815
	1.2184927463531494
	1.2184877395629883
	1.2184821367263794
	1.218481421470642
	1.2184749841690063
	1.2184765338897705
	1.2184758186340332
	1.2184745073318481
	1.218475341796875
	1.2184711694717407
	1.2184653282165527
	1.2184609174728394
	1.218450665473938
	1.2184526920318604
	1.2184418439865112
	1.218432903289795
	1.2184237241744995
	1.2184176445007324
	1.2184126377105713
	1.2184159755706787
	1.218409538269043
	1.2184034585952759
	1.2184028625488281
	1.218397855758667
	1.2183902263641357
	1.2183899879455566
	1.2183842658996582
	1.218376874923706
	1.2183728218078613
	1.2183688879013062
	1.218367338180542
	1.2183616161346436
	1.2183568477630615
	1.218355655670166
	1.2183563709259033
	1.2183582782745361
	1.21835196018219
	1.21834397315979
	1.2183372974395752
	1.2183301448822021
	1.218326449394226
	1.218320369720459
	1.2183153629302979
	1.218319296836853
	1.2183152437210083
	1.2183141708374023
	1.2183127403259277
	1.2183083295822144
	1.2183008193969727
	1.2182979583740234
	1.2182950973510742
	1.2182879447937012
	1.218277931213379
	1.2182748317718506
	1.2182737588882446
	1.2182657718658447
	1.2182682752609253
	1.2182704210281372
	1.218270182609558
	1.2182663679122925
	1.2182574272155762
	1.2182536125183105
	1.2182563543319702
	1.2182449102401733
	1.218242883682251
	1.2182350158691406
	1.21822988986969
	1.2182316780090332
	1.21823251247406
	1.2182263135910034
	1.2182246446609497
	1.2182217836380005
	1.2182228565216064
	1.2182188034057617
	1.218214988708496
	1.218207597732544
	1.218204379081726
	1.2181998491287231
	1.2181991338729858
	1.218196153640747
	1.218186616897583
	1.2181906700134277
	1.2181934118270874
	1.2181875705718994
	1.2181905508041382
	1.2181880474090576
	1.2181925773620605
	1.2181857824325562
	1.2181795835494995
	1.218172311782837
	1.2181686162948608
	1.2181657552719116
	1.2181593179702759
	1.218152403831482
	1.2181549072265625
	1.2181499004364014
	1.2181464433670044
	1.2181419134140015
	1.218137502670288
	1.2181339263916016
	1.2181330919265747
	1.2181365489959717
	1.2181389331817627
	1.2181346416473389
	1.2181332111358643
	1.2181283235549927
	1.218118667602539
	1.2181164026260376
	1.2181117534637451
	1.2181100845336914
	1.2181010246276855
	1.2180949449539185
	1.21808922290802
	1.218091368675232
	1.2180869579315186
	1.2180861234664917
	1.2180875539779663
	1.218085527420044
	1.2180808782577515
	1.218074083328247
	1.2180708646774292
	1.2180672883987427
	1.2180671691894531
	1.21806800365448
	1.2180651426315308
	1.2180532217025757
	1.218057632446289
	1.2180521488189697
	1.2180440425872803
	1.2180445194244385
	1.2180379629135132
	1.2180405855178833
	1.2180442810058594
	1.2180423736572266
	1.2180356979370117
	1.2180334329605103
	1.2180308103561401
	1.2180272340774536
	1.2180254459381104
	1.2180231809616089
	1.218018651008606
	1.2180192470550537
	1.218021035194397
	1.2180168628692627
	1.2180187702178955
	1.2180155515670776
	1.218016505241394
	1.218013048171997
	1.2180215120315552
	1.2180111408233643
	1.2180085182189941
	1.2180027961730957
	1.2180036306381226
	1.2180063724517822
	1.2180049419403076
	1.2180055379867554
	1.2180007696151733
	1.2180054187774658
	1.218000888824463
	1.2179981470108032
	1.2179851531982422
	1.2179871797561646
	1.2179845571517944
	1.2179819345474243
	1.2179827690124512
	1.217980146408081
	1.2179811000823975
	1.2179832458496094
	1.2179789543151855
	1.2179765701293945
	1.21797513961792
	1.2179796695709229
	1.2179756164550781
	1.2179744243621826
	1.2179728746414185
	1.2179747819900513
	1.2179802656173706
	1.2179888486862183
	1.2179876565933228
	1.2179933786392212
	1.217994213104248
	1.2179888486862183
	1.2179920673370361
	1.2179930210113525
	1.2179880142211914
	1.217990517616272
	1.2179876565933228
	1.2179884910583496
	1.2179805040359497
	1.2179782390594482
	1.2179816961288452
	1.217980980873108
	1.2179800271987915
	1.2179864645004272
	1.2179895639419556
	1.217989206314087
	1.2179811000823975
	1.2179839611053467
	1.217984676361084
	1.2179795503616333
	1.2179759740829468
	1.217978835105896
	1.2179747819900513
	1.2179803848266602
	1.2179855108261108
	1.2179830074310303
	1.217991590499878
	1.2179828882217407
	1.2179865837097168
	1.2179838418960571
	1.2179821729660034
	1.2179789543151855
	1.2179690599441528
	1.2179666757583618
	1.2179632186889648
	1.2179605960845947
	1.2179619073867798
	1.2179574966430664
	1.2179582118988037
	1.217955231666565
	1.2179522514343262
	1.2179465293884277
	1.2179454565048218
	1.2179404497146606
	1.2179349660873413
	1.217934489250183
	1.217930555343628
	1.2179337739944458
	1.2179315090179443
	1.2179322242736816
	1.2179349660873413
	1.2179354429244995
	1.2179266214370728
	1.217924952507019
	1.217925786972046
	1.2179312705993652
	1.2179244756698608
	1.217924952507019
	1.2179222106933594
	1.21791410446167
	1.2179205417633057
	1.217917561531067
	1.2179147005081177
	1.217915415763855
	1.21791410446167
	1.2179173231124878
	1.2179137468338013
	1.2179133892059326
	1.2179077863693237
	1.2179127931594849
	1.2179137468338013
	1.2179174423217773
	1.2179245948791504
	1.217922329902649
	1.2179151773452759
	1.2179192304611206
	1.2179176807403564
	1.2179144620895386
	1.2179079055786133
	1.2179034948349
	1.2179011106491089
	1.2179075479507446
	1.2179089784622192
	1.2179046869277954
	1.2179030179977417
	1.217905044555664
	1.2179110050201416
	1.2179157733917236
	1.21791672706604
	1.2179123163223267
	1.217910647392273
	1.2179147005081177
	1.2179186344146729
	1.2179194688796997
	1.2179198265075684
	1.2179208993911743
	1.2179239988327026
	1.2179181575775146
	1.2179193496704102
	1.2179261445999146
	1.2179267406463623
	1.2179242372512817
	1.2179174423217773
	1.2179105281829834
	1.217908501625061
	1.2179104089736938
	1.217911720275879
	1.2179152965545654
	1.2179174423217773
	1.2179113626480103
	1.2179116010665894
	1.2179096937179565
	1.2179083824157715
	1.2179067134857178
	1.2179063558578491
	1.217905879020691
	1.2179094552993774
	1.2179094552993774
	1.2179042100906372
	1.2178980112075806
	1.2178970575332642
	1.217893362045288
	1.2178914546966553
	1.2178910970687866
	1.217885136604309
	1.2178853750228882
	1.2178804874420166
	1.2178889513015747
	1.2178932428359985
	1.2178878784179688
	1.2178860902786255
	1.217888355255127
	1.2178908586502075
	1.217887282371521
	1.2178845405578613
	1.2178922891616821
	1.217890739440918
	1.2178877592086792
	1.217874526977539
	1.2178751230239868
	1.2178820371627808
	1.2178761959075928
	1.2178752422332764
	1.2178678512573242
	1.2178666591644287
	1.2178683280944824
	1.21786630153656
	1.2178634405136108
	1.2178617715835571
	1.2178586721420288
	1.2178539037704468
	1.2178547382354736
	1.2178593873977661
	1.2178490161895752
	1.2178479433059692
	1.2178454399108887
	1.217844843864441
	1.2178388833999634
	1.217840552330017
	1.2178393602371216
	1.2178350687026978
	1.2178417444229126
	1.217848300933838
	1.217839241027832
	1.2178500890731812
	1.217848539352417
	1.2178478240966797
	1.2178494930267334
	1.217848539352417
	1.217857837677002
	1.217863917350769
	1.2178653478622437
	1.2178735733032227
	1.2178754806518555
	1.217878818511963
	1.2178844213485718
	1.2178789377212524
	1.2178795337677002
	1.217877745628357
	1.217880129814148
	1.2178857326507568
	1.2178840637207031
	1.2178798913955688
	1.2178725004196167
	1.2178696393966675
	1.2178763151168823
	1.217883825302124
	1.2178887128829956
	1.2178908586502075
	1.2178910970687866
	1.2178856134414673
	1.2178860902786255
	1.2178864479064941
	1.2178874015808105
	1.217885136604309
	1.2178938388824463
	1.2178940773010254
	1.2178921699523926
	1.2178919315338135
	1.217895746231079
	1.2178946733474731
	1.2178879976272583
	1.2178832292556763
	1.2178888320922852
	1.217883586883545
	1.2178831100463867
	1.21787691116333
	1.2178677320480347
	1.2178692817687988
	1.2178778648376465
	1.2178735733032227
	1.217880368232727
	1.217887282371521
	1.217888593673706
	1.2178914546966553
	1.2178890705108643
	1.217887282371521
	1.2178908586502075
	1.2178990840911865
	1.2178966999053955
	1.2178927659988403
	1.2178881168365479
	1.2178950309753418
	1.2178951501846313
	1.2178961038589478
	1.2178884744644165
	1.2178878784179688
	1.217887043952942
	1.2178857326507568
	1.217885136604309
	1.2178875207901
	1.2178891897201538
	1.217892050743103
	1.217891812324524
	1.2178946733474731
	1.2178996801376343
	1.2178995609283447
	1.2178982496261597
	1.2178921699523926
	1.2178893089294434
	1.217894434928894
	1.2178940773010254
	1.2178946733474731
	1.2178953886032104
	1.217895269393921
	1.2178988456726074
	1.2178997993469238
	1.2178994417190552
	1.2179009914398193
	1.2178990840911865
	1.2178932428359985
	1.2178959846496582
	1.2178974151611328
	1.2178889513015747
	1.2178959846496582
	1.217896819114685
	1.2178977727890015
	1.2178977727890015
	1.2179027795791626
	1.2179011106491089
	1.2179065942764282
	1.217913269996643
	1.2179200649261475
	1.2179183959960938
	1.2179256677627563
	1.2179230451583862
	1.217926025390625
	1.2179250717163086
	1.2179282903671265
	1.2179204225540161
	1.2179131507873535
	1.2179112434387207
	1.2179160118103027
	1.2179213762283325
	1.2179216146469116
	1.2179234027862549
	1.2179243564605713
	1.2179187536239624
	1.2179218530654907
	1.217919111251831
	1.2179185152053833
	1.217917799949646
	1.217918872833252
	1.2179073095321655
	1.2178970575332642
	1.2179040908813477
	1.217915415763855
	1.2179181575775146
	1.2179218530654907
	1.217926263809204
	1.2179268598556519
	1.2179285287857056
	1.2179292440414429
	1.21792733669281
	1.2179301977157593
	1.2179362773895264
	1.217943549156189
	1.2179454565048218
	1.2179489135742188
	1.2179460525512695
	1.2179487943649292
	1.2179523706436157
	1.217954397201538
	1.2179591655731201
	1.2179639339447021
	1.2179652452468872
	1.217969536781311
	1.2179691791534424
	1.2179728746414185
	1.2179749011993408
	1.2179744243621826
	1.2179737091064453
	1.2179791927337646
	1.217983365058899
	1.2179908752441406
	1.2179908752441406
	1.2179917097091675
	1.2179961204528809
	1.2179988622665405
	1.2179927825927734
	1.2179887294769287
	1.2179943323135376
	1.2179956436157227
	1.2179982662200928
	1.2180076837539673
	1.218019962310791
	1.2180211544036865
	1.2180215120315552
	1.2180216312408447
	1.218023657798767
	1.2180322408676147
	1.2180359363555908
	1.2180352210998535
	1.2180454730987549
	1.2180577516555786
	1.2180544137954712
	1.218051552772522
	1.2180464267730713
	1.2180486917495728
	1.218051552772522
	1.2180497646331787
	1.2180500030517578
	1.218042016029358
	1.2180503606796265
	1.2180458307266235
	1.218043327331543
	1.2180386781692505
	1.2180474996566772
	1.2180421352386475
	1.2180404663085938
	1.2180408239364624
	1.218047022819519
	1.2180531024932861
	1.2180558443069458
	1.2180650234222412
	1.2180660963058472
	1.2180650234222412
	1.2180635929107666
	1.2180708646774292
	1.2180743217468262
	1.2180813550949097
	1.2180824279785156
	1.2180817127227783
	1.218075156211853
	1.218077540397644
	1.2180830240249634
	1.2180838584899902
	1.2180825471878052
	1.2180871963500977
	1.2180886268615723
	1.2180925607681274
	1.21809983253479
	1.2180992364883423
	1.218111276626587
	1.2181103229522705
	1.2181174755096436
	1.2181196212768555
	1.2181193828582764
	1.2181202173233032
	1.2181191444396973
	1.2181146144866943
	1.2181169986724854
	1.2181164026260376
	1.218117594718933
	1.2181191444396973
	1.218117117881775
	1.2181057929992676
	1.2181024551391602
	1.218114972114563
	1.218121886253357
	1.218126893043518
	1.2181161642074585
	1.218113660812378
	1.2181130647659302
	1.2181134223937988
	1.2181124687194824
	1.218109130859375
	1.21812105178833
	1.2181199789047241
	1.2181153297424316
	1.2181135416030884
	1.2181133031845093
	1.2181192636489868
	1.2181204557418823
	1.218122959136963
	1.218129277229309
	1.2181344032287598
	1.2181384563446045
	1.2181371450424194
	1.2181326150894165
	1.2181396484375
	1.2181414365768433
	1.2181501388549805
	1.2181525230407715
	1.2181490659713745
	1.2181504964828491
	1.2181499004364014
	1.218155860900879
	1.2181525230407715
	1.2181516885757446
	1.2181576490402222
	1.218153715133667
	1.2181463241577148
	1.2181458473205566
	1.2181442975997925
	1.2181456089019775
	1.2181432247161865
	1.2181458473205566
	1.2181438207626343
	1.2181531190872192
	1.2181525230407715
	1.2181518077850342
	1.2181514501571655
	1.2181593179702759
	1.2181668281555176
	1.2181659936904907
	1.2181671857833862
	1.2181695699691772
	1.2181756496429443
	1.2181764841079712
	1.2181764841079712
	1.2181811332702637
	1.2181788682937622
	1.218185544013977
	1.218186855316162
	1.2181895971298218
	1.2181956768035889
	1.2181953191757202
	1.2181979417800903
	1.2182046175003052
	1.2182090282440186
	1.2182064056396484
	1.2182111740112305
	1.2182106971740723
	1.218214750289917
	1.218218445777893
	1.218216061592102
	1.2182118892669678
	1.2182129621505737
	1.218207597732544
	1.2182095050811768
	1.2182070016860962
	1.2182033061981201
	1.2182025909423828
	1.218206763267517
	1.2182071208953857
	1.2182114124298096
	1.2182092666625977
	1.2182024717330933
	1.2182087898254395
	1.2182092666625977
	1.2182130813598633
	1.2182164192199707
	1.2182114124298096
	1.218214988708496
	1.2182055711746216
	1.2182055711746216
	1.218207597732544
	1.218206524848938
	1.2182033061981201
	1.218206524848938
	1.2182016372680664
	1.2181987762451172
	1.2182068824768066
	1.2182003259658813
	1.2182013988494873
	1.2182048559188843
	1.2182130813598633
	1.218214750289917
	1.2182104587554932
	1.2182087898254395
	1.2181990146636963
	1.2181953191757202
	1.2182036638259888
	1.2182128429412842
	1.218216896057129
	1.218218445777893
	1.2182234525680542
	1.2182226181030273
	1.2182248830795288
	1.218231201171875
	1.2182334661483765
	1.2182351350784302
	1.218243956565857
	1.2182530164718628
	1.2182507514953613
	1.218252182006836
	1.2182573080062866
	1.2182655334472656
	1.2182649374008179
	1.2182631492614746
	1.218270182609558
	1.2182680368423462
	1.21826171875
	1.2182657718658447
	1.2182697057724
	1.218267798423767
	1.2182741165161133
	1.2182772159576416
	1.2182769775390625
	1.2182737588882446
	1.218274474143982
	1.2182729244232178
	1.2182800769805908
	1.2182790040969849
	1.2182796001434326
	1.218287467956543
	1.2182945013046265
	1.2182961702346802
	1.2183032035827637
	1.2182990312576294
	1.2183070182800293
	1.21830153465271
	1.2183067798614502
	1.2183051109313965
	1.2183116674423218
	1.2183119058609009
	1.2183094024658203
	1.2183102369308472
	1.2182995080947876
	1.2183067798614502
	1.218305230140686
	1.218314528465271
	1.2183141708374023
	1.218307375907898
	1.2183036804199219
	1.21830153465271
	1.2183151245117188
	1.2183159589767456
	1.218325138092041
	1.2183231115341187
	1.2183235883712769
	1.2183295488357544
	1.2183351516723633
	1.218328833580017
	1.2183302640914917
	1.2183300256729126
	1.2183297872543335
	1.218331217765808
	1.2183338403701782
	1.2183349132537842
	1.2183328866958618
	1.218343734741211
	1.2183457612991333
	1.2183480262756348
	1.2183493375778198
	1.2183524370193481
	1.2183506488800049
	1.218346357345581
	1.2183482646942139
	1.218361735343933
	1.2183570861816406
	1.2183589935302734
	1.218358039855957
	1.2183632850646973
	1.2183681726455688
	1.2183643579483032
	1.218366026878357
	1.2183657884597778
	1.21836519241333
	1.2183717489242554
	1.2183740139007568
	1.2183791399002075
	1.2183705568313599
	1.2183712720870972
	1.2183605432510376
	1.2183592319488525
	1.2183575630187988
	1.2183688879013062
	1.2183729410171509
	1.218374490737915
	1.2183771133422852
	1.218374490737915
	1.2183834314346313
	1.218390703201294
	1.2183945178985596
	1.2183970212936401
	1.2184033393859863
	1.2184059619903564
	1.2183986902236938
	1.2184059619903564
	1.2184031009674072
	1.2184069156646729
	1.218413233757019
	1.2184193134307861
	1.2184196710586548
	1.2184206247329712
	1.2184258699417114
	1.2184261083602905
	1.2184261083602905
	1.2184269428253174
	1.2184351682662964
	1.2184391021728516
	1.2184395790100098
	1.2184432744979858
	1.2184441089630127
	1.218442440032959
	1.218444585800171
	1.2184514999389648
	1.2184550762176514
	1.2184617519378662
	1.2184622287750244
	1.2184603214263916
	1.2184646129608154
	1.2184697389602661
	1.2184768915176392
	1.2184810638427734
	1.2184845209121704
	1.2184828519821167
	1.2184826135635376
	1.218489408493042
	1.218490481376648
	1.218490719795227
	1.2184994220733643
	1.2185039520263672
	1.218516230583191
	1.2185142040252686
	1.2185134887695312
	1.2185229063034058
	1.2185145616531372
	1.2185146808624268
	1.2185149192810059
	1.218519687652588
	1.2185235023498535
	1.218532919883728
	1.218540072441101
	1.218543291091919
	1.218539834022522
	1.2185429334640503
	1.2185444831848145
	1.2185429334640503
	1.218538761138916
	1.218540906906128
	1.2185460329055786
	1.218546986579895
	1.2185451984405518
	1.2185461521148682
	1.2185511589050293
	1.2185488939285278
	1.2185460329055786
	1.2185542583465576
	1.218564510345459
	1.2185596227645874
	1.2185630798339844
	1.2185689210891724
	1.2185757160186768
	1.2185789346694946
	1.2185883522033691
	1.2185932397842407
	1.2186027765274048
	1.218602180480957
	1.218604564666748
	1.2186074256896973
	1.218611717224121
	1.2186161279678345
	1.2186100482940674
	1.218613624572754
	1.2186163663864136
	1.218619704246521
	1.218614935874939
	1.2186087369918823
	1.2186106443405151
	1.2186110019683838
	1.218609094619751
	1.2186195850372314
	1.2186168432235718
	1.218618631362915
	1.2186249494552612
	1.2186341285705566
	1.218637228012085
	1.2186366319656372
	1.218638300895691
	1.2186388969421387
	1.218647837638855
	1.2186481952667236
	1.218656063079834
	1.2186583280563354
	1.2186592817306519
	1.2186627388000488
	1.2186678647994995
	1.2186611890792847
	1.2186678647994995
	1.2186713218688965
	1.2186771631240845
	1.2186734676361084
	1.2186743021011353
	1.2186813354492188
	1.2186849117279053
	1.2186890840530396
	1.2186870574951172
	1.2186832427978516
	1.2186812162399292
	1.2186861038208008
	1.218686580657959
	1.2186784744262695
	1.2186827659606934
	1.2186918258666992
	1.2186930179595947
	1.218697190284729
	1.2186946868896484
	1.2186963558197021
	1.2187031507492065
	1.2187012434005737
	1.2187020778656006
	1.2187023162841797
	1.2187062501907349
	1.218711018562317
	1.2187119722366333
	1.2187168598175049
	1.2187288999557495
	1.2187321186065674
	1.2187293767929077
	1.2187403440475464
	1.2187412977218628
	1.2187451124191284
	1.2187516689300537
	1.2187490463256836
	1.218758225440979
	1.2187656164169312
	1.2187612056732178
	1.2187633514404297
	1.21877121925354
	1.2187751531600952
	1.2187767028808594
	1.218773365020752
	1.2187751531600952
	1.218785047531128
	1.2187860012054443
	1.2187855243682861
	1.2187857627868652
	1.2187880277633667
	1.2187919616699219
	1.218798279762268
	1.2187964916229248
	1.218797206878662
	1.218799352645874
	1.2188036441802979
	1.2188045978546143
	1.2188061475753784
	1.2188091278076172
	1.218820333480835
	1.218825101852417
	1.2188252210617065
	1.2188234329223633
	1.2188247442245483
	1.2188267707824707
	1.218825101852417
	1.2188303470611572
	1.2188276052474976
	1.2188230752944946
	1.2188271284103394
	1.2188304662704468
	1.218836784362793
	1.2188472747802734
	1.2188513278961182
	1.2188549041748047
	1.2188704013824463
	1.2188736200332642
	1.2188801765441895
	1.2188796997070312
	1.2188833951950073
	1.2188810110092163
	1.2188880443572998
	1.218893051147461
	1.2188962697982788
	1.2189042568206787
	1.2189021110534668
	1.2189136743545532
	1.2189186811447144
	1.218924880027771
	1.218924880027771
	1.2189266681671143
	1.2189314365386963
	1.2189304828643799
	1.2189322710037231
	1.2189322710037231
	1.2189362049102783
	1.218946099281311
	1.218947410583496
	1.2189512252807617
	1.218949556350708
	1.2189487218856812
	1.2189513444900513
	1.2189496755599976
	1.218956708908081
	1.2189600467681885
	1.2189669609069824
	1.2189732789993286
	1.2189654111862183
	1.2189698219299316
	1.2189726829528809
	1.2189768552780151
	1.2189782857894897
	1.2189836502075195
	1.2189804315567017
	1.2189840078353882
	1.2189921140670776
	1.2189875841140747
	1.218985915184021
	1.2189844846725464
	1.2189916372299194
	1.218988299369812
	1.218991756439209
	1.219000220298767
	1.2189972400665283
	1.2190008163452148
	1.2190090417861938
	1.219003677368164
	1.2189983129501343
	1.219005823135376
	1.2190054655075073
	1.2190077304840088
	1.2190152406692505
	1.2190130949020386
	1.2190238237380981
	1.219031572341919
	1.2190324068069458
	1.2190433740615845
	1.2190415859222412
	1.2190488576889038
	1.2190532684326172
	1.2190525531768799
	1.219053030014038
	1.2190628051757812
	1.2190688848495483
	1.219071626663208
	1.2190723419189453
	1.2190786600112915
	1.2190824747085571
	1.2190831899642944
	1.2190883159637451
	1.2190892696380615
	1.2190890312194824
	1.219090223312378
	1.2190922498703003
	1.2191078662872314
	1.2191188335418701
	1.2191200256347656
	1.2191202640533447
	1.219125747680664
	1.2191219329833984
	1.2191212177276611
	1.219130277633667
	1.2191272974014282
	1.219128966331482
	1.2191355228424072
	1.2191400527954102
	1.2191540002822876
	1.2191561460494995
	1.219148874282837
	1.2191550731658936
	1.2191579341888428
	1.2191578149795532
	1.219159722328186
	1.2191678285598755
	1.219171166419983
	1.2191787958145142
	1.2191890478134155
	1.219195008277893
	1.2191945314407349
	1.2191969156265259
	1.2192004919052124
	1.2192097902297974
	1.2192213535308838
	1.2192295789718628
	1.219232201576233
	1.2192355394363403
	1.2192442417144775
	1.2192438840866089
	1.219245195388794
	1.2192437648773193
	1.219246506690979
	1.2192469835281372
	1.2192481756210327
	1.2192562818527222
	1.2192543745040894
	1.2192624807357788
	1.2192625999450684
	1.219268798828125
	1.2192760705947876
	1.2192829847335815
	1.2192893028259277
	1.2192916870117188
	1.2192871570587158
	1.2192920446395874
	1.219304084777832
	1.2193025350570679
	1.2193032503128052
	1.2193080186843872
	1.2193098068237305
	1.2193148136138916
	1.2193210124969482
	1.2193286418914795
	1.2193301916122437
	1.2193307876586914
	1.2193269729614258
	1.2193320989608765
	1.2193306684494019
	1.219338297843933
	1.2193318605422974
	1.2193363904953003
	1.2193299531936646
	1.2193291187286377
	1.21932852268219
	1.2193387746810913
	1.2193480730056763
	1.2193479537963867
	1.219353199005127
	1.2193636894226074
	1.219367265701294
	1.2193647623062134
	1.2193692922592163
	1.2193689346313477
	1.219367504119873
	1.2193756103515625
	1.2193775177001953
	1.2193728685379028
	1.21937096118927
	1.2193760871887207
	1.2193807363510132
	1.2193872928619385
	1.2193913459777832
	1.2193937301635742
	1.219394326210022
	1.2193944454193115
	1.2193984985351562
	1.2194024324417114
	1.2193979024887085
	1.2193983793258667
	1.219390630722046
	1.2193992137908936
	1.2194057703018188
	1.2194145917892456
	1.219417929649353
	1.2194173336029053
	1.2194188833236694
	1.2194209098815918
	1.219419002532959
	1.2194143533706665
	1.2194173336029053
	1.2194263935089111
	1.2194344997406006
	1.2194459438323975
	1.2194502353668213
	1.2194498777389526
	1.2194565534591675
	1.2194644212722778
	1.2194695472717285
]