[
	0.8979001641273499
	0.8977147936820984
	0.8975486159324646
	0.8973482847213745
	0.897187352180481
	0.8970094919204712
	0.8968179821968079
	0.8966343998908997
	0.8964521288871765
	0.8962607383728027
	0.8960796594619751
	0.8959009647369385
	0.8957287669181824
	0.8955438137054443
	0.895366907119751
	0.8951960206031799
	0.8950249552726746
	0.8948462605476379
	0.8946746587753296
	0.894490659236908
	0.8943143486976624
	0.8941289186477661
	0.8939650654792786
	0.8937997221946716
	0.8936228156089783
	0.8934557437896729
	0.8932763934135437
	0.893105149269104
	0.8929358124732971
	0.8927620053291321
	0.8926008939743042
	0.8924351334571838
	0.8922685980796814
	0.8920961618423462
	0.8919198513031006
	0.8917465209960938
	0.8915644288063049
	0.8913972973823547
	0.8912288546562195
	0.89106684923172
	0.8908904194831848
	0.8907243609428406
	0.890563428401947
	0.8904039859771729
	0.8902645707130432
	0.8901090621948242
	0.8899309635162354
	0.889754593372345
	0.8895998597145081
	0.8894420266151428
	0.8892661929130554
	0.8891141414642334
	0.8889632821083069
	0.8887860178947449
	0.8886343836784363
	0.8884903192520142
	0.8883322477340698
	0.8881714344024658
	0.8880100250244141
	0.8878545761108398
	0.8877084255218506
	0.8875609040260315
	0.8874237537384033
	0.8872714042663574
	0.8871387243270874
	0.8869941234588623
	0.8868417739868164
	0.88669753074646
	0.8865528106689453
	0.8864138126373291
	0.8862670660018921
	0.8861307501792908
	0.8859876990318298
	0.8858417272567749
	0.8856855034828186
	0.8855475187301636
	0.8854119181632996
	0.885281503200531
	0.8851276636123657
	0.8849903345108032
	0.884854257106781
	0.884706437587738
	0.8845711946487427
	0.8844277858734131
	0.8842890858650208
	0.8841548562049866
	0.884026050567627
	0.8838946223258972
	0.8837574124336243
	0.8836253881454468
	0.8835047483444214
	0.8833835124969482
	0.8832622170448303
	0.8831319212913513
	0.8830064535140991
	0.8828738927841187
	0.8827384114265442
	0.8826102614402771
	0.8824691772460938
	0.8823217749595642
	0.8821858763694763
	0.8820632696151733
	0.8819262385368347
	0.8817993402481079
	0.8816673159599304
	0.8815312385559082
	0.8814139366149902
	0.8812967538833618
	0.8811716437339783
	0.881044864654541
	0.8808987736701965
	0.8807767033576965
	0.8806523680686951
	0.8805310726165771
	0.8803985118865967
	0.880270779132843
	0.8801528811454773
	0.8800378441810608
	0.8799158930778503
	0.8797946572303772
	0.8796817064285278
	0.8795567154884338
	0.8794359564781189
	0.8793293237686157
	0.8792020082473755
	0.8790993094444275
	0.8789966106414795
	0.8788866400718689
	0.8787749409675598
	0.8786638975143433
	0.8785510063171387
	0.878442645072937
	0.8783248066902161
	0.878213107585907
	0.878090500831604
	0.8779833912849426
	0.8778644800186157
	0.87776780128479
	0.8776585459709167
	0.8775643110275269
	0.877450168132782
	0.8773350715637207
	0.8772222995758057
	0.8771166205406189
	0.8770015835762024
	0.8768978118896484
	0.8767914772033691
	0.8766791224479675
	0.876565158367157
	0.8764548897743225
	0.8763600587844849
	0.8762483596801758
	0.8761523365974426
	0.8760634660720825
	0.8759558200836182
	0.8758507966995239
	0.8757517337799072
	0.8756601214408875
	0.8755558133125305
	0.8754518628120422
	0.8753407001495361
	0.8752284049987793
	0.8751236200332642
	0.8750196099281311
	0.8749418258666992
	0.8748314380645752
	0.8747338652610779
	0.8746334314346313
	0.874520480632782
	0.8744276165962219
	0.8743210434913635
	0.8742356300354004
	0.8741369247436523
	0.8740521669387817
	0.8739652633666992
	0.8738569021224976
	0.8737666010856628
	0.8736775517463684
	0.8735812902450562
	0.8734845519065857
	0.8733822107315063
	0.8732776045799255
	0.8731890916824341
	0.873092770576477
	0.8729958534240723
	0.8729027509689331
	0.8728206753730774
	0.8727259039878845
	0.8726271390914917
	0.8725415468215942
	0.8724488615989685
	0.8723406791687012
	0.8722543120384216
	0.8721733093261719
	0.8720796704292297
	0.8719804883003235
	0.8718912601470947
	0.871792197227478
	0.8716967105865479
	0.8716102838516235
	0.871525764465332
	0.8714317083358765
	0.8713454604148865
	0.871249794960022
	0.8711614012718201
	0.8710706830024719
	0.8709858655929565
	0.8708927035331726
	0.8708038330078125
	0.8707156181335449
	0.8706194162368774
	0.8705260157585144
	0.8704445958137512
	0.8703428506851196
	0.8702493906021118
	0.8701766729354858
	0.8700805306434631
	0.8699982166290283
	0.8699058294296265
	0.8698093891143799
	0.8697236180305481
	0.8696451783180237
	0.8695680499076843
	0.8694879412651062
	0.8694133758544922
	0.8693253397941589
	0.8692465424537659
	0.8691660761833191
	0.8690841197967529
	0.8689990043640137
	0.8689183592796326
	0.8688402771949768
	0.8687654137611389
	0.8686860799789429
	0.8685973882675171
	0.8685194253921509
	0.8684273958206177
	0.8683530688285828
	0.868290901184082
	0.8682177662849426
	0.8681415915489197
	0.8680621385574341
	0.8679869174957275
	0.8679096102714539
	0.8678290247917175
	0.8677414655685425
	0.8676689863204956
	0.867597222328186
	0.8675188422203064
	0.8674378395080566
	0.8673633933067322
	0.8672835826873779
	0.8672106862068176
	0.867135226726532
	0.8670524954795837
	0.8669937252998352
	0.8669115304946899
	0.8668449521064758
	0.8667756915092468
	0.8666980862617493
	0.8666210174560547
	0.8665461540222168
	0.8664657473564148
	0.8663930296897888
	0.8663284182548523
	0.8662570118904114
	0.8661922216415405
	0.8661239743232727
	0.8660548329353333
	0.8659785389900208
	0.8659046292304993
	0.8658319711685181
	0.8657606244087219
	0.8656896948814392
	0.8656220436096191
	0.8655492663383484
	0.8654851913452148
	0.8654116988182068
	0.8653442859649658
	0.8652636408805847
	0.8651880025863647
	0.865114152431488
	0.8650477528572083
	0.8649826645851135
	0.8649113774299622
	0.8648422956466675
	0.8647754192352295
	0.8647040128707886
	0.8646255731582642
	0.8645550608634949
	0.8644936084747314
	0.8644244074821472
	0.8643568158149719
	0.8643008470535278
	0.8642305135726929
	0.8641639351844788
	0.8640968799591064
	0.8640302419662476
	0.863967776298523
	0.8639096021652222
	0.8638365268707275
	0.8637693524360657
	0.8637033104896545
	0.8636388778686523
	0.8635755777359009
	0.8635168075561523
	0.8634554743766785
	0.8633793592453003
	0.8633230924606323
	0.8632587194442749
	0.8631971478462219
	0.8631203174591064
	0.8630616664886475
	0.8630006909370422
	0.8629288673400879
	0.8628637790679932
	0.8627913594245911
	0.8627325296401978
	0.8626691102981567
	0.8626098036766052
	0.8625353574752808
	0.8624768853187561
	0.8624148964881897
	0.8623417019844055
	0.862287163734436
	0.8622261881828308
	0.8621698021888733
	0.8621070384979248
	0.8620467782020569
	0.8619919419288635
	0.8619234561920166
	0.8618617653846741
	0.8617972135543823
	0.8617348074913025
	0.8616712093353271
	0.8616198897361755
	0.8615613579750061
	0.8614946603775024
	0.8614273071289062
	0.8613670468330383
	0.8613017201423645
	0.8612301349639893
	0.8611761331558228
	0.8611171841621399
	0.8610510230064392
	0.8609808683395386
	0.8609232902526855
	0.8608687520027161
	0.8608114719390869
	0.8607490062713623
	0.8606964945793152
	0.8606345653533936
	0.8605687022209167
	0.8605052828788757
	0.8604438304901123
	0.8603851199150085
	0.8603214621543884
	0.8602702617645264
	0.8602055907249451
	0.8601532578468323
	0.8600985407829285
	0.8600468039512634
	0.8599855899810791
	0.8599324822425842
	0.859880268573761
	0.8598229885101318
	0.8597686290740967
	0.8597130179405212
	0.8596575260162354
	0.8595981597900391
	0.8595396876335144
	0.8594857454299927
	0.859434187412262
	0.8593741059303284
	0.8593215942382812
	0.8592681288719177
	0.859204113483429
	0.8591435551643372
	0.8590796589851379
	0.8590245842933655
	0.8589729070663452
	0.8589166402816772
	0.8588674664497375
	0.8588112592697144
	0.8587581515312195
	0.8586975336074829
	0.8586457371711731
	0.8585917353630066
	0.8585430383682251
	0.8584932684898376
	0.8584445714950562
	0.858396053314209
	0.8583554625511169
	0.8583056330680847
	0.8582485318183899
	0.8581992983818054
	0.8581510186195374
	0.8580944538116455
	0.8580437898635864
	0.8579883575439453
	0.8579408526420593
	0.857891857624054
	0.8578506708145142
	0.8577957153320312
	0.8577414155006409
	0.8576899170875549
	0.857640266418457
	0.8575881719589233
	0.8575285077095032
	0.857467770576477
	0.857421875
	0.8573797941207886
	0.857325553894043
	0.8572810292243958
	0.8572314977645874
	0.8571875691413879
	0.8571257591247559
	0.8570770621299744
	0.8570270538330078
	0.8569759130477905
	0.856934130191803
	0.8568836450576782
	0.8568230867385864
	0.8567677140235901
	0.8567156195640564
	0.856662392616272
	0.8566145300865173
	0.8565676808357239
	0.8565216064453125
	0.8564756512641907
	0.8564273715019226
	0.8563797473907471
	0.8563321828842163
	0.8562886714935303
	0.8562433123588562
	0.8561899662017822
	0.8561465740203857
	0.8560910820960999
	0.8560444712638855
	0.8559890985488892
	0.8559505343437195
	0.8559020161628723
	0.8558555841445923
	0.8558021187782288
	0.8557577729225159
	0.8557060360908508
	0.8556570410728455
	0.8556007146835327
	0.8555529713630676
	0.8555043339729309
	0.8554593324661255
	0.8554151654243469
	0.8553558588027954
	0.8553062081336975
	0.8552541732788086
	0.8552038669586182
	0.8551494479179382
	0.8551003932952881
	0.8550519943237305
	0.8550071716308594
	0.8549594283103943
	0.8549138307571411
	0.8548686504364014
	0.854819118976593
	0.8547751903533936
	0.854727566242218
	0.8546888828277588
	0.8546445965766907
	0.8546063303947449
	0.8545597791671753
	0.854518711566925
	0.8544734716415405
	0.8544288277626038
	0.8543813824653625
	0.8543406128883362
	0.8542995452880859
	0.8542460203170776
	0.8541995286941528
	0.8541548848152161
	0.8541118502616882
	0.8540620803833008
	0.8540279865264893
	0.8539824485778809
	0.8539464473724365
	0.8539000749588013
	0.8538608551025391
	0.8538081645965576
	0.8537732362747192
	0.8537262678146362
	0.8536818027496338
	0.8536380529403687
	0.8535943627357483
	0.8535544276237488
	0.8535098433494568
	0.8534666299819946
	0.8534228205680847
	0.8533807992935181
	0.8533357381820679
	0.8532925248146057
	0.853253185749054
	0.8532096147537231
	0.8531649708747864
	0.853123128414154
	0.8530800938606262
	0.8530385494232178
	0.8529896140098572
	0.8529389500617981
	0.8528982400894165
	0.8528579473495483
	0.8528115153312683
	0.8527606129646301
	0.8527215719223022
	0.8526724576950073
	0.852622389793396
	0.8525804281234741
	0.8525415658950806
	0.8524938821792603
	0.8524482846260071
	0.8524023294448853
	0.8523663878440857
	0.8523217439651489
	0.8522825837135315
	0.852238655090332
	0.8521960973739624
	0.8521506190299988
	0.8521203994750977
	0.8520724773406982
	0.852039635181427
	0.8519984483718872
	0.8519672155380249
	0.851921796798706
	0.8518885970115662
	0.8518472909927368
	0.8518050312995911
	0.8517605066299438
	0.8517163991928101
	0.8516621589660645
	0.8516218066215515
	0.85158371925354
	0.8515352606773376
	0.8514944314956665
	0.851448118686676
	0.8514140248298645
	0.8513792753219604
	0.8513436317443848
	0.8513031601905823
	0.8512683510780334
	0.8512324690818787
	0.8511940240859985
	0.8511504530906677
	0.851120114326477
	0.8510819673538208
	0.8510412573814392
	0.851008415222168
	0.850965678691864
	0.8509213328361511
	0.8508886098861694
	0.8508564233779907
	0.8508099317550659
	0.8507677316665649
	0.8507348895072937
	0.8506923913955688
	0.8506584167480469
	0.8506214618682861
	0.8505778312683105
	0.8505429029464722
	0.8505074381828308
	0.8504756689071655
	0.8504394292831421
	0.850407600402832
	0.8503715395927429
	0.8503356575965881
	0.850304126739502
	0.8502716422080994
	0.8502291440963745
	0.8501995205879211
	0.8501669764518738
	0.8501196503639221
	0.8500936031341553
	0.8500672578811646
	0.8500310182571411
	0.8499955534934998
	0.8499546051025391
	0.8499203324317932
	0.849881649017334
	0.8498449325561523
	0.8498121500015259
	0.8497717976570129
	0.8497408628463745
	0.8497099280357361
	0.8496837615966797
	0.8496511578559875
	0.8496041297912598
	0.8495621681213379
	0.8495215177536011
	0.8494850397109985
	0.849457323551178
	0.849418580532074
	0.8493840098381042
	0.8493513464927673
	0.8493098616600037
	0.8492690324783325
	0.8492239117622375
	0.8491805195808411
	0.849140465259552
	0.8491066694259644
	0.8490709066390991
	0.8490384817123413
	0.848993182182312
	0.848966121673584
	0.8489335179328918
	0.8489081859588623
	0.848863959312439
	0.8488353490829468
	0.8487865924835205
	0.8487527966499329
	0.8487192392349243
	0.8486910462379456
	0.8486668467521667
	0.848644495010376
	0.8486108779907227
	0.8485739231109619
	0.8485403656959534
	0.8485099673271179
	0.848480224609375
	0.8484410047531128
	0.8484037518501282
	0.848368763923645
	0.8483355641365051
	0.8482968807220459
	0.8482633233070374
	0.8482286930084229
	0.8482059836387634
	0.8481707572937012
	0.8481370806694031
	0.8481006026268005
	0.8480602502822876
	0.8480294942855835
	0.8479968905448914
	0.8479618430137634
	0.8479381799697876
	0.8479030728340149
	0.8478665947914124
	0.8478329181671143
	0.8477995991706848
	0.847761869430542
	0.8477276563644409
	0.8476903438568115
	0.8476463556289673
	0.8476155400276184
	0.8475881218910217
	0.8475518822669983
	0.847516655921936
	0.8474838137626648
	0.8474465012550354
	0.8474135994911194
	0.8473778367042542
	0.847350001335144
	0.847320556640625
	0.8472897410392761
	0.8472557067871094
	0.8472235798835754
	0.8471895456314087
	0.847150444984436
	0.8471262454986572
	0.8470882177352905
	0.8470592498779297
	0.8470258712768555
	0.8469927310943604
	0.8469557762145996
	0.8469255566596985
	0.8468930125236511
	0.8468690514564514
	0.8468388915061951
	0.8468116521835327
	0.8467923402786255
	0.8467661738395691
	0.8467360138893127
	0.8467069268226624
	0.8466734290122986
	0.8466442227363586
	0.8466107249259949
	0.8465843200683594
	0.8465562462806702
	0.846526563167572
	0.8465026021003723
	0.8464779853820801
	0.846461296081543
	0.8464251160621643
	0.846396803855896
	0.8463711738586426
	0.8463450074195862
	0.8463199734687805
	0.8462845683097839
	0.8462525010108948
	0.8462145328521729
	0.8461863398551941
	0.8461647033691406
	0.8461323976516724
	0.8461001515388489
	0.846072793006897
	0.8460416197776794
	0.846008837223053
	0.845984160900116
	0.8459503650665283
	0.8459235429763794
	0.84589022397995
	0.8458722829818726
	0.8458456993103027
	0.845829963684082
	0.8458103537559509
	0.8457819223403931
	0.8457499146461487
	0.8457241654396057
	0.8456991910934448
	0.8456659913063049
	0.8456392884254456
	0.8456054329872131
	0.8455777168273926
	0.8455423712730408
	0.8455162644386292
	0.8454934358596802
	0.8454650044441223
	0.8454335927963257
	0.8453994989395142
	0.8453755974769592
	0.8453526496887207
	0.8453265428543091
	0.8452966213226318
	0.8452703952789307
	0.8452364206314087
	0.8452063798904419
	0.8451862335205078
	0.8451619148254395
	0.8451322317123413
	0.8451120853424072
	0.8450780510902405
	0.8450465202331543
	0.8450242877006531
	0.8450008034706116
	0.844980001449585
	0.8449408411979675
	0.8449109792709351
	0.8448917269706726
	0.8448649644851685
	0.8448402881622314
	0.8448270559310913
	0.8447927236557007
	0.8447639346122742
	0.8447365760803223
	0.8447071313858032
	0.8446925282478333
	0.8446676731109619
	0.84464031457901
	0.8446214199066162
	0.8445954918861389
	0.8445714116096497
	0.844549834728241
	0.8445320725440979
	0.844516396522522
	0.844502329826355
	0.8444771766662598
	0.8444505929946899
	0.8444278240203857
	0.8444044589996338
	0.8443825840950012
	0.8443577885627747
	0.8443424105644226
	0.8443140387535095
	0.8442944288253784
	0.8442695140838623
	0.8442488312721252
	0.8442187309265137
	0.8441924452781677
	0.8441685438156128
	0.8441426753997803
	0.8441120386123657
	0.8440836668014526
	0.8440607190132141
	0.8440436124801636
	0.8440030813217163
	0.8439812660217285
	0.8439556360244751
	0.8439316153526306
	0.8439017534255981
	0.8438782095909119
	0.8438670039176941
	0.8438471555709839
	0.843832790851593
	0.8438101410865784
	0.8437936305999756
	0.8437758088111877
	0.8437513709068298
	0.843734622001648
	0.8437071442604065
	0.8436797261238098
	0.8436657786369324
	0.8436391353607178
	0.8436211943626404
	0.843596339225769
	0.8435640335083008
	0.8435474634170532
	0.843521237373352
	0.8435001969337463
	0.843475341796875
	0.8434621691703796
	0.8434370160102844
	0.8434242010116577
	0.8434166312217712
	0.8433939814567566
	0.8433608412742615
	0.8433338403701782
	0.8433106541633606
	0.8432896733283997
	0.8432654142379761
	0.8432457447052002
	0.843221127986908
	0.8431926965713501
	0.8431671857833862
	0.8431485295295715
	0.8431311249732971
	0.8431028723716736
	0.8430860638618469
	0.8430633544921875
	0.8430405259132385
	0.8430184125900269
	0.8429970741271973
	0.842974841594696
	0.8429579138755798
	0.8429417610168457
	0.8429244160652161
	0.8428986668586731
	0.8428680896759033
	0.8428449630737305
	0.842827558517456
	0.8428032398223877
	0.8427868485450745
	0.8427606225013733
	0.8427333235740662
	0.8427079916000366
	0.8426889777183533
	0.8426764607429504
	0.8426482081413269
	0.8426201343536377
	0.84260094165802
	0.8425814509391785
	0.8425582647323608
	0.8425355553627014
	0.8425121903419495
	0.842491626739502
	0.8424729108810425
	0.8424502015113831
	0.8424303531646729
	0.84239661693573
	0.8423804640769958
	0.8423604369163513
	0.8423423171043396
	0.8423137664794922
	0.8422933220863342
	0.8422694206237793
	0.8422331809997559
	0.8422127366065979
	0.8421885371208191
	0.8421741724014282
	0.8421552777290344
	0.8421306014060974
	0.8421196341514587
	0.842105507850647
	0.842079758644104
	0.8420550227165222
	0.8420428037643433
	0.8420312404632568
	0.8420124650001526
	0.8419853448867798
	0.841962993144989
	0.8419431447982788
	0.841924786567688
	0.8419103026390076
	0.8418831825256348
	0.8418729901313782
	0.841856062412262
	0.8418354392051697
	0.8418223261833191
	0.841796875
	0.8417847156524658
	0.8417662382125854
	0.8417538404464722
	0.8417325019836426
	0.841706395149231
	0.8416864275932312
	0.8416609168052673
	0.8416385054588318
	0.8416258096694946
	0.8416113257408142
	0.8415942192077637
	0.8415837287902832
	0.8415635228157043
	0.8415517210960388
	0.8415337800979614
	0.841508150100708
	0.8414942622184753
	0.8414755463600159
	0.8414613604545593
	0.8414373993873596
	0.8414148688316345
	0.8413934111595154
	0.8413723111152649
	0.8413638472557068
	0.8413413763046265
	0.8413223624229431
	0.8413071036338806
	0.8412902355194092
	0.8412717580795288
	0.8412561416625977
	0.8412360548973083
	0.8412187695503235
	0.8411955237388611
	0.8411709070205688
	0.8411638736724854
	0.841145932674408
	0.841126561164856
	0.8411141633987427
	0.8410984873771667
	0.8410760760307312
	0.841067373752594
	0.8410509824752808
	0.8410444855690002
	0.841032087802887
	0.8410160541534424
	0.8409915566444397
	0.8409796357154846
	0.8409574031829834
	0.8409373760223389
	0.8409247994422913
	0.8409059047698975
	0.8408876061439514
	0.840869128704071
	0.8408477306365967
	0.8408374786376953
	0.8408238887786865
	0.8408091068267822
	0.840796709060669
	0.8407799005508423
	0.8407616019248962
	0.8407459259033203
	0.8407330513000488
	0.8407087326049805
	0.8407030701637268
	0.8406922817230225
	0.8406768441200256
	0.840667188167572
	0.840653657913208
	0.8406407237052917
	0.8406309485435486
	0.8406229615211487
	0.840599000453949
	0.8405736684799194
	0.840559184551239
	0.8405311703681946
	0.840515673160553
	0.8404975533485413
	0.8404812812805176
	0.8404651284217834
	0.8404465317726135
	0.840424656867981
	0.8404055237770081
	0.8403910994529724
	0.840389609336853
	0.8403776288032532
	0.8403565287590027
	0.8403396606445312
	0.8403275012969971
	0.8403146862983704
	0.8403010964393616
	0.8402928113937378
	0.8402778506278992
	0.8402727246284485
	0.8402460217475891
	0.8402388691902161
	0.8402203917503357
	0.8402107357978821
	0.8401963114738464
	0.8401814699172974
	0.8401644825935364
	0.8401642441749573
	0.8401547074317932
	0.8401502966880798
	0.8401386737823486
	0.8401195406913757
	0.8401036262512207
	0.8400919437408447
	0.8400781154632568
	0.8400684595108032
	0.8400552868843079
	0.8400347232818604
	0.8400172591209412
	0.8400083780288696
	0.8399940729141235
	0.8399835824966431
	0.8399697542190552
	0.8399644494056702
	0.8399543166160583
	0.8399391770362854
	0.8399235010147095
	0.8399119973182678
	0.8399044871330261
	0.8398959636688232
	0.8398817777633667
	0.8398656845092773
	0.8398518562316895
	0.8398425579071045
	0.8398386836051941
	0.839825451374054
	0.8398230075836182
	0.839826762676239
	0.839798092842102
	0.8397899866104126
	0.8397756814956665
	0.8397664427757263
	0.8397422432899475
	0.8397285342216492
	0.839714765548706
	0.8396984338760376
	0.839684784412384
	0.8396700620651245
	0.839651882648468
	0.8396473526954651
	0.8396331667900085
	0.8396221995353699
	0.8396185636520386
	0.8396098613739014
	0.8395994305610657
	0.8395881056785583
	0.839576005935669
	0.8395645022392273
	0.8395568132400513
	0.8395476341247559
	0.8395454287528992
	0.8395376205444336
	0.8395324945449829
	0.8395160436630249
	0.8395165801048279
	0.8395135402679443
	0.8395100235939026
	0.8395010828971863
	0.839490532875061
	0.839480996131897
	0.8394644260406494
	0.8394540548324585
	0.8394516110420227
	0.8394502401351929
	0.8394389152526855
	0.8394269347190857
	0.839409589767456
	0.8394018411636353
	0.8393839597702026
	0.8393673300743103
	0.839354395866394
	0.8393436670303345
	0.8393434286117554
	0.8393391966819763
	0.8393242359161377
	0.8393213152885437
	0.8393078446388245
	0.8392907381057739
	0.8392782807350159
	0.839270293712616
	0.8392663598060608
	0.8392574191093445
	0.8392466306686401
	0.8392380475997925
	0.8392341732978821
	0.8392118811607361
	0.8391914963722229
	0.8391898274421692
	0.8391919136047363
	0.8391830325126648
	0.8391777276992798
	0.8391717672348022
	0.8391658663749695
	0.8391472101211548
	0.8391475081443787
	0.839137077331543
	0.8391282558441162
	0.8391260504722595
	0.839120626449585
	0.8391181826591492
	0.8391122221946716
	0.8391084671020508
	0.8390954732894897
	0.8390979170799255
	0.839092493057251
	0.8390921950340271
	0.8390914797782898
	0.8390901684761047
	0.8390772342681885
	0.8390774726867676
	0.8390707969665527
	0.8390617370605469
	0.8390479683876038
	0.8390303254127502
	0.8390285968780518
	0.8390198945999146
	0.8390183448791504
	0.8390116095542908
	0.8390045166015625
	0.8389910459518433
	0.8389832377433777
	0.8389795422554016
	0.8389725685119629
	0.838962972164154
	0.8389542102813721
	0.8389440774917603
	0.8389278650283813
	0.8389146327972412
	0.8389068841934204
	0.8388976454734802
	0.8388897776603699
	0.8388917446136475
	0.8388792872428894
	0.8388739228248596
	0.8388606905937195
	0.8388543725013733
	0.8388487696647644
	0.8388471603393555
	0.8388527035713196
	0.8388392329216003
	0.8388388752937317
	0.8388321399688721
	0.8388310670852661
	0.8388267755508423
	0.8388333916664124
	0.8388339877128601
	0.838821291923523
	0.8388153314590454
	0.8388002514839172
	0.8387969732284546
	0.8388018012046814
	0.8387987017631531
	0.8387918472290039
	0.8387860059738159
	0.8387619256973267
	0.8387584686279297
	0.8387393355369568
	0.8387473225593567
	0.8387397527694702
	0.8387314081192017
	0.8387203216552734
	0.8387125134468079
	0.8386982679367065
	0.8386945724487305
	0.8386915922164917
	0.8386927247047424
	0.83868408203125
	0.8386884927749634
	0.8386778235435486
	0.8386617302894592
	0.838660478591919
	0.8386572599411011
	0.8386507630348206
	0.838655948638916
	0.8386510014533997
	0.8386403322219849
	0.8386452198028564
	0.8386396169662476
	0.838636040687561
	0.8386296629905701
	0.8386218547821045
	0.8386169672012329
	0.8386134505271912
	0.8386066555976868
	0.8386049866676331
	0.8386020064353943
	0.8385940194129944
	0.8385999202728271
	0.8385869860649109
	0.8385805487632751
	0.838566243648529
	0.838559627532959
	0.8385637402534485
	0.8385658860206604
	0.8385547995567322
	0.8385456204414368
	0.8385351300239563
	0.8385315537452698
	0.8385308980941772
	0.8385305404663086
	0.838524341583252
	0.838512659072876
	0.8385025262832642
	0.838489830493927
	0.8384814262390137
	0.8384796380996704
	0.8384681940078735
	0.8384681344032288
	0.8384697437286377
	0.8384612798690796
	0.8384533524513245
	0.8384457230567932
	0.8384395241737366
	0.8384329080581665
	0.8384352922439575
	0.8384242057800293
	0.8384239673614502
	0.838423490524292
	0.838425874710083
	0.8384284377098083
	0.8384225964546204
	0.8384184837341309
	0.8384124040603638
	0.8384107947349548
	0.8383961319923401
	0.8383913636207581
	0.8383913636207581
	0.8383835554122925
	0.8383763432502747
	0.8383691906929016
	0.8383694887161255
	0.8383685350418091
	0.8383622169494629
	0.8383613228797913
	0.8383636474609375
	0.8383510708808899
	0.8383398652076721
	0.8383247256278992
	0.8383179903030396
	0.8383219242095947
	0.8383234739303589
	0.8383201956748962
	0.8383122086524963
	0.8382947444915771
	0.8382784724235535
	0.8382855653762817
	0.8382787108421326
	0.83828204870224
	0.838274359703064
	0.838267982006073
	0.838265061378479
	0.8382720351219177
	0.8382717370986938
	0.838263750076294
	0.8382634520530701
	0.8382641673088074
	0.8382585644721985
	0.8382513523101807
	0.8382440805435181
	0.8382439017295837
	0.8382553458213806
	0.8382503986358643
	0.8382577300071716
	0.8382590413093567
	0.8382592797279358
	0.8382584452629089
	0.8382520079612732
	0.8382547497749329
	0.8382593393325806
	0.838249146938324
	0.838252604007721
	0.8382513523101807
	0.8382589221000671
	0.8382617235183716
	0.8382570147514343
	0.8382585048675537
	0.8382573127746582
	0.8382513523101807
	0.8382666707038879
	0.8382669687271118
	0.8382624387741089
	0.8382682204246521
	0.8382648229598999
	0.838253378868103
	0.8382478952407837
	0.8382568359375
	0.8382499814033508
	0.8382584452629089
	0.8382530808448792
	0.8382589221000671
	0.8382571935653687
	0.8382450342178345
	0.8382455110549927
	0.838233470916748
	0.8382374048233032
	0.8382408618927002
	0.8382368087768555
	0.8382309675216675
	0.8382275104522705
	0.8382229804992676
	0.8382166624069214
	0.8382107615470886
	0.8382081985473633
	0.8382058143615723
	0.8382040858268738
	0.8382065296173096
	0.8382082581520081
	0.8382086753845215
	0.8382012248039246
	0.8381968140602112
	0.8381970524787903
	0.8382055759429932
	0.8382055163383484
	0.8382098078727722
	0.838207483291626
	0.838215172290802
	0.8382213711738586
	0.8382229804992676
	0.8382300734519958
	0.8382230401039124
	0.8382161855697632
	0.8382179141044617
	0.8382247686386108
	0.8382145166397095
	0.8382130861282349
	0.8382125496864319
	0.8382127285003662
	0.838217556476593
	0.8382085561752319
	0.8382062315940857
	0.8382114171981812
	0.8382112383842468
	0.8382142782211304
	0.8382084965705872
	0.8382075428962708
	0.838215708732605
	0.8382148146629333
	0.83821702003479
	0.8382146954536438
	0.8382130861282349
	0.838215708732605
	0.8382266759872437
	0.8382253646850586
	0.8382315635681152
	0.838240385055542
	0.8382487297058105
	0.8382554650306702
	0.8382608294487
	0.838263213634491
	0.8382517099380493
	0.8382532000541687
	0.8382539749145508
	0.8382557034492493
	0.8382583260536194
	0.8382642269134521
	0.8382622003555298
	0.8382572531700134
	0.8382562398910522
	0.8382642865180969
	0.8382654786109924
	0.8382662534713745
	0.8382613062858582
	0.8382609486579895
	0.8382595777511597
	0.8382718563079834
	0.8382691144943237
	0.8382666707038879
	0.8382691144943237
	0.8382713794708252
	0.838275134563446
	0.8382724523544312
	0.8382657170295715
	0.8382687568664551
	0.8382652401924133
	0.8382769823074341
	0.838282585144043
	0.838290274143219
	0.8382848501205444
	0.8382850885391235
	0.8382863402366638
	0.8382920622825623
	0.8382973670959473
	0.8382924199104309
	0.8382897973060608
	0.8382928967475891
	0.8382910490036011
	0.8382985591888428
	0.8383046984672546
	0.8383100032806396
	0.8382938504219055
	0.8382760882377625
	0.8382828831672668
	0.8382797241210938
	0.8382856845855713
	0.8382860422134399
	0.838295578956604
	0.8382983207702637
	0.8382992744445801
	0.8382980227470398
	0.8382829427719116
	0.8382831811904907
	0.8382819294929504
	0.838284432888031
	0.8382866978645325
	0.8383018374443054
	0.8382925987243652
	0.8383002877235413
	0.83829665184021
	0.8383002877235413
	0.8383018374443054
	0.8383055925369263
	0.8383204340934753
	0.8383246064186096
	0.8383217453956604
	0.8383328914642334
	0.8383293747901917
	0.8383288979530334
	0.8383365273475647
	0.8383328914642334
	0.8383340835571289
	0.8383324146270752
	0.8383234739303589
	0.8383374214172363
	0.8383432626724243
	0.8383468985557556
	0.8383435606956482
	0.8383404016494751
	0.8383386731147766
	0.8383445739746094
	0.8383448123931885
	0.8383507132530212
	0.838354229927063
	0.8383625149726868
	0.8383798003196716
	0.8383768200874329
	0.8383721113204956
	0.8383768796920776
	0.8383781909942627
	0.8383827209472656
	0.8383802175521851
	0.8383850455284119
	0.8383851051330566
	0.8383910655975342
	0.8383978009223938
	0.8384039402008057
	0.8384126424789429
	0.8384214639663696
	0.838425874710083
	0.8384349346160889
	0.8384330868721008
	0.8384369015693665
	0.8384448885917664
	0.8384454846382141
	0.8384404182434082
	0.8384392857551575
	0.8384363055229187
	0.8384319543838501
	0.838426411151886
	0.8384391665458679
	0.8384557366371155
	0.8384619355201721
	0.8384628891944885
	0.8384664058685303
	0.8384748101234436
	0.8384830951690674
	0.838482141494751
	0.8384903073310852
	0.8384868502616882
	0.8384902477264404
	0.8385010957717896
	0.8385039567947388
	0.8385170102119446
	0.8385162353515625
	0.8385270833969116
	0.8385361433029175
	0.8385345935821533
	0.8385404944419861
	0.838553786277771
	0.8385553359985352
	0.8385604619979858
	0.8385597467422485
	0.838560938835144
	0.8385653495788574
	0.8385663628578186
	0.8385686278343201
	0.8385736346244812
	0.8385865688323975
	0.8385933637619019
	0.8385969400405884
	0.8386083841323853
	0.8386176228523254
	0.8386239409446716
	0.8386162519454956
	0.8386171460151672
	0.8386198282241821
	0.8386104106903076
	0.8386214971542358
	0.8386233448982239
	0.8386271595954895
	0.8386262059211731
	0.8386276364326477
	0.838630199432373
	0.8386247158050537
	0.8386144042015076
	0.8386178612709045
	0.8386223316192627
	0.8386353254318237
	0.8386403918266296
	0.8386409878730774
	0.8386505842208862
	0.8386604189872742
	0.8386651873588562
	0.8386661410331726
	0.8386812806129456
	0.8386780619621277
	0.8386778235435486
	0.8386884927749634
	0.8386942744255066
	0.8386949896812439
	0.8387058973312378
	0.8387082815170288
	0.8387101888656616
	0.8387207388877869
	0.8387268781661987
	0.8387390375137329
	0.8387495279312134
	0.8387559056282043
	0.8387637138366699
	0.8387752771377563
	0.838779091835022
	0.8387895822525024
	0.8387922644615173
	0.8388025164604187
	0.8388057351112366
	0.8388127088546753
	0.8387989401817322
	0.8388108611106873
	0.8388171195983887
	0.838811457157135
	0.8388171792030334
	0.838816225528717
	0.8388208746910095
	0.8388286828994751
	0.8388418555259705
	0.8388323783874512
	0.8388339877128601
	0.8388357162475586
	0.8388465046882629
	0.8388611078262329
	0.8388624787330627
	0.838870108127594
	0.8388704657554626
	0.8388713002204895
	0.838883638381958
	0.8388806581497192
	0.8388870358467102
	0.8388893604278564
	0.8389036655426025
	0.838904619216919
	0.8389067053794861
	0.8389137387275696
	0.8389275074005127
	0.8389390110969543
	0.8389487862586975
	0.8389536142349243
	0.8389467000961304
	0.8389474749565125
	0.8389578461647034
	0.8389748930931091
	0.8389803767204285
	0.8389891982078552
	0.838996946811676
	0.8390098214149475
	0.8390166163444519
	0.8390274047851562
	0.8390420079231262
	0.8390481472015381
	0.8390471339225769
	0.8390459418296814
	0.8390514850616455
	0.8390553593635559
	0.8390681147575378
	0.8390728831291199
	0.8390807509422302
	0.839084804058075
	0.8390902876853943
	0.8390956521034241
	0.8391118049621582
	0.8391210436820984
	0.8391391634941101
	0.8391440510749817
	0.8391469717025757
	0.8391650915145874
	0.8391647934913635
	0.8391659259796143
	0.83917635679245
	0.8391929864883423
	0.8391851782798767
	0.8391862511634827
	0.8391939401626587
	0.8392001390457153
	0.8392175436019897
	0.8392211198806763
	0.8392199277877808
	0.8392195105552673
	0.8392178416252136
	0.8392287492752075
	0.8392439484596252
	0.8392602205276489
	0.8392714858055115
	0.8392782807350159
	0.8392922282218933
	0.839294970035553
	0.8393029570579529
	0.8393045663833618
	0.8393176198005676
	0.8393233418464661
	0.8393353223800659
	0.8393365144729614
	0.8393428921699524
	0.8393518924713135
	0.839354932308197
	0.8393617868423462
	0.8393666744232178
	0.8393734693527222
	0.8393852114677429
	0.8393943905830383
	0.8394023180007935
	0.839414656162262
	0.8394283056259155
	0.8394391536712646
	0.8394505977630615
	0.8394519686698914
	0.8394623398780823
	0.839484453201294
	0.839497983455658
	0.839510440826416
	0.83951735496521
	0.8395159840583801
	0.8395293354988098
	0.839535653591156
	0.8395510911941528
	0.8395538926124573
	0.8395753502845764
	0.8395700454711914
	0.8395748138427734
	0.8395869731903076
	0.8395887017250061
	0.8396019339561462
	0.8396195769309998
	0.8396183848381042
	0.8396314978599548
	0.8396452069282532
	0.8396559357643127
	0.8396695256233215
	0.8396838903427124
	0.8396978974342346
	0.8397136330604553
	0.8397361040115356
	0.8397496938705444
	0.8397740125656128
	0.8397848606109619
	0.8397837281227112
	0.8397991061210632
	0.8398125171661377
	0.8398194909095764
	0.8398257493972778
	0.8398337364196777
	0.8398497700691223
	0.8398616313934326
	0.8398647308349609
	0.8398735523223877
	0.839881420135498
	0.839886486530304
	0.8398969173431396
	0.8399178385734558
	0.8399329781532288
	0.8399510383605957
	0.8399555087089539
	0.839950680732727
	0.839957058429718
	0.8399606347084045
	0.8399737477302551
	0.8399874567985535
	0.8399871587753296
	0.8399993181228638
	0.840007483959198
	0.8400130271911621
	0.8400170803070068
	0.8400247693061829
	0.8400366306304932
	0.840045154094696
	0.8400545716285706
	0.8400692343711853
	0.8400781750679016
	0.8400905728340149
	0.8401036262512207
	0.8401026129722595
	0.8401192426681519
	0.8401308655738831
	0.8401489853858948
	0.8401593565940857
	0.8401666879653931
	0.8401687741279602
	0.8401714563369751
	0.8401680588722229
	0.8401930332183838
	0.8402084708213806
	0.8402174711227417
	0.8402376770973206
	0.8402507901191711
	0.8402502536773682
	0.8402614593505859
	0.8402746319770813
	0.8402879238128662
	0.8403066992759705
	0.8403120040893555
	0.8403245210647583
	0.8403193950653076
	0.8403329253196716
	0.8403494954109192
	0.8403612375259399
	0.8403761386871338
	0.8403801918029785
	0.8403916358947754
	0.8403987288475037
	0.8404049277305603
	0.8404127955436707
	0.8404200077056885
	0.8404202461242676
	0.8404339551925659
	0.8404496908187866
	0.8404808640480042
	0.8404891490936279
	0.840507984161377
	0.8405063152313232
	0.8405112028121948
	0.8405241966247559
	0.8405318856239319
	0.840551495552063
	0.8405741453170776
	0.8405781388282776
	0.8405829071998596
	0.8405914902687073
	0.8406000733375549
	0.8406140208244324
	0.840623140335083
	0.8406270742416382
	0.8406423330307007
	0.84065842628479
	0.8406655192375183
	0.8406731486320496
	0.8406785726547241
	0.8406851291656494
	0.8406830430030823
	0.8406900763511658
	0.8406987190246582
	0.8407014012336731
	0.8407120108604431
	0.840709388256073
	0.8407151103019714
	0.8407300114631653
	0.8407305479049683
	0.8407442569732666
	0.8407480120658875
	0.84076327085495
	0.8407791256904602
	0.8407843112945557
	0.8408029675483704
	0.8408218026161194
	0.8408387899398804
	0.840838611125946
	0.8408288955688477
	0.840842604637146
	0.8408567309379578
	0.8408756852149963
	0.8408825397491455
	0.8408904671669006
	0.8408895134925842
	0.8408882021903992
	0.8409057855606079
	0.8409139513969421
	0.8409312963485718
	0.8409467935562134
	0.840960681438446
	0.8409778475761414
	0.8409862518310547
	0.840995728969574
	0.8410001397132874
	0.8410091996192932
	0.8410165905952454
	0.8410325050354004
	0.8410490155220032
	0.8410649299621582
	0.8410897254943848
	0.8411068320274353
	0.8411229252815247
	0.8411316275596619
	0.8411387205123901
	0.8411456942558289
	0.8411552309989929
	0.8411651253700256
	0.841170608997345
	0.841178834438324
	0.841187596321106
	0.841191291809082
	0.8411976099014282
	0.8412228226661682
	0.841234028339386
	0.8412489891052246
	0.8412474989891052
	0.8412534594535828
	0.8412683010101318
	0.8412758111953735
	0.8412885069847107
	0.8413074612617493
	0.8413333296775818
	0.8413417339324951
	0.8413475155830383
	0.8413679003715515
	0.841376006603241
	0.8413928747177124
	0.8414009809494019
	0.8414061069488525
	0.8414168953895569
	0.8414264917373657
	0.8414362668991089
	0.8414469957351685
	0.8414589166641235
	0.8414807319641113
	0.8414860367774963
	0.8415031433105469
	0.8415190577507019
	0.8415303230285645
	0.8415428400039673
	0.8415557742118835
	0.8415600061416626
	0.8415676355361938
	0.8415708541870117
	0.8415899276733398
	0.8416171073913574
	0.8416249752044678
	0.8416339159011841
	0.8416561484336853
	0.8416577577590942
	0.841669499874115
	0.841668963432312
	0.8416730165481567
	0.841677188873291
	0.8416735529899597
	0.8416864275932312
	0.8416960835456848
	0.8417010307312012
	0.8417109847068787
	0.8417096138000488
	0.8417287468910217
	0.8417394161224365
	0.8417398929595947
	0.8417580723762512
	0.8417558670043945
	0.8417712450027466
	0.8417767882347107
	0.8417875170707703
	0.841796338558197
	0.8418036699295044
	0.8418168425559998
	0.8418338894844055
	0.841853141784668
	0.8418557643890381
	0.8418553471565247
	0.8418612480163574
	0.841874897480011
	0.8418806791305542
	0.8418928384780884
	0.841894805431366
	0.8418988585472107
	0.841921329498291
	0.8419341444969177
	0.8419542908668518
	0.8419633507728577
	0.8419728875160217
	0.8419776558876038
	0.8419911861419678
	0.8419936895370483
	0.8419921398162842
	0.842004656791687
	0.8420124650001526
	0.8420219421386719
	0.8420373201370239
	0.8420526385307312
	0.8420612812042236
	0.8420649766921997
	0.8420796394348145
	0.8420934081077576
	0.8421024084091187
	0.8421144485473633
	0.8421246409416199
	0.8421337008476257
	0.8421432971954346
	0.8421623110771179
	0.842182993888855
	0.8422008752822876
	0.8422179222106934
	0.8422284126281738
	0.8422341346740723
	0.8422404527664185
	0.8422461748123169
	0.8422567248344421
	0.8422741293907166
	0.8422848582267761
	0.8422967791557312
	0.842298150062561
	0.8423134088516235
	0.8423160314559937
	0.8423441052436829
	0.8423663973808289
	0.8423706293106079
	0.8423870801925659
	0.8424001336097717
	0.8424044847488403
	0.842407763004303
	0.8424271941184998
	0.8424375653266907
	0.8424580693244934
	0.8424643874168396
	0.8424894213676453
	0.8425077795982361
	0.8425092101097107
	0.842515766620636
	0.8425381183624268
	0.8425614237785339
	0.8425851464271545
	0.8425971269607544
	0.8426077365875244
	0.8426264524459839
	0.8426274061203003
	0.8426331877708435
	0.8426457643508911
	0.8426532745361328
	0.8426719307899475
	0.8426908850669861
	0.8427048921585083
	0.8427221775054932
	0.8427340388298035
	0.8427450656890869
	0.842760443687439
	0.8427683711051941
	0.8427744507789612
	0.8427878022193909
	0.8427982330322266
	0.8428131937980652
	0.8428242802619934
	0.8428330421447754
	0.8428424596786499
	0.8428592085838318
	0.8428651094436646
	0.8428881168365479
	0.8429039716720581
	0.8429135680198669
	0.8429238796234131
	0.8429230451583862
	0.842934787273407
	0.842943012714386
	0.8429589867591858
	0.8429790139198303
	0.8429922461509705
	0.843019425868988
	0.8430270552635193
	0.8430328369140625
	0.8430517315864563
	0.843065083026886
	0.8430685997009277
	0.84308922290802
	0.8431004285812378
	0.8431099653244019
	0.8431251645088196
	0.8431314826011658
	0.8431274890899658
	0.8431374430656433
	0.843156099319458
	0.8431566953659058
	0.8431652784347534
	0.8431773781776428
	0.8431879878044128
	0.8431919813156128
	0.8432098627090454
	0.8432222604751587
	0.843239426612854
	0.8432489037513733
	0.8432631492614746
	0.8432681560516357
	0.8432859182357788
	0.8433008790016174
	0.8433111310005188
	0.8433229923248291
	0.8433334231376648
	0.8433347344398499
	0.843342661857605
	0.843363344669342
	0.8433765172958374
	0.843402087688446
	0.8434099555015564
	0.8434240818023682
	0.8434366583824158
	0.8434487581253052
	0.8434596061706543
	0.8434745073318481
	0.8434873819351196
	0.843505859375
	0.8435213565826416
	0.8435394763946533
	0.8435419201850891
	0.8435618281364441
]