[
	0.6599728465080261
	0.6599005460739136
	0.6598165035247803
	0.6597394943237305
	0.6596651077270508
	0.6595819592475891
	0.6595024466514587
	0.659420371055603
	0.6593441963195801
	0.6592667698860168
	0.6591825485229492
	0.659108579158783
	0.6590390801429749
	0.6589660048484802
	0.6588881611824036
	0.6588215231895447
	0.6587433218955994
	0.6586671471595764
	0.6585992574691772
	0.6585337519645691
	0.6584610939025879
	0.6583786010742188
	0.6583197116851807
	0.6582514047622681
	0.6581761240959167
	0.6581059694290161
	0.6580392718315125
	0.6579664349555969
	0.6579049229621887
	0.6578412055969238
	0.657772421836853
	0.6577097177505493
	0.6576471924781799
	0.6575809717178345
	0.6575115919113159
	0.6574351787567139
	0.6573759913444519
	0.6573156118392944
	0.6572652459144592
	0.6572043895721436
	0.6571357250213623
	0.6570740938186646
	0.6570095419883728
	0.6569405198097229
	0.6568734049797058
	0.6568168997764587
	0.656762957572937
	0.6567034125328064
	0.656647801399231
	0.6565958261489868
	0.6565394997596741
	0.6564903855323792
	0.6564264297485352
	0.6563793420791626
	0.6563255190849304
	0.6562734246253967
	0.6562193632125854
	0.6561614871025085
	0.6561054587364197
	0.6560412049293518
	0.6559829711914062
	0.6559306383132935
	0.6558672785758972
	0.6558087468147278
	0.655757486820221
	0.6557074189186096
	0.6556624174118042
	0.6556166410446167
	0.6555718779563904
	0.6555279493331909
	0.6554815173149109
	0.6554383039474487
	0.6553959846496582
	0.6553521752357483
	0.6553130745887756
	0.6552608013153076
	0.6552194952964783
	0.6551772356033325
	0.6551393270492554
	0.655081570148468
	0.6550350189208984
	0.6550005078315735
	0.654961347579956
	0.6549215316772461
	0.6548760533332825
	0.6548382043838501
	0.6548002362251282
	0.6547563672065735
	0.6547166109085083
	0.6546851396560669
	0.6546410918235779
	0.6546018123626709
	0.6545689105987549
	0.654522716999054
	0.6544790863990784
	0.6544526219367981
	0.6544123888015747
	0.6543784141540527
	0.6543462872505188
	0.6543131470680237
	0.6542714238166809
	0.6542378067970276
	0.6541963219642639
	0.6541623473167419
	0.6541259288787842
	0.6540953516960144
	0.6540578007698059
	0.654026985168457
	0.6539993286132812
	0.6539571285247803
	0.6539205312728882
	0.6538971662521362
	0.6538661122322083
	0.6538380980491638
	0.6538101434707642
	0.6537870168685913
	0.6537593603134155
	0.6537280678749084
	0.6536954045295715
	0.6536695957183838
	0.6536396741867065
	0.6536062359809875
	0.6535831689834595
	0.6535647511482239
	0.6535444855690002
	0.653512716293335
	0.6534830331802368
	0.6534584164619446
	0.6534300446510315
	0.6534031629562378
	0.6533674597740173
	0.653355062007904
	0.653337836265564
	0.6533122062683105
	0.6532779335975647
	0.6532500982284546
	0.6532348990440369
	0.6532163023948669
	0.6531941890716553
	0.6531782746315002
	0.6531475782394409
	0.653128981590271
	0.6531077027320862
	0.6530786752700806
	0.6530616283416748
	0.6530422568321228
	0.6530311107635498
	0.6530166268348694
	0.6530030965805054
	0.6529788970947266
	0.6529558897018433
	0.6529402136802673
	0.6529225707054138
	0.6528953313827515
	0.6528860330581665
	0.6528705954551697
	0.6528440117835999
	0.6528330445289612
	0.6528079509735107
	0.6527917981147766
	0.6527711153030396
	0.6527481079101562
	0.6527233123779297
	0.652701735496521
	0.6526851058006287
	0.6526651978492737
	0.652648389339447
	0.6526197791099548
	0.6526089310646057
	0.6525939702987671
	0.6525749564170837
	0.6525610089302063
	0.6525475978851318
	0.6525352001190186
	0.6525255441665649
	0.6525130271911621
	0.652486264705658
	0.6524782180786133
	0.652468740940094
	0.6524614095687866
	0.6524550914764404
	0.6524432301521301
	0.6524215936660767
	0.6524110436439514
	0.6524004340171814
	0.652387797832489
	0.6523676514625549
	0.6523644328117371
	0.6523463726043701
	0.6523305773735046
	0.6523212194442749
	0.6523058414459229
	0.6523040533065796
	0.6522961854934692
	0.6522839665412903
	0.652270495891571
	0.6522564888000488
	0.6522473096847534
	0.6522404551506042
	0.6522289514541626
	0.6522228121757507
	0.6522097587585449
	0.6521912217140198
	0.652182936668396
	0.6521767377853394
	0.6521680951118469
	0.6521623730659485
	0.6521487832069397
	0.6521399617195129
	0.6521322131156921
	0.6521323323249817
	0.6521251797676086
	0.6521140336990356
	0.6520994305610657
	0.6520905494689941
	0.652093231678009
	0.6520942449569702
	0.6520862579345703
	0.6520742177963257
	0.652071475982666
	0.6520665884017944
	0.6520712971687317
	0.6520645022392273
	0.6520594358444214
	0.6520471572875977
	0.6520471572875977
	0.6520435214042664
	0.6520363092422485
	0.6520323753356934
	0.652026355266571
	0.6520190834999084
	0.6520118117332458
	0.6520140171051025
	0.6520215272903442
	0.652016818523407
	0.6520219445228577
	0.6520221829414368
	0.6520245671272278
	0.6520219445228577
	0.6520247459411621
	0.6520287394523621
	0.6520293951034546
	0.6520187258720398
	0.65201735496521
	0.6520156264305115
	0.6520131826400757
	0.6520178914070129
	0.6520246267318726
	0.6520248651504517
	0.6520264148712158
	0.6520189642906189
	0.6520172357559204
	0.6520174145698547
	0.6520196199417114
	0.652026355266571
	0.6520265936851501
	0.6520277261734009
	0.652026891708374
	0.6520382165908813
	0.6520338654518127
	0.652046799659729
	0.652051568031311
	0.6520537734031677
	0.6520484089851379
	0.6520443558692932
	0.6520484685897827
	0.6520575284957886
	0.6520707011222839
	0.6520809531211853
	0.652090847492218
	0.6520938873291016
	0.6520981192588806
	0.6520993709564209
	0.6521120071411133
	0.6521137952804565
	0.6521161198616028
	0.6521275639533997
	0.6521413922309875
	0.652147650718689
	0.6521505117416382
	0.6521598100662231
	0.652177095413208
	0.6521823406219482
	0.652199387550354
	0.652210533618927
	0.652214527130127
	0.6522302031517029
	0.6522377729415894
	0.6522483825683594
	0.6522492170333862
	0.6522486805915833
	0.6522490382194519
	0.6522614359855652
	0.6522601842880249
	0.652263343334198
	0.6522775888442993
	0.6522929072380066
	0.6523063778877258
	0.6523137092590332
	0.6523183584213257
	0.6523301005363464
	0.6523342728614807
	0.652345597743988
	0.6523565649986267
	0.6523630023002625
	0.6523707509040833
	0.6523827910423279
	0.652397632598877
	0.6524114608764648
	0.6524231433868408
	0.652439534664154
	0.6524447202682495
	0.6524494290351868
	0.6524583697319031
	0.6524683237075806
	0.6524851322174072
	0.6524907946586609
	0.6525002717971802
	0.6525053381919861
	0.6525148749351501
	0.6525252461433411
	0.6525352597236633
	0.6525474190711975
	0.6525668501853943
	0.652579128742218
	0.6525975465774536
	0.6526104807853699
	0.6526240706443787
	0.6526331305503845
	0.6526485085487366
	0.6526585221290588
	0.6526748538017273
	0.6526835560798645
	0.6526970863342285
	0.6527153849601746
	0.6527306437492371
	0.6527518033981323
	0.652766764163971
	0.6527741551399231
	0.6527940034866333
	0.6528114080429077
	0.6528236865997314
	0.6528310179710388
	0.6528378129005432
	0.6528509259223938
	0.6528666615486145
	0.6528828144073486
	0.6529015302658081
	0.6529287099838257
	0.6529417634010315
	0.6529615521430969
	0.6529747247695923
	0.6529878973960876
	0.6530117392539978
	0.6530175805091858
	0.6530352234840393
	0.6530565619468689
	0.6530746817588806
	0.653088390827179
	0.6531072854995728
	0.6531208753585815
	0.6531370282173157
	0.653158962726593
	0.6531739830970764
	0.6531894207000732
	0.65321284532547
	0.6532286405563354
	0.6532501578330994
	0.6532729268074036
	0.6532940864562988
	0.6533151268959045
	0.6533443331718445
	0.6533656120300293
	0.653386116027832
	0.6533904671669006
	0.6534106731414795
	0.6534296274185181
	0.6534410715103149
	0.653453528881073
	0.6534807682037354
	0.6535014510154724
	0.6535194516181946
	0.6535359025001526
	0.6535593271255493
	0.6535786986351013
	0.653601884841919
	0.6536139249801636
	0.6536394953727722
	0.6536546945571899
	0.6536779403686523
	0.6536958813667297
	0.6537134051322937
	0.6537275314331055
	0.6537401080131531
	0.6537632942199707
	0.6537743210792542
	0.6537964344024658
	0.6538087725639343
	0.6538272500038147
	0.6538552045822144
	0.6538779139518738
	0.6539047360420227
	0.6539368033409119
	0.6539543271064758
	0.6539689898490906
	0.6539820432662964
	0.6539976596832275
	0.6540237665176392
	0.654042661190033
	0.6540550589561462
	0.6540760397911072
	0.6540926694869995
	0.6541079878807068
	0.6541303396224976
	0.6541443467140198
	0.6541579961776733
	0.6541794538497925
	0.6541985869407654
	0.6542155742645264
	0.6542381048202515
	0.6542456746101379
	0.6542656421661377
	0.6542844176292419
	0.654298722743988
	0.654322624206543
	0.6543548703193665
	0.6543745994567871
	0.6543968319892883
	0.6544135808944702
	0.654438316822052
	0.6544519066810608
	0.6544769406318665
	0.6544886827468872
	0.6545066237449646
	0.6545318365097046
	0.6545608639717102
	0.654585599899292
	0.6546003222465515
	0.6546220183372498
	0.6546482443809509
	0.6546674370765686
	0.6546918749809265
	0.6547211408615112
	0.6547388434410095
	0.6547597050666809
	0.6547747850418091
	0.6547958254814148
	0.6548184752464294
	0.6548373103141785
	0.6548546552658081
	0.6548805236816406
	0.6549007892608643
	0.6549245119094849
	0.6549504399299622
	0.6549733281135559
	0.6549957394599915
	0.6550208330154419
	0.6550447940826416
	0.6550601124763489
	0.655073344707489
	0.6550973653793335
	0.6551188230514526
	0.6551361680030823
	0.6551587581634521
	0.6551826000213623
	0.6552080512046814
	0.6552333831787109
	0.6552523970603943
	0.655278205871582
	0.6553054451942444
	0.6553311944007874
	0.6553496718406677
	0.6553872227668762
	0.6554023623466492
	0.6554312109947205
	0.6554569602012634
	0.6554901599884033
	0.6555173993110657
	0.6555446982383728
	0.655567467212677
	0.6555958390235901
	0.6556277275085449
	0.6556572914123535
	0.6556872725486755
	0.6557102799415588
	0.6557403206825256
	0.6557589173316956
	0.6557745933532715
	0.6558080911636353
	0.6558411121368408
	0.655862033367157
	0.6558815836906433
	0.6559031009674072
	0.6559330224990845
	0.6559537649154663
	0.6559802889823914
	0.6559956073760986
	0.6560298204421997
	0.6560530662536621
	0.6560716032981873
	0.6561064124107361
	0.6561233997344971
	0.6561548709869385
	0.6561856865882874
	0.6562123894691467
	0.6562396883964539
	0.656272292137146
	0.6563015580177307
	0.6563315987586975
	0.6563648581504822
	0.656390905380249
	0.6564150452613831
	0.6564289331436157
	0.6564551591873169
	0.656482458114624
	0.656515896320343
	0.6565324068069458
	0.6565467715263367
	0.656575083732605
	0.6565886735916138
	0.6566175222396851
	0.6566445231437683
	0.6566663384437561
	0.6566977500915527
	0.6567099094390869
	0.6567368507385254
	0.656758189201355
	0.6567863821983337
	0.6568119525909424
	0.6568373441696167
	0.6568676233291626
	0.6568931937217712
	0.6569287776947021
	0.6569570899009705
	0.6569722890853882
	0.657005786895752
	0.6570407152175903
	0.657068133354187
	0.6570952534675598
	0.6571131348609924
	0.657132625579834
	0.657153844833374
	0.6571804881095886
	0.6572160720825195
	0.6572473049163818
	0.6572785377502441
	0.6573002934455872
	0.6573102474212646
	0.6573342680931091
	0.657364010810852
	0.6573973894119263
	0.6574227213859558
	0.65745609998703
	0.6574796438217163
	0.6575034856796265
	0.6575299501419067
	0.6575638651847839
	0.6575949192047119
	0.6576193571090698
	0.6576506495475769
	0.6576654314994812
	0.6576839089393616
	0.6577210426330566
	0.6577473878860474
	0.6577737927436829
	0.6577892303466797
	0.657820999622345
	0.6578510403633118
	0.6578863263130188
	0.6579132080078125
	0.6579474806785583
	0.6579806804656982
	0.658022403717041
	0.6580566763877869
	0.6580770015716553
	0.6581277251243591
	0.6581382751464844
	0.6581678986549377
	0.6582004427909851
	0.6582343578338623
	0.6582555770874023
	0.6582981944084167
	0.6583409309387207
	0.6583765149116516
	0.658394455909729
	0.6584184765815735
	0.6584388017654419
	0.6584712862968445
	0.6585068106651306
	0.658535897731781
	0.6585719585418701
	0.6585957407951355
	0.658626139163971
	0.6586500406265259
	0.6586779952049255
	0.6587119698524475
	0.6587384343147278
	0.6587743163108826
	0.6588040590286255
	0.6588327288627625
	0.6588540077209473
	0.6588938236236572
	0.6589267253875732
	0.6589505672454834
	0.658974826335907
	0.6589991450309753
	0.6590409278869629
	0.659069299697876
	0.6590816974639893
	0.6591137647628784
	0.6591397523880005
	0.6591700911521912
	0.6592004895210266
	0.6592190265655518
	0.6592417359352112
	0.6592704057693481
	0.6592912077903748
	0.6593239307403564
	0.6593486070632935
	0.6593762040138245
	0.6593937873840332
	0.6594062447547913
	0.6594382524490356
	0.6594569087028503
	0.6594780087471008
	0.6595069766044617
	0.6595251560211182
	0.6595491170883179
	0.6595668196678162
	0.6595935225486755
	0.6596210598945618
	0.6596450805664062
	0.6596760749816895
	0.6597017645835876
	0.6597286462783813
	0.6597627997398376
	0.6597895622253418
	0.6598101854324341
	0.6598292589187622
	0.6598519086837769
	0.6598787903785706
	0.6599062085151672
	0.6599276661872864
	0.659940779209137
	0.6599698066711426
	0.6600025296211243
	0.6600421667098999
	0.6600749492645264
	0.6601060032844543
	0.6601278185844421
	0.6601542830467224
	0.6601780652999878
	0.6602043509483337
	0.6602240204811096
	0.6602504253387451
	0.6602736711502075
	0.6602960824966431
	0.6603264808654785
	0.6603586077690125
	0.660390317440033
	0.6604158282279968
	0.6604517698287964
	0.6604885458946228
	0.6605072021484375
	0.660545825958252
	0.6605710983276367
	0.6605981588363647
	0.6606299877166748
	0.6606533527374268
	0.660675048828125
	0.6607154011726379
	0.6607393026351929
	0.6607770919799805
	0.660807728767395
	0.6608309149742126
	0.6608573794364929
	0.6608739495277405
	0.6609025001525879
	0.6609364151954651
	0.6609635353088379
	0.6609912514686584
	0.6610153317451477
	0.6610548496246338
	0.6610779762268066
	0.6611154079437256
	0.6611459851264954
	0.6611793041229248
	0.6612146496772766
	0.6612493395805359
	0.6612744331359863
	0.6613022685050964
	0.6613373160362244
	0.6613684296607971
	0.6613921523094177
	0.6614354848861694
	0.6614623069763184
	0.661489725112915
	0.6615086793899536
	0.6615357995033264
	0.6615527868270874
	0.661574125289917
	0.6616029143333435
	0.6616438627243042
	0.6616719961166382
	0.661683201789856
	0.6617153882980347
	0.6617430448532104
	0.6617667078971863
	0.6618059873580933
	0.6618319749832153
	0.6618613600730896
	0.6618879437446594
	0.6619309186935425
	0.6619511246681213
	0.6619746088981628
	0.6620035171508789
	0.6620393991470337
	0.6620633006095886
	0.6620972752571106
	0.6621209383010864
	0.6621516942977905
	0.6621763706207275
	0.6622114181518555
	0.6622481942176819
	0.6622841358184814
	0.6623054146766663
	0.6623284816741943
	0.6623514890670776
	0.6623675227165222
	0.6623997688293457
	0.6624158620834351
	0.6624333262443542
	0.6624641418457031
	0.6624827980995178
	0.6625099182128906
	0.6625424027442932
	0.6625645160675049
	0.662595272064209
	0.6626242995262146
	0.6626525521278381
	0.6626803278923035
	0.6626989841461182
	0.6627286672592163
	0.662773609161377
	0.6628051996231079
	0.6628211140632629
	0.662851095199585
	0.6628785729408264
	0.6629080772399902
	0.6629337072372437
	0.6629648804664612
	0.6630015969276428
	0.6630281209945679
	0.6630722284317017
	0.6631133556365967
	0.6631377339363098
	0.663169801235199
	0.6631888747215271
	0.6632170081138611
	0.6632302403450012
	0.6632617115974426
	0.6632938385009766
	0.6633241772651672
	0.6633681058883667
	0.6633853912353516
	0.6634067296981812
	0.6634426116943359
	0.663469135761261
	0.6635028719902039
	0.66353440284729
	0.6635540127754211
	0.6635795831680298
	0.6636056900024414
	0.6636332273483276
	0.663675844669342
	0.663703203201294
	0.6637049317359924
	0.6637201905250549
	0.6637424230575562
	0.6637784242630005
	0.6638142466545105
	0.6638445854187012
	0.6638652682304382
	0.6638794541358948
	0.6639172434806824
	0.6639542579650879
	0.6639835238456726
	0.6640000939369202
	0.6640363931655884
	0.6640565991401672
	0.6640795469284058
	0.6640996336936951
	0.6641150116920471
	0.6641503572463989
	0.6641702055931091
	0.6642047762870789
	0.6642261147499084
	0.664243757724762
	0.6642695069313049
	0.6642978191375732
	0.664329469203949
	0.6643611192703247
	0.6643860340118408
	0.6644085645675659
	0.6644300818443298
	0.6644450426101685
	0.6644759178161621
	0.6645002365112305
	0.6645259261131287
	0.6645668148994446
	0.6645939350128174
	0.6646199226379395
	0.6646384596824646
	0.6646461486816406
	0.664691150188446
	0.6647156476974487
	0.6647496819496155
	0.6647856831550598
	0.6648066639900208
	0.6648212671279907
	0.6648449897766113
	0.6648709177970886
	0.6648975610733032
	0.6649340391159058
	0.664960503578186
	0.6650020480155945
	0.6650391221046448
	0.6650654673576355
	0.665095329284668
	0.6651245355606079
	0.6651382446289062
	0.6651488542556763
	0.6651855707168579
	0.6652047038078308
	0.6652304530143738
	0.6652500629425049
	0.6652796864509583
	0.6653054356575012
	0.6653382778167725
	0.6653652787208557
	0.6653913855552673
	0.6654216647148132
	0.6654431819915771
	0.6654794812202454
	0.665516197681427
	0.6655418276786804
	0.6655536890029907
	0.6655771732330322
	0.6655998826026917
	0.665621817111969
	0.665642499923706
	0.6656745672225952
	0.6656897068023682
	0.6657220125198364
	0.6657414436340332
	0.6657615303993225
	0.6657835841178894
	0.6658185720443726
	0.6658392548561096
	0.6658627390861511
	0.6658849120140076
	0.6659015417098999
	0.6659324765205383
	0.6659499406814575
	0.6659839153289795
	0.6659989356994629
	0.6660242080688477
	0.6660553812980652
	0.6660840511322021
	0.6661075353622437
	0.6661297082901001
	0.6661506295204163
	0.6661706566810608
	0.6661940217018127
	0.666211724281311
	0.6662321090698242
	0.6662434339523315
	0.6662604808807373
	0.6662596464157104
	0.666283905506134
	0.6663165092468262
	0.6663388013839722
	0.666366696357727
	0.6663823127746582
	0.6664019823074341
	0.6664358973503113
	0.6664741039276123
	0.6664890050888062
	0.6665233373641968
	0.6665328741073608
	0.6665639877319336
	0.666594922542572
	0.6666024327278137
	0.6666300892829895
	0.6666477918624878
	0.6666626930236816
	0.6666842103004456
	0.6666992902755737
	0.6667299866676331
	0.666756272315979
	0.6667734980583191
	0.6667889356613159
	0.6668060421943665
	0.6668217778205872
	0.6668470501899719
	0.6668774485588074
	0.666893720626831
	0.6669297218322754
	0.6669580340385437
	0.6669714450836182
	0.6669939756393433
	0.6670186519622803
	0.6670357584953308
	0.667059600353241
	0.6670814752578735
	0.667102575302124
	0.6671193838119507
	0.6671474575996399
	0.667177677154541
	0.6672001481056213
	0.6672207117080688
	0.6672497987747192
	0.6672824621200562
	0.6673157215118408
	0.6673438549041748
	0.6673628091812134
	0.6673790216445923
	0.6674036383628845
	0.6674211621284485
	0.6674515604972839
	0.6674672961235046
	0.6674970984458923
	0.6675089597702026
	0.6675401329994202
	0.6675666570663452
	0.6675829291343689
	0.6676117181777954
	0.6676328778266907
	0.6676499247550964
	0.6676669716835022
	0.6677005887031555
	0.667730987071991
	0.6677471399307251
	0.6677829027175903
	0.6677927374839783
	0.667811393737793
	0.6678457260131836
	0.6678673028945923
	0.6678897738456726
	0.6679139137268066
	0.667936384677887
	0.6679492592811584
	0.667974054813385
	0.6680018305778503
	0.6680157780647278
	0.6680465936660767
	0.6680715084075928
	0.6680938601493835
	0.6681138873100281
	0.6681323647499084
	0.6681545972824097
	0.6681716442108154
	0.6681947112083435
	0.668222188949585
	0.6682291626930237
	0.6682351231575012
	0.6682661175727844
	0.668290376663208
	0.6683084964752197
	0.6683347821235657
	0.6683634519577026
	0.6683728694915771
	0.6683756113052368
	0.6684131026268005
	0.668434739112854
	0.6684536337852478
	0.6684632897377014
	0.6684898734092712
	0.668510377407074
	0.6685228943824768
	0.6685441732406616
	0.668559193611145
	0.6685765981674194
	0.6685805916786194
	0.6686099171638489
	0.6686254739761353
	0.6686434745788574
	0.6686511039733887
	0.668668806552887
	0.6686952114105225
	0.6687070727348328
	0.668715238571167
	0.6687535643577576
	0.6687782406806946
	0.668788492679596
	0.6688079237937927
	0.6688292622566223
	0.6688351035118103
	0.6688376665115356
	0.6688500642776489
	0.6688733100891113
	0.6688892245292664
	0.6689050793647766
	0.6689201593399048
	0.6689448952674866
	0.6689730882644653
	0.6689767241477966
	0.6690027117729187
	0.6690154671669006
	0.6690273284912109
	0.6690526008605957
	0.6690642237663269
	0.6690863370895386
	0.6691015362739563
	0.6691174507141113
	0.6691399216651917
	0.6691707968711853
	0.6691877841949463
	0.6692032217979431
	0.6692132949829102
	0.6692257523536682
	0.6692444682121277
	0.6692584753036499
	0.6692814230918884
	0.6693106889724731
	0.6693400740623474
	0.6693565249443054
	0.6693830490112305
	0.6694089770317078
	0.6694363951683044
	0.6694501042366028
	0.6694702506065369
	0.6694974899291992
	0.6695196032524109
	0.6695523262023926
	0.6695775985717773
	0.6695831418037415
	0.6695871353149414
	0.6696021556854248
	0.6696285605430603
	0.6696555018424988
	0.6696815490722656
	0.6696909666061401
	0.6697235703468323
	0.6697343587875366
	0.669754147529602
	0.6697810292243958
	0.6698002219200134
	0.6698317527770996
	0.6698475480079651
	0.6698641777038574
	0.6698800325393677
	0.669891893863678
	0.6699023246765137
	0.6699179410934448
	0.6699347496032715
	0.6699522137641907
	0.6699715256690979
	0.669994592666626
	0.6700093746185303
	0.6700389385223389
	0.6700504422187805
	0.6700810790061951
	0.6700939536094666
	0.670108437538147
	0.6701267957687378
	0.6701560616493225
	0.670166552066803
	0.6701755523681641
	0.6701861619949341
	0.6702009439468384
	0.6702138781547546
	0.6702339053153992
	0.6702360510826111
	0.6702548265457153
	0.6702806949615479
	0.670293390750885
	0.6703166365623474
	0.6703450679779053
	0.6703653335571289
	0.6703857779502869
	0.6704092621803284
	0.6704167127609253
	0.6704280376434326
	0.6704450249671936
	0.6704521179199219
	0.6704644560813904
	0.6704733371734619
	0.6704949140548706
	0.6705078482627869
	0.6705312132835388
	0.6705590486526489
	0.6705597639083862
	0.6705800294876099
	0.6705920696258545
	0.6705973148345947
	0.6706109046936035
	0.6706349849700928
	0.6706528663635254
	0.6706865429878235
	0.6707130670547485
	0.6707367300987244
	0.6707587242126465
	0.6707754135131836
	0.6707941293716431
	0.6708067655563354
	0.6708134412765503
	0.6708325743675232
	0.6708530783653259
	0.6708824038505554
	0.670892596244812
	0.670900821685791
	0.670920729637146
	0.6709369421005249
	0.670966625213623
	0.6709889769554138
	0.6710048317909241
	0.6710329055786133
	0.6710317134857178
	0.6710492372512817
	0.6710707545280457
	0.6710798740386963
	0.6711103916168213
	0.6711307764053345
	0.6711300015449524
	0.671148955821991
	0.6711711883544922
	0.6711872220039368
	0.6711968779563904
	0.6712068915367126
	0.6712208986282349
	0.6712535619735718
	0.6712759733200073
	0.6712948679924011
	0.6713052988052368
	0.6713080406188965
	0.6713111996650696
	0.6713176965713501
	0.6713337302207947
	0.6713510155677795
	0.6713635921478271
	0.6713931560516357
	0.6713956594467163
	0.6714091300964355
	0.6714411973953247
	0.6714523434638977
	0.671453058719635
	0.6714621186256409
	0.6714794635772705
	0.6714833974838257
	0.6715020537376404
	0.6715130805969238
	0.6715258955955505
	0.6715351343154907
	0.6715523600578308
	0.6715649366378784
	0.6715741157531738
	0.6716081500053406
	0.6716140508651733
	0.6716228127479553
	0.6716321110725403
	0.6716381311416626
	0.671639621257782
	0.6716342568397522
	0.6716402173042297
	0.6716634631156921
	0.6716724038124084
	0.6716828942298889
	0.6716926693916321
	0.671707034111023
	0.671725332736969
	0.6717550158500671
	0.6717608571052551
	0.6717703342437744
	0.6717803478240967
	0.6717860102653503
	0.6717932224273682
	0.6718189120292664
	0.6718264818191528
	0.6718485355377197
	0.6718754172325134
	0.6718978881835938
	0.6719200611114502
	0.6719480752944946
	0.6719682216644287
	0.6719673275947571
	0.671980619430542
	0.6720131635665894
	0.6720252633094788
	0.6720399856567383
	0.6720525026321411
	0.672088086605072
	0.6721006631851196
	0.6721063852310181
	0.672110378742218
	0.6721379160881042
	0.6721343994140625
	0.6721522808074951
	0.6721644997596741
	0.6721544861793518
	0.6721793413162231
	0.6721875071525574
	0.6722007393836975
	0.6722038388252258
	0.6722107529640198
	0.6722080111503601
	0.6722328066825867
	0.6722471714019775
	0.672257661819458
	0.6722861528396606
	0.6722931861877441
	0.6722967624664307
	0.6723072528839111
	0.6723119616508484
	0.6723130345344543
	0.6723184585571289
	0.6723473072052002
	0.6723549365997314
	0.6723800897598267
	0.6723889708518982
	0.6724227070808411
	0.6724428534507751
	0.672464907169342
	0.6724734306335449
	0.6724960207939148
	0.6725191473960876
	0.6725363731384277
	0.6725579500198364
	0.6725801229476929
	0.6725841760635376
	0.6725974082946777
	0.6726118922233582
	0.6726310849189758
	0.6726435422897339
	0.6726398468017578
	0.672635555267334
	0.6726453900337219
	0.6726557016372681
	0.6726827621459961
	0.6727012991905212
	0.6727219223976135
	0.6727308630943298
	0.6727381348609924
	0.6727610230445862
	0.6727746725082397
	0.6727860569953918
	0.672808825969696
	0.6728264689445496
	0.6728476881980896
	0.6728538870811462
	0.6728696823120117
	0.6728708148002625
	0.6728881597518921
	0.6728745698928833
	0.6728987097740173
	0.6729099154472351
	0.6729272603988647
	0.6729438900947571
	0.6729414463043213
	0.6729559302330017
	0.6729837656021118
	0.6729956269264221
	0.6730086207389832
	0.673014223575592
	0.6730194091796875
	0.6730299592018127
	0.6730514764785767
	0.6730666160583496
	0.6730823516845703
	0.6731010675430298
	0.6731086373329163
	0.6731262803077698
	0.6731364130973816
	0.6731438636779785
	0.6731580495834351
	0.6731624603271484
	0.6731892228126526
	0.6732199788093567
	0.6732406616210938
	0.6732547879219055
	0.6732764840126038
	0.6732863187789917
	0.6732867360115051
	0.6732951402664185
	0.6732959151268005
	0.6732900142669678
	0.6733039021492004
	0.6733242273330688
	0.673348069190979
	0.6733612418174744
	0.6733668446540833
	0.673391580581665
	0.6734046936035156
	0.6734186410903931
	0.6734238862991333
	0.6734517216682434
	0.6734458804130554
	0.6734516024589539
	0.6734617948532104
	0.6734707951545715
	0.6734870076179504
	0.6735014915466309
	0.6735164523124695
	0.6735349297523499
	0.6735413074493408
	0.6735662221908569
	0.6735803484916687
	0.6735916137695312
	0.6736066341400146
	0.673627495765686
	0.673638105392456
	0.6736627221107483
	0.6736734509468079
	0.6736832857131958
	0.6736896634101868
	0.6737101674079895
	0.6737295389175415
	0.6737455129623413
	0.6737619638442993
	0.6737689971923828
	0.6737824082374573
	0.6737983822822571
	0.673810601234436
	0.6738187670707703
	0.6738313436508179
	0.6738342642784119
	0.6738524436950684
	0.6738661527633667
	0.6738629937171936
	0.673877477645874
	0.6738829016685486
	0.6738806366920471
	0.6738985776901245
	0.6738943457603455
	0.6739082932472229
	0.6739203333854675
	0.6739442348480225
	0.6739581227302551
	0.6739885807037354
	0.6740076541900635
	0.6740314960479736
	0.6740379929542542
	0.6740446090698242
	0.674065113067627
	0.6740707159042358
	0.6740913987159729
	0.6741105318069458
	0.6741157174110413
	0.674135148525238
	0.6741495132446289
	0.6741620898246765
	0.6741660833358765
	0.674170970916748
	0.6741855144500732
	0.674202561378479
	0.6742247939109802
	0.6742308139801025
	0.6742321252822876
	0.6742477416992188
	0.6742678880691528
	0.6742756962776184
	0.6742965579032898
	0.6743057370185852
	0.6743236780166626
	0.6743487119674683
	0.6743612885475159
	0.6743803024291992
	0.6743877530097961
	0.6744042038917542
	0.6744162440299988
	0.6744225025177002
	0.6744366884231567
	0.674453616142273
	0.6744663715362549
	0.6744678020477295
	0.674475908279419
	0.6744911074638367
	0.6745046377182007
	0.6745301485061646
	0.6745259761810303
	0.6745299100875854
	0.6745392680168152
	0.6745590567588806
	0.6745671033859253
	0.6745759844779968
	0.6745820641517639
	0.6746028065681458
	0.6746070981025696
	0.6746276021003723
	0.6746275424957275
	0.6746466755867004
	0.6746660470962524
	0.6746683120727539
	0.6746730208396912
	0.6746825575828552
	0.6746847629547119
	0.6746974587440491
	0.6747112274169922
	0.6747274398803711
	0.674754798412323
	0.6747660636901855
	0.6747782826423645
	0.6747928261756897
	0.6748074889183044
	0.6748144626617432
	0.6748031377792358
	0.6748226881027222
	0.6748308539390564
	0.6748374700546265
	0.6748436093330383
	0.674866795539856
	0.6748787760734558
	0.6749027371406555
	0.6749058961868286
	0.6749154329299927
	0.674920380115509
	0.6749390959739685
	0.6749452948570251
	0.6749541163444519
	0.6749587655067444
	0.6749756336212158
	0.6749715805053711
	0.6749759316444397
	0.6749870181083679
	0.674992561340332
	0.6750150322914124
	0.6750109195709229
	0.6750131845474243
	0.6750121712684631
	0.6750164031982422
	0.6750210523605347
	0.6750372052192688
	0.6750436425209045
	0.6750550270080566
	0.6750630736351013
	0.6750729084014893
	0.6750708222389221
	0.6750851273536682
	0.6750904321670532
	0.6750898361206055
	0.6751002073287964
	0.6751301884651184
	0.675146222114563
	0.6751434206962585
	0.6751567721366882
	0.6751871109008789
	0.675193727016449
	0.6752130389213562
	0.67522132396698
	0.6752387881278992
	0.6752582788467407
	0.6752568483352661
	0.6752719283103943
	0.675266444683075
	0.6752833127975464
	0.6752886176109314
	0.6753072142601013
	0.6753060817718506
	0.6753210425376892
	0.6753441691398621
	0.6753509044647217
	0.6753562688827515
	0.6753560900688171
	0.6753697395324707
	0.6753779649734497
	0.6753924489021301
	0.6754106283187866
	0.6754305362701416
	0.6754365563392639
	0.6754462718963623
	0.6754624843597412
	0.6754715442657471
	0.6754801869392395
	0.6754755973815918
	0.6754933595657349
	0.6755123734474182
	0.6755385398864746
	0.6755520701408386
	0.6755572557449341
	0.6755771040916443
	0.6755935549736023
	0.6756030917167664
	0.6756106019020081
	0.6756052374839783
	0.6756223440170288
	0.6756368279457092
	0.6756576299667358
	0.6756773591041565
	0.6756971478462219
	0.6757010817527771
	0.675693154335022
	0.675706148147583
	0.6757123470306396
	0.6757261157035828
	0.6757229566574097
	0.6757324934005737
	0.6757298707962036
	0.6757429838180542
	0.675753653049469
	0.6757497191429138
	0.6757700443267822
	0.6757798790931702
	0.6758004426956177
	0.6758151650428772
	0.6758327484130859
	0.6758355498313904
	0.6758542656898499
	0.6758590340614319
	0.6758648157119751
	0.6758739352226257
	0.6758826375007629
	0.6758942604064941
	0.6758880019187927
	0.6758919358253479
	0.6758996248245239
	0.6759011745452881
	0.6758960485458374
	0.6759045720100403
	0.6759064793586731
	0.6758977770805359
	0.675905168056488
	0.675905168056488
	0.6759097576141357
	0.675911009311676
	0.6759200692176819
	0.6759210228919983
	0.675930917263031
	0.6759334802627563
	0.6759465336799622
	0.6759544014930725
	0.6759657859802246
	0.6759650707244873
	0.6759631037712097
	0.6759679913520813
	0.6759702563285828
	0.6759985685348511
	0.6760124564170837
	0.6760162115097046
	0.6760238409042358
	0.6760219931602478
	0.676040768623352
	0.6760411858558655
	0.676044225692749
	0.6760542988777161
	0.6760544776916504
	0.6760455965995789
	0.676054835319519
	0.676059901714325
	0.6760662198066711
	0.6760755777359009
	0.6760728359222412
	0.6760798692703247
	0.6761019229888916
	0.676108717918396
	0.6761088371276855
	0.6761296391487122
	0.6761457920074463
	0.6761410236358643
	0.6761442422866821
	0.6761505603790283
	0.6761621832847595
	0.6761786937713623
	0.6761879920959473
	0.6761990785598755
	0.6762257218360901
	0.6762366890907288
	0.6762421131134033
	0.6762604713439941
	0.6762418150901794
	0.6762489080429077
	0.6762454509735107
	0.6762399077415466
	0.6762574911117554
	0.6762562394142151
	0.676257312297821
	0.6762588620185852
	0.6762771606445312
	0.6762726902961731
	0.6762896180152893
	0.6762925982475281
	0.6762858033180237
	0.6763063073158264
	0.6763083338737488
	0.6763175129890442
	0.6763207912445068
	0.6763259768486023
	0.6763297915458679
	0.6763366460800171
	0.6763313412666321
	0.6763399839401245
	0.6763651371002197
	0.6763725876808167
	0.676366925239563
	0.6763723492622375
	0.6763773560523987
	0.6763900518417358
	0.6763865351676941
	0.6763927936553955
	0.6763975024223328
	0.6764211654663086
	0.6764369010925293
	0.6764503121376038
	0.6764765977859497
	0.6764912009239197
	0.6765086650848389
	0.6765052676200867
	0.6765210032463074
	0.6765193939208984
	0.6765374541282654
	0.6765311360359192
	0.6765315532684326
	0.6765397787094116
	0.6765433549880981
	0.6765497922897339
	0.6765634417533875
	0.6765815615653992
	0.6765846014022827
	0.6765889525413513
	0.67659592628479
	0.6766009330749512
	0.6766157150268555
	0.6766354441642761
	0.676644504070282
	0.6766576170921326
	0.676658034324646
	0.676675021648407
	0.6766733527183533
	0.6766911745071411
	0.6767076849937439
	0.6767218708992004
	0.6767321228981018
	0.6767318248748779
	0.6767511963844299
	0.6767601370811462
	0.6767865419387817
	0.6767880916595459
	0.6767982244491577
	0.6768010854721069
	0.6767933368682861
	0.6767980456352234
	0.6768054366111755
	0.6768201589584351
	0.6768021583557129
	0.6767937541007996
	0.6767962574958801
	0.6768029928207397
	0.6767998933792114
	0.676801323890686
	0.6768040657043457
	0.676811158657074
	0.6768198609352112
	0.6768335700035095
	0.6768473982810974
	0.6768620610237122
	0.6768710613250732
	0.6768819689750671
	0.6768927574157715
	0.6769071221351624
	0.6769112944602966
	0.6769132018089294
	0.6769172549247742
	0.6769336462020874
	0.6769371032714844
	0.6769484877586365
	0.6769576668739319
	0.6769672632217407
	0.6769589185714722
	0.6769592761993408
	0.6769788861274719
	0.6769917607307434
	0.6770055294036865
	0.6770176291465759
	0.6770274639129639
	0.6770251393318176
	0.6770254373550415
	0.6770430207252502
	0.6770549416542053
	0.6770746111869812
	0.6770815849304199
	0.6770876049995422
	0.6770933270454407
	0.6771007180213928
	0.6770954728126526
	0.6771038770675659
	0.6771010756492615
	0.6771075129508972
	0.6771219372749329
	0.6771299839019775
	0.6771416664123535
	0.6771550178527832
	0.6771638989448547
	0.6771624088287354
	0.6771740317344666
	0.6771827340126038
	0.6771901845932007
	0.6772106885910034
	0.6772278547286987
	0.6772171258926392
	0.6772302389144897
	0.6772320866584778
	0.677248477935791
	0.6772426962852478
	0.6772409081459045
	0.6772379279136658
	0.6772395968437195
	0.6772621273994446
	0.6772617697715759
	0.677272617816925
	0.6772689819335938
	0.6772797703742981
	0.6772764325141907
	0.6772586703300476
	0.6772774457931519
	0.6772830486297607
	0.6772708892822266
	0.6772741079330444
	0.6772908568382263
	0.6773020625114441
	0.6773117780685425
	0.6773293018341064
	0.6773431897163391
	0.6773467659950256
	0.677365243434906
	0.6773742437362671
	0.6773838996887207
	0.6773898601531982
	0.6774082183837891
	0.6774322390556335
	0.6774392127990723
	0.6774461269378662
	0.6774505376815796
	0.6774533987045288
	0.6774534583091736
	0.6774536371231079
	0.6774669289588928
	0.6774827837944031
	0.6774899363517761
	0.6774777770042419
	0.6774799227714539
	0.6774786114692688
	0.6774902939796448
	0.6774983406066895
	0.6775128841400146
	0.6775254607200623
	0.6775128245353699
	0.6775134205818176
	0.6775133013725281
	0.6775272488594055
	0.6775285601615906
	0.6775383353233337
	0.6775531768798828
	0.6775581240653992
	0.6775772571563721
	0.6775864362716675
	0.6776010394096375
	0.6775878071784973
	0.677600085735321
	0.6776016354560852
	0.6775983572006226
	0.6776130199432373
	0.677624523639679
	0.6776288747787476
	0.6776400804519653
	0.6776362061500549
	0.6776444911956787
	0.67764812707901
	0.6776530146598816
	0.6776692867279053
	0.6776680946350098
	0.677681565284729
	0.6776821613311768
	0.6776793599128723
	0.6776860356330872
	0.6776883602142334
	0.6776990294456482
	0.677707850933075
	0.6777108907699585
	0.6777199506759644
	0.6777216792106628
	0.6777292490005493
	0.6777377128601074
	0.6777478456497192
	0.6777536273002625
	0.6777673959732056
	0.6777709722518921
	0.6777835488319397
	0.6777853965759277
	0.6778007745742798
	0.6777970790863037
	0.6777993440628052
	0.6778141856193542
	0.6778185963630676
	0.6778246760368347
	0.6778358817100525
	0.677839994430542
	0.6778625249862671
	0.6778801679611206
	0.6778863668441772
	0.6778851747512817
	0.677890419960022
	0.6778926849365234
	0.6779009699821472
	0.6778992414474487
	0.6779088973999023
	0.6779165267944336
	0.6779340505599976
	0.6779407858848572
	0.6779519319534302
	0.6779725551605225
	0.6779791116714478
	0.6779848337173462
	0.6779975295066833
	0.6779969334602356
	0.6779980659484863
	0.6780042052268982
	0.678000807762146
	0.6780163645744324
	0.678032398223877
	0.678036630153656
	0.6780400276184082
	0.6780383586883545
	0.6780471801757812
	0.6780535578727722
	0.6780426502227783
	0.6780381202697754
	0.6780364513397217
	0.6780421733856201
	0.6780568361282349
	0.6780620813369751
	0.6780717968940735
	0.6780730485916138
	0.6780874729156494
	0.6780912280082703
	0.6781059503555298
	0.6781116127967834
	0.6781167387962341
	0.6781126260757446
	0.6781247854232788
	0.6781224608421326
	0.6781380772590637
	0.6781507134437561
	0.6781551837921143
	0.6781499981880188
	0.6781584024429321
	0.6781590580940247
	0.6781677007675171
	0.6781705617904663
	0.678180992603302
	0.6781867742538452
	0.6782013773918152
	0.6781995296478271
	0.6782060265541077
	0.6782218813896179
	0.6782139539718628
	0.6782172322273254
	0.6782281398773193
	0.678245484828949
	0.6782633662223816
	0.6782784461975098
	0.6782757639884949
	0.6782901287078857
	0.6782948970794678
	0.6782841682434082
	0.6782965064048767
	0.6783048510551453
	0.6783002614974976
	0.6783078908920288
	0.678333580493927
	0.6783255934715271
	0.6783377528190613
	0.6783282160758972
	0.6783362030982971
	0.6783440709114075
	0.6783480048179626
	0.6783583760261536
	0.6783643960952759
	0.6783794164657593
	0.6783837080001831
	0.6783844828605652
	0.6783849596977234
	0.6783809065818787
	0.6783779263496399
	0.6783908605575562
	0.6784049272537231
	0.6784166097640991
	0.6784189939498901
	0.6784361004829407
	0.678432822227478
	0.67845618724823
	0.6784611344337463
	0.678482711315155
	0.6784888505935669
	0.6784970164299011
	0.678501546382904
	0.678519606590271
	0.6785239577293396
	0.6785473823547363
	0.6785475611686707
	0.6785560846328735
	0.678562581539154
	0.678557813167572
	0.6785585880279541
	0.6785545945167542
	0.6785581111907959
	0.6785663366317749
	0.6785606145858765
	0.6785669326782227
	0.6785776615142822
	0.6785858869552612
	0.6785900592803955
	0.6785920262336731
	0.6786088943481445
	0.6786163449287415
	0.6786217093467712
	0.6786080598831177
	0.6786016821861267
	0.6786240935325623
	0.6786247491836548
	0.6786383390426636
	0.6786400079727173
	0.6786507964134216
	0.6786537170410156
	0.6786695718765259
	0.6786767244338989
	0.6786903738975525
	0.6786935329437256
	0.6786990165710449
	0.6787105202674866
	0.6787072420120239
	0.6787073016166687
	0.6787159442901611
	0.678702712059021
	0.6786972880363464
	0.6787030100822449
	0.6787131428718567
	0.6787239909172058
	0.6787137985229492
	0.6787116527557373
	0.6787117123603821
	0.6787154674530029
	0.6787211894989014
	0.6787257790565491
	0.6787261962890625
	0.6787251830101013
	0.6787362098693848
	0.6787485480308533
	0.6787592172622681
	0.6787576079368591
	0.6787545084953308
	0.6787643432617188
	0.6787582039833069
	0.6787534356117249
	0.6787700057029724
	0.6787809729576111
	0.6787910461425781
	0.6788124442100525
	0.6788269281387329
	0.6788308620452881
	0.6788390278816223
	0.6788301467895508
	0.6788339614868164
	0.678834080696106
	0.6788511872291565
	0.6788461804389954
	0.6788607835769653
	0.6788668632507324
	0.6788564324378967
	0.6788597106933594
	0.6788573861122131
	0.6788676381111145
	0.6788568496704102
	0.6788673400878906
	0.6788743734359741
	0.67889404296875
	0.6789017915725708
	0.6789095401763916
	0.6789145469665527
	0.6789204478263855
	0.6789225935935974
	0.6789200305938721
	0.678908109664917
	0.6789096593856812
	0.6789074540138245
	0.6789141297340393
	0.6789203882217407
	0.6789247393608093
	0.6789171695709229
	0.6789219379425049
	0.6789066791534424
	0.6788896322250366
	0.6788800358772278
	0.6788922548294067
	0.6789007782936096
	0.6789188981056213
	0.6789200305938721
	0.6789221167564392
	0.678933322429657
	0.6789414286613464
	0.6789382696151733
	0.6789454221725464
]