[
	1.236924648284912
	1.236629605293274
	1.2363245487213135
	1.2360217571258545
	1.2357374429702759
	1.235442042350769
	1.2351529598236084
	1.2348496913909912
	1.2345627546310425
	1.2342653274536133
	1.233970284461975
	1.2336772680282593
	1.233386754989624
	1.2330931425094604
	1.2328025102615356
	1.2325080633163452
	1.2322193384170532
	1.2319241762161255
	1.231655240058899
	1.231374979019165
	1.2310880422592163
	1.2308071851730347
	1.2305227518081665
	1.2302532196044922
	1.2299877405166626
	1.2297155857086182
	1.229443073272705
	1.2291725873947144
	1.2288962602615356
	1.2286182641983032
	1.2283433675765991
	1.2280628681182861
	1.227781891822815
	1.2275158166885376
	1.2272595167160034
	1.2269854545593262
	1.2267227172851562
	1.2264481782913208
	1.2261857986450195
	1.2259221076965332
	1.2256556749343872
	1.2253872156143188
	1.22511887550354
	1.2248502969741821
	1.2245911359786987
	1.2243233919143677
	1.2240607738494873
	1.2238048315048218
	1.2235405445098877
	1.2232738733291626
	1.2229959964752197
	1.2227377891540527
	1.22248113155365
	1.2222259044647217
	1.2219661474227905
	1.2217113971710205
	1.221468210220337
	1.221215844154358
	1.2209622859954834
	1.2207140922546387
	1.2204772233963013
	1.220225214958191
	1.2199660539627075
	1.2197209596633911
	1.2194883823394775
	1.2192438840866089
	1.2190102338790894
	1.2187780141830444
	1.2185275554656982
	1.2182899713516235
	1.218058705329895
	1.2178226709365845
	1.2175785303115845
	1.2173348665237427
	1.2170891761779785
	1.216840386390686
	1.2166063785552979
	1.2163721323013306
	1.2161437273025513
	1.215920090675354
	1.2156922817230225
	1.2154582738876343
	1.2152212858200073
	1.2150005102157593
	1.2147618532180786
	1.214539885520935
	1.2143043279647827
	1.2140840291976929
	1.2138538360595703
	1.2136303186416626
	1.2134006023406982
	1.2131822109222412
	1.2129721641540527
	1.2127461433410645
	1.2125173807144165
	1.2122998237609863
	1.2120885848999023
	1.211872935295105
	1.2116549015045166
	1.2114349603652954
	1.2112252712249756
	1.2110124826431274
	1.2107980251312256
	1.2105708122253418
	1.2103475332260132
	1.2101218700408936
	1.209919810295105
	1.209696650505066
	1.2094752788543701
	1.209255576133728
	1.2090333700180054
	1.2088264226913452
	1.2086284160614014
	1.208422303199768
	1.2082123756408691
	1.2080005407333374
	1.2077906131744385
	1.2075819969177246
	1.2073948383331299
	1.2071797847747803
	1.2069776058197021
	1.2067612409591675
	1.2065463066101074
	1.2063475847244263
	1.2061378955841064
	1.2059417963027954
	1.2057480812072754
	1.2055538892745972
	1.2053587436676025
	1.2051458358764648
	1.2049545049667358
	1.2047688961029053
	1.2045793533325195
	1.2043861150741577
	1.204192876815796
	1.2040058374404907
	1.2037889957427979
	1.2035987377166748
	1.2034085988998413
	1.203222393989563
	1.2030367851257324
	1.2028456926345825
	1.2026593685150146
	1.202463984489441
	1.2022686004638672
	1.2020915746688843
	1.2019100189208984
	1.201723575592041
	1.2015329599380493
	1.2013401985168457
	1.201164722442627
	1.2009669542312622
	1.2007981538772583
	1.200631022453308
	1.200447916984558
	1.2002674341201782
	1.200085163116455
	1.1999094486236572
	1.1997331380844116
	1.199558973312378
	1.1993697881698608
	1.1991852521896362
	1.1990047693252563
	1.1988260746002197
	1.1986695528030396
	1.198490023612976
	1.1983062028884888
	1.1981247663497925
	1.1979302167892456
	1.1977617740631104
	1.197580337524414
	1.1974067687988281
	1.1972287893295288
	1.1970689296722412
	1.1969114542007446
	1.196727991104126
	1.1965594291687012
	1.1964020729064941
	1.1962432861328125
	1.1960797309875488
	1.1959108114242554
	1.1957348585128784
	1.1955798864364624
	1.195407748222351
	1.1952526569366455
	1.1950780153274536
	1.194907784461975
	1.1947290897369385
	1.1945527791976929
	1.1943919658660889
	1.1942274570465088
	1.1940580606460571
	1.1938990354537964
	1.1937438249588013
	1.1935815811157227
	1.1934257745742798
	1.193278193473816
	1.193106770515442
	1.1929515600204468
	1.1928050518035889
	1.1926393508911133
	1.192476511001587
	1.1923247575759888
	1.1921682357788086
	1.192001223564148
	1.1918442249298096
	1.1916831731796265
	1.1915326118469238
	1.1913702487945557
	1.1912187337875366
	1.1910655498504639
	1.1909104585647583
	1.190746784210205
	1.1905826330184937
	1.190427303314209
	1.1902902126312256
	1.190132737159729
	1.189982295036316
	1.1898349523544312
	1.189684271812439
	1.189544439315796
	1.1893984079360962
	1.1892579793930054
	1.1890947818756104
	1.188941478729248
	1.1887898445129395
	1.1886425018310547
	1.1885138750076294
	1.1883548498153687
	1.188212513923645
	1.1880570650100708
	1.1879173517227173
	1.1877797842025757
	1.1876306533813477
	1.1874721050262451
	1.1873358488082886
	1.1871964931488037
	1.187065839767456
	1.1869264841079712
	1.1867828369140625
	1.186648964881897
	1.1865068674087524
	1.186362862586975
	1.1862236261367798
	1.1860929727554321
	1.1859424114227295
	1.1858035326004028
	1.1856623888015747
	1.1855134963989258
	1.1853634119033813
	1.1852234601974487
	1.1850831508636475
	1.184943437576294
	1.184808373451233
	1.1846699714660645
	1.1845412254333496
	1.1844018697738647
	1.1842743158340454
	1.1841431856155396
	1.1840089559555054
	1.1838756799697876
	1.1837377548217773
	1.1835894584655762
	1.18346107006073
	1.18333101272583
	1.183205485343933
	1.183082938194275
	1.1829522848129272
	1.1828210353851318
	1.1827014684677124
	1.1825777292251587
	1.1824480295181274
	1.1823296546936035
	1.1821907758712769
	1.1820576190948486
	1.1819324493408203
	1.1818104982376099
	1.1816794872283936
	1.1815561056137085
	1.1814113855361938
	1.1812934875488281
	1.1811695098876953
	1.1810497045516968
	1.1809206008911133
	1.1807951927185059
	1.1806720495224
	1.180561900138855
	1.1804348230361938
	1.1803054809570312
	1.1801891326904297
	1.1800721883773804
	1.179937720298767
	1.1798039674758911
	1.1796871423721313
	1.1795686483383179
	1.1794475317001343
	1.179327130317688
	1.1792082786560059
	1.1790944337844849
	1.1789758205413818
	1.1788595914840698
	1.1787469387054443
	1.1786223649978638
	1.1784924268722534
	1.1783844232559204
	1.1782714128494263
	1.1781597137451172
	1.1780385971069336
	1.1779319047927856
	1.1778136491775513
	1.1777000427246094
	1.1775784492492676
	1.177478313446045
	1.1773627996444702
	1.177243709564209
	1.1771327257156372
	1.177015781402588
	1.176912784576416
	1.1768007278442383
	1.1766849756240845
	1.1765708923339844
	1.1764545440673828
	1.1763436794281006
	1.1762299537658691
	1.1761213541030884
	1.176023006439209
	1.1759092807769775
	1.175795316696167
	1.1756842136383057
	1.1755788326263428
	1.1754635572433472
	1.1753501892089844
	1.175254464149475
	1.175135850906372
	1.1750333309173584
	1.1749299764633179
	1.174817681312561
	1.1747097969055176
	1.1746026277542114
	1.1744911670684814
	1.1743900775909424
	1.1742786169052124
	1.1741727590560913
	1.1740655899047852
	1.1739636659622192
	1.1738616228103638
	1.1737730503082275
	1.1736631393432617
	1.1735546588897705
	1.173453450202942
	1.1733533143997192
	1.1732584238052368
	1.173151969909668
	1.1730444431304932
	1.1729315519332886
	1.1728254556655884
	1.172719120979309
	1.172611951828003
	1.1725070476531982
	1.1724077463150024
	1.1723045110702515
	1.17221200466156
	1.1721152067184448
	1.1720166206359863
	1.171915888786316
	1.1718189716339111
	1.1717230081558228
	1.1716063022613525
	1.1715087890625
	1.1714022159576416
	1.171302318572998
	1.1711950302124023
	1.1711078882217407
	1.1710107326507568
	1.1709113121032715
	1.1708143949508667
	1.1707192659378052
	1.170620083808899
	1.1705232858657837
	1.1704308986663818
	1.1703311204910278
	1.1702334880828857
	1.1701303720474243
	1.1700351238250732
	1.169937014579773
	1.1698342561721802
	1.1697407960891724
	1.1696463823318481
	1.169555425643921
	1.1694695949554443
	1.1693819761276245
	1.1692893505096436
	1.169201135635376
	1.1691093444824219
	1.169010877609253
	1.1689164638519287
	1.1688357591629028
	1.1687474250793457
	1.1686426401138306
	1.1685465574264526
	1.1684627532958984
	1.1683682203292847
	1.1682798862457275
	1.1682013273239136
	1.1681069135665894
	1.1680176258087158
	1.167940378189087
	1.1678463220596313
	1.1677485704421997
	1.1676570177078247
	1.1675742864608765
	1.167484998703003
	1.1673983335494995
	1.167313814163208
	1.1672261953353882
	1.1671428680419922
	1.1670498847961426
	1.1669642925262451
	1.1668791770935059
	1.166790246963501
	1.1667146682739258
	1.1666339635849
	1.1665443181991577
	1.166457176208496
	1.1663718223571777
	1.1663000583648682
	1.166212558746338
	1.1661282777786255
	1.1660410165786743
	1.1659624576568604
	1.1658782958984375
	1.1657960414886475
	1.165706753730774
	1.165629267692566
	1.1655473709106445
	1.1654657125473022
	1.165388584136963
	1.1653090715408325
	1.16523015499115
	1.1651328802108765
	1.165060043334961
	1.1649776697158813
	1.1648962497711182
	1.16482412815094
	1.1647412776947021
	1.1646560430526733
	1.1645690202713013
	1.1644930839538574
	1.1644062995910645
	1.1643284559249878
	1.1642645597457886
	1.1641898155212402
	1.16410231590271
	1.1640124320983887
	1.1639426946640015
	1.1638586521148682
	1.1637835502624512
	1.163704514503479
	1.163624882698059
	1.1635581254959106
	1.163478136062622
	1.1633944511413574
	1.163315773010254
	1.1632356643676758
	1.1631667613983154
	1.1630913019180298
	1.1630175113677979
	1.1629468202590942
	1.1628714799880981
	1.162801742553711
	1.1627262830734253
	1.1626454591751099
	1.1625752449035645
	1.1625028848648071
	1.1624287366867065
	1.1623553037643433
	1.1622827053070068
	1.1621953248977661
	1.1621243953704834
	1.1620516777038574
	1.1619771718978882
	1.1619032621383667
	1.1618421077728271
	1.1617815494537354
	1.161698818206787
	1.1616343259811401
	1.1615560054779053
	1.161492943763733
	1.1614108085632324
	1.1613401174545288
	1.1612719297409058
	1.1612122058868408
	1.1611484289169312
	1.1610761880874634
	1.1610107421875
	1.1609432697296143
	1.1608788967132568
	1.1608139276504517
	1.1607410907745361
	1.1606698036193848
	1.160597801208496
	1.1605221033096313
	1.1604483127593994
	1.160369873046875
	1.1603057384490967
	1.160237193107605
	1.1601710319519043
	1.1600948572158813
	1.1600302457809448
	1.1599541902542114
	1.1598918437957764
	1.1598222255706787
	1.1597602367401123
	1.1596921682357788
	1.159633994102478
	1.1595714092254639
	1.1595029830932617
	1.159441590309143
	1.1593656539916992
	1.159301519393921
	1.1592224836349487
	1.1591519117355347
	1.1590893268585205
	1.1590152978897095
	1.1589492559432983
	1.1588884592056274
	1.1588214635849
	1.1587527990341187
	1.1586854457855225
	1.1586247682571411
	1.1585627794265747
	1.1585123538970947
	1.1584495306015015
	1.158386468887329
	1.1583175659179688
	1.1582528352737427
	1.1581873893737793
	1.1581238508224487
	1.1580606698989868
	1.157996416091919
	1.1579385995864868
	1.1578764915466309
	1.1578119993209839
	1.157745361328125
	1.1576868295669556
	1.1576359272003174
	1.1575723886489868
	1.1575037240982056
	1.1574453115463257
	1.1573809385299683
	1.157328724861145
	1.1572679281234741
	1.157213807106018
	1.1571592092514038
	1.157097578048706
	1.1570332050323486
	1.1569737195968628
	1.1569229364395142
	1.1568527221679688
	1.1567903757095337
	1.156732439994812
	1.1566710472106934
	1.15662682056427
	1.156561017036438
	1.1565011739730835
	1.156448245048523
	1.1563869714736938
	1.1563364267349243
	1.156288504600525
	1.1562331914901733
	1.156175136566162
	1.1561187505722046
	1.1560665369033813
	1.156009554862976
	1.155969500541687
	1.1559056043624878
	1.1558517217636108
	1.1557929515838623
	1.1557425260543823
	1.155703067779541
	1.1556485891342163
	1.155594825744629
	1.1555380821228027
	1.155489444732666
	1.155436635017395
	1.155394196510315
	1.1553529500961304
	1.155296802520752
	1.1552408933639526
	1.1551923751831055
	1.1551393270492554
	1.1550849676132202
	1.1550369262695312
	1.154976725578308
	1.1549257040023804
	1.1548733711242676
	1.1548243761062622
	1.1547722816467285
	1.1547203063964844
	1.1546717882156372
	1.154619574546814
	1.1545662879943848
	1.1545158624649048
	1.1544551849365234
	1.1544126272201538
	1.1543614864349365
	1.154310941696167
	1.1542633771896362
	1.1542119979858398
	1.1541622877120972
	1.1541064977645874
	1.1540628671646118
	1.154008388519287
	1.1539651155471802
	1.1539183855056763
	1.15386962890625
	1.1538203954696655
	1.1537843942642212
	1.1537318229675293
	1.1536887884140015
	1.1536362171173096
	1.1535816192626953
	1.1535391807556152
	1.1534907817840576
	1.153443455696106
	1.1533981561660767
	1.153351902961731
	1.153290033340454
	1.1532472372055054
	1.1531975269317627
	1.1531485319137573
	1.1531000137329102
	1.1530448198318481
	1.1530038118362427
	1.152955174446106
	1.1529103517532349
	1.152860403060913
	1.1528103351593018
	1.15276038646698
	1.152714490890503
	1.1526744365692139
	1.1526267528533936
	1.1525877714157104
	1.1525413990020752
	1.1524903774261475
	1.1524434089660645
	1.1523921489715576
	1.152344822883606
	1.152293086051941
	1.1522605419158936
	1.1522159576416016
	1.152161955833435
	1.1521203517913818
	1.152085542678833
	1.1520475149154663
	1.1520099639892578
	1.1519649028778076
	1.1519156694412231
	1.15187668800354
	1.1518433094024658
	1.151801586151123
	1.15175199508667
	1.1517045497894287
	1.1516705751419067
	1.151626467704773
	1.15158212184906
	1.1515387296676636
	1.1514899730682373
	1.1514391899108887
	1.1513967514038086
	1.151369333267212
	1.1513352394104004
	1.151295781135559
	1.1512603759765625
	1.1512186527252197
	1.1511762142181396
	1.1511390209197998
	1.151099443435669
	1.1510741710662842
	1.151032567024231
	1.1509904861450195
	1.1509456634521484
	1.1509133577346802
	1.1508702039718628
	1.1508392095565796
	1.150788426399231
	1.1507329940795898
	1.1506953239440918
	1.1506562232971191
	1.150626301765442
	1.1505820751190186
	1.1505333185195923
	1.1504971981048584
	1.1504589319229126
	1.1504181623458862
	1.15037202835083
	1.1503301858901978
	1.1502907276153564
	1.1502454280853271
	1.1501952409744263
	1.1501617431640625
	1.1501315832138062
	1.1500877141952515
	1.150059700012207
	1.1500252485275269
	1.1499911546707153
	1.1499524116516113
	1.1499148607254028
	1.1498842239379883
	1.1498550176620483
	1.1498180627822876
	1.1497801542282104
	1.1497455835342407
	1.1497094631195068
	1.1496765613555908
	1.1496349573135376
	1.149603009223938
	1.1495660543441772
	1.1495299339294434
	1.1494871377944946
	1.1494492292404175
	1.1494219303131104
	1.1493786573410034
	1.1493574380874634
	1.1493216753005981
	1.149285912513733
	1.1492540836334229
	1.149222493171692
	1.1491914987564087
	1.14915931224823
	1.1491340398788452
	1.1490938663482666
	1.1490625143051147
	1.1490265130996704
	1.1489931344985962
	1.1489635705947876
	1.1489179134368896
	1.14888596534729
	1.1488606929779053
	1.1488295793533325
	1.148806095123291
	1.1487711668014526
	1.1487436294555664
	1.1487176418304443
	1.1486762762069702
	1.148647665977478
	1.148620843887329
	1.1485981941223145
	1.1485666036605835
	1.148529291152954
	1.1485087871551514
	1.1484885215759277
	1.1484568119049072
	1.1484252214431763
	1.1483910083770752
	1.1483668088912964
	1.14833664894104
	1.1483101844787598
	1.148282527923584
	1.1482571363449097
	1.148229718208313
	1.1481977701187134
	1.1481595039367676
	1.148140788078308
	1.1481173038482666
	1.1480913162231445
	1.1480731964111328
	1.1480451822280884
	1.1480169296264648
	1.1479867696762085
	1.1479543447494507
	1.1479328870773315
	1.1479096412658691
	1.1478796005249023
	1.1478549242019653
	1.1478290557861328
	1.1478054523468018
	1.1477715969085693
	1.147743821144104
	1.1477195024490356
	1.1476994752883911
	1.1476833820343018
	1.1476556062698364
	1.1476320028305054
	1.1476011276245117
	1.1475752592086792
	1.1475468873977661
	1.147519588470459
	1.147495150566101
	1.1474621295928955
	1.1474493741989136
	1.147414207458496
	1.1473935842514038
	1.1473753452301025
	1.1473546028137207
	1.147331953048706
	1.147308111190796
	1.1472975015640259
	1.1472740173339844
	1.14725661277771
	1.1472303867340088
	1.1472115516662598
	1.1471812725067139
	1.147161602973938
	1.1471370458602905
	1.1471140384674072
	1.147093653678894
	1.1470688581466675
	1.1470400094985962
	1.1470242738723755
	1.1469957828521729
	1.1469718217849731
	1.1469510793685913
	1.1469402313232422
	1.146916389465332
	1.146895170211792
	1.1468642950057983
	1.1468446254730225
	1.1468195915222168
	1.1467970609664917
	1.1467738151550293
	1.1467493772506714
	1.1467230319976807
	1.1466995477676392
	1.1466714143753052
	1.146642804145813
	1.1466203927993774
	1.1466064453125
	1.146584153175354
	1.1465634107589722
	1.146536111831665
	1.146515965461731
	1.1465016603469849
	1.1464886665344238
	1.146465539932251
	1.14645516872406
	1.146439552307129
	1.1464262008666992
	1.1464098691940308
	1.1463961601257324
	1.1463779211044312
	1.1463596820831299
	1.1463507413864136
	1.146341323852539
	1.1463274955749512
	1.1463067531585693
	1.1462935209274292
	1.1462749242782593
	1.1462610960006714
	1.1462435722351074
	1.1462138891220093
	1.146188497543335
	1.1461656093597412
	1.1461338996887207
	1.1461130380630493
	1.1460994482040405
	1.1460806131362915
	1.1460679769515991
	1.1460480690002441
	1.1460305452346802
	1.1460154056549072
	1.1460027694702148
	1.1459846496582031
	1.1459637880325317
	1.1459481716156006
	1.145931601524353
	1.1459071636199951
	1.1458895206451416
	1.1458808183670044
	1.1458663940429688
	1.1458507776260376
	1.145829439163208
	1.1458104848861694
	1.1457908153533936
	1.1457732915878296
	1.1457560062408447
	1.1457433700561523
	1.1457289457321167
	1.14572012424469
	1.1456986665725708
	1.1456866264343262
	1.145674228668213
	1.1456562280654907
	1.1456443071365356
	1.145636796951294
	1.1456222534179688
	1.14561128616333
	1.1456005573272705
	1.1455771923065186
	1.1455528736114502
	1.1455384492874146
	1.1455186605453491
	1.1454989910125732
	1.1454813480377197
	1.1454635858535767
	1.1454375982284546
	1.1454254388809204
	1.145411491394043
	1.1453967094421387
	1.1453803777694702
	1.1453704833984375
	1.1453489065170288
	1.1453241109848022
	1.1453056335449219
	1.1452938318252563
	1.145283579826355
	1.1452651023864746
	1.1452542543411255
	1.1452327966690063
	1.1452138423919678
	1.1451948881149292
	1.145172357559204
	1.1451631784439087
	1.1451451778411865
	1.1451367139816284
	1.1451271772384644
	1.1451151371002197
	1.1451168060302734
	1.1451008319854736
	1.1450843811035156
	1.1450750827789307
	1.14505934715271
	1.1450387239456177
	1.1450276374816895
	1.1450198888778687
	1.1450104713439941
	1.1449962854385376
	1.1449748277664185
	1.144966959953308
	1.144958734512329
	1.144950032234192
	1.1449402570724487
	1.1449309587478638
	1.1449148654937744
	1.144899606704712
	1.1448951959609985
	1.1448867321014404
	1.144873857498169
	1.1448582410812378
	1.1448509693145752
	1.1448372602462769
	1.1448290348052979
	1.1448144912719727
	1.144799828529358
	1.1447820663452148
	1.1447755098342896
	1.1447603702545166
	1.1447535753250122
	1.1447380781173706
	1.1447292566299438
	1.144707202911377
	1.1447017192840576
	1.1446945667266846
	1.144688606262207
	1.1446726322174072
	1.1446501016616821
	1.1446298360824585
	1.1446235179901123
	1.144606351852417
	1.1445934772491455
	1.1445860862731934
	1.144571304321289
	1.1445684432983398
	1.144553780555725
	1.1445435285568237
	1.1445388793945312
	1.1445250511169434
	1.1445233821868896
	1.1445122957229614
	1.144498348236084
	1.1444836854934692
	1.1444698572158813
	1.1444604396820068
	1.144452691078186
	1.1444538831710815
	1.1444507837295532
	1.1444350481033325
	1.1444231271743774
	1.1444069147109985
	1.1443941593170166
	1.1443774700164795
	1.1443674564361572
	1.144360899925232
	1.1443490982055664
	1.1443361043930054
	1.1443250179290771
	1.144325613975525
	1.1443184614181519
	1.1443066596984863
	1.1442996263504028
	1.1442923545837402
	1.1442824602127075
	1.1442713737487793
	1.1442787647247314
	1.1442698240280151
	1.1442654132843018
	1.1442526578903198
	1.1442434787750244
	1.1442408561706543
	1.1442400217056274
	1.1442216634750366
	1.144212245941162
	1.144195556640625
	1.1441845893859863
	1.1441742181777954
	1.144166350364685
	1.144154667854309
	1.1441477537155151
	1.1441508531570435
	1.1441432237625122
	1.1441327333450317
	1.1441259384155273
	1.1441152095794678
	1.1441082954406738
	1.1441059112548828
	1.1440973281860352
	1.14409339427948
	1.1440882682800293
	1.1440871953964233
	1.1440681219100952
	1.1440640687942505
	1.1440545320510864
	1.1440438032150269
	1.144036054611206
	1.1440318822860718
	1.14403235912323
	1.1440244913101196
	1.144011378288269
	1.1440086364746094
	1.1440082788467407
	1.1440037488937378
	1.1440027952194214
	1.1439908742904663
	1.1439826488494873
	1.1439778804779053
	1.1439645290374756
	1.143947720527649
	1.1439465284347534
	1.1439467668533325
	1.1439423561096191
	1.14393949508667
	1.143933653831482
	1.143934726715088
	1.1439284086227417
	1.1439259052276611
	1.143926978111267
	1.1439299583435059
	1.1439229249954224
	1.1439168453216553
	1.1439001560211182
	1.1438934803009033
	1.1438944339752197
	1.1438897848129272
	1.1438723802566528
	1.143859624862671
	1.1438604593276978
	1.143862009048462
	1.1438589096069336
	1.1438608169555664
	1.1438608169555664
	1.1438581943511963
	1.1438642740249634
	1.1438663005828857
	1.1438568830490112
	1.1438469886779785
	1.14384126663208
	1.1438446044921875
	1.1438418626785278
	1.1438326835632324
	1.143832802772522
	1.1438273191452026
	1.14382004737854
	1.14382004737854
	1.1438134908676147
	1.1438106298446655
	1.1438064575195312
	1.1437994241714478
	1.1437972784042358
	1.1437898874282837
	1.1437870264053345
	1.143772840499878
	1.1437734365463257
	1.1437697410583496
	1.1437592506408691
	1.1437534093856812
	1.143750786781311
	1.1437510251998901
	1.143742561340332
	1.1437360048294067
	1.1437278985977173
	1.14371657371521
	1.1437110900878906
	1.143707513809204
	1.1437114477157593
	1.143707036972046
	1.1437040567398071
	1.1437045335769653
	1.143704891204834
	1.1437032222747803
	1.1437093019485474
	1.143693208694458
	1.1436834335327148
	1.1436759233474731
	1.1436718702316284
	1.1436762809753418
	1.1436784267425537
	1.1436737775802612
	1.143664836883545
	1.1436687707901
	1.1436703205108643
	1.1436729431152344
	1.143675684928894
	1.143671989440918
	1.1436654329299927
	1.1436680555343628
	1.143669605255127
	1.1436783075332642
	1.1436759233474731
	1.1436798572540283
	1.1436797380447388
	1.1436728239059448
	1.1436702013015747
	1.143675684928894
	1.143673300743103
	1.1436638832092285
	1.1436607837677002
	1.1436513662338257
	1.143643856048584
	1.1436346769332886
	1.1436214447021484
	1.1436197757720947
	1.143626093864441
	1.1436247825622559
	1.14362633228302
	1.1436221599578857
	1.1436269283294678
	1.1436189413070679
	1.1436256170272827
	1.1436280012130737
	1.143627405166626
	1.14362370967865
	1.1436246633529663
	1.1436219215393066
	1.1436165571212769
	1.1436207294464111
	1.1436145305633545
	1.1436214447021484
	1.143614411354065
	1.1436173915863037
	1.1436222791671753
	1.143621802330017
	1.1436209678649902
	1.1436216831207275
	1.1436203718185425
	1.1436119079589844
	1.1436063051223755
	1.1436166763305664
	1.1436151266098022
	1.1436079740524292
	1.1436054706573486
	1.14360773563385
	1.1436008214950562
	1.1435922384262085
	1.1435978412628174
	1.1435978412628174
	1.143595814704895
	1.1435893774032593
	1.1435939073562622
	1.1435908079147339
	1.14358389377594
	1.143591284751892
	1.1435896158218384
	1.143593430519104
	1.1435853242874146
	1.1435853242874146
	1.1435818672180176
	1.1435784101486206
	1.1435742378234863
	1.1435632705688477
	1.1435613632202148
	1.1435608863830566
	1.1435612440109253
	1.1435601711273193
	1.1435667276382446
	1.1435679197311401
	1.1435569524765015
	1.1435600519180298
	1.143552541732788
	1.1435521841049194
	1.1435619592666626
	1.1435571908950806
	1.1435632705688477
	1.1435606479644775
	1.1435641050338745
	1.1435636281967163
	1.143559217453003
	1.1435679197311401
	1.143570899963379
	1.1435743570327759
	1.143570065498352
	1.143566370010376
	1.143559455871582
	1.1435699462890625
	1.1435626745224
	1.143567681312561
	1.1435736417770386
	1.1435655355453491
	1.1435625553131104
	1.1435672044754028
	1.143568754196167
	1.1435625553131104
	1.14357328414917
	1.1435786485671997
	1.1435717344284058
	1.1435736417770386
	1.1435797214508057
	1.1435836553573608
	1.143587589263916
	1.1435811519622803
	1.1435827016830444
	1.14359450340271
	1.1435909271240234
	1.1435928344726562
	1.1435902118682861
	1.1435891389846802
	1.143584966659546
	1.1435787677764893
	1.1435796022415161
	1.1435781717300415
	1.1435893774032593
	1.1435967683792114
	1.1435962915420532
	1.1435974836349487
	1.1436009407043457
	1.143597960472107
	1.1435940265655518
	1.1435905694961548
	1.143585443496704
	1.1435939073562622
	1.143587350845337
	1.1435976028442383
	1.1436084508895874
	1.1436138153076172
	1.1436123847961426
	1.1436110734939575
	1.1436066627502441
	1.1436076164245605
	1.1436160802841187
	1.143613576889038
	1.143617868423462
	1.1436201333999634
	1.1436244249343872
	1.1436254978179932
	1.1436253786087036
	1.1436231136322021
	1.143619418144226
	1.1436214447021484
	1.1436302661895752
	1.1436389684677124
	1.1436443328857422
	1.1436344385147095
	1.1436395645141602
	1.1436325311660767
	1.1436337232589722
	1.143629550933838
	1.1436256170272827
	1.1436272859573364
	1.143621802330017
	1.143615484237671
	1.143621802330017
	1.1436177492141724
	1.1436153650283813
	1.1436257362365723
	1.1436272859573364
	1.1436395645141602
	1.1436375379562378
	1.1436454057693481
	1.1436485052108765
	1.1436501741409302
	1.143653154373169
	1.1436607837677002
	1.1436635255813599
	1.1436634063720703
	1.1436669826507568
	1.1436742544174194
	1.143685221672058
	1.1436842679977417
	1.1436861753463745
	1.1436954736709595
	1.143709421157837
	1.1437203884124756
	1.1437206268310547
	1.1437278985977173
	1.1437321901321411
	1.1437338590621948
	1.1437331438064575
	1.143751621246338
	1.143750548362732
	1.143757939338684
	1.1437662839889526
	1.1437649726867676
	1.1437749862670898
	1.1437822580337524
	1.1437838077545166
	1.1437910795211792
	1.1437902450561523
	1.1437861919403076
	1.1437917947769165
	1.143802523612976
	1.1437982320785522
	1.1437947750091553
	1.1438016891479492
	1.143798589706421
	1.1437973976135254
	1.1437830924987793
	1.1437828540802002
	1.143790364265442
	1.143800973892212
	1.1438089609146118
	1.1438161134719849
	1.1438251733779907
	1.1438298225402832
	1.1438301801681519
	1.1438276767730713
	1.1438289880752563
	1.14384126663208
	1.1438461542129517
	1.1438549757003784
	1.143860936164856
	1.1438590288162231
	1.1438695192337036
	1.1438729763031006
	1.1438660621643066
	1.1438606977462769
	1.1438748836517334
	1.1438769102096558
	1.1438885927200317
	1.1438881158828735
	1.1438891887664795
	1.143895149230957
	1.1439028978347778
	1.143904447555542
	1.1439117193222046
	1.1439287662506104
	1.1439310312271118
	1.1439390182495117
	1.1439412832260132
	1.1439459323883057
	1.1439495086669922
	1.1439461708068848
	1.1439437866210938
	1.1439485549926758
	1.1439579725265503
	1.1439639329910278
	1.1439788341522217
	1.143985390663147
	1.1439883708953857
	1.143993616104126
	1.1439920663833618
	1.1440033912658691
	1.144010305404663
	1.1440223455429077
	1.1440153121948242
	1.1440273523330688
	1.1440454721450806
	1.1440523862838745
	1.144050121307373
	1.1440595388412476
	1.1440653800964355
	1.1440638303756714
	1.1440678834915161
	1.1440668106079102
	1.1440738439559937
	1.144076943397522
	1.1440801620483398
	1.144098162651062
	1.144108772277832
	1.1441121101379395
	1.1441172361373901
	1.1441298723220825
	1.1441344022750854
	1.1441441774368286
	1.1441447734832764
	1.1441543102264404
	1.1441640853881836
	1.1441705226898193
	1.1441712379455566
	1.144178032875061
	1.144185185432434
	1.1441856622695923
	1.1441847085952759
	1.1441930532455444
	1.1441982984542847
	1.1442090272903442
	1.144213318824768
	1.1442101001739502
	1.1442070007324219
	1.1442161798477173
	1.144221544265747
	1.1442248821258545
	1.1442314386367798
	1.144235610961914
	1.1442428827285767
	1.1442393064498901
	1.144240140914917
	1.1442464590072632
	1.1442593336105347
	1.14426589012146
	1.1442779302597046
	1.1442811489105225
	1.1442935466766357
	1.1442993879318237
	1.144315242767334
	1.144328236579895
	1.1443488597869873
	1.1443588733673096
	1.1443651914596558
	1.1443607807159424
	1.144365906715393
	1.1443718671798706
	1.1443781852722168
	1.1443909406661987
	1.1444066762924194
	1.1444118022918701
	1.1444342136383057
	1.1444504261016846
	1.144456148147583
	1.1444692611694336
	1.1444724798202515
	1.1444777250289917
	1.1444860696792603
	1.14449143409729
	1.144498348236084
	1.1444997787475586
	1.144507884979248
	1.1445163488388062
	1.144524335861206
	1.1445238590240479
	1.1445417404174805
	1.1445497274398804
	1.1445502042770386
	1.1445616483688354
	1.144576907157898
	1.144586443901062
	1.1445889472961426
	1.1445904970169067
	1.1446046829223633
	1.144612193107605
	1.1446179151535034
	1.144618034362793
	1.1446292400360107
	1.1446305513381958
	1.144640326499939
	1.1446423530578613
	1.1446505784988403
	1.1446560621261597
	1.1446568965911865
	1.1446731090545654
	1.1446808576583862
	1.1446927785873413
	1.1447057723999023
	1.1447125673294067
	1.1447097063064575
	1.1447118520736694
	1.1447203159332275
	1.1447232961654663
	1.1447319984436035
	1.1447328329086304
	1.1447347402572632
	1.1447373628616333
	1.1447474956512451
	1.1447510719299316
	1.1447612047195435
	1.144780158996582
	1.1447954177856445
	1.1448017358779907
	1.1448088884353638
	1.144816517829895
	1.1448177099227905
	1.1448158025741577
	1.1448345184326172
	1.144841194152832
	1.144844889640808
	1.1448501348495483
	1.1448472738265991
	1.144862174987793
	1.1448581218719482
	1.1448665857315063
	1.1448638439178467
	1.1448777914047241
	1.14487886428833
	1.1448875665664673
	1.1448954343795776
	1.1449120044708252
	1.1449131965637207
	1.1449165344238281
	1.144922137260437
	1.1449306011199951
	1.144927978515625
	1.144936442375183
	1.1449424028396606
	1.144944667816162
	1.1449533700942993
	1.1449700593948364
	1.144972801208496
	1.1449826955795288
	1.1449871063232422
	1.1449986696243286
	1.145007610321045
	1.145011305809021
	1.1450287103652954
	1.145025610923767
	1.1450474262237549
	1.1450531482696533
	1.145053744316101
	1.145064353942871
	1.1450741291046143
	1.1450868844985962
	1.1450973749160767
	1.1451078653335571
	1.1451102495193481
	1.1451202630996704
	1.1451343297958374
	1.1451431512832642
	1.1451520919799805
	1.145155906677246
	1.145159125328064
	1.1451596021652222
	1.1451586484909058
	1.1451656818389893
	1.1451762914657593
	1.1451948881149292
	1.1452069282531738
	1.1452171802520752
	1.145224928855896
	1.145240068435669
	1.1452425718307495
	1.1452525854110718
	1.1452584266662598
	1.1452620029449463
	1.1452786922454834
	1.1452885866165161
	1.1452897787094116
	1.145303726196289
	1.1453137397766113
	1.1453156471252441
	1.1453324556350708
	1.145331621170044
	1.1453299522399902
	1.1453266143798828
	1.1453319787979126
	1.1453418731689453
	1.145344853401184
	1.1453499794006348
	1.1453704833984375
	1.1453771591186523
	1.1453900337219238
	1.1454120874404907
	1.1454225778579712
	1.1454347372055054
	1.1454379558563232
	1.1454436779022217
	1.145444631576538
	1.1454497575759888
	1.1454768180847168
	1.1454901695251465
	1.1455003023147583
	1.145513653755188
	1.1455154418945312
	1.1455254554748535
	1.1455285549163818
	1.1455268859863281
	1.1455237865447998
	1.145532488822937
	1.1455450057983398
	1.1455494165420532
	1.1455602645874023
	1.1455689668655396
	1.145578145980835
	1.145585536956787
	1.145595908164978
	1.145601511001587
	1.1456049680709839
	1.1456208229064941
	1.1456327438354492
	1.1456421613693237
	1.1456496715545654
	1.14565908908844
	1.1456711292266846
	1.1456799507141113
	1.1456936597824097
	1.1456935405731201
	1.145700216293335
	1.1457158327102661
	1.1457120180130005
	1.1457258462905884
	1.1457316875457764
	1.1457252502441406
	1.1457297801971436
	1.1457377672195435
	1.145754337310791
	1.1457587480545044
	1.1457663774490356
	1.145777940750122
	1.1457875967025757
	1.1457887887954712
	1.1458032131195068
	1.1458144187927246
	1.1458094120025635
	1.1458200216293335
	1.1458269357681274
	1.14584219455719
	1.1458555459976196
	1.1458736658096313
	1.145882487297058
	1.145893931388855
	1.1458951234817505
	1.1458938121795654
	1.1459052562713623
	1.1459190845489502
	1.1459285020828247
	1.1459288597106934
	1.145943284034729
	1.1459590196609497
	1.1459754705429077
	1.145984411239624
	1.1459892988204956
	1.1460015773773193
	1.146010160446167
	1.1460257768630981
	1.1460436582565308
	1.1460471153259277
	1.1460691690444946
	1.1460813283920288
	1.1460950374603271
	1.1461018323898315
	1.1461131572723389
	1.1461234092712402
	1.1461372375488281
	1.146144986152649
	1.1461608409881592
	1.1461642980575562
	1.1461752653121948
	1.1461743116378784
	1.146173119544983
	1.14618980884552
	1.1461890935897827
	1.1462037563323975
	1.1462119817733765
	1.146217942237854
	1.1462337970733643
	1.1462420225143433
	1.1462509632110596
	1.1462677717208862
	1.1462777853012085
	1.1462841033935547
	1.1462912559509277
	1.1462959051132202
	1.1463028192520142
	1.1463172435760498
	1.1463334560394287
	1.1463427543640137
	1.1463596820831299
	1.146366000175476
	1.1463810205459595
	1.1463868618011475
	1.1463985443115234
	1.146409511566162
	1.1464227437973022
	1.146432876586914
	1.1464380025863647
	1.146450161933899
	1.1464611291885376
	1.1464760303497314
	1.1464810371398926
	1.1464858055114746
	1.14649498462677
	1.146502137184143
	1.1465184688568115
	1.1465280055999756
	1.1465442180633545
	1.1465518474578857
	1.1465703248977661
	1.1465750932693481
	1.1465842723846436
	1.1465880870819092
	1.1465994119644165
	1.1466144323349
	1.1466315984725952
	1.146648645401001
	1.1466474533081055
	1.1466491222381592
	1.1466648578643799
	1.1466830968856812
	1.1466892957687378
	1.146701693534851
	1.1467130184173584
	1.1467269659042358
	1.1467374563217163
	1.146741271018982
	1.1467459201812744
	1.1467608213424683
	1.1467766761779785
	1.1467880010604858
	1.146804690361023
	1.1468123197555542
	1.1468223333358765
	1.1468333005905151
	1.146836757659912
	1.1468440294265747
	1.1468685865402222
	1.1468801498413086
	1.1468942165374756
	1.1469142436981201
	1.1469227075576782
	1.146937370300293
	1.1469515562057495
	1.1469556093215942
	1.1469659805297852
	1.1469727754592896
	1.1469792127609253
	1.1469873189926147
	1.1470001935958862
	1.1470094919204712
	1.1470129489898682
	1.1470258235931396
	1.1470319032669067
	1.147042989730835
	1.1470485925674438
	1.1470565795898438
	1.1470638513565063
	1.1470744609832764
	1.1470941305160522
	1.1471052169799805
	1.1471152305603027
	1.1471267938613892
	1.147133708000183
	1.1471407413482666
	1.147156000137329
	1.1471651792526245
	1.147176742553711
	1.1471894979476929
	1.1472010612487793
	1.1472129821777344
	1.1472258567810059
	1.1472443342208862
	1.1472605466842651
	1.147282361984253
	1.1472994089126587
	1.1473119258880615
	1.1473153829574585
	1.1473325490951538
	1.1473392248153687
	1.1473404169082642
	1.1473462581634521
	1.1473602056503296
	1.147377848625183
	1.1473981142044067
	1.1474103927612305
	1.1474207639694214
	1.147437572479248
	1.1474531888961792
	1.1474556922912598
	1.1474722623825073
	1.1474813222885132
	1.1474831104278564
	1.147505283355713
	1.147510051727295
	1.1475239992141724
	1.1475317478179932
	1.1475517749786377
	1.1475636959075928
	1.147579312324524
	1.1475911140441895
	1.1475944519042969
	1.147603988647461
	1.147617220878601
	1.1476285457611084
	1.1476455926895142
	1.1476601362228394
	1.1476809978485107
	1.1476870775222778
	1.1476985216140747
	1.147708535194397
	1.147730827331543
	1.1477512121200562
	1.147760272026062
	1.147764801979065
	1.147779107093811
	1.1477950811386108
	1.1477999687194824
	1.1478118896484375
	1.1478219032287598
	1.147835612297058
	1.1478482484817505
	1.1478551626205444
	1.1478638648986816
	1.147881269454956
	1.1478959321975708
	1.1479051113128662
	1.1479270458221436
	1.1479352712631226
	1.1479572057724
	1.1479771137237549
	1.1479825973510742
	1.1479917764663696
	1.148000955581665
	1.1480002403259277
	1.1480050086975098
	1.1480189561843872
	1.1480379104614258
	1.1480435132980347
	1.148056149482727
	1.1480640172958374
	1.1480780839920044
	1.1480870246887207
	1.148102879524231
	1.14811110496521
	1.148119330406189
	1.1481293439865112
	1.148140788078308
	1.148163914680481
	1.1481729745864868
	1.1481878757476807
	1.148207426071167
	1.1482206583023071
	1.1482305526733398
	1.1482477188110352
	1.1482716798782349
	1.1482888460159302
	1.148301124572754
	1.1483107805252075
	1.1483120918273926
	1.1483160257339478
	1.1483334302902222
	1.1483415365219116
	1.1483511924743652
	1.148366928100586
	1.148376226425171
	1.148390293121338
	1.1483923196792603
	1.1484094858169556
	1.1484266519546509
	1.148444652557373
	1.1484546661376953
	1.1484813690185547
	1.1484885215759277
	1.148498296737671
	1.1485053300857544
	1.1485199928283691
	1.1485227346420288
	1.1485408544540405
	1.1485518217086792
	1.1485671997070312
	1.148587703704834
	1.1486096382141113
	1.1486181020736694
	1.1486262083053589
	1.1486467123031616
	1.1486467123031616
	1.1486468315124512
	1.1486482620239258
	1.148654818534851
	1.1486643552780151
	1.1486637592315674
	1.148683786392212
	1.148697018623352
	1.1487098932266235
	1.148720622062683
	1.1487360000610352
	1.1487421989440918
	1.1487497091293335
	1.148764967918396
	1.1487778425216675
	1.1487869024276733
	1.1488021612167358
	1.148817777633667
	1.1488381624221802
	1.1488416194915771
	1.1488558053970337
	1.1488633155822754
	1.148882508277893
	1.1488980054855347
	1.1489092111587524
	1.148923397064209
	1.1489325761795044
	1.1489412784576416
	1.1489540338516235
	1.1489677429199219
	1.148980975151062
	1.1489917039871216
	1.1490083932876587
	1.1490161418914795
	1.1490237712860107
	1.149039387702942
	1.1490514278411865
	1.1490644216537476
	1.1490732431411743
	1.1490803956985474
	1.1490904092788696
	1.1490949392318726
	1.1491072177886963
	1.1491237878799438
	1.1491304636001587
	1.1491400003433228
	1.149156093597412
	1.149176001548767
	1.1491831541061401
	1.1492033004760742
	1.1492244005203247
	1.1492308378219604
	1.1492435932159424
	1.1492542028427124
	1.1492677927017212
	1.1492704153060913
	1.149281620979309
	1.1492849588394165
	1.1492879390716553
	1.1493035554885864
	1.1493182182312012
	1.149332880973816
	1.1493381261825562
	1.1493449211120605
	1.14935302734375
	1.1493648290634155
	1.1493779420852661
	1.1493874788284302
	1.149404525756836
	1.149423599243164
	1.1494300365447998
	1.1494439840316772
	1.149444580078125
	1.1494516134262085
	1.1494635343551636
	1.1494604349136353
	1.1494697332382202
	1.1494852304458618
	1.149495005607605
	1.1495096683502197
	1.14951753616333
	1.1495248079299927
	1.1495355367660522
	1.1495399475097656
	1.1495459079742432
	1.149559497833252
	1.1495634317398071
	1.1495736837387085
	1.1495769023895264
	1.1496068239212036
	1.1496071815490723
	1.149631142616272
	1.1496398448944092
	1.149645447731018
	1.1496632099151611
	1.1496678590774536
	1.1496766805648804
	1.1496946811676025
	1.149706244468689
	1.1497173309326172
	1.1497317552566528
	1.1497408151626587
	1.1497470140457153
	1.1497654914855957
	1.1497828960418701
	1.1497920751571655
	1.1498064994812012
	1.149821400642395
	1.149825930595398
	1.1498322486877441
	1.1498385667800903
	1.149850606918335
	1.1498664617538452
	1.149886965751648
	1.1498963832855225
	1.149903655052185
	1.1499238014221191
	1.1499335765838623
	1.1499418020248413
	1.1499582529067993
	1.1499656438827515
	1.149979829788208
	1.150001049041748
	1.1500139236450195
	1.1500216722488403
	1.1500343084335327
	1.1500366926193237
	1.1500474214553833
	1.1500542163848877
	1.1500588655471802
	1.150071144104004
	1.150073766708374
	1.1500862836837769
	1.1500922441482544
	1.1501153707504272
	1.150131106376648
	1.1501315832138062
	1.1501479148864746
	1.1501516103744507
	1.1501688957214355
	1.1501809358596802
]