[
	0.94236159324646
	0.9422059655189514
	0.9420652985572815
	0.9419354200363159
	0.9417622089385986
	0.9416259527206421
	0.9414753317832947
	0.941338300704956
	0.9411914944648743
	0.9410428404808044
	0.9408907890319824
	0.9407458901405334
	0.9405985474586487
	0.9404604434967041
	0.9403021931648254
	0.940159797668457
	0.9400179386138916
	0.9398724436759949
	0.9397100210189819
	0.9395765066146851
	0.9394375085830688
	0.9392990469932556
	0.9391722083091736
	0.9390264749526978
	0.9388940930366516
	0.9387409090995789
	0.9386056661605835
	0.9384685158729553
	0.9383347630500793
	0.9381980299949646
	0.9380576610565186
	0.9379143714904785
	0.9377858638763428
	0.9376548528671265
	0.9375315308570862
	0.9374068379402161
	0.9372698664665222
	0.9371338486671448
	0.9370058178901672
	0.9368864297866821
	0.936755359172821
	0.9366228580474854
	0.9365020990371704
	0.9363726377487183
	0.9362463355064392
	0.9361147284507751
	0.9359803199768066
	0.9358370900154114
	0.9357166290283203
	0.935591459274292
	0.9354657530784607
	0.9353436827659607
	0.9352232813835144
	0.9350957274436951
	0.9349794983863831
	0.9348495602607727
	0.9347413182258606
	0.9346362352371216
	0.9345014691352844
	0.934390127658844
	0.9342731237411499
	0.9341578483581543
	0.934045672416687
	0.9339412450790405
	0.9338187575340271
	0.9337108135223389
	0.9335902333259583
	0.9334830045700073
	0.9333523511886597
	0.9332481026649475
	0.9331305027008057
	0.9330188035964966
	0.9328997731208801
	0.9328073859214783
	0.9326838850975037
	0.9325624108314514
	0.9324551224708557
	0.9323383569717407
	0.9322267770767212
	0.932107150554657
	0.9319802522659302
	0.9318737983703613
	0.9317699670791626
	0.9316633939743042
	0.9315513968467712
	0.9314340949058533
	0.9313478469848633
	0.9312418699264526
	0.9311533570289612
	0.9310516715049744
	0.9309273362159729
	0.9308249950408936
	0.9306954741477966
	0.930598795413971
	0.9304969310760498
	0.9303922057151794
	0.9302849173545837
	0.9301978349685669
	0.9300843477249146
	0.9299820065498352
	0.9298653602600098
	0.9297633171081543
	0.9296644926071167
	0.9295520782470703
	0.9294595122337341
	0.9293617010116577
	0.9292601943016052
	0.9291636943817139
	0.9290629029273987
	0.9289579391479492
	0.9288620948791504
	0.9287602305412292
	0.9286583065986633
	0.92856764793396
	0.9284811019897461
	0.9283885359764099
	0.9282992482185364
	0.9281885027885437
	0.9280814528465271
	0.9279741048812866
	0.9278823137283325
	0.9277872443199158
	0.927689254283905
	0.9276009202003479
	0.9275059700012207
	0.9274160265922546
	0.9273287653923035
	0.9272406697273254
	0.9271542429924011
	0.9270508289337158
	0.9269499778747559
	0.9268559217453003
	0.9267717599868774
	0.9266982078552246
	0.9266013503074646
	0.9265122413635254
	0.9264281988143921
	0.926341712474823
	0.9262475967407227
	0.9261677861213684
	0.9260806441307068
	0.9259873032569885
	0.9259017109870911
	0.9258055686950684
	0.925716757774353
	0.9256393313407898
	0.9255504608154297
	0.9254624843597412
	0.9253746271133423
	0.9252963662147522
	0.9252114295959473
	0.9251348376274109
	0.9250630736351013
	0.9249760508537292
	0.9248884320259094
	0.9248194694519043
	0.9247259497642517
	0.9246383309364319
	0.9245660305023193
	0.9244884252548218
	0.9243931174278259
	0.9243199825286865
	0.9242368936538696
	0.9241659641265869
	0.9240851402282715
	0.9240042567253113
	0.9239321351051331
	0.923854410648346
	0.9237645864486694
	0.9236785173416138
	0.9236198663711548
	0.9235507249832153
	0.9234828948974609
	0.9233905076980591
	0.9233201146125793
	0.9232422709465027
	0.9231449961662292
	0.923060417175293
	0.9229812622070312
	0.922904372215271
	0.922828197479248
	0.9227539896965027
	0.9226707220077515
	0.9226033687591553
	0.9225238561630249
	0.9224371910095215
	0.9223570227622986
	0.9222866892814636
	0.9222077131271362
	0.9221330881118774
	0.922052800655365
	0.9219617247581482
	0.9218812584877014
	0.9218006134033203
	0.9217401146888733
	0.921678900718689
	0.921615481376648
	0.9215478897094727
	0.921466052532196
	0.9213922023773193
	0.9213165044784546
	0.9212371706962585
	0.9211775660514832
	0.9210999608039856
	0.9210237264633179
	0.920939028263092
	0.9208600521087646
	0.920782208442688
	0.920713484287262
	0.9206358194351196
	0.9205607175827026
	0.9204950332641602
	0.9204323887825012
	0.9203516244888306
	0.9202785491943359
	0.9202018976211548
	0.92012619972229
	0.9200458526611328
	0.9199725389480591
	0.9199077486991882
	0.9198427200317383
	0.9197821021080017
	0.9197232723236084
	0.9196556210517883
	0.9196017384529114
	0.9195554852485657
	0.9194743037223816
	0.9194054007530212
	0.9193387627601624
	0.919288158416748
	0.919219970703125
	0.9191557765007019
	0.9190934896469116
	0.9190276861190796
	0.9189587831497192
	0.918897271156311
	0.9188280701637268
	0.9187594056129456
	0.9186995029449463
	0.9186287522315979
	0.9185546040534973
	0.9184893369674683
	0.9184339046478271
	0.9183511734008789
	0.9182965159416199
	0.9182417392730713
	0.9181789755821228
	0.9181143641471863
	0.9180546998977661
	0.9179911613464355
	0.9179201722145081
	0.9178547859191895
	0.9178096652030945
	0.9177446961402893
	0.9176833629608154
	0.9176191687583923
	0.9175608158111572
	0.9174941182136536
	0.9174304008483887
	0.9173800945281982
	0.9173213839530945
	0.9172632694244385
	0.9172020554542542
	0.9171348214149475
	0.9170745611190796
	0.9170060157775879
	0.9169454574584961
	0.9168844223022461
	0.9168273210525513
	0.9167616963386536
	0.9166958928108215
	0.9166297912597656
	0.916568398475647
	0.9165096879005432
	0.9164531230926514
	0.9163990616798401
	0.9163563251495361
	0.9163041710853577
	0.9162494540214539
	0.9161949753761292
	0.916136622428894
	0.9160817265510559
	0.9160299301147461
	0.9159665703773499
	0.9158996939659119
	0.9158313274383545
	0.9157693982124329
	0.9157130122184753
	0.9156615138053894
	0.9156044721603394
	0.9155495762825012
	0.9154909253120422
	0.9154483079910278
	0.9153943061828613
	0.9153478145599365
	0.9152953028678894
	0.9152280688285828
	0.9151787161827087
	0.9151198863983154
	0.9150681495666504
	0.9150172472000122
	0.9149642586708069
	0.9149119853973389
	0.91485595703125
	0.9147995710372925
	0.9147583246231079
	0.9146969318389893
	0.9146527647972107
	0.9146093726158142
	0.9145726561546326
	0.9145382642745972
	0.9144889712333679
	0.9144300222396851
	0.9143868088722229
	0.9143286943435669
	0.9142775535583496
	0.9142230153083801
	0.9141730666160583
	0.9141225814819336
	0.9140715003013611
	0.9140158891677856
	0.9139593243598938
	0.913901150226593
	0.9138569235801697
	0.9137957096099854
	0.9137500524520874
	0.9136979579925537
	0.9136383533477783
	0.913585364818573
	0.9135276675224304
	0.9134855270385742
	0.9134342074394226
	0.9133918881416321
	0.913349986076355
	0.9133062958717346
	0.9132440090179443
	0.9132039546966553
	0.9131683111190796
	0.9131144881248474
	0.9130733013153076
	0.9130173325538635
	0.9129595756530762
	0.9129064679145813
	0.9128544926643372
	0.912799596786499
	0.9127660393714905
	0.9127181172370911
	0.9126644134521484
	0.9126174449920654
	0.912575900554657
	0.9125305414199829
	0.912484347820282
	0.91243976354599
	0.9123905301094055
	0.9123413562774658
	0.9122939705848694
	0.9122501611709595
	0.9122048020362854
	0.9121543169021606
	0.912100076675415
	0.9120573997497559
	0.9120031595230103
	0.9119653105735779
	0.9119275212287903
	0.9118648767471313
	0.9118189215660095
	0.9117711782455444
	0.9117240905761719
	0.9116678833961487
	0.9116326570510864
	0.9115990996360779
	0.9115564227104187
	0.9115114808082581
	0.9114726781845093
	0.9114207625389099
	0.9113854169845581
	0.9113463163375854
	0.9112968444824219
	0.9112393260002136
	0.9112094640731812
	0.9111687541007996
	0.9111387729644775
	0.9110949635505676
	0.9110498428344727
	0.9110120534896851
	0.9109647870063782
	0.9109091758728027
	0.910871148109436
	0.9108268618583679
	0.9107714295387268
	0.9107362031936646
	0.9107016921043396
	0.910653293132782
	0.9106115698814392
	0.9105646014213562
	0.9105311036109924
	0.9104923605918884
	0.9104459285736084
	0.9104137420654297
	0.9103803038597107
	0.9103353023529053
	0.9102937579154968
	0.9102646112442017
	0.9102262258529663
	0.9101842641830444
	0.910148024559021
	0.9101100564002991
	0.9100746512413025
	0.9100381731987
	0.9100009202957153
	0.9099565148353577
	0.9099132418632507
	0.909873902797699
	0.9098339080810547
	0.9097945094108582
	0.9097628593444824
	0.9097301363945007
	0.9096996784210205
	0.909655749797821
	0.9096172451972961
	0.9095821976661682
	0.9095399379730225
	0.9095069766044617
	0.909462034702301
	0.9094271063804626
	0.909386932849884
	0.909344494342804
	0.9093033075332642
	0.9092644453048706
	0.9092218279838562
	0.9091785550117493
	0.9091380834579468
	0.9091100692749023
	0.909080982208252
	0.9090471267700195
	0.9090105891227722
	0.9089648723602295
	0.9089164733886719
	0.9088663458824158
	0.9088263511657715
	0.9087873101234436
	0.908760666847229
	0.9087241291999817
	0.9086901545524597
	0.9086583256721497
	0.9086142182350159
	0.9085801243782043
	0.9085431098937988
	0.9085034728050232
	0.9084651470184326
	0.9084243178367615
	0.908378005027771
	0.9083483219146729
	0.9083079695701599
	0.9082726836204529
	0.9082351922988892
	0.9081922769546509
	0.9081437587738037
	0.9081105589866638
	0.9080693125724792
	0.9080392718315125
	0.9080064296722412
	0.9079771637916565
	0.9079344868659973
	0.90789395570755
	0.9078720808029175
	0.9078461527824402
	0.9078050851821899
	0.9077833890914917
	0.907756507396698
	0.9077252745628357
	0.9076981544494629
	0.9076696634292603
	0.9076386094093323
	0.907607913017273
	0.9075764417648315
	0.9075375199317932
	0.9075084328651428
	0.9074752926826477
	0.9074417352676392
	0.9074061512947083
	0.9073739647865295
	0.907339870929718
	0.9073071479797363
	0.9072688221931458
	0.907240092754364
	0.9072037935256958
	0.9071576595306396
	0.9071138501167297
	0.907089352607727
	0.9070541858673096
	0.9070287942886353
	0.9069982171058655
	0.9069629311561584
	0.9069246053695679
	0.9068962931632996
	0.9068605899810791
	0.9068297147750854
	0.906791627407074
	0.9067725539207458
	0.9067291617393494
	0.9067039489746094
	0.9066806435585022
	0.9066604971885681
	0.9066177606582642
	0.9065854549407959
	0.9065483212471008
	0.9065184593200684
	0.9064964056015015
	0.9064521789550781
	0.906415581703186
	0.9063902497291565
	0.9063596725463867
	0.9063140153884888
	0.9062784314155579
	0.9062408804893494
	0.9062183499336243
	0.9061827659606934
	0.9061468243598938
	0.9061251282691956
	0.9060878753662109
	0.9060636758804321
	0.9060294032096863
	0.9059889316558838
	0.9059474468231201
	0.9059122800827026
	0.9058814644813538
	0.9058516621589661
	0.9058106541633606
	0.9057794213294983
	0.9057499766349792
	0.9057118892669678
	0.9056854844093323
	0.9056540131568909
	0.9056116342544556
	0.905583381652832
	0.9055631160736084
	0.9055465459823608
	0.9055151343345642
	0.905485987663269
	0.9054465889930725
	0.9054133892059326
	0.9053832292556763
	0.9053422808647156
	0.9053172469139099
	0.9052969813346863
	0.9052752256393433
	0.9052408337593079
	0.9052125215530396
	0.905178427696228
	0.9051597714424133
	0.9051346778869629
	0.9051048755645752
	0.9050835371017456
	0.9050557613372803
	0.9050332903862
	0.905013382434845
	0.9049787521362305
	0.9049503207206726
	0.9049258828163147
	0.9048842787742615
	0.9048495292663574
	0.9048274755477905
	0.9048037528991699
	0.9047817587852478
	0.9047540426254272
	0.904727041721344
	0.9047011733055115
	0.9046831727027893
	0.9046576619148254
	0.9046218395233154
	0.9045995473861694
	0.9045761823654175
	0.9045575261116028
	0.9045330286026001
	0.9045102000236511
	0.90449458360672
	0.9044637084007263
	0.9044312238693237
	0.9044031500816345
	0.904381275177002
	0.9043581485748291
	0.9043337106704712
	0.9043068885803223
	0.9042761921882629
	0.9042478203773499
	0.90421462059021
	0.9041765332221985
	0.9041486382484436
	0.9041200280189514
	0.9040919542312622
	0.9040740132331848
	0.9040579199790955
	0.9040300846099854
	0.9040029048919678
	0.9039739966392517
	0.9039382338523865
	0.9039116501808167
	0.9038879871368408
	0.9038686752319336
	0.9038337469100952
	0.9038020372390747
	0.9037727117538452
	0.9037443399429321
	0.9037135243415833
	0.9036840200424194
	0.9036573171615601
	0.9036290049552917
	0.9035977125167847
	0.9035804867744446
	0.9035496711730957
	0.9035241603851318
	0.9035003185272217
	0.9034704566001892
	0.9034490585327148
	0.9034212231636047
	0.9033827781677246
	0.9033476710319519
	0.9033206701278687
	0.9032917618751526
	0.9032712578773499
	0.9032381772994995
	0.9032062292098999
	0.9031823873519897
	0.9031441807746887
	0.9031211733818054
	0.9030975103378296
	0.9030705094337463
	0.9030433297157288
	0.9030132293701172
	0.9029911756515503
	0.9029550552368164
	0.9029340744018555
	0.9029011726379395
	0.9028846025466919
	0.9028589129447937
	0.9028304219245911
	0.902799665927887
	0.9027687311172485
	0.90274578332901
	0.9027196168899536
	0.90269935131073
	0.9026786684989929
	0.9026500582695007
	0.9026204943656921
	0.9025970101356506
	0.9025728702545166
	0.9025430679321289
	0.9025132656097412
	0.9024986624717712
	0.902470052242279
	0.902443528175354
	0.902410626411438
	0.9023842215538025
	0.9023606777191162
	0.9023335576057434
	0.902302622795105
	0.9022682905197144
	0.9022440314292908
	0.902228593826294
	0.9022011160850525
	0.9021710157394409
	0.9021480679512024
	0.9021092057228088
	0.9020819067955017
	0.9020551443099976
	0.902018666267395
	0.9020009636878967
	0.9019669890403748
	0.9019352197647095
	0.9019134044647217
	0.9018988013267517
	0.9018810987472534
	0.9018608927726746
	0.9018332362174988
	0.9018057584762573
	0.9017825126647949
	0.9017645120620728
	0.9017440676689148
	0.9017195701599121
	0.901697039604187
	0.9016791582107544
	0.9016668796539307
	0.9016366004943848
	0.9016133546829224
	0.9015889763832092
	0.901577889919281
	0.9015465378761292
	0.9015229344367981
	0.9014984965324402
	0.901473343372345
	0.9014561772346497
	0.9014356732368469
	0.9014118909835815
	0.9013928174972534
	0.9013621211051941
	0.901333749294281
	0.9013087749481201
	0.9012775421142578
	0.9012510180473328
	0.9012234210968018
	0.901202380657196
	0.9011814594268799
	0.9011582136154175
	0.9011279940605164
	0.901100218296051
	0.9010781049728394
	0.9010545015335083
	0.9010339379310608
	0.9010088443756104
	0.9009750485420227
	0.9009381532669067
	0.9009076952934265
	0.9008728265762329
	0.9008528590202332
	0.9008172154426575
	0.9007861614227295
	0.9007741212844849
	0.9007336497306824
	0.9007057547569275
	0.9006795287132263
	0.9006597995758057
	0.9006388783454895
	0.9006139636039734
	0.9005813598632812
	0.9005537033081055
	0.9005345702171326
	0.9005071520805359
	0.9004840850830078
	0.9004557728767395
	0.9004278182983398
	0.9003952741622925
	0.9003824591636658
	0.900356113910675
	0.9003362655639648
	0.9003146886825562
	0.9002985954284668
	0.9002813100814819
	0.9002683758735657
	0.9002359509468079
	0.9002049565315247
	0.9001873135566711
	0.9001731276512146
	0.9001495838165283
	0.900123119354248
	0.900088906288147
	0.9000697731971741
	0.9000552296638489
	0.9000197052955627
	0.8999961018562317
	0.8999714851379395
	0.8999582529067993
	0.8999421000480652
	0.8999249339103699
	0.8999156951904297
	0.8999000787734985
	0.8998852968215942
	0.8998586535453796
	0.8998392224311829
	0.8998174071311951
	0.8998042345046997
	0.8997904658317566
	0.8997648358345032
	0.8997427225112915
	0.8997149467468262
	0.8996915221214294
	0.8996672630310059
	0.8996370434761047
	0.899610698223114
	0.8995950222015381
	0.8995727896690369
	0.8995472192764282
	0.8995171189308167
	0.8994989991188049
	0.8994825482368469
	0.8994573950767517
	0.899431586265564
	0.8994061350822449
	0.8993821144104004
	0.899361252784729
	0.8993339538574219
	0.8993045091629028
	0.8992816805839539
	0.8992573022842407
	0.8992443084716797
	0.8992093205451965
	0.8991924524307251
	0.8991630673408508
	0.8991413116455078
	0.8991197943687439
	0.8990887999534607
	0.8990664482116699
	0.8990340828895569
	0.8990159630775452
	0.8989920020103455
	0.8989644646644592
	0.8989328145980835
	0.8989076614379883
	0.8988714218139648
	0.8988526463508606
	0.8988335132598877
	0.8988190293312073
	0.8987978100776672
	0.8987652659416199
	0.8987399935722351
	0.8987084627151489
	0.8986843824386597
	0.8986478447914124
	0.8986274600028992
	0.8986087441444397
	0.898581862449646
	0.8985540270805359
	0.8985342979431152
	0.8985028862953186
	0.8984893560409546
	0.8984770178794861
	0.8984624147415161
	0.8984460234642029
	0.8984259963035583
	0.8983896970748901
	0.89836585521698
	0.8983323574066162
	0.8983112573623657
	0.8982945680618286
	0.8982827663421631
	0.8982679843902588
	0.8982493281364441
	0.8982250094413757
	0.8982008695602417
	0.8981817960739136
	0.8981544375419617
	0.8981180787086487
	0.8980873227119446
	0.8980575203895569
	0.8980559706687927
	0.8980316519737244
	0.8980028629302979
	0.8979853987693787
	0.897964358329773
	0.8979488015174866
	0.8979251980781555
	0.8979111909866333
	0.8978896141052246
	0.8978726863861084
	0.8978472352027893
	0.897824764251709
	0.8977890610694885
	0.89777672290802
	0.8977609872817993
	0.8977469801902771
	0.8977313041687012
	0.8977178335189819
	0.8976908326148987
	0.8976665735244751
	0.8976426124572754
	0.8976151347160339
	0.8975932598114014
	0.8975862264633179
	0.8975691199302673
	0.8975368142127991
	0.8975110054016113
	0.8974838852882385
	0.8974657654762268
	0.89743572473526
	0.8974188566207886
	0.8974054455757141
	0.8973727822303772
	0.8973495960235596
	0.8973214030265808
	0.8972968459129333
	0.8972761631011963
	0.8972320556640625
	0.8972042202949524
	0.897175133228302
	0.8971540331840515
	0.8971331715583801
	0.8971039652824402
	0.8970738649368286
	0.8970586657524109
	0.8970387578010559
	0.8970100283622742
	0.8969858288764954
	0.8969594836235046
	0.8969433903694153
	0.8969200849533081
	0.8968955278396606
	0.8968720436096191
	0.8968461155891418
	0.8968247175216675
	0.896806001663208
	0.8967747688293457
	0.8967638611793518
	0.8967317342758179
	0.8967050313949585
	0.8966847062110901
	0.8966603875160217
	0.8966390490531921
	0.896614670753479
	0.896597146987915
	0.8965904116630554
	0.8965654969215393
	0.896555483341217
	0.8965322375297546
	0.8965049982070923
	0.896475076675415
	0.8964399099349976
	0.896418571472168
	0.8963995575904846
	0.896388590335846
	0.8963640332221985
	0.8963432312011719
	0.8963236808776855
	0.8962975740432739
	0.8962814807891846
	0.8962494730949402
	0.8962449431419373
	0.8962266445159912
	0.8962023854255676
	0.8961862921714783
	0.8961611390113831
	0.8961331844329834
	0.8961126208305359
	0.89609694480896
	0.8960750699043274
	0.8960576057434082
	0.896032452583313
	0.8960220217704773
	0.8960075974464417
	0.8959802985191345
	0.8959421515464783
	0.8959136009216309
	0.8958987593650818
	0.8958714604377747
	0.8958585262298584
	0.8958379626274109
	0.8958226442337036
	0.8958103656768799
	0.8957921862602234
	0.8957739472389221
	0.8957558870315552
	0.8957453966140747
	0.8957250118255615
	0.8957144021987915
	0.8956934809684753
	0.8956779837608337
	0.8956515789031982
	0.8956249952316284
	0.8956066966056824
	0.8955873847007751
	0.8955685496330261
	0.8955475687980652
	0.895513117313385
	0.8954980969429016
	0.8954747319221497
	0.8954520225524902
	0.8954192996025085
	0.8954025506973267
	0.895395040512085
	0.8953654170036316
	0.8953433036804199
	0.8953126668930054
	0.8952855467796326
	0.8952537775039673
	0.8952319622039795
	0.8952059745788574
	0.8951866626739502
	0.8951761722564697
	0.8951590061187744
	0.8951477408409119
	0.8951336145401001
	0.8951250314712524
	0.8950981497764587
	0.895072340965271
	0.8950405716896057
	0.8950057029724121
	0.8949910998344421
	0.8949629664421082
	0.894945502281189
	0.8949275612831116
	0.894913375377655
	0.8948990702629089
	0.8948827385902405
	0.8948659300804138
	0.8948386311531067
	0.8948273658752441
	0.8948119878768921
	0.8947872519493103
	0.8947715163230896
	0.8947516083717346
	0.8947303295135498
	0.8947067856788635
	0.8946849703788757
	0.894665002822876
	0.8946461081504822
	0.8946297764778137
	0.8946112990379333
	0.8945918679237366
	0.8945669531822205
	0.894541323184967
	0.8945212960243225
	0.8944973945617676
	0.8944746255874634
	0.8944571018218994
	0.8944428563117981
	0.8944306373596191
	0.8944070935249329
	0.8943848013877869
	0.8943739533424377
	0.8943480253219604
	0.8943242430686951
	0.8943012356758118
	0.8942763209342957
	0.8942562937736511
	0.8942407369613647
	0.8942152857780457
	0.8942016363143921
	0.8941790461540222
	0.8941425085067749
	0.894116997718811
	0.8940978050231934
	0.8940809369087219
	0.894059419631958
	0.8940402269363403
	0.8940197229385376
	0.8939982652664185
	0.8939832448959351
	0.8939734697341919
	0.8939530849456787
	0.8939273953437805
	0.8939062356948853
	0.8938776254653931
	0.893851637840271
	0.8938268423080444
	0.893816351890564
	0.8937926292419434
	0.8937584161758423
	0.8937473297119141
	0.8937219977378845
	0.8937029838562012
	0.893682062625885
	0.8936740159988403
	0.8936463594436646
	0.8936125636100769
	0.8935938477516174
	0.8935662508010864
	0.8935452699661255
	0.8935193419456482
	0.8935034275054932
	0.8934850692749023
	0.8934530019760132
	0.8934304714202881
	0.8934148550033569
	0.8934016227722168
	0.8933731913566589
	0.8933488726615906
	0.8933332562446594
	0.8933209180831909
	0.8932971954345703
	0.8932701349258423
	0.8932543396949768
	0.8932490348815918
	0.8932257890701294
	0.893216073513031
	0.8931953310966492
	0.8931782841682434
	0.8931596875190735
	0.8931431770324707
	0.8931146860122681
	0.8930981755256653
	0.893070638179779
	0.8930553793907166
	0.8930299878120422
	0.893003523349762
	0.892969012260437
	0.8929526805877686
	0.8929256796836853
	0.8929025530815125
	0.8928822875022888
	0.8928676843643188
	0.892852783203125
	0.8928319811820984
	0.8928195834159851
	0.8927843570709229
	0.8927669525146484
	0.8927565813064575
	0.8927332162857056
	0.8927178382873535
	0.8927022218704224
	0.8926713466644287
	0.8926390409469604
	0.8926169276237488
	0.8925991058349609
	0.8925824165344238
	0.8925613164901733
	0.8925544023513794
	0.8925367593765259
	0.8925225138664246
	0.892500638961792
	0.8924744725227356
	0.8924621343612671
	0.8924310803413391
	0.8924160599708557
	0.8923946022987366
	0.8923743963241577
	0.8923594355583191
	0.8923394680023193
	0.8923335075378418
	0.8923199772834778
	0.8923054337501526
	0.8922946453094482
	0.8922670483589172
	0.8922476768493652
	0.8922312259674072
	0.8922047019004822
	0.8921905159950256
	0.8921615481376648
	0.8921441435813904
	0.8921221494674683
	0.892095148563385
	0.8920761346817017
	0.8920537829399109
	0.8920422196388245
	0.892031729221344
	0.8920056819915771
	0.891990602016449
	0.8919646739959717
	0.8919355273246765
	0.8919230103492737
	0.8919035196304321
	0.8918871879577637
	0.8918805122375488
	0.8918653130531311
	0.8918501138687134
	0.8918218612670898
	0.8918083310127258
	0.8917851448059082
	0.8917664885520935
	0.8917348384857178
	0.891708493232727
	0.8916745185852051
	0.8916571140289307
	0.8916415572166443
	0.8916097283363342
	0.891577422618866
	0.8915625810623169
	0.8915412425994873
	0.8915258049964905
	0.8914963603019714
	0.8914887309074402
	0.8914742469787598
	0.891448974609375
	0.8914300799369812
	0.8914086222648621
	0.8913888335227966
	0.8913801312446594
	0.8913626670837402
	0.8913509845733643
	0.891335129737854
	0.8913174867630005
	0.8912950158119202
	0.8912650942802429
	0.8912522792816162
	0.8912301659584045
	0.8912015557289124
	0.8911794424057007
	0.891145646572113
	0.8911310434341431
	0.8911133408546448
	0.8910951614379883
	0.8910769820213318
	0.8910471200942993
	0.8910315632820129
	0.89100581407547
	0.890996515750885
	0.8909834623336792
	0.8909575939178467
	0.89094477891922
	0.8909234404563904
	0.8909133076667786
	0.8909011483192444
	0.8908881545066833
	0.8908668160438538
	0.8908470273017883
	0.8908361792564392
	0.8908154368400574
	0.8907825350761414
	0.8907719254493713
	0.8907540440559387
	0.8907328844070435
	0.8907132744789124
	0.8906927108764648
	0.8906837701797485
	0.8906728029251099
	0.8906508684158325
	0.8906224370002747
	0.890605628490448
	0.8905850648880005
	0.8905791640281677
	0.8905553817749023
	0.890518307685852
	0.890497088432312
	0.8904759287834167
	0.890460729598999
	0.8904337882995605
	0.8904229998588562
	0.8903945088386536
	0.8903722167015076
	0.8903576731681824
	0.8903383612632751
	0.8903126120567322
	0.8902936577796936
	0.8902602195739746
	0.890241265296936
	0.8902190923690796
	0.8901942372322083
	0.890177309513092
	0.8901687860488892
	0.8901495337486267
	0.8901379704475403
	0.8901225328445435
	0.8900938034057617
	0.8900735378265381
	0.8900443315505981
	0.8900244235992432
	0.8900139927864075
	0.8899919390678406
	0.8899742960929871
	0.8899621963500977
	0.8899524807929993
	0.8899284601211548
	0.8899037837982178
	0.8898891806602478
	0.8898628950119019
	0.8898440003395081
	0.8898167610168457
	0.8897935152053833
	0.8897772431373596
	0.8897519707679749
	0.8897303342819214
	0.8897085785865784
	0.8896856904029846
	0.8896616697311401
	0.8896498084068298
	0.8896321654319763
	0.8896062970161438
	0.8895882368087769
	0.889568030834198
	0.8895553350448608
	0.8895459175109863
	0.8895242810249329
	0.8894957900047302
	0.8894736170768738
	0.8894599080085754
	0.8894318342208862
	0.8894098997116089
	0.8893976211547852
	0.8893796801567078
	0.8893675804138184
	0.889339029788971
	0.8893107771873474
	0.8892925977706909
	0.8892737627029419
	0.8892489671707153
	0.8892332315444946
	0.8892088532447815
	0.8891991972923279
	0.8891775012016296
	0.8891643285751343
	0.8891502618789673
	0.8891472220420837
	0.8891213536262512
	0.8891016244888306
	0.8890758752822876
	0.8890509605407715
	0.8890330195426941
	0.8890166878700256
	0.8889985084533691
	0.8889908790588379
	0.8889820575714111
	0.8889591097831726
	0.888943076133728
	0.8889346122741699
	0.8889119029045105
	0.8888911604881287
	0.8888714909553528
	0.888846218585968
	0.8888317346572876
	0.8888132572174072
	0.8887956738471985
	0.888785183429718
	0.8887654542922974
	0.8887512683868408
	0.888727068901062
	0.888704776763916
	0.8886800408363342
	0.8886663913726807
	0.8886332511901855
	0.8886145353317261
	0.8886029720306396
	0.8885813355445862
	0.8885663151741028
	0.8885570168495178
	0.8885225057601929
	0.8885173201560974
	0.8885044455528259
	0.8884921073913574
	0.888479471206665
	0.8884569406509399
	0.8884376287460327
	0.888424813747406
	0.8884090781211853
	0.8883912563323975
	0.8883711099624634
	0.8883554339408875
	0.8883413076400757
	0.8883286118507385
	0.8883095383644104
	0.8882854580879211
	0.8882817029953003
	0.8882551193237305
	0.8882338404655457
	0.8882080316543579
	0.8881860375404358
	0.8881518244743347
	0.8881224393844604
	0.8880919218063354
	0.8880701065063477
	0.8880475163459778
	0.8880350589752197
	0.8880278468132019
	0.8880141377449036
	0.887995719909668
	0.8879722952842712
	0.8879440426826477
	0.8879283666610718
	0.8879034519195557
	0.8878844976425171
	0.8878601789474487
	0.8878422379493713
	0.887819766998291
	0.8878088593482971
	0.887798011302948
	0.8877792358398438
	0.8877531290054321
	0.8877368569374084
	0.887722909450531
	0.8877071142196655
	0.8876994848251343
	0.8876897096633911
	0.8876675963401794
	0.8876523375511169
	0.8876350522041321
	0.8876253962516785
	0.8876020312309265
	0.8875746726989746
	0.8875621557235718
	0.887559711933136
	0.8875356316566467
	0.8875263333320618
	0.8875113725662231
	0.8874834179878235
	0.8874703645706177
	0.8874539732933044
	0.8874284029006958
	0.8874086737632751
	0.8873967528343201
	0.8873728513717651
	0.8873501420021057
	0.8873289823532104
	0.8873049020767212
	0.8872992396354675
	0.8872738480567932
	0.8872560262680054
	0.8872344493865967
	0.8872240781784058
	0.8872090578079224
	0.887178361415863
	0.8871647119522095
	0.8871610760688782
	0.8871389627456665
	0.8871193528175354
	0.8870965838432312
	0.8870683908462524
	0.8870418667793274
	0.8870087265968323
	0.8869853615760803
	0.8869761228561401
	0.886970043182373
	0.8869591355323792
	0.8869407176971436
	0.8869343996047974
	0.886925220489502
	0.8869084715843201
	0.8868946433067322
	0.8868836164474487
	0.8868651986122131
	0.8868527412414551
	0.8868430852890015
	0.8868268132209778
	0.8868158459663391
	0.8868021368980408
	0.8867807984352112
	0.8867493271827698
	0.8867298364639282
	0.8867064714431763
	0.8866867423057556
	0.8866741061210632
	0.8866569399833679
	0.8866467475891113
	0.8866205215454102
	0.886597752571106
	0.886570394039154
	0.8865530490875244
	0.8865373134613037
	0.8865319490432739
	0.8865180611610413
	0.8864958882331848
	0.8864848017692566
	0.8864738345146179
	0.8864477872848511
	0.8864265084266663
	0.8863947987556458
	0.8863778114318848
	0.8863543272018433
	0.8863323330879211
	0.8863221406936646
	0.8863064050674438
	0.8862816691398621
	0.8862578272819519
	0.8862506151199341
	0.8862449526786804
	0.8862331509590149
	0.8862172961235046
	0.886201024055481
	0.8861876130104065
	0.886169970035553
	0.8861489295959473
	0.8861252665519714
	0.8860955834388733
	0.8860682845115662
	0.8860471248626709
	0.8860390186309814
	0.8860229849815369
	0.8860021233558655
	0.8859851360321045
	0.88596510887146
	0.8859356641769409
	0.8859136700630188
	0.8858984708786011
	0.8858774304389954
	0.8858675956726074
	0.8858559131622314
	0.8858256936073303
	0.8858182430267334
	0.885796308517456
	0.885779857635498
	0.8857679963111877
	0.885741651058197
	0.8857285380363464
	0.8857161998748779
	0.8857001066207886
	0.8856898546218872
	0.8856742978096008
	0.8856488466262817
	0.8856298923492432
	0.8856101632118225
	0.8856015205383301
	0.8855888247489929
	0.8855819702148438
	0.8855739831924438
	0.885558545589447
	0.8855312466621399
	0.8855061531066895
	0.8854809403419495
	0.8854644298553467
	0.8854482173919678
	0.8854343295097351
	0.8854331970214844
	0.8854167461395264
	0.8854014873504639
	0.8853962421417236
	0.885374128818512
	0.885360598564148
	0.8853453397750854
	0.8853179812431335
	0.8853029012680054
	0.885290801525116
	0.8852826952934265
	0.885275661945343
	0.8852491974830627
	0.8852284550666809
	0.8852075338363647
	0.8851985335350037
	0.8851731419563293
	0.8851643800735474
	0.8851419687271118
	0.8851304650306702
	0.8851121664047241
	0.8850870132446289
	0.885057806968689
	0.8850401639938354
	0.8850281238555908
	0.885023295879364
	0.8850069046020508
	0.8849867582321167
	0.8849664330482483
	0.8849542140960693
	0.884933590888977
	0.8849206566810608
	0.8849115371704102
	0.8848938345909119
	0.8848796486854553
	0.8848552107810974
	0.8848496079444885
	0.8848311305046082
	0.8848183751106262
	0.8847970962524414
	0.884787380695343
	0.8847591280937195
	0.8847380876541138
	0.8847261667251587
	0.884721040725708
	0.8847036957740784
	0.8846806287765503
	0.884662389755249
	0.8846522569656372
	0.8846386075019836
	0.8846413493156433
	0.8846290111541748
	0.8846169710159302
	0.884598433971405
	0.8845858573913574
	0.884562075138092
	0.8845397233963013
	0.8845242857933044
	0.884509801864624
	0.8845028877258301
	0.8844872117042542
	0.884489119052887
	0.8844707608222961
	0.8844582438468933
	0.8844433426856995
	0.8844316005706787
	0.8844139575958252
	0.8843986988067627
	0.8843661546707153
	0.8843502402305603
	0.884332001209259
	0.884307324886322
	0.8842825889587402
	0.8842607140541077
	0.8842426538467407
	0.884213924407959
	0.8841927647590637
	0.8841896653175354
	0.8841791749000549
	0.8841623663902283
	0.8841519951820374
	0.8841315507888794
	0.8841312527656555
	0.8841239213943481
	0.8841188549995422
	0.8841155171394348
	0.8841129541397095
	0.8841055631637573
	0.884095311164856
	0.8840765357017517
	0.8840726613998413
	0.8840587735176086
	0.884043276309967
	0.8840363621711731
	0.8840205073356628
	0.8840006589889526
	0.8839879035949707
	0.8839775919914246
	0.8839609026908875
	0.8839548826217651
	0.8839393854141235
	0.8839237093925476
	0.883899986743927
	0.8838816285133362
	0.883861243724823
	0.8838391900062561
	0.8838330507278442
	0.8838161826133728
	0.8838005661964417
	0.8837794661521912
	0.8837785124778748
	0.8837636113166809
	0.8837539553642273
	0.8837493062019348
	0.8837317824363708
	0.8837061524391174
	0.8836813569068909
	0.88365638256073
	0.8836377263069153
	0.8836223483085632
	0.8836051821708679
	0.8835912346839905
	0.8835852146148682
	0.8835727572441101
	0.8835558295249939
	0.8835586905479431
	0.8835468888282776
	0.8835411071777344
	0.8835304379463196
	0.8835152983665466
	0.8834949731826782
	0.8834863305091858
	0.8834661841392517
	0.8834474682807922
	0.8834284543991089
	0.8834239840507507
	0.8834075331687927
	0.8833872079849243
	0.8833802938461304
	0.8833678960800171
	0.8833509087562561
	0.8833445310592651
	0.8833378553390503
	0.8833154439926147
	0.8833011388778687
	0.8832759261131287
	0.8832522630691528
	0.8832470178604126
	0.8832306861877441
	0.8832083344459534
	0.8832008242607117
	0.8831868767738342
	0.8831759691238403
	0.8831608295440674
	0.8831459283828735
	0.883136510848999
	0.8831290006637573
	0.8831258416175842
	0.8831084966659546
	0.8830933570861816
	0.8830703496932983
	0.8830478191375732
	0.8830364942550659
	0.8830258250236511
	0.883009135723114
	0.8830017447471619
	0.8829761743545532
	0.8829641342163086
	0.8829511404037476
	0.882929265499115
	0.8829265236854553
	0.8829059600830078
	0.882888913154602
	0.8828725218772888
	0.8828586339950562
	0.8828540444374084
	0.8828449845314026
	0.8828299045562744
	0.8828105330467224
	0.8827875256538391
	0.8827752470970154
	0.882767915725708
	0.8827486038208008
	0.8827285766601562
	0.8827144503593445
	0.8827069997787476
	0.8826873302459717
	0.8826843500137329
	0.8826743960380554
	0.8826664686203003
	0.8826460838317871
	0.8826543688774109
	0.8826537132263184
	0.8826537728309631
	0.8826407790184021
	0.8826246857643127
	0.8826221823692322
	0.8826174139976501
	0.8826076984405518
	0.8825979232788086
	0.882590115070343
	0.8825717568397522
	0.8825652599334717
	0.882560670375824
	0.8825497627258301
	0.8825401067733765
	0.8825350403785706
	0.8825139403343201
	0.8825063705444336
	0.8824986815452576
	0.8824873566627502
	0.8824772238731384
	0.8824478387832642
	0.8824365139007568
	0.882423996925354
	0.8824170231819153
	0.8824045658111572
	0.8823893666267395
	0.8823726773262024
	0.8823621273040771
	0.882340133190155
	0.8823285102844238
	0.8823087215423584
	0.8823009729385376
	0.8822802305221558
	0.8822786211967468
	0.8822683095932007
	0.8822567462921143
	0.8822466135025024
	0.882227897644043
	0.8822097182273865
	0.8821975588798523
	0.8821834921836853
	0.8821661472320557
	0.8821477890014648
	0.8821282386779785
	0.8821263909339905
	0.882104754447937
	0.8820844292640686
	0.8820699453353882
	0.8820592761039734
	0.8820635676383972
	0.8820497393608093
	0.8820322155952454
	0.88201904296875
	0.8820081949234009
	0.8819961547851562
	0.8819904923439026
	0.8819811940193176
	0.8819819092750549
	0.8819606304168701
	0.8819474577903748
	0.8819319009780884
	0.881924569606781
	0.8819183111190796
	0.881911039352417
	0.8819025754928589
	0.8818883895874023
	0.8818742036819458
	0.8818655610084534
	0.8818507194519043
	0.8818391561508179
	0.8818219304084778
	0.8818175792694092
	0.8818095922470093
	0.8818076252937317
	0.88180011510849
	0.881788969039917
	0.8817840218544006
	0.8817743062973022
	0.8817538022994995
	0.8817364573478699
	0.8817341923713684
	0.8817283511161804
	0.8817136287689209
	0.881705105304718
	0.8816985487937927
	0.8817006945610046
	0.8816969394683838
	0.8816872239112854
	0.8816821575164795
	0.8816750049591064
	0.8816538453102112
	0.8816363215446472
	0.8816152215003967
	0.8816046118736267
	0.881592333316803
	0.881575882434845
	0.8815680742263794
	0.8815615177154541
	0.8815551996231079
	0.8815402984619141
	0.8815334439277649
	0.8815288543701172
	0.8815104961395264
	0.8815025687217712
	0.881489098072052
	0.8814848065376282
	0.8814831376075745
	0.8814719915390015
	0.8814632296562195
	0.8814507722854614
	0.8814459443092346
	0.8814346194267273
	0.8814250826835632
	0.8813976049423218
	0.8813786506652832
	0.8813711404800415
	0.8813540935516357
	0.8813433051109314
	0.8813276290893555
	0.8813198804855347
	0.8812955617904663
	0.8812863230705261
	0.8812761306762695
	0.8812529444694519
	0.8812413811683655
	0.8812271356582642
	0.8812097907066345
	0.8811966180801392
	0.8811826705932617
	0.8811689019203186
	0.881168782711029
	0.8811464309692383
	0.8811319470405579
	0.881127119064331
	0.8811163902282715
	0.881102442741394
	0.8810958862304688
	0.8810791969299316
	0.8810721635818481
	0.8810767531394958
	0.8810727000236511
	0.8810657262802124
	0.8810561895370483
	0.881041944026947
	0.8810292482376099
	0.8810189366340637
	0.8810162544250488
	0.8810138702392578
	0.8809980154037476
	0.8809893131256104
	0.8809711337089539
	0.8809604048728943
	0.8809507489204407
	0.8809472918510437
	0.8809311389923096
	0.8809300065040588
	0.880910336971283
	0.880890429019928
	0.8808857798576355
	0.8808845281600952
	0.8808740377426147
	0.8808767199516296
	0.8808696866035461
	0.8808675408363342
	0.8808544278144836
	0.8808435201644897
	0.8808271884918213
	0.88080894947052
	0.8807988166809082
	0.8807908296585083
	0.8807950019836426
	0.8807859420776367
	0.8807703852653503
	0.8807586431503296
	0.8807567954063416
	0.8807533979415894
	0.8807489275932312
	0.8807490468025208
	0.880750298500061
	0.880745530128479
	0.8807395100593567
	0.8807317614555359
	0.8807229995727539
	0.8807187080383301
	0.8807151317596436
	0.8807035684585571
	0.8806993961334229
	0.8806965947151184
	0.8806934356689453
	0.8806790709495544
	0.8806752562522888
	0.8806660175323486
	0.8806586861610413
	0.8806405663490295
	0.8806524276733398
	0.8806427121162415
	0.8806307911872864
	0.8806268572807312
	0.8806158900260925
	0.8805961608886719
	0.8805914521217346
	0.8805735111236572
	0.8805621266365051
	0.8805474638938904
	0.880541205406189
	0.8805306553840637
	0.8805227279663086
	0.8805124759674072
	0.8805100321769714
	0.8805024027824402
	0.8804855942726135
	0.8804750442504883
	0.8804712295532227
	0.880466878414154
	0.8804612755775452
	0.8804550766944885
	0.8804431557655334
	0.8804346919059753
	0.8804201483726501
	0.8804128766059875
	0.8804156184196472
	0.8804004192352295
	0.8804044127464294
	0.8804002404212952
	0.880391538143158
	0.8803761005401611
	0.8803710341453552
	0.8803649544715881
	0.8803589940071106
	0.8803610801696777
	0.8803558349609375
	0.8803316354751587
	0.8803088665008545
	0.8803018927574158
	0.8802831172943115
	0.8802711963653564
	0.880258321762085
	0.8802512288093567
	0.8802403807640076
	0.8802330493927002
	0.8802165985107422
	0.8802063465118408
	0.8801912665367126
	0.8801853656768799
	0.8801750540733337
	0.880164623260498
	0.8801588416099548
	0.8801612257957458
	0.880150556564331
	0.8801432251930237
	0.8801315426826477
	0.8801338076591492
	0.8801267743110657
	0.8801195621490479
	0.8801093697547913
	0.8801031112670898
	0.8800914883613586
	0.8800943493843079
	0.8800910115242004
	0.8800774216651917
	0.880071222782135
	0.8800758719444275
	0.8800651431083679
	0.8800479173660278
	0.8800374269485474
	0.8800323605537415
	0.880031406879425
	0.8800199627876282
	0.8800077438354492
	0.8800027966499329
	0.880007266998291
	0.879999577999115
	0.8799958229064941
	0.8799837231636047
	0.8799829483032227
	0.8799704909324646
	0.8799569606781006
	0.8799499869346619
	0.879929780960083
	0.8799211382865906
	0.8799160718917847
	0.8799017071723938
	0.8798958659172058
	0.8798831105232239
	0.879873514175415
	0.8798668384552002
	0.8798601627349854
	0.8798536658287048
	0.8798519372940063
	0.8798394203186035
	0.8798298835754395
	0.8798272013664246
	0.8798184990882874
	0.8798192143440247
	0.8798196315765381
	0.8798172473907471
	0.8798115849494934
	0.8798062801361084
	0.8797975778579712
	0.8797824382781982
	0.8797655701637268
	0.8797587752342224
	0.8797504305839539
	0.8797468543052673
	0.8797415494918823
	0.8797207474708557
	0.8797115683555603
	0.8797103762626648
	0.8796983957290649
	0.8796886801719666
	0.8796749114990234
	0.879675030708313
	0.8796650767326355
	0.8796629905700684
	0.8796461820602417
	0.8796426653862
	0.8796280026435852
	0.8796055316925049
	0.879586935043335
	0.8795728087425232
	0.8795590400695801
	0.8795574307441711
	0.8795534372329712
	0.8795574307441711
	0.8795452117919922
	0.8795409798622131
	0.8795374035835266
	0.8795421719551086
	0.8795346617698669
	0.8795230388641357
	0.8795141577720642
]