[
	0.941203461344314
	0.9412034613443194
	0.9412034613443603
	0.941203461353314
	0.9412034628044098
	0.9412035285860009
	0.9412183990038758
	0.9414441144022249
	0.9416546008159953
	0.9419355221814435
	0.9421992441857325
	0.9424085291805321
	0.9426236531740613
	0.9428641477836487
	0.9430812097837598
	0.943295100825363
	0.9434905475283668
	0.9436705553349631
	0.9438625283627371
	0.9440427771217518
	0.9442387991561747
	0.9444432280862586
	0.9446234662649146
	0.9448268730700551
	0.9450037713379442
	0.945184447228755
	0.9453603123826655
	0.9455247704262038
	0.9456821813747223
	0.945875355187328
	0.9460518810599551
	0.9462352712173977
	0.9464252979278667
	0.9465633911258529
	0.9467117746491537
	0.9468336378225238
	0.9469621715561176
	0.9471208934141828
	0.9472904281503064
	0.9474265986239051
	0.9475523113804881
	0.9476911264057453
	0.9478005893306449
	0.9479478497526717
	0.94809199403881
	0.9482116730248198
	0.9483156904553153
	0.9484480790229091
	0.9485737953255117
	0.9486836128090806
	0.94880758808779
	0.9489281411274133
	0.9490801237358295
	0.9491827199040618
	0.9492737730146432
	0.9493339418556863
	0.949424246522065
	0.9494988695959675
	0.9496005930526443
	0.949696729597434
	0.9498079614379585
	0.9499071207899614
	0.9499853594070604
	0.9501203220532651
	0.9501946183347951
	0.9502635215052908
	0.9503552985780935
	0.9504380366861738
	0.9505063088201585
	0.9505687983210912
	0.9506594352714879
	0.9507288374470241
	0.950799893360031
	0.9508872802904106
	0.9509545204586264
	0.9510259273445788
	0.9511012796682019
	0.9511650389138876
	0.9512349344380849
	0.9513115908789601
	0.9513591812384357
	0.9514179449633995
	0.9514813517411285
	0.9515639020838595
	0.9516268655943756
	0.9516922558014994
	0.9517776525817039
	0.9518446205879045
	0.9518794514353297
	0.9519365324982709
	0.951998507596685
	0.9520395252840569
	0.9520921651462456
	0.9521612622229964
	0.9522048871637597
	0.9522514616281597
	0.9523186737610054
	0.9523749585036558
	0.9524552413335178
	0.9525152900698441
	0.9525630713967786
	0.9526153613133971
	0.9526833641166219
	0.9527328898499932
	0.9527818392286991
	0.9528285887277629
	0.9528756955485991
	0.9529067219427138
	0.9529695191897491
	0.953002765358533
	0.9530399147282225
	0.9530771403578137
	0.9531088907349816
	0.9531529487342169
	0.953189279752403
	0.9532105093141416
	0.9532361637496533
	0.9532916631620856
	0.9533271180150895
	0.9533731337242202
	0.9533872252313038
	0.9534051270497721
	0.9534534043873335
	0.9534832814054851
	0.953527123308032
	0.9535634676705608
	0.953581042173999
	0.9536098311109448
	0.9536757519287414
	0.9536934247073898
	0.9537186203142012
	0.953727397334738
	0.953753711558967
	0.9537838605422307
	0.9538205035541851
	0.9538615504520122
	0.9539152332944086
	0.9539217973300527
	0.9539425912229063
	0.9539590436019577
	0.9540078901757627
	0.9540279744064811
	0.9540445040737807
	0.9540680930232273
	0.9540689637812041
	0.9540740375601138
	0.9540899722730897
	0.954104099016647
	0.9541424058350326
	0.9541565530185947
	0.9541693707297383
	0.954195434145925
	0.9542225827195179
	0.9542599338173728
	0.9543042892294749
	0.9543085419724381
	0.9543241920860321
	0.9543381187236861
	0.9543674636468173
	0.9543834779748407
	0.9543981602959155
	0.9544168170734273
	0.9544394064912185
	0.9544715386469346
	0.9544724010616173
	0.9544919484633081
	0.9544914874221659
	0.9545195510687559
	0.9545536986156383
	0.9545835005660577
	0.9545974857565758
	0.954612292019047
	0.9546237905371305
	0.954639120014532
	0.9546725897014099
	0.9547182770300686
	0.9547247073535595
	0.9547602789699112
	0.9547798861600406
	0.9547831464360681
	0.954780882533811
	0.954791287163805
	0.9548060710274241
	0.954816744402612
	0.9548102208775245
	0.9548177351271957
	0.9548162434141506
	0.9548536906850735
	0.9548702918454426
	0.9548851313855016
	0.9549015390091588
	0.9549408750916988
	0.9549718047337941
	0.9549919003234472
	0.9550223805644653
	0.955025701447653
	0.9550227174445163
	0.9550129579264753
	0.955009541435763
	0.9550084079651947
	0.955027084279934
	0.9550397865083989
	0.9550403461225027
	0.9550460403686601
	0.9550519310926693
	0.9550620358407685
	0.9550656757104646
	0.9550727636474151
	0.9550725336238279
	0.9551131520968253
	0.9551289651208209
	0.9551411954088719
	0.9551482013596915
	0.9551476665033038
	0.9551683981249945
	0.9551655087528895
	0.955179521523363
	0.9551853192027737
	0.9552022651462188
	0.9552221880069058
	0.9552325672387484
	0.9552369537116423
	0.9552436787617936
	0.9552787612224095
	0.9552813960098641
	0.9553024770105473
	0.9553117247474057
	0.955321064500238
	0.9553219606771176
	0.9553384688360458
	0.955347217503269
	0.9553434517902868
	0.9553556856496883
	0.9553560717078703
	0.9553956215371779
	0.95540275168724
	0.9553980675787705
	0.9553913279526667
	0.9553881025561561
	0.9553847987586015
	0.9553788286139964
	0.9553797045932919
	0.9553780381302251
	0.9553799874217923
	0.9553977244820322
	0.9554023688940099
	0.9554090450591937
	0.9554128719731706
	0.9554376602624514
	0.9554432461242693
	0.9554473625041809
	0.9554475258859202
	0.9554414695800484
	0.9554633206632003
	0.9554614214313416
	0.9554714487702916
	0.9554905975295531
	0.9554861541183786
	0.9554778668597401
	0.955491736176927
	0.9555045999992425
	0.9555063922125325
	0.9555000263314847
	0.9555023100246208
	0.9554983681509691
	0.9555099542227796
	0.955523276016055
	0.9555266765153525
	0.9555389838403449
	0.9555241842439185
	0.9555228894799667
	0.9555187331422736
	0.9555234425552128
	0.9555212191284587
	0.9555198024115797
	0.9555246639123035
	0.9555130356462781
	0.9555154265693636
	0.9555156046979176
	0.9555140924997684
	0.955529631453563
	0.955528357592411
	0.955535702440446
	0.955570518220892
	0.9555520445172053
	0.955568151909769
	0.9555630289131567
	0.9555680105646361
	0.955590180668556
	0.9555896100637945
	0.9555823184840737
	0.9555847391236192
	0.9555924717216882
	0.9556108795974442
	0.955612859552895
	0.9556134254930022
	0.9556059997830801
	0.9556042381325168
	0.9556116166234313
	0.9556136571827446
	0.9556170467111839
	0.9556192873763428
	0.9556284528690323
	0.955638194962787
	0.9556246108718575
	0.9556166859825612
	0.9556191997418204
	0.955616074901471
	0.9556370411181345
	0.9556342792469431
	0.955644477936769
	0.9556393339850511
	0.9556530869468804
	0.9556625376614535
	0.9556561905562327
	0.9556460766046532
	0.9556495983503339
	0.9556534435587779
	0.9556764120222874
	0.9556540172198674
	0.9556452095778339
	0.9556448994179892
	0.9556461977428112
	0.9556585833862224
	0.9556663717491674
	0.9556674133034564
	0.9556775482985416
	0.9556944487442157
	0.9557149805385275
	0.9556919973825603
	0.9556921958126118
	0.9556797893890729
	0.9556798055403953
	0.9556821015652206
	0.9556727153439588
	0.9556716792668845
	0.9556741754302027
	0.955696599407064
	0.9556957686248251
	0.9556908869463228
	0.9556992677125415
	0.9557063139733237
	0.9557097525932533
	0.9557260658209186
	0.9557305824482801
	0.9557245939478206
	0.9557390139049428
	0.9557380516616688
	0.955736905087245
	0.9557376110576086
	0.9557477245586151
	0.9557515349859096
	0.9557566401932398
	0.955793647149897
	0.9558068601938281
	0.9557991598109079
	0.9558012893247788
	0.9558126911543389
	0.9558179034761656
	0.9558163796005098
	0.9558067924751558
	0.9558026598120591
	0.9558036358050711
	0.9557968499515322
	0.9558075873878384
	0.9558163020378724
	0.9558222436203017
	0.9558247148432837
	0.9558140642261711
	0.955810924196383
	0.9558095029388094
	0.9558043208445741
	0.9558049302472621
	0.9557979201432485
	0.9558052608380191
	0.955794937122964
	0.955802598725522
	0.9558082033755005
	0.955809501105818
	0.9558070949355493
	0.9558034661926597
	0.9558156159279436
	0.955833286825271
	0.9558328990834569
	0.9558359475839783
	0.9558521179850675
	0.9558582018617293
	0.9558672256311755
	0.9558684129568099
	0.9558702331319968
	0.9558739448466105
	0.9558670621059281
	0.9558872433834029
	0.9558917081058991
	0.9558894249707542
	0.955891268921383
	0.9559115596923248
	0.9559215050672446
	0.9559160642263688
	0.9559198063805255
	0.9559221796618966
	0.9559289087688395
	0.9559222682625839
	0.9559113015522137
	0.9559332871464896
	0.9559294741386195
	0.9559211615984553
	0.9559241011455787
	0.9559316888570331
	0.9559448557901783
	0.9559524260077608
	0.9559545557373519
	0.9559670346796906
	0.9559657339068766
	0.9559570971240966
	0.955953595259556
	0.9559433284802654
	0.9559474951867418
	0.955935747637972
	0.9559631005600111
	0.9559551328740641
	0.9559519113670307
	0.9559551270748696
	0.9559526400955934
	0.9559508551330235
	0.9559655572148775
	0.9559580054869385
	0.9559519212058797
	0.9559556823762726
	0.9559568224608741
	0.9559489176466014
	0.9559351206427431
	0.9559255300030541
	0.9559451593574628
	0.9559446268012689
	0.9559246135675884
	0.9559384444899613
	0.9559379655779895
	0.9559578718435648
	0.9559623058166031
	0.9559540877495908
	0.9559483421159175
	0.9559519365657643
	0.9559490988497104
	0.9559504931264085
	0.9559580081135229
	0.9559561069737699
	0.955953052126977
	0.9559656305324352
	0.9559730003345424
	0.9559825988286227
	0.9559919997445615
	0.9559898895219281
	0.955999298139799
	0.9559913265707698
	0.955981833161805
	0.9559822534661813
	0.9559754000574725
	0.9559747582646935
	0.9559926178580777
	0.9559980416545962
	0.9560099772178986
	0.9560218809829324
	0.9560473061473127
	0.9560401579434599
	0.9560360919601336
	0.9560231810205965
	0.9560257721262954
	0.9560315700756682
	0.9560320497849807
	0.9560428214548035
	0.9560638721869773
	0.9560570458871018
	0.9560544745921178
	0.9560747906683504
	0.9560719703570397
	0.9560773494928266
	0.9560667325972866
	0.9560659464837583
	0.956060441141513
	0.9560603533445285
	0.9560555868272825
	0.95608008896536
	0.9560887254583414
	0.9560941498217729
	0.9560877899757729
	0.9560977494650438
	0.956112056016172
	0.9561181287819266
	0.9561419507643626
	0.956152122488171
	0.9561415439975955
	0.9561378713503202
	0.9561393550607055
	0.956128466829727
	0.9561255250453392
	0.9561215334044519
	0.9561283470426474
	0.9561425742939083
	0.956137704334425
	0.9561369803830536
	0.9561358870916945
	0.9561267045876042
	0.9561128754847296
	0.9561049401788868
	0.9560966666220548
	0.956106352642108
	0.9561072885536401
	0.9561171364732205
	0.9561254080697935
	0.9561145404079009
	0.9561234094197572
	0.956147210108552
	0.9561468427447771
	0.9561527371233411
	0.956167585186219
	0.9561628597504959
	0.9561576215613282
	0.9561561123813903
	0.9561517715634847
	0.9561667523032348
	0.9561944357979012
	0.9562029053767698
	0.9562122229709478
	0.9562120742858965
	0.9562193481724183
	0.956214096264832
	0.9562095726439954
	0.9562089505791014
	0.956215846210464
	0.9562143759747223
	0.9562169181976297
	0.9562175083444406
	0.9562163422182246
	0.9562176792078052
	0.9562247632251741
	0.9562246541184215
	0.9562256220205388
	0.9562351410961352
	0.9562237309403258
	0.9562159137132432
	0.9562126091536894
	0.9562096794549371
	0.9562138489137756
	0.9562189647838046
	0.9562273021198878
	0.9562386836590319
	0.9562256420650538
	0.9562270894663322
	0.9562235646051246
	0.9562357385152085
	0.9562363614219287
	0.9562377352777617
	0.9562401437542879
	0.956230476969453
	0.9562344587078512
	0.9562346850092089
	0.9562255529128624
	0.9562360076519002
	0.9562370665361498
	0.9562187773041876
	0.9562171520520528
	0.9562170954825793
	0.9562067588407422
	0.956207023090298
	0.956207972045684
	0.9561982959164523
	0.9561996825189917
	0.956195167537983
	0.9561898360925369
	0.9561960536201782
	0.9562035354841802
	0.9561976317267544
	0.956187691462857
	0.9561848790080307
	0.9561879699937295
	0.956195160736783
	0.9562016185225644
	0.9562100395391387
	0.9562064547165166
	0.9562114057113574
	0.9562106810624066
	0.956204490302607
	0.9562019058662675
	0.9561892522504003
	0.9561820968607283
	0.9561687099909908
	0.9561649240596553
	0.9561661898147477
	0.9561574114890418
	0.9561506654385359
	0.9561452535853994
	0.9561500537673101
	0.9561542889362235
	0.9561590758869102
	0.9561565448664955
	0.9561528877727608
	0.9561580983308822
	0.9561638047502592
	0.9561529144935402
	0.9561452799495105
	0.9561353905512372
	0.9561277706288198
	0.9561233917554268
	0.9561298138813829
	0.956126099160254
	0.9561148891199879
	0.9561209431574218
	0.9561160128168744
	0.956121039562981
	0.9561285377494487
	0.9561119250342696
	0.9561137206202673
	0.9561130329665657
	0.9561158870929447
	0.956125188846787
	0.9561210281127205
	0.9561281967070887
	0.9561121770702766
	0.9561388858343403
	0.9561452781363227
	0.9561392256411141
	0.9561323833549813
	0.9561236915328127
	0.9561193460175933
	0.9561133988546399
	0.95610330396643
	0.9561032250591098
	0.9561092564807713
	0.9561107256031178
	0.95610894755536
	0.9561133237160994
	0.9561247600785798
	0.9561220753209282
	0.9561134554373386
	0.9561098659774634
	0.9561104682276164
	0.9561154984162782
	0.956149595353266
	0.9561436063816336
	0.956135945419393
	0.9561360433198159
	0.9561277412875488
	0.9561416481838418
	0.9561335046846527
	0.9561640544703789
	0.9561579787877976
	0.9561524950135328
	0.9561420693567112
	0.9561463843436582
	0.9561505712286003
	0.9561484430179482
	0.9561396703424898
	0.956134529440762
	0.9561255544555955
	0.9561146080895967
	0.9561224982139662
	0.9561106724479078
	0.956108882833333
	0.9561242060087282
	0.9561197809044242
	0.9561265175694919
	0.9561191870620466
	0.9561191425686264
	0.9561235504601551
	0.9561159120018878
	0.9561142315251319
	0.9561320643913936
	0.9561248156312148
	0.9561412693557537
	0.9561400482212175
	0.9561329944060919
	0.9561282446844167
	0.9561208976547555
	0.9561204571527262
	0.9561163994817835
	0.9561106990531012
	0.9561058989545469
	0.9561177117082872
	0.9561307700106274
	0.9561349893376764
	0.9561356757506325
	0.9561370194434634
	0.9561357994084989
	0.9561278884052741
	0.9561144308414254
	0.9561368407990747
	0.9561368100233748
	0.9561605253469558
	0.9561521931684637
	0.9561817869328825
	0.9561780017336535
	0.956180074463988
	0.9561824484215866
	0.9561686618473608
	0.9561635333108733
	0.9561505657297776
	0.9561415953137395
	0.9561398846332644
	0.9561347348835967
	0.9561387906054899
	0.9561341250543774
	0.9561378829940824
	0.9561500907624606
	0.956144011856261
	0.9561431887732073
	0.9561536217661671
	0.9561660329311573
	0.9561623430061933
	0.956162173145027
	0.9561672408522376
	0.956151631355996
	0.9561410098268285
	0.9561462822381883
	0.9561465055961699
	0.9561661548110487
	0.956170994916219
	0.9561687151749878
	0.9561669324121014
	0.9561611542848035
	0.9561594578773545
	0.9561572913918727
	0.9561451496816394
	0.9561580634656973
	0.9561490051632971
	0.9561404450903346
	0.9561572340495932
	0.9561587934603885
	0.9561490959644134
	0.9561513559705496
	0.9561538422665766
	0.9561522029419697
	0.9561572584408313
	0.9561552129452235
	0.9561492046866382
	0.9561448460467793
	0.9561323654997962
	0.9561199920345793
	0.956119892339737
	0.9561136894142154
	0.9561107968775283
	0.9561089957580775
	0.9561115539004382
	0.9561050162119917
	0.9561082197426481
	0.9561062596042019
	0.9561079042346072
	0.9561129640784953
	0.9561103066666977
	0.9561049361544167
	0.9560885242978724
	0.9560778963374527
	0.9560866830950396
	0.9560912813369318
	0.956101158918307
	0.9561006338664748
	0.9560965773370013
	0.9561164611152608
	0.9561127673832034
	0.9561291674575653
	0.9561268439573851
	0.9561189495802433
	0.9561230902244604
	0.9561172191077131
	0.9561079252023666
	0.9561008428244143
	0.9560977360231677
	0.9560906529176766
	0.9560855495169819
	0.956074165388723
	0.956075519761949
	0.9560658821065386
	0.956065195495173
	0.9560725554980518
	0.9560895653274647
	0.9560721973502866
	0.956077269409799
	0.9560732261267352
	0.9560681329562685
	0.9560744621860783
	0.9560764740255577
	0.9560743192472694
	0.9560591730532103
	0.9560586191139722
	0.9560651216914852
	0.9560841117453774
	0.9560804076076773
	0.9560853295380878
	0.9560834270308801
	0.9560813432087333
	0.9560867964443258
	0.9560871843645435
	0.9560853546774329
	0.9560922075943727
	0.9560898684243339
	0.9560873057444198
	0.9560873681522506
	0.9560868855799225
	0.9560890319159661
	0.9560912553602136
	0.9561121416492819
	0.9561145350242773
	0.9561218744838886
	0.9561323334428742
	0.9561258576592636
	0.9561199949638002
	0.9561119246821989
	0.9561055098177532
	0.956104219089438
	0.9560950977331526
	0.9560888904609918
	0.9560945265730597
	0.9560886516666216
	0.9560833416992551
	0.956064494537696
	0.9560780723151608
	0.956074520136119
	0.9560706347224315
	0.956072771966019
	0.9560667165131267
	0.9560779326311002
	0.9560919459856645
	0.9561219074028259
	0.9561233254665995
	0.9561366480138672
	0.9561295436718475
	0.9561260748607945
	0.9561364843421002
	0.9561257450666512
	0.956112311017905
	0.95611462536004
	0.9561181478902313
	0.9561304737659981
	0.9561238586461718
	0.9561418804678776
	0.9561495685249941
	0.9561451872017025
	0.9561364319240592
	0.9561379054706197
	0.9561565058371886
	0.9561595309772526
	0.9561713983094935
	0.9561696749420002
	0.9561550546166814
	0.956166145767988
	0.9561602222120162
	0.9561593879815945
	0.9561573918083156
	0.9561567119597096
	0.956156466706749
	0.9561629304770588
	0.9561529103670463
	0.9561404981417727
	0.9561407221258231
	0.9561393424535223
	0.9561316292954712
	0.9561458779462484
	0.9561480452101917
	0.9561387714654638
	0.9561377225969966
	0.9561362007108414
	0.9561302836653944
	0.9561313738265289
	0.9561258189407185
	0.9561377188126385
	0.9561460991735743
	0.9561405559506158
	0.9561309617074857
	0.9561338596720034
	0.9561258378999025
	0.9561365581213308
	0.9561471579164458
	0.9561436049970577
	0.9561351555742273
	0.9561288565656331
	0.9561186051270761
	0.9561110869031456
	0.9561076039064068
	0.9560781070305724
	0.956086569452343
	0.9560956783090865
	0.9560924617324187
	0.9560931602531769
	0.9560933194616179
	0.9560953072517654
	0.9560943205302757
	0.956103052721625
	0.9560995945020143
	0.9560959465029645
	0.9560954667600904
	0.9560958556937155
	0.9560981002494414
	0.9560929520688111
	0.9560953649626192
	0.9560928050892205
	0.956083876673345
	0.9560872600453715
	0.9560973200278334
	0.9560954075129449
	0.9560958841311449
	0.9560815407244387
	0.9560859555635557
	0.9560844413817996
	0.9560955676819767
	0.9560858657030027
	0.9560999844392879
	0.9561142726270077
	0.9561084216869408
	0.9560985855644721
	0.956092630882333
	0.9560847682409372
	0.9560899217820457
	0.95608080935399
	0.9560975880747149
	0.956106006803868
	0.9561103792122438
	0.9561106147379864
	0.9561040686505637
	0.9561313118274496
	0.9561400205902771
	0.9561362631587685
	0.956137044539406
	0.9561400476343545
	0.9561384757630017
	0.9561314212089421
	0.9561240068126933
	0.9561263506702343
	0.9561207912113249
	0.9561199759263505
	0.9561163141759077
	0.9561106932832772
	0.9561148044158215
	0.95611604487428
	0.9561443104383158
	0.9561475097635287
	0.9561508748285557
	0.9561507295432025
	0.9561390411494748
	0.9561260820246555
	0.956122348341031
	0.9561208753301502
	0.9561195200198206
	0.9561178517877574
	0.9561227875540993
	0.956141658221627
	0.9561449379986161
	0.9561509504158509
	0.9561497216533891
	0.9561602356438759
	0.9561612072374102
	0.9561539822882109
	0.9561479902186133
	0.9561494627913592
	0.9561437131766627
	0.9561490027272019
	0.9561515334608794
	0.9561536028601626
	0.9561512077119173
	0.9561398155317427
	0.9561448734501863
	0.9561403412600654
	0.9561351497988457
	0.9561318032993601
	0.9561332700895772
	0.9561372691779847
	0.9561494118025533
	0.9561431276529995
	0.9561256536007278
	0.9561180394226696
	0.9561155997007365
	0.9561175020195046
	0.9561187665080912
	0.9561111507281085
	0.9561194335166439
	0.956128436898901
	0.9561472203498396
	0.9561434599268207
	0.9561385878523545
	0.9561274807145048
	0.9561223484986132
	0.9561174325844278
	0.9561105449894023
	0.9561013027582254
	0.9561013158150503
	0.9561050836872175
	0.9561253586748623
	0.9561230707525348
	0.9561248329410181
	0.9561176233202605
	0.9561065616431053
	0.9561030471748077
	0.9561090456869987
	0.9561091891927693
	0.9561127391489109
	0.9561067784171107
	0.9561140569496168
	0.9561124961175181
	0.9561166660225698
	0.9561163648192841
	0.9561133794344664
	0.9561195509631821
	0.9561157844859415
	0.9561290457821748
	0.956123936906762
	0.9561243488843572
	0.9561117985279848
	0.9561110228685115
	0.9561262956348027
	0.956133401561102
	0.9561187820479656
	0.9561273874469081
	0.9561403693702053
	0.9561517854773744
	0.9561630388383058
	0.9561573558393157
	0.9561498940749551
	0.9561528095675255
	0.9561507995362025
	0.9561667292701107
	0.9561676405296515
	0.9561682155915728
	0.9561713125989483
	0.9561735368694966
	0.9561783409297528
	0.9561882320973003
	0.9561857195431784
	0.9561719233188016
	0.9561699050096432
	0.9561697991498394
	0.9561672344830004
	0.9561628787282889
	0.9561584847216225
	0.9561545070775812
	0.9561523153888225
	0.956147886470066
	0.9561501788002125
	0.9561494944907881
	0.9561523313579205
	0.9561582625973344
	0.9561764441590553
	0.9561721946523795
	0.9561656954297176
	0.956160672202653
	0.9561621006325626
	0.9561594777686608
	0.9561645560270507
	0.9561554582032608
	0.956151597625002
	0.9561402785153884
	0.9561465612861163
	0.9561465699904201
	0.9561423685961227
	0.9561345487244804
	0.9561342694143593
	0.9561296162948693
	0.9561381271759605
	0.9561411581828435
	0.9561464391744221
	0.9561416560540424
	0.956138807142933
	0.9561444760965514
	0.9561400711570066
	0.956130466702012
	0.9561307842799986
	0.9561222858679155
	0.9561280407325298
	0.9561449010058053
	0.956144796446716
	0.9561451602695971
	0.9561448085919605
	0.9561373016156578
	0.9561315708114609
	0.9561259402193653
	0.956120569065511
	0.956120787356866
	0.9561202653305771
	0.9561243618370655
	0.9561213574890214
	0.9561270602678842
	0.956113832169413
	0.956116573513496
	0.9561116351121508
	0.9561124961301598
	0.956105117947697
	0.9561012107817933
	0.9561061529315986
	0.9561106169258945
	0.9560991166036727
	0.9560979796691323
	0.9560903667704517
	0.9560923476138377
	0.9561086358482278
	0.9561106987150875
	0.956111090809575
	0.9561059044548132
	0.9561010220580946
	0.9561030493053044
	0.9560994605557219
	0.9561006411053213
	0.9561103555029917
	0.956118561388302
	0.9561209399020223
	0.9561325715702078
	0.9561326573978912
	0.9561336141416747
	0.9561309450409985
	0.9561324375959789
	0.956131902517453
	0.9561189944760832
	0.9561208111221874
	0.9561196597304555
	0.9561225118585753
	0.9561219229329694
	0.9561150997464786
	0.9561160071260387
	0.9561163351270516
	0.9561072998699552
	0.9560976647327475
	0.9560966604170374
	0.9560930497120809
	0.9560963992591645
	0.9560855705478163
	0.9560935638303325
	0.9560908783131193
	0.9560870007016529
	0.9560934145410217
	0.9560890043968082
	0.9560816862528074
	0.9560750041937234
	0.9560802890932958
	0.9560915617825162
	0.956087163143467
	0.9560821679463644
	0.9560856283630189
	0.9560843520592117
	0.9560878130136281
	0.9560812620531225
	0.9560933548914317
	0.956090566114585
	0.9560986672317
	0.9561004885788933
	0.956101252946012
	0.9560984847135728
	0.9561046796875711
	0.9561020888732124
	0.9561107677240257
	0.956101906011071
	0.9561019980932529
	0.9561043973726271
	0.9560948937478144
	0.9561058990562469
	0.9561267135586479
	0.9561207061626614
	0.9561246278779825
	0.9561285022988398
	0.9561248653291899
	0.9561279399714254
	0.9561191064661162
	0.9561055750070958
	0.9561050888836907
	0.9561079155940803
	0.9561229193520352
	0.9561095098535967
	0.9561383543232509
	0.9561335306740381
	0.956140714886048
	0.9561469913177605
	0.9561639910177603
	0.9561829691254559
	0.9561897270340981
	0.9561831206754319
	0.9561928619800503
	0.9561894835379703
	0.956198003638626
	0.9561994048770861
	0.9562054376453247
	0.9562066110577508
	0.956199152339327
	0.9561954326128927
	0.9561898100033419
	0.9561834305494579
	0.9561839499624879
	0.9561830238203526
	0.9561821667348684
	0.9561741118637941
	0.9561763250117822
	0.9561860630437079
	0.9561836917339935
	0.9561870969721273
	0.9561834281341236
	0.9561869840512296
	0.9561838165089646
	0.9561821253567349
	0.9561783649739989
	0.9561805056525646
	0.9561661327758556
	0.9561648520583578
	0.9561625798823468
	0.9561650834973193
	0.9561606750360113
	0.9561633912085963
	0.9561694545447443
	0.9561751440444569
	0.9561767635897296
	0.9561757300954598
	0.956180064018486
	0.9561884619092487
	0.9561950147242227
	0.9562027743875577
	0.9561925487677865
	0.956188188372087
	0.9561923148028756
	0.9561985950710533
	0.9561952656583191
	0.9562057129258201
	0.9562078482288471
	0.9562124097832355
	0.9562159959597449
	0.9562194094174813
	0.956217598185166
	0.9562026097295636
	0.9561992286526376
	0.9561887855832036
	0.9561938414938382
	0.9561943198634725
	0.956185416100355
	0.9561833833545235
	0.9561911126648696
	0.9561897787877217
	0.9561846226071549
	0.9562004799936482
	0.9562114631082033
	0.9562008154889201
	0.9561994887684963
	0.9561955544023465
	0.956199596742995
	0.9562042887422464
	0.9562115291138563
	0.9562121784998925
	0.9562075448248406
	0.9562148420323222
	0.956212835883666
	0.9562089434357336
	0.9562191194841902
	0.9562307946919488
	0.9562247306835587
	0.9562298971579521
	0.9562325596353881
	0.9562316216184895
	0.9562356491940684
	0.9562318868900495
	0.9562232243835483
	0.9562165720390896
	0.9562094824926283
	0.9562170278101263
	0.9562107558090576
	0.9562059222474127
	0.9562093240933713
	0.9562116218927702
	0.9562055944083414
	0.9562099444547347
	0.9562113579336962
	0.9562087028683912
	0.9562099166533099
	0.956203519395713
	0.9561987800398348
	0.9562000876779599
	0.9562026390497458
	0.9561974619861485
	0.9561927135819175
	0.9561886156045171
	0.9562041484089914
	0.9562009473549011
	0.9561999222345136
	0.9561991497818756
	0.9562119133941919
	0.9562069961104604
	0.9562071247484201
	0.9562009902186798
	0.9562032497492978
	0.956201687178307
	0.9562045521993257
	0.9562039161946678
	0.95620863628737
	0.9562176955473174
	0.9562416825642994
	0.9562456608458353
	0.9562430887027951
	0.956237772456613
	0.9562375215644856
	0.9562412425078755
	0.9562331114917376
	0.9562293750981645
	0.9562462509039321
	0.9562464443108261
	0.9562402834338501
	0.956239578775264
	0.9562466595999379
	0.9562499262559447
	0.9562492904626089
	0.9562419940073927
	0.9562380233171959
	0.9562361445254222
	0.9562323547855234
	0.9562252962729474
	0.9562250246024252
	0.9562335141054399
	0.9562436493086102
	0.9562510551484179
	0.956249407510201
	0.9562494901503599
	0.9562490168239569
	0.9562450152130488
	0.9562554110368757
	0.9562611970707486
	0.9562519513403761
	0.9562680746584256
	0.9562654928463187
	0.9562623064200422
	0.9562618496603478
	0.9562605916004336
	0.9562553757808475
	0.9562402396839639
	0.9562438733428548
	0.956243810649586
	0.9562374298169606
	0.9562320101530273
	0.9562253577749132
	0.9562206943276766
	0.9562328991805514
	0.9562482656586149
	0.9562447972735011
	0.9562539119416603
	0.9562500335698753
	0.956237210437938
	0.9562470162693967
	0.9562580095536907
	0.9562669764483059
	0.9562674580241981
	0.9562744661490723
	0.9562754394354614
	0.9562787942314754
	0.9562743721909605
	0.9562846542356795
	0.9562848378128398
	0.9562839762953182
	0.9562807083070858
	0.956280908648404
	0.9562859862353713
	0.9562739808419884
	0.9562727870439026
	0.956270103775762
	0.9562660277473587
	0.9562577123648258
	0.9562613252940013
	0.9562586035191667
	0.9562544571718364
	0.9562590052716994
	0.9562649567510999
	0.9562725797907454
	0.9562688019222846
	0.9562772862872895
	0.9562708579335285
	0.9562758583839528
	0.9562757308784994
	0.9562766385475676
	0.9562772359329934
	0.9562744976095675
	0.9562672869021455
	0.9562571220218832
	0.9562566271146189
	0.9562536863572145
	0.9562606250791335
	0.9562551314163681
	0.9562486916777232
	0.9562632188582634
	0.9562723850179392
	0.9562681745671887
	0.9562679254942228
	0.9562745514574604
	0.9562739911482638
	0.9562630638238907
	0.9562601104350396
	0.9562487679717443
	0.9562481310780739
	0.9562526498563519
	0.9562451080197277
	0.9562386594603355
	0.9562372598089811
	0.9562430057909092
	0.9562429530943624
	0.9562444738963806
	0.9562370639959311
	0.9562333110023447
	0.9562359378370611
	0.9562324909401907
	0.956227687986042
	0.9562314061203118
	0.9562370274198385
	0.9562306384686151
	0.9562315521999701
	0.956234367200104
	0.9562347619889289
	0.9562391876248851
	0.9562354346391081
	0.9562340598522318
	0.9562320523070128
	0.9562413468681138
	0.9562362765314609
	0.9562404850495435
	0.9562457421434323
	0.9562439393630878
	0.9562457490299683
	0.9562487895225873
	0.9562480163218169
	0.9562479564175274
	0.9562392565598412
	0.9562368068780038
	0.956230311343015
	0.9562294774697233
	0.9562259028156647
	0.95622696743188
	0.9562279279992183
	0.9562303349889087
	0.9562217038734109
	0.9562449488611386
	0.9562425066325401
	0.9562451015312302
	0.9562403151306312
	0.9562366790038126
	0.9562323734270339
	0.9562248720769019
	0.9562263456585471
	0.956221309974381
	0.9562171576444142
	0.9562169581593395
	0.9562221560937508
	0.9562199097094494
	0.9562190214456555
	0.9562098279246573
	0.9562018828395273
	0.9561945882842423
	0.9561948836974011
	0.9561968415007019
	0.956195385638325
	0.9561866046658325
	0.9561892426698377
	0.9561998918639675
	0.9561960229783838
	0.9561980110949101
	0.9561979282052768
	0.9562044191570765
	0.9562008668983646
	0.9561959181621481
	0.9562089182256372
	0.9562062136722589
	0.9562171243991275
	0.9562280821000898
	0.9562303005180547
	0.9562268448960607
	0.9562125615669237
	0.9562122292804535
	0.9562062653184543
	0.9562081796224325
	0.9562130365831737
	0.9562106630647381
	0.9562096633050727
	0.9562029922615178
	0.9561947728683704
	0.956199007703004
	0.9562070617172863
	0.9562018389324943
	0.9562065632421287
	0.9562059942747176
	0.9561965000538202
	0.9562005072599613
	0.9561851094382293
	0.9561889887845944
	0.9561880704763666
	0.9561964344388362
	0.9561957046126297
	0.9561997283674784
	0.9561997514908915
	0.9562153942169356
	0.9562092934053245
	0.9562132301756323
	0.9562070723819216
	0.9561982746257233
	0.9562023760090939
	0.9562039032098963
	0.956205704252722
	0.9562061397200621
	0.9561938852441265
	0.9561951187238253
	0.9561989415286036
	0.9561961326471639
	0.9561937014562749
	0.9561899263936595
	0.9561923019318025
	0.9561919031481051
	0.9561923964773508
	0.9561906101382815
	0.956190295457838
	0.9561928169790678
	0.9561942608279591
	0.9561934696691192
	0.9561970226268525
	0.9561943893646833
	0.9561918878569068
	0.9561993093834953
	0.9562133552032568
	0.9562125927487493
	0.956221244016558
	0.9562245318140777
	0.9562220963921889
	0.9562283954499959
	0.9562260692416511
	0.9562252490368749
	0.9562230785291614
	0.9562196500069531
	0.9562205669566471
	0.9562430766036026
	0.956246963372027
	0.9562484284562749
	0.9562538405476426
	0.9562574667520707
	0.9562544539212743
	0.9562572343968566
	0.9562573190440927
	0.9562549271992109
	0.9562503238741088
	0.9562505946719553
	0.9562564383993946
	0.956264079626072
	0.9562666803973451
	0.9562512007021996
	0.9562467730877404
	0.9562508579981905
	0.9562544941231759
	0.9562614084853845
	0.9562608015586653
	0.956264475740375
	0.9562726656476409
	0.9562790055901973
	0.9562710601222544
	0.9562707962207116
	0.9562653268971733
	0.9562605332955944
	0.956269747876606
	0.9562638202162181
	0.9562783927571205
	0.95627959790095
	0.9562800859922057
	0.9562714310800527
	0.9562697952634396
	0.9562751171842632
	0.956275680616355
	0.9562711795869296
	0.9562635669603738
	0.9562626921822416
	0.9562673867805207
	0.9562671261430117
	0.9562620642074083
	0.9562693322619972
	0.9562682021441565
	0.9562615647513985
	0.9562608014473516
	0.95626896361325
	0.9562642612644842
	0.9562679655472511
	0.9562617727388305
	0.9562627634451248
	0.9562642786753408
	0.956265323034685
	0.9562672026118991
	0.9562715505867521
	0.9562683590985385
	0.9562638572031772
	0.9562682472289508
	0.956279207177418
	0.9562678595473374
	0.9562627509320156
	0.9562616020079007
	0.9562628125049369
	0.9562557390617996
	0.9562618207259028
	0.9562691942428562
	0.9562737605097418
	0.956269092853142
	0.956273350820894
	0.956267452137562
	0.9562704213475028
	0.9562646204659372
	0.9562648983958071
	0.9562611599221676
	0.9562689962721179
	0.9562606805683939
	0.9562608216253718
	0.9562781726985567
	0.9562959217401475
	0.9563037959513542
	0.9562957895947685
	0.9562952942741707
	0.9562951734277717
	0.9563202987507093
	0.9563143693020676
	0.9563184480909798
	0.9563241146493432
	0.9563244181576175
	0.9563193834712619
	0.9563240312914661
	0.956333920395269
	0.9563320134075851
	0.9563422548905957
	0.9563400732017485
	0.9563450823713427
	0.9563460420765519
	0.9563414693223736
	0.9563404137318084
	0.9563340849901454
	0.9563346750956953
	0.9563211709358616
	0.9563219194483882
	0.9563220332840412
	0.9563276021158216
	0.9563283406162099
	0.9563264406338877
	0.9563240370676508
	0.9563190632279263
	0.9563157405210321
	0.9563103256218711
	0.9563108308662209
	0.9563194929774048
	0.9563138624514455
	0.9563141567553518
	0.9563180084107752
	0.9563195549964637
	0.9563159463872383
	0.9563066513146615
	0.9563089373910091
	0.9563122120076706
	0.9563133719520338
	0.9563216612728714
	0.9563140832172337
	0.9563147550701827
	0.9563162766822173
	0.9563140843270007
	0.9563049165685503
	0.9563009714249234
	0.9562925526055669
	0.9563013434962154
	0.9563031595763679
	0.9562980254000636
	0.9563069922523595
	0.95631994541299
	0.9563240454366457
	0.9563183519921999
	0.9563220744243166
	0.9563131505051309
	0.9563118051552226
	0.9563123889679558
	0.9563397838085888
	0.9563334624956138
	0.9563381650973988
	0.95633390344158
	0.956330523242962
	0.9563312306645584
	0.9563283570667804
	0.9563300509411928
	0.9563342807426708
	0.9563305853288536
	0.9563379494336365
	0.9563404915493933
	0.9563464130412171
	0.9563375747396498
	0.9563305367698817
	0.9563236684035463
	0.9563195977477223
	0.9563238836252377
	0.9563169032861163
	0.956324089153709
	0.9563213781812412
	0.9563147923074083
	0.9563260590388905
	0.9563244778848291
	0.9563222571672703
	0.9563169383831448
	0.9563261211837362
	0.9563304666100914
	0.9563272002776984
	0.9563259881314191
	0.956316954977968
	0.9563139362083554
	0.9563131034744567
	0.9563053851451819
	0.9563106675773771
	0.9563150319002386
	0.9563164525174362
	0.956313355932653
	0.9563171268045704
	0.9563412851202386
	0.9563400910026574
	0.9563327884941166
	0.9563269166306714
	0.9563279358563319
	0.9563191414459625
	0.9563219567095166
	0.9563202417719202
	0.9563141700826506
	0.9563164419061132
	0.9563248483924478
	0.9563160932544383
	0.9563141718944793
	0.9563181783142229
	0.9563213353643742
	0.956323718924402
	0.9563174918488145
	0.9563278228326492
	0.9563191432462095
	0.9563156664647013
	0.9563176960991615
	0.9563126335564476
	0.9563204460450183
	0.9563189454725619
	0.956322036063571
	0.956319923475518
	0.9563204339743572
	0.9563249920125613
	0.9563216209224238
	0.9563254246264946
	0.9563287202824435
	0.9563298176478193
	0.956331833718174
	0.9563321560336282
	0.956330243718218
	0.9563285481225244
	0.9563296197778022
	0.9563329798918606
	0.9563321289116936
	0.9563430638740285
	0.9563433744167689
	0.9563444071758743
	0.956335179803898
	0.956328689511897
	0.9563247942116563
	0.9563160430654016
	0.9563019422434664
	0.9562959422375011
	0.9562910087002074
	0.9562870538468851
	0.9562905637947524
	0.9562902843213199
	0.9562909031353349
	0.9563074751620237
	0.9563088776540619
	0.95630549524525
	0.956305358469758
	0.9563007841809865
	0.9562984290015962
	0.9563014778128032
	0.9562923212143944
	0.9562977089302519
	0.9562942657911345
	0.9562884523810431
	0.9562976305205269
	0.9563000383419711
	0.9562943267409316
	0.9562882564470462
	0.956285776899081
	0.9562879713336266
	0.9562876025184961
	0.9562838928059191
	0.9562877035537989
	0.9562896350595452
	0.956290871918972
	0.956295730442454
	0.9562891131391078
	0.9562866140856268
	0.9562795102709696
	0.9562718431200861
	0.9562768773393617
	0.9562744856846283
	0.9562826228856207
	0.9562776924125294
	0.9562691994944243
	0.9562687094114991
	0.9562671593103036
	0.9562614163344269
	0.9562679121398794
	0.956258458144899
	0.9562579616453837
	0.9562528609852818
	0.9562516255571142
	0.9562689580639447
	0.9562705180437112
	0.9562794877120611
	0.9562745329079959
	0.9562862729932309
	0.9562939540883258
	0.9562912385927751
	0.9562899854058721
	0.9562942870717598
	0.956288360112841
	0.9562745064795591
	0.9562800273259059
	0.9562813073783631
	0.9562790430096927
	0.9562771441501794
	0.9562731074888481
	0.9562795563165284
	0.9562841262094042
	0.9562783699212796
	0.95627521910081
	0.9562766169967408
	0.9562773696835895
	0.9562739268022691
	0.9562773007011812
	0.9562733081492492
	0.9562726343120058
	0.9562808597883
	0.9562848465014967
	0.9562984203723423
	0.956290416115864
	0.9562915549756765
	0.9562924198077601
	0.9562943862728127
	0.956297336620119
	0.9562970480161407
	0.9562959278459617
	0.9562944054560865
	0.9562925215259427
	0.9562879633514029
	0.9562757217166243
	0.9562657923774047
	0.9562552542399014
	0.9562583855300066
	0.956257545074457
	0.9562445950386499
	0.9562433388896223
	0.9562352902459448
	0.9562216817788343
	0.9562375453450962
	0.956236709965901
	0.9562465768028822
	0.956245398412079
	0.9562406701632349
	0.956245246209863
	0.9562459257691353
	0.9562427769275736
	0.9562455269175311
	0.956240739348175
	0.9562485216634872
	0.9562542224951822
	0.9562473407868229
	0.9562550461455324
	0.9562575486348116
	0.9562644509257654
	0.9562573454635138
	0.956260292584473
	0.956263318362371
	0.9562619863664308
	0.9562667322123085
	0.9562657641938132
	0.9562694610856958
	0.9562696622614988
	0.9562671140718002
	0.9562764037322451
	0.9562816062264853
	0.9562883395050275
	0.9562847321743425
	0.956322474294599
	0.9563269448983581
	0.9563175815707234
	0.9563125616035609
	0.9563048329415417
	0.9563039408883014
	0.9562965357658942
	0.9563037114839499
	0.9562926594779475
	0.9562886792723239
	0.9562783223717253
	0.9562752079716993
	0.9562771992695362
	0.9562855765851711
	0.956300330029885
	0.9562973267611019
	0.9562972831401713
	0.9562963783057755
	0.956297052909268
	0.9562927963280521
	0.956293936532595
	0.9562995432296919
	0.9563065145410918
	0.9563056101113647
	0.9563167128035264
	0.9563198772159103
	0.9563138870309712
	0.9563102955718944
	0.9563157677927502
	0.9563174285820543
	0.9563159427121918
	0.9563216540062304
	0.9563144959802091
	0.9563155011215042
	0.9563230700649671
	0.9563221256995514
	0.9563222802208129
	0.9563213643686989
	0.9563333921984424
	0.9563344631274856
	0.9563375009780203
	0.9563353859750748
	0.9563285149644959
	0.9563203383288011
	0.9563378997958917
	0.9563349480568373
	0.9563257024606175
	0.9563250829400523
	0.9563386767730189
	0.956350116899875
	0.9563490063493263
	0.9563556738553048
	0.9563536551014926
	0.9563605358867705
	0.9563574360823748
	0.9563618573670807
	0.9563561389518743
	0.9563583287612736
	0.9563561872234866
	0.9563537877951489
	0.9563495082237657
	0.9563415692929085
	0.9563433795522602
	0.9563405239677372
	0.9563447983248715
	0.9563366363335124
	0.9563319391244003
	0.9563331941640392
	0.9563320764009061
	0.9563285695317344
	0.9563268637749003
	0.9563291700189708
	0.956322135215146
	0.9563183093024408
	0.9563195218008556
	0.9563367571725345
	0.956347203040344
	0.9563516495498461
	0.9563472163525192
	0.9563474627094436
	0.9563593312010724
	0.9563505161294114
	0.9563536229282618
	0.956354796076025
	0.956357324637517
	0.9563577119856923
	0.9563637093398646
	0.95636251349875
	0.9563656850431225
	0.9563603845177251
	0.9563552577485219
	0.9563562739223218
	0.9563629375746961
	0.9563551266705868
	0.9563461401132871
	0.9563509672607717
	0.9563552692205144
	0.9563499925790738
	0.9563514734033671
	0.9563512573722408
	0.9563600101779993
	0.956365961881782
	0.956365568021816
	0.9563654484747625
	0.9563642737385204
	0.9563644664098352
	0.9563721420852821
	0.9563642469713041
	0.9563644401601767
	0.9563553353721302
	0.9563375711636073
	0.9563273561465254
	0.9563299792857812
	0.9563252503463989
	0.9563227263824493
	0.9563231010656645
	0.9563210002000118
	0.9563246378748024
	0.9563310941473819
	0.9563273217329437
	0.9563270090398037
	0.9563285013143298
	0.9563371872558127
	0.9563378888200113
	0.9563475343277248
	0.9563539637889532
	0.9563667030446353
	0.9563627729683828
	0.9563617300874396
	0.9563732508191695
]