[
	0.8229849338531494
	0.8229349255561829
	0.82288658618927
	0.8228374719619751
	0.8227985501289368
	0.8227481245994568
	0.8226963877677917
	0.8226637840270996
	0.8226214647293091
	0.8225721716880798
	0.8225273489952087
	0.8224785923957825
	0.8224220275878906
	0.8223801851272583
	0.8223231434822083
	0.8222767114639282
	0.8222208023071289
	0.8221832513809204
	0.8221349120140076
	0.8220897912979126
	0.8220365643501282
	0.8219903707504272
	0.8219478726387024
	0.8219029307365417
	0.8218494653701782
	0.8218080401420593
	0.8217546343803406
	0.8216972351074219
	0.8216378092765808
	0.821590006351471
	0.8215354084968567
	0.8214797377586365
	0.8214452862739563
	0.8214009404182434
	0.8213593363761902
	0.821325421333313
	0.821276843547821
	0.8212304711341858
	0.8211743831634521
	0.8211197257041931
	0.8210778832435608
	0.8210239410400391
	0.8209713697433472
	0.8209255337715149
	0.820891261100769
	0.8208591341972351
	0.8208017945289612
	0.8207452893257141
	0.8206939697265625
	0.8206387758255005
	0.8205934166908264
	0.8205546140670776
	0.8204948306083679
	0.8204441666603088
	0.8204047679901123
	0.8203564286231995
	0.8203104734420776
	0.8202733397483826
	0.8202352523803711
	0.8201848864555359
	0.820144534111023
	0.8200975656509399
	0.8200601935386658
	0.8200280070304871
	0.8199704885482788
	0.8199223279953003
	0.8198891282081604
	0.8198560476303101
	0.8198053240776062
	0.8197500109672546
	0.8197012543678284
	0.8196632266044617
	0.8196079730987549
	0.8195722103118896
	0.8195253610610962
	0.8194762468338013
	0.8194249868392944
	0.8193851709365845
	0.8193313479423523
	0.8192876577377319
	0.8192394971847534
	0.8192017078399658
	0.8191590309143066
	0.8191186785697937
	0.8190727233886719
	0.8190328478813171
	0.8189846277236938
	0.8189494609832764
	0.8189055919647217
	0.818862795829773
	0.818825900554657
	0.8187775611877441
	0.818732738494873
	0.8186920285224915
	0.8186476230621338
	0.818617582321167
	0.8185780644416809
	0.8185387849807739
	0.8184959888458252
	0.8184659481048584
	0.8184190988540649
	0.8183759450912476
	0.8183401823043823
	0.8182926177978516
	0.8182588815689087
	0.8182126879692078
	0.8181851506233215
	0.8181424736976624
	0.8181054592132568
	0.8180632591247559
	0.8180225491523743
	0.8179891109466553
	0.817949652671814
	0.8179227113723755
	0.8178922533988953
	0.8178515434265137
	0.8178232312202454
	0.8177847266197205
	0.8177544474601746
	0.8177140355110168
	0.817674994468689
	0.8176369071006775
	0.8176023960113525
	0.8175641298294067
	0.8175329566001892
	0.8175050020217896
	0.8174670338630676
	0.8174375295639038
	0.8174087405204773
	0.8173600435256958
	0.8173209428787231
	0.8172819018363953
	0.8172571659088135
	0.817226231098175
	0.817195475101471
	0.8171654939651489
	0.8171382546424866
	0.8171082735061646
	0.8170719146728516
	0.8170411586761475
	0.8169956803321838
	0.8169697523117065
	0.8169412612915039
	0.8168992400169373
	0.816871166229248
	0.8168255090713501
	0.8167884349822998
	0.8167493343353271
	0.8167160153388977
	0.8166801929473877
	0.8166507482528687
	0.8166236281394958
	0.8165868520736694
	0.8165541291236877
	0.8165218234062195
	0.8164985179901123
	0.8164805173873901
	0.8164529204368591
	0.8164194226264954
	0.8163875341415405
	0.8163627982139587
	0.8163405060768127
	0.8163180351257324
	0.8162850141525269
	0.816246747970581
	0.8162147402763367
	0.8161787390708923
	0.8161487579345703
	0.8161120414733887
	0.8160852193832397
	0.8160577416419983
	0.8160354495048523
	0.8160114288330078
	0.8159852027893066
	0.8159518837928772
	0.8159184455871582
	0.8158801198005676
	0.8158515095710754
	0.8158258199691772
	0.8157908916473389
	0.8157632350921631
	0.8157397508621216
	0.8157161474227905
	0.8157016038894653
	0.8156718611717224
	0.8156446814537048
	0.8156254887580872
	0.8156009316444397
	0.8155781626701355
	0.8155533075332642
	0.8155288100242615
	0.8155057430267334
	0.8154732584953308
	0.8154469728469849
	0.815430223941803
	0.8154135346412659
	0.8153811097145081
	0.8153656721115112
	0.8153313398361206
	0.8153032660484314
	0.8152766227722168
	0.815256655216217
	0.8152446746826172
	0.8152194023132324
	0.8151991367340088
	0.8151679039001465
	0.8151467442512512
	0.8151143789291382
	0.8150981068611145
	0.8150705099105835
	0.8150494694709778
	0.8150240778923035
	0.815002977848053
	0.8149592876434326
	0.8149262070655823
	0.8149241805076599
	0.8148898482322693
	0.8148701786994934
	0.8148487210273743
	0.8148261904716492
	0.8148011565208435
	0.814789891242981
	0.814776599407196
	0.8147619962692261
	0.8147475719451904
	0.8147305846214294
	0.8147080540657043
	0.8146791458129883
	0.8146544098854065
	0.8146272301673889
	0.814602792263031
	0.8145779967308044
	0.8145597577095032
	0.8145354390144348
	0.8145168423652649
	0.8144955039024353
	0.8144757747650146
	0.8144630789756775
	0.8144429922103882
	0.814430296421051
	0.8144115805625916
	0.8143917918205261
	0.8143733143806458
	0.8143468499183655
	0.8143343925476074
	0.8143270015716553
	0.814307689666748
	0.8142843842506409
	0.8142667412757874
	0.8142397403717041
	0.8142129182815552
	0.8142004609107971
	0.8141790628433228
	0.814163327217102
	0.8141441941261292
	0.8141356110572815
	0.8141100406646729
	0.8140837550163269
	0.814067006111145
	0.8140457272529602
	0.8140377998352051
	0.8140171766281128
	0.8139918446540833
	0.8139778971672058
	0.8139609694480896
	0.8139355182647705
	0.8139179348945618
	0.8138850331306458
	0.8138609528541565
	0.8138434290885925
	0.8138167858123779
	0.813795804977417
	0.8137822151184082
	0.813768208026886
	0.813757598400116
	0.8137351870536804
	0.8137253522872925
	0.8137186765670776
	0.8137019276618958
	0.8136885166168213
	0.8136827349662781
	0.8136639595031738
	0.8136537075042725
	0.8136370182037354
	0.8136134743690491
	0.8135955929756165
	0.813582181930542
	0.8135585784912109
	0.8135547637939453
	0.81354820728302
	0.8135370016098022
	0.81351637840271
	0.8135030269622803
	0.8134967088699341
	0.8134833574295044
	0.8134661316871643
	0.8134531378746033
	0.8134404420852661
	0.8134377002716064
	0.8134241104125977
	0.8134051561355591
	0.8133991956710815
	0.8133864998817444
	0.8133634924888611
	0.8133528828620911
	0.8133448958396912
	0.813332736492157
	0.8133178949356079
	0.8133068680763245
	0.8133045434951782
	0.8132922053337097
	0.8132802248001099
	0.8132655024528503
	0.8132546544075012
	0.8132344484329224
	0.8132317662239075
	0.8132161498069763
	0.813220739364624
	0.8132196664810181
	0.8132097125053406
	0.8131935596466064
	0.8131766319274902
	0.8131734728813171
	0.8131654858589172
	0.813154399394989
	0.8131451606750488
	0.8131288290023804
	0.8131217956542969
	0.8131037354469299
	0.8130980134010315
	0.8130924105644226
	0.8130785226821899
	0.8130779266357422
	0.8130719065666199
	0.813058614730835
	0.8130514621734619
	0.8130428194999695
	0.8130397796630859
	0.8130325675010681
	0.8130314946174622
	0.813016414642334
	0.8129982352256775
	0.8129758238792419
	0.8129653334617615
	0.8129535913467407
	0.8129467368125916
	0.8129326105117798
	0.8129290342330933
	0.8129177093505859
	0.8129074573516846
	0.8128884434700012
	0.8128822445869446
	0.8128740191459656
	0.812868058681488
	0.8128584623336792
	0.8128579258918762
	0.8128536343574524
	0.8128485083580017
	0.8128414154052734
	0.8128379583358765
	0.8128291368484497
	0.8128124475479126
	0.8128020167350769
	0.8127975463867188
	0.8127888441085815
	0.8127902150154114
	0.8127791285514832
	0.8127827048301697
	0.812788724899292
	0.8127771615982056
	0.8127646446228027
	0.8127535581588745
	0.8127366900444031
	0.8127256631851196
	0.8127195239067078
	0.8127096891403198
	0.8126938939094543
	0.8126829862594604
	0.8126614689826965
	0.812654972076416
	0.8126500248908997
	0.8126399517059326
	0.8126248121261597
	0.8126208186149597
	0.8126105666160583
	0.8126000165939331
	0.8125871419906616
	0.8125841617584229
	0.8125789761543274
	0.8125702142715454
	0.81255704164505
	0.8125452995300293
	0.8125290870666504
	0.812523603439331
	0.8125126361846924
	0.8124955892562866
	0.8124861121177673
	0.812485933303833
	0.8124855756759644
	0.8124848008155823
	0.8124825358390808
	0.8124792575836182
	0.8124791979789734
	0.8124759793281555
	0.8124567866325378
	0.8124497532844543
	0.8124381899833679
	0.8124354481697083
	0.812420129776001
	0.8124176263809204
	0.8124069571495056
	0.8124116063117981
	0.8123942613601685
	0.8124032616615295
	0.8124014735221863
	0.8123908042907715
	0.812384307384491
	0.8123820424079895
	0.8123725056648254
	0.8123725652694702
	0.8123641014099121
	0.8123515248298645
	0.8123441338539124
	0.8123406767845154
	0.8123382925987244
	0.812333345413208
	0.8123328685760498
	0.8123320937156677
	0.8123341202735901
	0.8123288750648499
	0.8123323917388916
	0.8123200535774231
	0.812320351600647
	0.812314510345459
	0.8123067021369934
	0.8123084902763367
	0.8123127818107605
	0.8123061060905457
	0.8122929334640503
	0.8122915029525757
	0.8122926950454712
	0.8122935891151428
	0.8122891783714294
	0.8122840523719788
	0.8122870326042175
	0.8122857809066772
	0.8122915625572205
	0.8122823238372803
	0.812290370464325
	0.8122767806053162
	0.8122766613960266
	0.8122795224189758
	0.8122721314430237
	0.812272310256958
	0.8122646808624268
	0.8122656941413879
	0.8122721910476685
	0.8122658133506775
	0.8122686147689819
	0.8122711181640625
	0.8122760057449341
	0.8122649788856506
	0.8122560381889343
	0.8122523427009583
	0.8122525215148926
	0.8122536540031433
	0.8122429251670837
	0.8122354745864868
	0.8122303485870361
	0.8122313618659973
	0.8122205138206482
	0.8122287392616272
	0.812221884727478
	0.8122057318687439
	0.8122016191482544
	0.8121964335441589
	0.8121892809867859
	0.812193751335144
	0.8121768832206726
	0.8121767640113831
	0.8121694922447205
	0.81215500831604
	0.8121585845947266
	0.8121595978736877
	0.8121558427810669
	0.8121536374092102
	0.8121583461761475
	0.8121581673622131
	0.8121631741523743
	0.8121634125709534
	0.8121556043624878
	0.8121576309204102
	0.8121553063392639
	0.8121544122695923
	0.8121581077575684
	0.8121536374092102
	0.8121545910835266
	0.8121576905250549
	0.8121556639671326
	0.8121553659439087
	0.8121501207351685
	0.8121503591537476
	0.8121424317359924
	0.8121392726898193
	0.8121315836906433
	0.812128484249115
	0.8121261596679688
	0.8121178150177002
	0.8121204376220703
	0.8121196627616882
	0.8121247291564941
	0.8121277093887329
	0.8121302723884583
	0.8121252059936523
	0.8121154308319092
	0.8120990991592407
	0.8120900988578796
	0.8120936155319214
	0.8120881915092468
	0.8120869994163513
	0.8120818138122559
	0.8120719194412231
	0.8120625615119934
	0.8120611310005188
	0.8120465278625488
	0.8120385408401489
	0.8120306730270386
	0.8120166659355164
	0.8119979500770569
	0.811995267868042
	0.8120031952857971
	0.8120002746582031
	0.8119943141937256
	0.8119884133338928
	0.8119819164276123
	0.8119745850563049
	0.8119750618934631
	0.811966061592102
	0.8119640350341797
	0.8119691014289856
	0.8119632005691528
	0.8119410276412964
	0.811951220035553
	0.8119432926177979
	0.8119370937347412
	0.8119295835494995
	0.8119335174560547
	0.8119287490844727
	0.8119215965270996
	0.8119141459465027
	0.8119145631790161
	0.8119093775749207
	0.8118953704833984
	0.8118969798088074
	0.8118911981582642
	0.811881959438324
	0.8118768334388733
	0.8118723034858704
	0.8118631839752197
	0.8118606805801392
	0.8118515610694885
	0.8118395805358887
	0.8118469715118408
	0.8118457794189453
	0.8118470311164856
	0.8118302226066589
	0.8118259906768799
	0.811823308467865
	0.8118265867233276
	0.8118258714675903
	0.8118297457695007
	0.8118195533752441
	0.811821699142456
	0.8118146657943726
	0.811799943447113
	0.8117961287498474
	0.8117956519126892
	0.8117908239364624
	0.8117892742156982
	0.8117802143096924
	0.8117793202400208
	0.811786413192749
	0.8117886781692505
	0.8117812871932983
	0.8117820620536804
	0.8117753863334656
	0.8117703199386597
	0.8117663860321045
	0.8117654919624329
	0.8117588758468628
	0.8117488622665405
	0.8117470741271973
	0.8117417097091675
	0.8117436170578003
	0.8117434978485107
	0.8117347359657288
	0.8117372989654541
	0.8117465376853943
	0.811747133731842
	0.8117517828941345
	0.8117488622665405
	0.8117377161979675
	0.8117437958717346
	0.811748206615448
	0.8117555975914001
	0.8117559552192688
	0.8117550611495972
	0.8117504715919495
	0.8117561936378479
	0.8117514252662659
	0.8117527961730957
	0.8117598295211792
	0.8117563128471375
	0.8117584586143494
	0.8117684125900269
	0.8117635250091553
	0.8117601275444031
	0.8117666840553284
	0.811755359172821
	0.8117443919181824
	0.8117343187332153
	0.8117333054542542
	0.8117321729660034
	0.8117334842681885
	0.8117395639419556
	0.8117482662200928
	0.8117378354072571
	0.8117459416389465
	0.8117480874061584
	0.8117282390594482
	0.8117210865020752
	0.8117207288742065
	0.811714231967926
	0.8117082118988037
	0.8117038011550903
	0.8117042779922485
	0.8117051720619202
	0.8117043375968933
	0.8117052912712097
	0.811697244644165
	0.8116827607154846
	0.8116797208786011
	0.8116708397865295
	0.8116729259490967
	0.811663031578064
	0.81166011095047
	0.8116543889045715
	0.8116481304168701
	0.8116337656974792
	0.8116305470466614
	0.8116219639778137
	0.8116145730018616
	0.8116143345832825
	0.8116108775138855
	0.8116058111190796
	0.8116079568862915
	0.8116035461425781
	0.8115975856781006
	0.8115866184234619
	0.811586856842041
	0.8115832209587097
	0.8115694522857666
	0.8115783333778381
	0.8115707039833069
	0.8115801215171814
	0.8115698099136353
	0.8115650415420532
	0.8115608096122742
	0.8115478754043579
	0.8115458488464355
	0.8115532994270325
	0.8115386366844177
	0.8115394711494446
	0.8115392327308655
	0.8115350008010864
	0.8115283250808716
	0.8115234971046448
	0.8115245699882507
	0.8115260601043701
	0.8115401268005371
	0.8115301132202148
	0.8115249872207642
	0.8115159869194031
	0.8115152716636658
	0.8115227818489075
	0.8115234971046448
	0.8115147352218628
	0.8115063309669495
	0.8114994168281555
	0.8114898800849915
	0.8114816546440125
	0.811474621295929
	0.8114727735519409
	0.8114723563194275
	0.8114684820175171
	0.8114635944366455
	0.8114607930183411
	0.8114638328552246
	0.8114637732505798
	0.811465859413147
	0.8114520907402039
	0.811441957950592
	0.8114355802536011
	0.8114294409751892
	0.8114225268363953
	0.8114216923713684
	0.8114181160926819
	0.8114078640937805
	0.8114004731178284
	0.8113978505134583
	0.8113964796066284
	0.8113866448402405
	0.8113757967948914
	0.8113674521446228
	0.8113754391670227
	0.8113738298416138
	0.8113722205162048
	0.8113613128662109
	0.8113524913787842
	0.8113480806350708
	0.8113404512405396
	0.8113364577293396
	0.8113398551940918
	0.8113404512405396
	0.8113368153572083
	0.8113305568695068
	0.8113213181495667
	0.8113213181495667
	0.8113145232200623
	0.8113113641738892
	0.8113076686859131
	0.8112896680831909
	0.811281681060791
	0.8112694025039673
	0.8112650513648987
	0.8112611174583435
	0.8112643957138062
	0.8112560510635376
	0.8112519383430481
	0.8112537860870361
	0.8112457990646362
	0.8112477660179138
	0.8112494349479675
	0.8112487196922302
	0.8112466335296631
	0.8112398982048035
	0.811236560344696
	0.8112372159957886
	0.8112329840660095
	0.8112224340438843
	0.8112234473228455
	0.8112186789512634
	0.8112110495567322
	0.8112064599990845
	0.8112024664878845
	0.811195969581604
	0.8111910223960876
	0.8111824989318848
	0.8111857175827026
	0.8111757636070251
	0.8111681342124939
	0.8111682534217834
	0.811164140701294
	0.8111667633056641
	0.8111571669578552
	0.8111501336097717
	0.8111445307731628
	0.8111411929130554
	0.8111364245414734
	0.8111369609832764
	0.8111292123794556
	0.8111197352409363
	0.8111080527305603
	0.8111026287078857
	0.8110950589179993
	0.8110941648483276
	0.8110889196395874
	0.8110871315002441
	0.8110809326171875
	0.811085045337677
	0.8110829591751099
	0.8110736012458801
	0.8110571503639221
	0.8110449314117432
	0.8110406398773193
	0.8110406994819641
	0.8110429048538208
	0.8110361695289612
	0.8110368251800537
	0.811033308506012
	0.8110193610191345
	0.8110076785087585
	0.8110008239746094
	0.8110015392303467
	0.8109896183013916
	0.8109849095344543
	0.81097012758255
	0.8109670281410217
	0.8109463453292847
	0.810949444770813
	0.8109418153762817
	0.8109298944473267
	0.8109368085861206
	0.8109190464019775
	0.8109237551689148
	0.810907781124115
	0.8109011650085449
	0.8108939528465271
	0.8108876943588257
	0.8108821511268616
	0.8108780384063721
	0.8108741044998169
	0.8108673691749573
	0.8108571171760559
	0.8108641505241394
	0.8108615279197693
	0.810858428478241
	0.8108524680137634
	0.8108479380607605
	0.8108438849449158
	0.8108364939689636
	0.8108447790145874
	0.810841977596283
	0.8108364939689636
	0.8108341693878174
	0.8108373284339905
	0.8108255863189697
	0.8108317852020264
	0.8108484745025635
	0.8108422756195068
	0.8108446598052979
	0.8108357787132263
	0.8108343482017517
	0.8108229041099548
	0.8108175992965698
	0.810808539390564
	0.8107973337173462
	0.8107819557189941
	0.8107736110687256
	0.8107768893241882
	0.810769259929657
	0.8107670545578003
	0.8107632398605347
	0.810762345790863
	0.8107581734657288
	0.8107544183731079
	0.8107486367225647
	0.8107425570487976
	0.8107418417930603
	0.8107283711433411
	0.8107305765151978
	0.8107298016548157
	0.8107285499572754
	0.8107180595397949
	0.8107104897499084
	0.8107064366340637
	0.8106968402862549
	0.810693621635437
	0.8106915950775146
	0.8106842637062073
	0.8106781244277954
	0.8106696009635925
	0.8106602430343628
	0.8106463551521301
	0.8106431365013123
	0.810630738735199
	0.8106241822242737
	0.810608983039856
	0.8106077313423157
	0.8106122612953186
	0.8106085062026978
	0.8106000423431396
	0.8106014132499695
	0.8106030225753784
	0.8106064200401306
	0.8105998039245605
	0.810594379901886
	0.8105912208557129
	0.8105795383453369
	0.810571014881134
	0.8105633854866028
	0.8105524778366089
	0.8105509877204895
	0.8105412721633911
	0.810539186000824
	0.8105295300483704
	0.8105193972587585
	0.8105013966560364
	0.8104857802391052
	0.8104792833328247
	0.8104653358459473
	0.8104624152183533
	0.8104556798934937
	0.8104482889175415
	0.8104413151741028
	0.8104328513145447
	0.8104179501533508
	0.810421347618103
	0.8104120492935181
	0.810407280921936
	0.8104059100151062
	0.8103979229927063
	0.8103891611099243
	0.8103846907615662
	0.8103798627853394
	0.810370922088623
	0.8103604912757874
	0.8103627562522888
	0.8103691935539246
	0.8103588819503784
	0.8103502988815308
	0.8103421330451965
	0.8103291392326355
	0.8103269338607788
	0.810327410697937
	0.8103225827217102
	0.8103274703025818
	0.8103280067443848
	0.8103181719779968
	0.8103098273277283
	0.8102978467941284
	0.8102931976318359
	0.8102966547012329
	0.810306191444397
	0.8103060722351074
	0.8102937936782837
	0.8102824091911316
	0.8102741241455078
	0.8102734684944153
	0.8102671504020691
	0.8102697134017944
	0.8102642297744751
	0.8102681040763855
	0.8102602958679199
	0.8102466464042664
	0.8102245330810547
	0.8102280497550964
	0.8102229833602905
	0.8102143406867981
	0.810212254524231
	0.8102092146873474
	0.8101994395256042
	0.8101900219917297
	0.8101810216903687
	0.8101749420166016
	0.810170590877533
	0.8101665377616882
	0.8101688027381897
	0.8101702928543091
	0.8101625442504883
	0.8101575374603271
	0.8101484179496765
	0.8101487755775452
	0.8101420402526855
	0.8101432919502258
	0.8101435303688049
	0.8101425766944885
	0.8101415634155273
	0.8101367354393005
	0.8101292252540588
	0.8101176023483276
	0.8101102709770203
	0.8101114630699158
	0.8101017475128174
	0.8100877404212952
	0.8100805282592773
	0.8100821375846863
	0.81007319688797
	0.8100663423538208
	0.8100752234458923
	0.8100814819335938
	0.810076892375946
	0.8100691437721252
	0.8100618124008179
	0.8100524544715881
	0.8100566267967224
	0.8100494742393494
	0.8100444674491882
	0.8100512623786926
	0.8100371956825256
	0.8100345134735107
	0.810028612613678
	0.8100336194038391
	0.8100260496139526
	0.8100255131721497
	0.8100221157073975
	0.810011625289917
	0.8099998235702515
	0.8099904656410217
	0.8099838495254517
	0.8099785447120667
	0.8099752068519592
	0.8099713325500488
	0.8099608421325684
	0.8099527359008789
	0.8099471926689148
	0.809942901134491
	0.8099379539489746
	0.8099313974380493
	0.8099251389503479
	0.8099225163459778
	0.8099136352539062
	0.809905469417572
	0.8098927736282349
	0.8098854422569275
	0.8098761439323425
	0.8098755478858948
	0.8098641037940979
	0.8098521828651428
	0.8098453879356384
	0.8098375201225281
	0.8098282814025879
	0.809822678565979
	0.8098071217536926
	0.8098053932189941
	0.809810996055603
	0.8098148107528687
	0.8098162412643433
	0.8097983598709106
	0.8097938299179077
	0.8097716569900513
	0.8097636699676514
	0.8097518682479858
	0.8097545504570007
	0.8097594976425171
	0.8097540140151978
	0.809742271900177
	0.8097418546676636
	0.8097407221794128
	0.8097378015518188
	0.8097178339958191
	0.8097065091133118
	0.8096985220909119
	0.8097010254859924
	0.8096886873245239
	0.8096847534179688
	0.8096697926521301
	0.8096640110015869
	0.8096560835838318
	0.8096476793289185
	0.8096471428871155
	0.8096463680267334
	0.809647262096405
	0.8096440434455872
	0.8096373081207275
	0.8096327185630798
	0.8096251487731934
	0.809623122215271
	0.8096149563789368
	0.8096150159835815
	0.8096157908439636
	0.8096093535423279
	0.8095986247062683
	0.809601902961731
	0.8095918297767639
	0.809599757194519
	0.8095898628234863
	0.809579610824585
	0.8095705509185791
	0.8095546364784241
	0.8095512986183167
	0.8095411062240601
	0.8095384240150452
	0.8095276355743408
	0.8095284104347229
	0.8095347285270691
	0.8095419406890869
	0.8095280528068542
	0.8095259070396423
	0.809514582157135
	0.8095038533210754
	0.8095002770423889
	0.8094980120658875
	0.8094909191131592
	0.8094807267189026
	0.8094642758369446
	0.8094493746757507
	0.8094398379325867
	0.8094341158866882
	0.8094344139099121
	0.8094242215156555
	0.8094170093536377
	0.8094119429588318
	0.8094103336334229
	0.8093982934951782
	0.8093932271003723
	0.8093918561935425
	0.8093910813331604
	0.8093821406364441
	0.8093730211257935
	0.8093706369400024
	0.8093645572662354
	0.8093518018722534
	0.809339165687561
	0.8093360662460327
	0.8093316555023193
	0.8093279004096985
	0.809332013130188
	0.8093360662460327
	0.8093370795249939
	0.8093246221542358
	0.8093118667602539
	0.8093167543411255
	0.8093058466911316
	0.8092920184135437
	0.8092843294143677
	0.8092844486236572
	0.8092756271362305
	0.809272825717926
	0.80927574634552
	0.8092768788337708
	0.8092648983001709
	0.809257447719574
	0.8092578053474426
	0.80925053358078
	0.8092529773712158
	0.8092411756515503
	0.8092358112335205
	0.8092331886291504
	0.8092231154441833
	0.80921870470047
	0.8092138171195984
	0.8091993927955627
	0.8091946244239807
	0.8091863989830017
	0.8091814517974854
	0.8091791272163391
	0.8091815710067749
	0.8091748356819153
	0.8091679215431213
	0.8091585636138916
	0.80914306640625
	0.8091403841972351
	0.8091377019882202
	0.8091288805007935
	0.809114933013916
	0.8091088533401489
	0.8090967535972595
	0.8090948462486267
	0.8090878129005432
	0.8090822100639343
	0.8090720176696777
	0.8090724349021912
	0.809070348739624
	0.8090732097625732
	0.8090648055076599
	0.8090602159500122
	0.809057354927063
	0.8090498447418213
	0.8090409636497498
	0.8090352416038513
	0.809029757976532
	0.8090212345123291
	0.80901700258255
	0.8090176582336426
	0.8090078234672546
	0.8089929223060608
	0.8089913725852966
	0.8089914321899414
	0.8089818358421326
	0.8089731335639954
	0.8089680075645447
	0.8089684844017029
	0.8089656829833984
	0.8089619278907776
	0.8089562654495239
	0.8089526891708374
	0.8089383244514465
	0.8089279532432556
	0.8089194297790527
	0.8089023232460022
	0.8089003562927246
	0.8088976144790649
	0.8088961839675903
	0.8088860511779785
	0.8088778853416443
	0.8088708519935608
	0.8088577389717102
	0.8088557124137878
	0.8088544011116028
	0.8088483810424805
	0.8088498115539551
	0.8088414669036865
	0.8088258504867554
	0.8088172078132629
	0.8088067770004272
	0.8088006973266602
	0.8087966442108154
	0.8087742328643799
	0.8087732791900635
	0.808771550655365
	0.8087677359580994
	0.8087708353996277
	0.8087592124938965
	0.8087540864944458
	0.8087483644485474
	0.8087431788444519
	0.808733344078064
	0.8087363243103027
	0.8087363243103027
	0.8087442517280579
	0.8087430596351624
	0.8087447881698608
	0.8087370991706848
	0.8087286949157715
	0.8087157607078552
	0.8087103366851807
	0.8086987733840942
	0.8086996674537659
	0.8087002038955688
	0.808704137802124
	0.8086922764778137
	0.8086980581283569
	0.8086979389190674
	0.8086901307106018
	0.808685839176178
	0.8086751699447632
	0.8086665272712708
	0.8086644411087036
	0.8086622357368469
	0.8086570501327515
	0.8086448311805725
	0.8086386322975159
	0.8086293339729309
	0.8086239695549011
	0.8086234927177429
	0.8086180090904236
	0.8086041212081909
	0.808601975440979
	0.8085942268371582
	0.8085896968841553
	0.8085873126983643
	0.808584988117218
	0.8085851073265076
	0.8085776567459106
	0.8085736036300659
	0.8085641860961914
	0.8085585832595825
	0.808560311794281
	0.8085580468177795
	0.8085623383522034
	0.8085588216781616
	0.8085532784461975
	0.8085572719573975
	0.8085426092147827
	0.8085393905639648
	0.8085387945175171
	0.8085399866104126
	0.8085246682167053
	0.8085251450538635
	0.8085193634033203
	0.8085201978683472
	0.8085188865661621
	0.808512270450592
	0.8085160851478577
	0.8085057735443115
	0.8085079193115234
	0.8085030913352966
	0.8084972500801086
	0.8084984421730042
	0.8084835410118103
	0.8084865212440491
	0.808484673500061
	0.8084906935691833
	0.8084907531738281
	0.8084816932678223
	0.808470606803894
	0.8084667921066284
	0.8084825873374939
	0.8084782361984253
	0.8084709048271179
	0.8084668517112732
	0.8084732294082642
	0.8084681034088135
	0.8084712624549866
	0.8084735870361328
	0.8084665536880493
	0.8084592223167419
	0.8084568381309509
	0.8084515929222107
	0.8084421157836914
	0.8084332942962646
	0.8084213137626648
	0.8084151744842529
	0.8084155321121216
	0.8084107041358948
	0.8084089756011963
	0.8084015250205994
	0.8083941340446472
	0.8083938956260681
	0.8083929419517517
	0.8083869218826294
	0.8083773851394653
	0.8083683252334595
	0.8083676099777222
	0.808355987071991
	0.8083488941192627
	0.8083338737487793
	0.8083227872848511
	0.808320164680481
	0.8083145618438721
	0.8082985281944275
	0.8082907199859619
	0.808275043964386
	0.8082645535469055
	0.8082519769668579
	0.8082418441772461
	0.8082432746887207
	0.8082470893859863
	0.8082438111305237
	0.8082399368286133
	0.8082369565963745
	0.8082221746444702
	0.8082205653190613
	0.8082085847854614
	0.8082102537155151
	0.8081995844841003
	0.8081902265548706
	0.8081780672073364
	0.8081837892532349
	0.8081738352775574
	0.8081750273704529
	0.8081737756729126
	0.8081743717193604
	0.808168351650238
	0.8081738948822021
	0.808174192905426
	0.808165431022644
	0.8081502914428711
	0.8081477880477905
	0.8081470727920532
	0.8081467151641846
	0.8081333637237549
	0.808139979839325
	0.8081263899803162
	0.8081298470497131
	0.8081318736076355
	0.8081233501434326
	0.8081188201904297
	0.8081163763999939
	0.8081198930740356
	0.8081060647964478
	0.8080962300300598
	0.8080940246582031
	0.8080917596817017
	0.8080852031707764
	0.80808424949646
	0.8080796599388123
	0.8080750107765198
	0.8080726265907288
	0.808068573474884
	0.808061420917511
	0.8080544471740723
	0.8080486059188843
	0.8080362677574158
	0.8080254197120667
	0.8080244064331055
	0.8080294728279114
	0.8080237507820129
	0.8080264925956726
	0.8080141544342041
	0.8080069422721863
	0.8079995512962341
	0.8079997897148132
	0.8080026507377625
	0.8079944849014282
	0.8079832792282104
	0.8079841732978821
	0.8079822659492493
	0.8079826235771179
	0.8079782128334045
	0.8079680800437927
	0.8079566359519958
	0.807953417301178
	0.8079568147659302
	0.8079562187194824
	0.8079548478126526
	0.8079483509063721
	0.8079394102096558
	0.8079321384429932
	0.8079211115837097
	0.8079208731651306
	0.8079216480255127
	0.8079171776771545
	0.8079183101654053
	0.8079203963279724
	0.8079209327697754
	0.807918906211853
	0.8079061508178711
	0.8078944683074951
	0.8078820109367371
	0.8078810572624207
	0.8078662157058716
	0.8078548312187195
	0.8078452944755554
	0.8078304529190063
	0.8078342080116272
	0.8078312873840332
	0.8078287839889526
	0.8078258633613586
	0.8078353404998779
	0.807826042175293
	0.8078222274780273
	0.8078159689903259
	0.8078049421310425
	0.8078044652938843
	0.8077988624572754
	0.8077867031097412
	0.8077866435050964
	0.8077781200408936
	0.8077715635299683
	0.8077703714370728
	0.8077646493911743
	0.8077617883682251
	0.8077578544616699
	0.8077598214149475
	0.8077581524848938
	0.8077396154403687
	0.807732880115509
	0.8077178597450256
	0.807710587978363
	0.8077061176300049
	0.8077024221420288
	0.8076950311660767
	0.8076877593994141
	0.8076792359352112
	0.8076764941215515
	0.8076682090759277
	0.8076696991920471
	0.8076626062393188
	0.8076580166816711
	0.8076517581939697
	0.8076397180557251
	0.8076432347297668
	0.8076464533805847
	0.8076463937759399
	0.8076440691947937
	0.8076372146606445
	0.8076337575912476
	0.8076251745223999
	0.8076066970825195
	0.8076009154319763
	0.8075969815254211
	0.8075878620147705
	0.8075852990150452
	0.8075844049453735
	0.8075832724571228
	0.807572603225708
	0.8075730800628662
	0.8075771927833557
	0.8075681924819946
	0.8075618743896484
	0.8075481057167053
	0.8075404763221741
	0.8075341582298279
	0.8075228929519653
	0.8075181245803833
	0.8075100183486938
	0.8075005412101746
	0.8074901103973389
	0.8074848055839539
	0.8074712157249451
	0.8074670433998108
	0.8074792623519897
	0.8074706792831421
	0.8074682354927063
	0.8074684739112854
	0.8074579238891602
	0.80745530128479
	0.8074514269828796
	0.8074491620063782
	0.8074432015419006
	0.8074277639389038
	0.8074266314506531
	0.8074110150337219
	0.8074092864990234
	0.8073968291282654
	0.8073914647102356
	0.8073878884315491
	0.807388961315155
	0.8073850870132446
	0.8073700666427612
	0.807356595993042
	0.8073595762252808
	0.807349443435669
	0.8073502779006958
	0.8073418140411377
	0.807337760925293
	0.8073321580886841
	0.807320237159729
	0.8073093295097351
	0.8073057532310486
	0.8073028326034546
	0.8072882294654846
	0.8072810769081116
	0.8072823286056519
	0.8072726130485535
	0.807266354560852
	0.8072522878646851
	0.8072512745857239
	0.8072423338890076
	0.8072426915168762
	0.8072337508201599
	0.8072294592857361
	0.8072298765182495
	0.8072248101234436
	0.8072129487991333
	0.807202160358429
	0.807181179523468
	0.8071694374084473
	0.8071615099906921
	0.8071551322937012
	0.8071451783180237
	0.8071343898773193
	0.8071199655532837
	0.8071136474609375
	0.8071112036705017
	0.8070924878120422
	0.8070811629295349
	0.8070874810218811
	0.8070791959762573
	0.8070762753486633
	0.8070704936981201
	0.8070650696754456
	0.8070628046989441
	0.8070526123046875
	0.8070408701896667
	0.8070348501205444
	0.8070208430290222
	0.8070220947265625
	0.8070200085639954
	0.8070159554481506
	0.8070118427276611
	0.8070023059844971
	0.8069888353347778
	0.8069869875907898
	0.8069801330566406
	0.8069690465927124
	0.8069628477096558
	0.8069501519203186
	0.8069451451301575
	0.8069313168525696
	0.8069322109222412
	0.8069338798522949
	0.8069402575492859
	0.8069358468055725
	0.8069306015968323
	0.8069275617599487
	0.8069211840629578
	0.806912899017334
	0.8069024085998535
	0.8068903088569641
	0.8068864941596985
	0.8068861365318298
	0.8068811297416687
	0.8068796396255493
	0.8068755865097046
	0.8068715929985046
	0.8068675398826599
	0.8068597912788391
	0.8068501949310303
	0.8068519234657288
	0.8068411350250244
	0.8068455457687378
	0.8068318963050842
	0.806830108165741
	0.8068253993988037
	0.8068227767944336
	0.806820273399353
	0.806816577911377
	0.8068097233772278
	0.8068172931671143
	0.8068251609802246
	0.806821346282959
	0.8068245649337769
	0.8068255186080933
	0.8068250417709351
	0.8068288564682007
	0.8068243861198425
	0.8068314790725708
	0.806824803352356
	0.8068229556083679
	0.8068186640739441
	0.8068075776100159
	0.8067942261695862
	0.806799590587616
	0.8068135976791382
	0.8068046569824219
	0.8067941665649414
	0.8067911863327026
	0.8067920207977295
	0.8067923188209534
	0.806784451007843
	0.8067748546600342
	0.8067658543586731
	0.8067702651023865
	0.806768536567688
	0.8067751526832581
	0.806777834892273
	0.8067744970321655
	0.8067606091499329
	0.8067470788955688
	0.8067502975463867
	0.8067564964294434
	0.8067579865455627
	0.8067560195922852
	0.8067461252212524
	0.8067393898963928
	0.8067304491996765
	0.8067238926887512
	0.806720495223999
	0.8067129254341125
	0.8067110180854797
	0.8067014217376709
	0.8066999316215515
	0.8066906332969666
	0.8066928386688232
	0.8066853284835815
	0.8066692352294922
	0.8066602945327759
	0.806659996509552
	0.8066525459289551
	0.8066501021385193
	0.8066362738609314
	0.8066238760948181
	0.80661940574646
	0.8066093921661377
	0.806601881980896
	0.806596577167511
	0.8065899610519409
	0.8065837621688843
	0.8065764307975769
	0.8065751194953918
	0.8065760731697083
	0.806572437286377
	0.8065590858459473
	0.8065534830093384
	0.8065440058708191
	0.8065406084060669
	0.8065356016159058
	0.8065242171287537
	0.8065136671066284
	0.8065097332000732
	0.8065066337585449
	0.8064948320388794
	0.806490957736969
	0.8064807057380676
	0.8064789175987244
	0.8064715266227722
	0.8064651489257812
	0.8064647912979126
	0.806464672088623
	0.8064622282981873
	0.8064618110656738
	0.8064609169960022
	0.8064524531364441
	0.8064485192298889
	0.8064472675323486
	0.806433916091919
	0.8064285516738892
	0.8064299821853638
	0.8064286112785339
	0.80641770362854
	0.8064066767692566
	0.8064009547233582
	0.8064003586769104
	0.8064023852348328
	0.8064037561416626
	0.8063948154449463
	0.8063817024230957
	0.8063759207725525
	0.8063728213310242
	0.8063812255859375
	0.8063778877258301
	0.8063724040985107
	0.8063657879829407
	0.8063599467277527
	0.8063623309135437
	0.8063586950302124
	0.806365430355072
	0.806357204914093
	0.8063498139381409
	0.8063436150550842
	0.806333601474762
	0.8063310980796814
	0.8063300251960754
	0.8063389658927917
	0.806350827217102
	0.8063569664955139
	0.8063526749610901
	0.8063519597053528
	0.8063535690307617
	0.8063430786132812
	0.8063381910324097
	0.8063304424285889
	0.8063172101974487
	0.8063188791275024
	0.8063150644302368
	0.8063029646873474
	0.8062956929206848
	0.8062877058982849
	0.8062881231307983
	0.8062779903411865
	0.8062794208526611
	0.8062765002250671
	0.8062710165977478
	0.8062717318534851
	0.8062694668769836
	0.8062685132026672
	0.8062634468078613
	0.8062620759010315
	0.8062483668327332
	0.8062487244606018
	0.8062363266944885
	0.806228518486023
	0.8062200546264648
	0.806212306022644
	0.8062068819999695
	0.8062032461166382
	0.8062012195587158
	0.8061962127685547
	0.8061841130256653
	0.806178629398346
	0.8061756491661072
	0.806176483631134
	0.8061699271202087
	0.8061674237251282
	0.8061553835868835
	0.8061602115631104
	0.8061497211456299
	0.8061386942863464
	0.8061418533325195
	0.8061273694038391
	0.8061234354972839
	0.8061196804046631
	0.8061166405677795
	0.8061252236366272
	0.8061276078224182
	0.8061249852180481
	0.8061292767524719
	0.8061328530311584
	0.8061284422874451
	0.806130588054657
	0.8061164021492004
	0.8061208128929138
	0.8061145544052124
	0.8061039447784424
	0.8060946464538574
	0.8060922026634216
	0.8060964941978455
	0.8060821294784546
	0.8060738444328308
	0.8060689568519592
	0.8060611486434937
	0.8060689568519592
	0.8060606718063354
	0.8060594201087952
	0.8060632944107056
	0.8060628771781921
	0.8060660362243652
	0.806059718132019
	0.8060612082481384
	0.8060551285743713
	0.8060510754585266
	0.806045651435852
	0.806048572063446
	0.8060441017150879
	0.8060443997383118
	0.8060402274131775
	0.8060348033905029
	0.8060363531112671
	0.8060422539710999
	0.8060367107391357
	0.8060270547866821
	0.806033730506897
	0.8060289621353149
	0.8060246706008911
	0.8060153722763062
	0.8060200810432434
	0.8060252666473389
	0.8060393333435059
	0.806029736995697
	0.8060251474380493
	0.806023359298706
	0.8060197234153748
	0.8060135245323181
	0.8060156106948853
	0.8060154318809509
	0.8060024380683899
	0.8060042262077332
	0.8059966564178467
	0.8059900403022766
	0.8059845566749573
	0.8059713244438171
	0.8059669733047485
	0.8059626817703247
	0.8059582114219666
	0.8059574961662292
	0.8059616684913635
	0.8059527277946472
	0.8059493899345398
	0.8059364557266235
	0.8059169054031372
	0.8059180378913879
	0.8059139251708984
	0.8059161305427551
	0.8059068918228149
	0.8059081435203552
	0.8059017658233643
	0.8058903813362122
	0.8058916926383972
	0.8058834671974182
	0.8058706521987915
	0.8058659434318542
	0.8058599829673767
	0.8058589696884155
	0.805863618850708
	0.8058571219444275
	0.8058494925498962
	0.8058462738990784
	0.8058363199234009
	0.8058256506919861
	0.8058079481124878
	0.8058047890663147
	0.805801510810852
	0.8058022260665894
	0.8057864904403687
	0.805783748626709
	0.8057910203933716
	0.8057910203933716
	0.8057851791381836
	0.8057878017425537
	0.8057906627655029
	0.8057988882064819
	0.8057971596717834
	0.805793821811676
	0.8057972192764282
	0.8057911992073059
	0.8057776689529419
	0.805764377117157
	0.8057610988616943
	0.8057522177696228
	0.8057529926300049
	0.805743932723999
	0.8057405352592468
	0.8057364821434021
	0.8057243824005127
	0.8057243227958679
	0.8057149648666382
	0.8056983351707458
	0.8057058453559875
	0.8056962490081787
	0.8056945204734802
	0.8056938052177429
	0.8056977987289429
	0.8056966662406921
	0.8056957721710205
	0.805689811706543
	0.8056928515434265
	0.8056851625442505
	0.8056900501251221
	0.8056834936141968
	0.8056860566139221
	0.8056931495666504
	0.8056932687759399
	0.8056881427764893
	0.8056843876838684
	0.8056764006614685
	0.8056784868240356
	0.8056722283363342
	0.8056802749633789
	0.805681049823761
	0.8056788444519043
	0.8056731224060059
	0.8056679368019104
	0.8056666851043701
	0.8056660890579224
	0.8056607842445374
	0.8056557178497314
	0.8056542277336121
	0.8056477904319763
	0.805640459060669
	0.8056364059448242
	0.8056321144104004
	0.8056288361549377
	0.8056240081787109
	0.8056255578994751
	0.8056269884109497
	0.8056260943412781
	0.8056175112724304
	0.8056110143661499
	0.8056021332740784
	0.8055994510650635
	0.8055948615074158
	0.8055869936943054
	0.8055907487869263
	0.8055855631828308
	0.8055841326713562
	0.8055853247642517
	0.8055829405784607
	0.8055882453918457
	0.8055844902992249
	0.8055774569511414
	0.805579662322998
	0.8055738210678101
	0.8055726289749146
	0.8055769205093384
	0.8055765628814697
	0.8055795431137085
	0.8055770993232727
	0.8055601119995117
	0.8055551052093506
	0.8055515289306641
	0.8055532574653625
	0.8055528402328491
	0.8055503368377686
	0.8055360913276672
	0.805530846118927
	0.8055267333984375
	0.8055205941200256
	0.8055111765861511
	0.8055112957954407
	0.80550616979599
	0.8054965138435364
	0.8054985404014587
	0.805494487285614
	0.8054993152618408
	0.8054924011230469
	0.8054969310760498
	0.8054945468902588
	0.8054912686347961
	0.8055022358894348
	0.8055036664009094
	0.8055014610290527
	0.8054971694946289
	0.8054892420768738
	0.8054808378219604
	0.8054758310317993
	0.8054710030555725
	0.8054620623588562
	0.805454671382904
	0.8054487109184265
	0.8054414391517639
	0.8054362535476685
	0.8054316639900208
	0.8054265975952148
	0.8054232597351074
	0.8054266571998596
	0.8054196834564209
	0.8054126501083374
	0.8054096102714539
	0.8054136037826538
	0.805415153503418
	0.8054149746894836
	0.8053995966911316
	0.8053966760635376
	0.8054003119468689
	0.8053854703903198
	0.8053882122039795
	0.8053848147392273
	0.8053772449493408
	0.8053762316703796
	0.8053714036941528
	0.805378794670105
	0.805379331111908
	0.8053880929946899
	0.8053916096687317
	0.805391252040863
	0.8053905963897705
	0.8053984045982361
	0.8053997159004211
	0.8054031729698181
	0.8053964972496033
	0.8054074048995972
	0.805401086807251
	0.8054100275039673
	0.8054026961326599
	0.8054060935974121
	0.805401623249054
	0.8053879737854004
	0.8053984045982361
	0.8053921461105347
	0.8054000735282898
	0.8053991794586182
	0.8054022192955017
	0.8054136633872986
	0.8054174184799194
	0.8054041862487793
	0.8054032325744629
	0.8054019212722778
	0.8054082989692688
	0.8054066896438599
	0.8054099082946777
	0.8054090738296509
	0.8054061532020569
	0.805415153503418
	0.8054107427597046
	0.8054112792015076
	0.8054051995277405
	0.8053995370864868
]