[
	1.1753265857696533
	1.1752287149429321
	1.175116777420044
	1.1750106811523438
	1.1749036312103271
	1.1747910976409912
	1.1746788024902344
	1.1745805740356445
	1.1744818687438965
	1.1743831634521484
	1.1742855310440063
	1.1741803884506226
	1.1740734577178955
	1.1739791631698608
	1.173870325088501
	1.1737596988677979
	1.1736525297164917
	1.173556923866272
	1.1734569072723389
	1.1733589172363281
	1.173256516456604
	1.1731607913970947
	1.1730687618255615
	1.1729702949523926
	1.1728630065917969
	1.172771692276001
	1.1726759672164917
	1.1725661754608154
	1.1724615097045898
	1.1723581552505493
	1.172263503074646
	1.1721552610397339
	1.1720656156539917
	1.1719696521759033
	1.1718693971633911
	1.1717697381973267
	1.1716747283935547
	1.1715754270553589
	1.171471118927002
	1.171373963356018
	1.1712815761566162
	1.1711724996566772
	1.1710710525512695
	1.1709808111190796
	1.1708998680114746
	1.1708041429519653
	1.170685887336731
	1.1705927848815918
	1.1704866886138916
	1.1703842878341675
	1.1702948808670044
	1.170202374458313
	1.170092225074768
	1.1699944734573364
	1.1699045896530151
	1.169806718826294
	1.1697224378585815
	1.16963791847229
	1.1695457696914673
	1.1694557666778564
	1.1693732738494873
	1.1692811250686646
	1.1691980361938477
	1.1691186428070068
	1.1690263748168945
	1.1689362525939941
	1.168848991394043
	1.1687716245651245
	1.168674349784851
	1.168578863143921
	1.1684890985488892
	1.1684043407440186
	1.1683112382888794
	1.1682261228561401
	1.1681296825408936
	1.1680352687835693
	1.1679439544677734
	1.1678602695465088
	1.167761206626892
	1.1676748991012573
	1.167586088180542
	1.1674962043762207
	1.1674106121063232
	1.1673280000686646
	1.1672289371490479
	1.1671452522277832
	1.1670598983764648
	1.1669821739196777
	1.16690194606781
	1.1668182611465454
	1.1667301654815674
	1.1666483879089355
	1.1665529012680054
	1.1664677858352661
	1.1663761138916016
	1.1663033962249756
	1.1662174463272095
	1.1661370992660522
	1.1660584211349487
	1.1659786701202393
	1.1658939123153687
	1.165802240371704
	1.1657230854034424
	1.1656333208084106
	1.1655505895614624
	1.1654698848724365
	1.1654033660888672
	1.1653211116790771
	1.165237545967102
	1.165157675743103
	1.165078043937683
	1.1650056838989258
	1.1649208068847656
	1.1648403406143188
	1.1647613048553467
	1.1646825075149536
	1.1646158695220947
	1.1645339727401733
	1.1644490957260132
	1.1643623113632202
	1.1642855405807495
	1.164209246635437
	1.1641287803649902
	1.164050579071045
	1.1639747619628906
	1.1639066934585571
	1.1638222932815552
	1.1637375354766846
	1.1636674404144287
	1.1635829210281372
	1.163504958152771
	1.1634178161621094
	1.1633580923080444
	1.1632882356643677
	1.1632109880447388
	1.1631369590759277
	1.163070559501648
	1.1630041599273682
	1.1629273891448975
	1.1628491878509521
	1.1627671718597412
	1.162705659866333
	1.162639856338501
	1.1625639200210571
	1.1624979972839355
	1.162413477897644
	1.1623413562774658
	1.1622624397277832
	1.1621869802474976
	1.1621119976043701
	1.1620372533798218
	1.161965012550354
	1.1618932485580444
	1.1618176698684692
	1.1617441177368164
	1.161679744720459
	1.1616160869598389
	1.1615480184555054
	1.161470890045166
	1.1613956689834595
	1.1613293886184692
	1.161271095275879
	1.161206841468811
	1.161141276359558
	1.1610703468322754
	1.1610010862350464
	1.1609286069869995
	1.1608576774597168
	1.1607829332351685
	1.160714864730835
	1.1606481075286865
	1.1605842113494873
	1.1605207920074463
	1.1604490280151367
	1.1603775024414062
	1.160308599472046
	1.1602411270141602
	1.1601753234863281
	1.1601094007492065
	1.1600391864776611
	1.1599793434143066
	1.1599175930023193
	1.1598538160324097
	1.1598013639450073
	1.159731149673462
	1.1596674919128418
	1.1596068143844604
	1.159538984298706
	1.1594772338867188
	1.1594151258468628
	1.159350037574768
	1.1592869758605957
	1.159218430519104
	1.1591485738754272
	1.1590930223464966
	1.1590313911437988
	1.1589688062667847
	1.158921241760254
	1.1588518619537354
	1.1587876081466675
	1.158720850944519
	1.1586624383926392
	1.1586087942123413
	1.1585487127304077
	1.158487319946289
	1.1584147214889526
	1.158360481262207
	1.158299207687378
	1.1582467555999756
	1.158184289932251
	1.158128023147583
	1.1580713987350464
	1.1580183506011963
	1.157947301864624
	1.1578781604766846
	1.1578384637832642
	1.1577705144882202
	1.1577112674713135
	1.1576529741287231
	1.1575944423675537
	1.157534122467041
	1.1574792861938477
	1.15743088722229
	1.1573724746704102
	1.1573193073272705
	1.157270908355713
	1.1572128534317017
	1.157153606414795
	1.1570873260498047
	1.1570236682891846
	1.1569663286209106
	1.1569080352783203
	1.1568570137023926
	1.1567983627319336
	1.1567448377609253
	1.1566849946975708
	1.156629204750061
	1.1565799713134766
	1.1565275192260742
	1.1564762592315674
	1.156423807144165
	1.1563642024993896
	1.1563067436218262
	1.1562508344650269
	1.1562063694000244
	1.156160593032837
	1.1561006307601929
	1.156045913696289
	1.1559877395629883
	1.1559251546859741
	1.155867576599121
	1.1558215618133545
	1.1557668447494507
	1.155714750289917
	1.1556612253189087
	1.1556116342544556
	1.1555579900741577
	1.1554946899414062
	1.1554503440856934
	1.155393123626709
	1.155351161956787
	1.1552966833114624
	1.1552447080612183
	1.1551885604858398
	1.1551347970962524
	1.1550697088241577
	1.1550172567367554
	1.1549599170684814
	1.1549063920974731
	1.1548517942428589
	1.1547975540161133
	1.1547424793243408
	1.1546882390975952
	1.1546403169631958
	1.1545913219451904
	1.154536247253418
	1.1544897556304932
	1.15445077419281
	1.1544015407562256
	1.1543478965759277
	1.1543086767196655
	1.15425705909729
	1.154214859008789
	1.154167652130127
	1.1541121006011963
	1.1540607213974
	1.1540114879608154
	1.1539597511291504
	1.1539216041564941
	1.1538771390914917
	1.1538293361663818
	1.1537786722183228
	1.153730034828186
	1.1536921262741089
	1.1536446809768677
	1.153598666191101
	1.1535460948944092
	1.153496503829956
	1.153458833694458
	1.1534152030944824
	1.153368592262268
	1.1533344984054565
	1.15329110622406
	1.1532318592071533
	1.1531842947006226
	1.1531444787979126
	1.1530976295471191
	1.1530555486679077
	1.1530095338821411
	1.1529784202575684
	1.1529405117034912
	1.152889609336853
	1.1528420448303223
	1.1527999639511108
	1.152744174003601
	1.1527067422866821
	1.15265953540802
	1.15262770652771
	1.1525964736938477
	1.1525574922561646
	1.1525076627731323
	1.1524584293365479
	1.1524200439453125
	1.152377963066101
	1.152335524559021
	1.1522866487503052
	1.152235746383667
	1.1521908044815063
	1.1521382331848145
	1.1521005630493164
	1.1520639657974243
	1.1520222425460815
	1.1519891023635864
	1.1519519090652466
	1.1519031524658203
	1.151859164237976
	1.1518181562423706
	1.151787281036377
	1.1517466306686401
	1.1517149209976196
	1.1516656875610352
	1.1516172885894775
	1.1515713930130005
	1.1515313386917114
	1.1514889001846313
	1.1514546871185303
	1.1514098644256592
	1.1513748168945312
	1.1513301134109497
	1.1512871980667114
	1.1512399911880493
	1.1512072086334229
	1.1511632204055786
	1.151126742362976
	1.151089072227478
	1.1510502099990845
	1.1510130167007446
	1.1509759426116943
	1.1509352922439575
	1.1508926153182983
	1.1508530378341675
	1.1508078575134277
	1.150768518447876
	1.1507303714752197
	1.1506868600845337
	1.1506614685058594
	1.150621771812439
	1.1505894660949707
	1.1505630016326904
	1.1505249738693237
	1.1504855155944824
	1.1504490375518799
	1.1504050493240356
	1.1503599882125854
	1.1503218412399292
	1.1502832174301147
	1.1502374410629272
	1.1502031087875366
	1.1501542329788208
	1.1501189470291138
	1.1500831842422485
	1.1500436067581177
	1.1500006914138794
	1.1499615907669067
	1.1499212980270386
	1.1498855352401733
	1.1498475074768066
	1.1498147249221802
	1.149775505065918
	1.1497347354888916
	1.1496913433074951
	1.1496467590332031
	1.1495985984802246
	1.1495572328567505
	1.1495157480239868
	1.1494747400283813
	1.1494359970092773
	1.1494038105010986
	1.1493724584579468
	1.1493386030197144
	1.1493053436279297
	1.1492656469345093
	1.1492323875427246
	1.14919912815094
	1.1491516828536987
	1.1491203308105469
	1.1490769386291504
	1.1490415334701538
	1.1489977836608887
	1.1489659547805786
	1.148926854133606
	1.148892879486084
	1.148851990699768
	1.1488263607025146
	1.1487959623336792
	1.1487629413604736
	1.1487290859222412
	1.1487022638320923
	1.1486685276031494
	1.1486413478851318
	1.1486024856567383
	1.1485650539398193
	1.1485373973846436
	1.1485116481781006
	1.1484779119491577
	1.1484417915344238
	1.148408055305481
	1.148376226425171
	1.1483469009399414
	1.1483148336410522
	1.148285150527954
	1.1482387781143188
	1.1482055187225342
	1.148172378540039
	1.1481324434280396
	1.1481074094772339
	1.148077368736267
	1.1480480432510376
	1.1480013132095337
	1.147970199584961
	1.1479374170303345
	1.1479125022888184
	1.1478782892227173
	1.1478444337844849
	1.1478211879730225
	1.147793173789978
	1.1477656364440918
	1.1477268934249878
	1.1477041244506836
	1.1476644277572632
	1.1476333141326904
	1.147608995437622
	1.1475741863250732
	1.1475471258163452
	1.1475083827972412
	1.1474764347076416
	1.1474517583847046
	1.147412896156311
	1.1473894119262695
	1.1473604440689087
	1.1473335027694702
	1.1472971439361572
	1.1472575664520264
	1.147228479385376
	1.1472023725509644
	1.1471726894378662
	1.1471307277679443
	1.147099494934082
	1.147067666053772
	1.147042989730835
	1.1470084190368652
	1.146986484527588
	1.1469491720199585
	1.146911382675171
	1.1468751430511475
	1.146846055984497
	1.1468122005462646
	1.1467845439910889
	1.1467419862747192
	1.1467117071151733
	1.146671175956726
	1.146623134613037
	1.1465985774993896
	1.1465716361999512
	1.1465399265289307
	1.1465139389038086
	1.1464898586273193
	1.1464571952819824
	1.1464359760284424
	1.146408200263977
	1.1463745832443237
	1.1463468074798584
	1.146318793296814
	1.1462815999984741
	1.1462582349777222
	1.1462242603302002
	1.1461962461471558
	1.1461652517318726
	1.1461350917816162
	1.1461089849472046
	1.1460750102996826
	1.146046757698059
	1.1460179090499878
	1.1459897756576538
	1.1459530591964722
	1.1459225416183472
	1.1458966732025146
	1.1458560228347778
	1.14583158493042
	1.1458072662353516
	1.1457860469818115
	1.1457642316818237
	1.1457417011260986
	1.1457151174545288
	1.1456801891326904
	1.1456388235092163
	1.1456056833267212
	1.145575761795044
	1.1455473899841309
	1.14551842212677
	1.1454881429672241
	1.1454523801803589
	1.1454123258590698
	1.1453857421875
	1.1453417539596558
	1.1453067064285278
	1.1452738046646118
	1.1452345848083496
	1.1451830863952637
	1.1451576948165894
	1.145140528678894
	1.1451082229614258
	1.1450775861740112
	1.1450541019439697
	1.1450257301330566
	1.1449977159500122
	1.1449711322784424
	1.1449369192123413
	1.1449018716812134
	1.1448805332183838
	1.1448509693145752
	1.144811987876892
	1.1447941064834595
	1.1447546482086182
	1.1447227001190186
	1.1446945667266846
	1.1446635723114014
	1.14463210105896
	1.1446019411087036
	1.1445698738098145
	1.1445415019989014
	1.1445170640945435
	1.1444799900054932
	1.1444519758224487
	1.14441978931427
	1.1443825960159302
	1.1443493366241455
	1.1443202495574951
	1.1442867517471313
	1.1442558765411377
	1.1442197561264038
	1.1441795825958252
	1.1441559791564941
	1.1441304683685303
	1.1441121101379395
	1.1440718173980713
	1.1440424919128418
	1.1440173387527466
	1.1439976692199707
	1.1439653635025024
	1.1439355611801147
	1.1439001560211182
	1.1438720226287842
	1.1438449621200562
	1.1438026428222656
	1.1437677145004272
	1.1437385082244873
	1.1437110900878906
	1.1436837911605835
	1.1436511278152466
	1.1436220407485962
	1.1436002254486084
	1.1435805559158325
	1.1435467004776
	1.14352285861969
	1.1434895992279053
	1.1434561014175415
	1.1434288024902344
	1.1434003114700317
	1.1433626413345337
	1.1433264017105103
	1.143301010131836
	1.1432721614837646
	1.143242597579956
	1.1432075500488281
	1.143172025680542
	1.1431469917297363
	1.1431299448013306
	1.143103837966919
	1.143081784248352
	1.1430505514144897
	1.14301335811615
	1.1429855823516846
	1.142967700958252
	1.1429510116577148
	1.1429212093353271
	1.142891526222229
	1.1428556442260742
	1.1428302526474
	1.14280366897583
	1.1427817344665527
	1.1427632570266724
	1.1427319049835205
	1.142701506614685
	1.1426806449890137
	1.1426501274108887
	1.1426242589950562
	1.1426000595092773
	1.142566442489624
	1.1425284147262573
	1.1424949169158936
	1.1424635648727417
	1.1424369812011719
	1.1424107551574707
	1.1423823833465576
	1.142362356185913
	1.1423225402832031
	1.1423044204711914
	1.14228093624115
	1.142238974571228
	1.142211675643921
	1.1421840190887451
	1.1421515941619873
	1.1421163082122803
	1.1420888900756836
	1.1420624256134033
	1.1420376300811768
	1.1420120000839233
	1.141986608505249
	1.1419528722763062
	1.141917109489441
	1.1418904066085815
	1.1418602466583252
	1.1418325901031494
	1.1417875289916992
	1.1417616605758667
	1.1417326927185059
	1.1416980028152466
	1.1416574716567993
	1.1416316032409668
	1.1415963172912598
	1.1415598392486572
	1.1415338516235352
	1.141501545906067
	1.1414742469787598
	1.1414464712142944
	1.1414222717285156
	1.141390085220337
	1.141359806060791
	1.1413317918777466
	1.1412984132766724
	1.1412564516067505
	1.141241192817688
	1.1412135362625122
	1.141191005706787
	1.141156792640686
	1.141127109527588
	1.1410934925079346
	1.141059398651123
	1.1410279273986816
	1.1410157680511475
	1.1409822702407837
	1.1409543752670288
	1.140921950340271
	1.1408936977386475
	1.140859842300415
	1.1408321857452393
	1.1408041715621948
	1.140777826309204
	1.1407603025436401
	1.1407339572906494
	1.1407039165496826
	1.1406763792037964
	1.1406505107879639
	1.1406298875808716
	1.1406078338623047
	1.1405718326568604
	1.1405436992645264
	1.140513300895691
	1.1404833793640137
	1.1404523849487305
	1.1404162645339966
	1.1403895616531372
	1.1403676271438599
	1.1403390169143677
	1.140317440032959
	1.1402935981750488
	1.1402714252471924
	1.1402417421340942
	1.1402173042297363
	1.140179991722107
	1.14014732837677
	1.1401121616363525
	1.140080451965332
	1.1400518417358398
	1.140028715133667
	1.139999508857727
	1.1399624347686768
	1.139929175376892
	1.1398969888687134
	1.139864206314087
	1.1398249864578247
	1.139788269996643
	1.139752984046936
	1.1397291421890259
	1.1397045850753784
	1.1396793127059937
	1.1396452188491821
	1.139611840248108
	1.1395872831344604
	1.1395604610443115
	1.1395267248153687
	1.1395033597946167
	1.139477252960205
	1.1394460201263428
	1.139418601989746
	1.139390468597412
	1.139359951019287
	1.1393280029296875
	1.1392968893051147
	1.1392648220062256
	1.139220952987671
	1.1391884088516235
	1.1391594409942627
	1.139137864112854
	1.1391160488128662
	1.139094591140747
	1.1390681266784668
	1.1390434503555298
	1.1390212774276733
	1.1389940977096558
	1.1389724016189575
	1.1389514207839966
	1.1389307975769043
	1.1389015913009644
	1.1388689279556274
	1.1388403177261353
	1.138812780380249
	1.1387848854064941
	1.1387461423873901
	1.138720989227295
	1.1386890411376953
	1.138656735420227
	1.1386321783065796
	1.138599157333374
	1.1385732889175415
	1.1385464668273926
	1.1385142803192139
	1.1384927034378052
	1.1384674310684204
	1.1384443044662476
	1.13841712474823
	1.138387680053711
	1.1383628845214844
	1.1383329629898071
	1.138299584388733
	1.1382713317871094
	1.1382453441619873
	1.1382129192352295
	1.1381893157958984
	1.1381609439849854
	1.1381291151046753
	1.1380940675735474
	1.1380659341812134
	1.1380367279052734
	1.138014793395996
	1.1379903554916382
	1.1379599571228027
	1.137929081916809
	1.13791024684906
	1.1378836631774902
	1.1378494501113892
	1.1378111839294434
	1.137781023979187
	1.1377543210983276
	1.1377310752868652
	1.1377081871032715
	1.1376811265945435
	1.1376535892486572
	1.1376267671585083
	1.1375912427902222
	1.1375620365142822
	1.137532353401184
	1.1375091075897217
	1.1374813318252563
	1.137459397315979
	1.1374229192733765
	1.1373957395553589
	1.1373487710952759
	1.1373275518417358
	1.137294054031372
	1.1372593641281128
	1.1372474431991577
	1.1372053623199463
	1.1371887922286987
	1.1371445655822754
	1.1371171474456787
	1.1370811462402344
	1.1370501518249512
	1.1370173692703247
	1.13699209690094
	1.1369614601135254
	1.1369273662567139
	1.1368927955627441
	1.1368738412857056
	1.1368516683578491
	1.1368310451507568
	1.1368049383163452
	1.1367747783660889
	1.1367506980895996
	1.136724591255188
	1.1367125511169434
	1.1366938352584839
	1.1366616487503052
	1.1366331577301025
	1.1366151571273804
	1.136587381362915
	1.1365678310394287
	1.1365597248077393
	1.136531949043274
	1.136507272720337
	1.1364808082580566
	1.1364567279815674
	1.1364206075668335
	1.136397123336792
	1.1363708972930908
	1.1363379955291748
	1.1363070011138916
	1.1362760066986084
	1.1362640857696533
	1.1362335681915283
	1.1362086534500122
	1.1361825466156006
	1.1361595392227173
	1.1361302137374878
	1.1361043453216553
	1.1360752582550049
	1.1360461711883545
	1.1360154151916504
	1.1359809637069702
	1.1359612941741943
	1.1359426975250244
	1.1359254121780396
	1.135900616645813
	1.1358706951141357
	1.1358436346054077
	1.1358071565628052
	1.135787010192871
	1.1357660293579102
	1.1357420682907104
	1.1357206106185913
	1.1356903314590454
	1.1356632709503174
	1.1356273889541626
	1.1355994939804077
	1.135569453239441
	1.135538101196289
	1.1355046033859253
	1.1354734897613525
	1.1354564428329468
	1.135427713394165
	1.1354011297225952
	1.135385274887085
	1.1353648900985718
	1.1353412866592407
	1.1353113651275635
	1.1352843046188354
	1.1352647542953491
	1.135229229927063
	1.1351994276046753
	1.135172963142395
	1.1351354122161865
	1.1351135969161987
	1.1350812911987305
	1.135054349899292
	1.1350222826004028
	1.1349951028823853
	1.1349644660949707
	1.134926438331604
	1.1348978281021118
	1.1348700523376465
	1.1348445415496826
	1.1348168849945068
	1.1347872018814087
	1.134759783744812
	1.1347347497940063
	1.1347037553787231
	1.134689450263977
	1.1346632242202759
	1.1346410512924194
	1.1346189975738525
	1.1345949172973633
	1.1345654726028442
	1.1345419883728027
	1.1345174312591553
	1.1344902515411377
	1.1344623565673828
	1.134444236755371
	1.1344302892684937
	1.1343986988067627
	1.1343709230422974
	1.134340763092041
	1.1343059539794922
	1.134283423423767
	1.1342651844024658
	1.1342408657073975
	1.1342240571975708
	1.1342048645019531
	1.1341792345046997
	1.1341512203216553
	1.134115219116211
	1.1340932846069336
	1.1340748071670532
	1.1340686082839966
	1.1340545415878296
	1.134020447731018
	1.1339948177337646
	1.1339709758758545
	1.1339529752731323
	1.1339268684387207
	1.1339112520217896
	1.1338880062103271
	1.13387131690979
	1.1338415145874023
	1.133805751800537
	1.1337690353393555
	1.133749008178711
	1.1337276697158813
	1.1337066888809204
	1.1336790323257446
	1.133660912513733
	1.1336371898651123
	1.1336109638214111
	1.1335777044296265
	1.1335479021072388
	1.1335265636444092
	1.1334998607635498
	1.1334888935089111
	1.1334701776504517
	1.1334437131881714
	1.1334129571914673
	1.1333791017532349
	1.1333621740341187
	1.1333333253860474
	1.1333167552947998
	1.1333041191101074
	1.133285641670227
	1.1332688331604004
	1.1332406997680664
	1.1332117319107056
	1.1331772804260254
	1.133148193359375
	1.133125901222229
	1.1331034898757935
	1.1330780982971191
	1.133049726486206
	1.1330268383026123
	1.1329984664916992
	1.1329840421676636
	1.132972002029419
	1.1329600811004639
	1.1329319477081299
	1.1329095363616943
	1.1328880786895752
	1.1328637599945068
	1.1328564882278442
	1.1328336000442505
	1.1328134536743164
	1.1327944993972778
	1.132768988609314
	1.132748007774353
	1.1327258348464966
	1.132710576057434
	1.1326836347579956
	1.1326698064804077
	1.1326478719711304
	1.1326133012771606
	1.1325899362564087
	1.1325641870498657
	1.1325445175170898
	1.1325210332870483
	1.132499098777771
	1.1324784755706787
	1.1324477195739746
	1.1324217319488525
	1.1323952674865723
	1.1323705911636353
	1.1323479413986206
	1.1323282718658447
	1.1323035955429077
	1.1322811841964722
	1.1322529315948486
	1.132225513458252
	1.1321958303451538
	1.1321741342544556
	1.1321452856063843
	1.1321368217468262
	1.1321083307266235
	1.1320804357528687
	1.1320552825927734
	1.132035255432129
	1.1320143938064575
	1.1319875717163086
	1.1319600343704224
	1.131941795349121
	1.131928563117981
	1.1319093704223633
	1.1318931579589844
	1.1318618059158325
	1.1318423748016357
	1.131805658340454
	1.1317784786224365
	1.1317534446716309
	1.1317342519760132
	1.1317188739776611
	1.1316944360733032
	1.1316673755645752
	1.1316481828689575
	1.1316370964050293
	1.131615400314331
	1.1315828561782837
	1.131552815437317
	1.131534457206726
	1.1315233707427979
	1.1315010786056519
	1.1314778327941895
	1.1314526796340942
	1.1314351558685303
	1.131411075592041
	1.1313819885253906
	1.1313624382019043
	1.1313427686691284
	1.1313190460205078
	1.1312990188598633
	1.1312787532806396
	1.131253719329834
	1.1312223672866821
	1.1312015056610107
	1.1311750411987305
	1.1311564445495605
	1.131137728691101
	1.1311135292053223
	1.1310869455337524
	1.131072998046875
	1.1310460567474365
	1.1310325860977173
	1.1310110092163086
	1.1309856176376343
	1.1309549808502197
	1.1309229135513306
	1.1309033632278442
	1.1308834552764893
	1.1308680772781372
	1.1308406591415405
	1.1308298110961914
	1.130819320678711
	1.1308082342147827
	1.1307746171951294
	1.1307587623596191
	1.1307246685028076
	1.1307024955749512
	1.1306872367858887
	1.130671739578247
	1.1306428909301758
	1.1306096315383911
	1.130583643913269
	1.1305536031723022
	1.1305227279663086
	1.1305034160614014
	1.130488395690918
	1.1304645538330078
	1.130439043045044
	1.1304181814193726
	1.1303980350494385
	1.1303728818893433
	1.1303536891937256
	1.130338191986084
	1.130328893661499
	1.1303108930587769
	1.130286693572998
	1.1302658319473267
	1.1302528381347656
	1.1302317380905151
	1.130208969116211
	1.1301963329315186
	1.1301815509796143
	1.1301679611206055
	1.130153775215149
	1.130150556564331
	1.1301381587982178
	1.1301144361495972
	1.130084753036499
	1.1300697326660156
	1.13004469871521
	1.1300177574157715
	1.1299946308135986
	1.129973292350769
	1.1299484968185425
	1.129927635192871
	1.129919171333313
	1.1299076080322266
	1.1298811435699463
	1.1298558712005615
	1.1298470497131348
	1.1298272609710693
	1.1298125982284546
	1.1297849416732788
	1.1297640800476074
	1.1297491788864136
	1.1297285556793213
	1.1297074556350708
	1.129685640335083
	1.1296606063842773
	1.1296430826187134
	1.1296181678771973
	1.129604697227478
	1.1295877695083618
	1.1295757293701172
	1.1295558214187622
	1.1295397281646729
	1.1295267343521118
	1.1294993162155151
	1.1294893026351929
	1.129472017288208
	1.129457950592041
	1.1294364929199219
	1.129425048828125
	1.1294045448303223
	1.1293829679489136
	1.129366159439087
	1.129338026046753
	1.1293152570724487
	1.1293038129806519
	1.1292855739593506
	1.1292740106582642
	1.1292459964752197
	1.1292283535003662
	1.129209041595459
	1.1291886568069458
	1.1291658878326416
	1.1291474103927612
	1.129137635231018
	1.1291218996047974
	1.1291043758392334
	1.1290900707244873
	1.1290686130523682
	1.1290518045425415
	1.1290407180786133
	1.1290242671966553
	1.129006266593933
	1.1289805173873901
	1.128964900970459
	1.1289578676223755
	1.1289414167404175
	1.128934383392334
	1.1289101839065552
	1.128893494606018
	1.128867268562317
	1.1288458108901978
	1.1288305521011353
	1.1287986040115356
	1.1287840604782104
	1.1287685632705688
	1.128760814666748
	1.1287351846694946
	1.1287157535552979
	1.1287018060684204
	1.1286778450012207
	1.1286636590957642
	1.1286474466323853
	1.1286191940307617
	1.1286063194274902
	1.128585934638977
	1.128561019897461
	1.128542184829712
	1.128522515296936
	1.128505825996399
	1.1284831762313843
	1.1284502744674683
	1.1284407377243042
	1.1284235715866089
	1.1284098625183105
	1.128403902053833
	1.1283817291259766
	1.1283602714538574
	1.1283466815948486
	1.1283330917358398
	1.1283155679702759
	1.1283069849014282
	1.1282985210418701
	1.1282989978790283
	1.1282814741134644
	1.1282687187194824
	1.1282496452331543
	1.1282298564910889
	1.128204107284546
	1.1281815767288208
	1.1281527280807495
	1.12814199924469
	1.1281325817108154
	1.12812077999115
	1.1280968189239502
	1.1280866861343384
	1.1280735731124878
	1.1280572414398193
	1.1280441284179688
	1.128024697303772
	1.1280028820037842
	1.127988338470459
	1.1279709339141846
	1.1279513835906982
	1.1279243230819702
	1.1279072761535645
	1.1278871297836304
	1.12787663936615
	1.1278706789016724
	1.1278541088104248
	1.127827525138855
	1.1278076171875
	1.1277889013290405
	1.127770185470581
	1.1277623176574707
	1.1277496814727783
	1.1277413368225098
	1.1277287006378174
	1.1277174949645996
	1.1276943683624268
	1.127677083015442
	1.1276623010635376
	1.1276483535766602
	1.1276395320892334
	1.127631425857544
	1.127623438835144
	1.127612829208374
	1.1275807619094849
	1.127564549446106
	1.1275582313537598
	1.1275407075881958
	1.1275203227996826
	1.1275185346603394
	1.1274961233139038
	1.1274887323379517
	1.1274746656417847
	1.1274583339691162
	1.1274534463882446
	1.1274324655532837
	1.1274187564849854
	1.1273998022079468
	1.1273823976516724
	1.1273653507232666
	1.1273434162139893
	1.1273282766342163
	1.127318024635315
	1.127313256263733
	1.1273094415664673
	1.1272977590560913
	1.1272774934768677
	1.127259612083435
	1.1272684335708618
	1.1272598505020142
	1.1272469758987427
	1.1272310018539429
	1.1272200345993042
	1.1272130012512207
	1.1272023916244507
	1.127189040184021
	1.1271750926971436
	1.1271594762802124
	1.1271471977233887
	1.1271306276321411
	1.1271075010299683
	1.127091646194458
	1.1270675659179688
	1.127055048942566
	1.1270428895950317
	1.127025842666626
	1.127007007598877
	1.1269923448562622
	1.1269724369049072
	1.126962423324585
	1.1269443035125732
	1.1269290447235107
	1.1269069910049438
	1.126882791519165
	1.1268718242645264
	1.126859188079834
	1.1268413066864014
	1.1268221139907837
	1.126802921295166
	1.1267801523208618
	1.1267738342285156
	1.1267496347427368
	1.1267343759536743
	1.1267141103744507
	1.12669038772583
	1.126674771308899
	1.1266635656356812
	1.1266565322875977
	1.1266570091247559
	1.126638412475586
	1.1266318559646606
	1.126627802848816
	1.126600742340088
	1.1265904903411865
	1.1265681982040405
	1.1265572309494019
	1.1265405416488647
	1.1265251636505127
	1.1264996528625488
	1.1264995336532593
	1.1264792680740356
	1.1264736652374268
	1.126464605331421
	1.1264514923095703
	1.1264365911483765
	1.126430630683899
	1.126423716545105
	1.1264044046401978
	1.1263846158981323
	1.1263681650161743
	1.126358151435852
	1.1263480186462402
	1.1263304948806763
	1.1263262033462524
	1.1263028383255005
	1.1262929439544678
	1.1262916326522827
	1.1262702941894531
	1.1262606382369995
	1.12625253200531
	1.1262543201446533
	1.1262327432632446
	1.126216173171997
	1.1262085437774658
	1.1261968612670898
	1.1261852979660034
	1.1261755228042603
	1.126158595085144
	1.1261430978775024
	1.1261274814605713
	1.1261128187179565
	1.1261016130447388
	1.126086711883545
	1.1260734796524048
	1.1260546445846558
	1.1260374784469604
	1.1260243654251099
	1.126022458076477
	1.126011610031128
	1.1259970664978027
	1.125978946685791
	1.1259639263153076
	1.1259413957595825
	1.125933289527893
	1.1259318590164185
	1.125917673110962
	1.1259008646011353
	1.1258949041366577
	1.1258882284164429
	1.125879168510437
	1.1258658170700073
	1.1258509159088135
	1.1258301734924316
	1.1258211135864258
	1.1258150339126587
	1.1258043050765991
	1.125787615776062
	1.125779390335083
	1.1257625818252563
	1.1257449388504028
	1.125730037689209
	1.1257264614105225
	1.1257253885269165
	1.1257175207138062
	1.1257014274597168
	1.1256918907165527
	1.1256844997406006
	1.1256763935089111
	1.1256576776504517
	1.1256412267684937
	1.1256259679794312
	1.1256247758865356
	1.1256036758422852
	1.1255934238433838
	1.1255751848220825
	1.1255533695220947
	1.125542163848877
	1.125531792640686
	1.125524878501892
	1.1255165338516235
	1.1255149841308594
	1.1254993677139282
	1.1254830360412598
	1.1254645586013794
	1.1254502534866333
	1.1254472732543945
	1.125433325767517
	1.1254198551177979
	1.1254132986068726
	1.1254020929336548
	1.1253845691680908
	1.1253743171691895
	1.1253596544265747
	1.1253553628921509
	1.125341773033142
	1.1253387928009033
	1.1253362894058228
	1.1253129243850708
	1.1253002882003784
	1.1252886056900024
	1.125275731086731
	1.1252599954605103
	1.1252459287643433
	1.1252273321151733
	1.125212550163269
	1.1251945495605469
	1.1251895427703857
	1.1251760721206665
	1.125173807144165
	1.1251574754714966
	1.1251455545425415
	1.125132441520691
	1.1251137256622314
	1.1251081228256226
	1.1251062154769897
	1.1251051425933838
	1.1250910758972168
	1.1250780820846558
	1.125072956085205
	1.125063180923462
	1.1250481605529785
	1.1250343322753906
	1.1250255107879639
	1.125008225440979
	1.1249955892562866
	1.1249895095825195
	1.124977946281433
	1.12496018409729
	1.124954342842102
	1.1249526739120483
	1.124940037727356
	1.1249281167984009
	1.1249134540557861
	1.1249046325683594
	1.1248852014541626
	1.1248700618743896
	1.1248600482940674
	1.124854564666748
	1.1248399019241333
	1.124822974205017
	1.1248148679733276
	1.124800443649292
	1.1247870922088623
	1.1247953176498413
	1.1247867345809937
	1.124780535697937
	1.1247626543045044
	1.1247501373291016
	1.1247472763061523
	1.1247342824935913
	1.1247280836105347
	1.1247191429138184
	1.1247029304504395
	1.1246994733810425
	1.1246802806854248
	1.1246747970581055
	1.124657392501831
	1.124639868736267
	1.124629020690918
	1.1246223449707031
	1.124616265296936
	1.124588131904602
	1.1245735883712769
	1.1245709657669067
	1.1245521306991577
	1.1245462894439697
	1.124534249305725
	1.1245253086090088
	1.1245132684707642
	1.1244993209838867
	1.1244926452636719
	1.1244838237762451
	1.124475121498108
	1.1244533061981201
	1.1244406700134277
	1.124435544013977
	1.1244242191314697
	1.1244158744812012
	1.124403953552246
	1.12440025806427
	1.124389410018921
	1.1243871450424194
	1.1243767738342285
	1.124366283416748
	1.1243544816970825
	1.1243427991867065
	1.1243209838867188
	1.124305009841919
	1.1242784261703491
	1.1242644786834717
	1.1242583990097046
	1.124252200126648
	1.12423837184906
	1.1242276430130005
	1.1242117881774902
	1.1241986751556396
	1.1241949796676636
	1.1241718530654907
	1.1241605281829834
	1.1241482496261597
	1.1241360902786255
	1.124123454093933
	1.124108910560608
	1.124102234840393
	1.1240911483764648
	1.1240782737731934
	1.1240644454956055
	1.1240527629852295
	1.1240345239639282
	1.1240371465682983
	1.1240332126617432
	1.1240230798721313
	1.1240142583847046
	1.1240047216415405
	1.1239854097366333
	1.1239728927612305
	1.1239675283432007
	1.1239595413208008
	1.1239546537399292
	1.1239429712295532
	1.1239345073699951
	1.1239207983016968
	1.123920202255249
	1.1239161491394043
	1.123918890953064
	1.1239066123962402
	1.1238956451416016
	1.1238926649093628
	1.1238819360733032
	1.1238651275634766
	1.1238527297973633
	1.123840570449829
	1.1238248348236084
	1.1238219738006592
	1.12381112575531
	1.1238034963607788
	1.1237972974777222
	1.123787760734558
	1.123780608177185
	1.1237651109695435
	1.1237484216690063
	1.1237457990646362
	1.123732328414917
	1.1237305402755737
	1.123716115951538
	1.1237138509750366
	1.123704195022583
	1.1236963272094727
	1.1236937046051025
	1.123685598373413
	1.123671531677246
	1.1236687898635864
	1.1236759424209595
	1.1236666440963745
	1.123664379119873
	1.1236616373062134
	1.1236568689346313
	1.123653769493103
	1.1236439943313599
	1.1236491203308105
	1.1236339807510376
	1.1236335039138794
	1.1236200332641602
	1.1236026287078857
	1.1235936880111694
	1.1235905885696411
	1.1236037015914917
	1.1235907077789307
	1.1235765218734741
	1.1235666275024414
	1.1235651969909668
	1.1235636472702026
	1.123551607131958
	1.12354576587677
	1.1235313415527344
	1.1235313415527344
	1.1235231161117554
	1.1235244274139404
	1.1235204935073853
	1.1235133409500122
	1.1234990358352661
	1.123486876487732
	1.1234835386276245
	1.1234837770462036
	1.1234809160232544
	1.1234750747680664
	1.123459815979004
	1.1234492063522339
	1.1234400272369385
	1.1234283447265625
	1.1234230995178223
	1.1234097480773926
	1.123400330543518
	1.1233903169631958
	1.123392939567566
	1.1233817338943481
	1.1233803033828735
	1.123378872871399
	1.1233584880828857
	1.1233527660369873
	1.1233423948287964
	1.1233283281326294
	1.1233253479003906
	1.123317003250122
	1.123301386833191
	1.1232868432998657
	1.1232775449752808
	1.123272180557251
	1.1232631206512451
	1.123257040977478
	1.1232489347457886
	1.1232457160949707
	1.1232433319091797
	1.1232388019561768
	1.1232298612594604
	1.1232038736343384
	1.1232017278671265
	1.1231940984725952
	1.1231799125671387
	1.1231765747070312
	1.1231658458709717
	1.1231504678726196
	1.1231491565704346
	1.1231446266174316
	1.1231319904327393
	1.1231313943862915
	1.123116135597229
	1.123106598854065
	1.123098373413086
	1.1230967044830322
	1.1230934858322144
	1.123093605041504
	1.123098611831665
	1.123096227645874
	1.123089075088501
	1.123077392578125
	1.1230703592300415
	1.1230682134628296
	1.1230493783950806
	1.1230392456054688
	1.123032808303833
	1.1230262517929077
	1.1230149269104004
	1.1229928731918335
	1.122988224029541
	1.122983455657959
	1.1229767799377441
	1.122976303100586
	1.122967004776001
	1.1229547262191772
	1.1229461431503296
	1.12294340133667
	1.1229408979415894
	1.1229374408721924
	1.1229283809661865
	1.122921347618103
	1.1229076385498047
	1.1229058504104614
	1.122896432876587
	1.1228971481323242
	1.1228861808776855
	1.1228752136230469
	1.1228703260421753
	1.1228582859039307
	1.1228549480438232
	1.1228492259979248
	1.1228536367416382
	1.1228641271591187
	1.1228715181350708
	1.1228621006011963
	1.1228605508804321
	1.1228549480438232
	1.1228374242782593
	1.1228275299072266
	1.1228153705596924
	1.1227995157241821
	1.122796654701233
	1.1227883100509644
	1.122780442237854
	1.12278151512146
	1.122780442237854
	1.1227720975875854
	1.1227613687515259
	1.1227638721466064
	1.1227591037750244
	1.1227513551712036
	1.1227456331253052
	1.1227355003356934
	1.1227376461029053
	1.122730016708374
	1.122729778289795
	1.1227186918258667
	1.1227160692214966
	1.1226985454559326
	1.1226962804794312
	1.1226826906204224
	1.1226714849472046
	1.122666597366333
	1.1226643323898315
	1.1226646900177002
	1.1226568222045898
	1.1226465702056885
	1.1226407289505005
	1.122631311416626
	1.122632622718811
	1.1226234436035156
	1.122621774673462
	1.1226154565811157
	1.1226208209991455
	1.122612476348877
	1.1226016283035278
	1.1226054430007935
	1.12258780002594
	1.1225789785385132
	1.122572660446167
	1.1225658655166626
	1.12256920337677
	1.1225696802139282
	1.1225666999816895
	1.1225708723068237
	1.1225717067718506
	1.1225658655166626
	1.1225680112838745
	1.1225595474243164
	1.1225576400756836
	1.1225502490997314
	1.1225401163101196
	1.1225241422653198
	1.1225135326385498
	1.1225192546844482
	1.1225107908248901
	1.1225063800811768
	1.1225000619888306
	1.1224987506866455
	1.1225054264068604
	1.1224987506866455
	1.12249755859375
	1.1225008964538574
	1.1224993467330933
	1.1225017309188843
	1.1224970817565918
	1.1224939823150635
	1.122485637664795
	1.1224818229675293
	1.1224768161773682
	1.1224734783172607
	1.1224607229232788
	1.1224626302719116
	1.1224559545516968
	1.1224472522735596
	1.1224430799484253
	1.1224462985992432
	1.122448205947876
	1.1224433183670044
	1.1224439144134521
	1.1224364042282104
	1.1224299669265747
	1.1224218606948853
	1.1224281787872314
	1.1224297285079956
	1.1224400997161865
	1.1224361658096313
	1.1224329471588135
	1.122434139251709
	1.1224240064620972
	1.1224216222763062
	1.1224207878112793
	1.1224207878112793
	1.1224067211151123
	1.1224124431610107
	1.1224101781845093
	1.1223938465118408
	1.122382640838623
	1.122368335723877
	1.1223617792129517
	1.1223617792129517
	1.1223583221435547
	1.1223621368408203
	1.1223641633987427
	1.1223584413528442
	1.1223559379577637
	1.1223465204238892
	1.1223304271697998
	1.1223291158676147
	1.1223222017288208
	1.1223207712173462
	1.122313141822815
	1.122310757637024
	1.1223047971725464
	1.1222937107086182
	1.1222912073135376
	1.1222890615463257
	1.122280240058899
	1.1222717761993408
	1.1222654581069946
	1.12226140499115
	1.1222628355026245
	1.1222527027130127
	1.1222474575042725
	1.1222491264343262
	1.1222413778305054
	1.122235655784607
	1.1222177743911743
	1.1222180128097534
	1.1222176551818848
	1.1222143173217773
	1.1221979856491089
	1.1221922636032104
	1.1221922636032104
	1.1221904754638672
	1.1221809387207031
	1.1221815347671509
	1.1221812963485718
	1.1221824884414673
	1.122174859046936
	1.1221740245819092
	1.1221745014190674
	1.1221684217453003
	1.1221634149551392
	1.122148871421814
	1.1221479177474976
	1.1221438646316528
	1.1221469640731812
	1.1221435070037842
	1.122137427330017
	1.1221327781677246
	1.1221160888671875
	1.1221137046813965
	1.1221051216125488
	1.1220917701721191
	1.1220905780792236
	1.1220840215682983
	1.122082233428955
	1.1220784187316895
	1.1220805644989014
	1.1220802068710327
	1.1220762729644775
	1.1220664978027344
	1.1220731735229492
	1.122063398361206
	1.1220688819885254
	1.12205970287323
	1.1220685243606567
	1.1220722198486328
	1.1220736503601074
	1.1220628023147583
	1.1220521926879883
	1.1220444440841675
	1.1220513582229614
	1.12204909324646
	1.1220545768737793
	1.12205171585083
	1.1220511198043823
	1.122044563293457
	1.1220407485961914
	1.1220440864562988
	1.12204110622406
	1.122031331062317
	1.122037649154663
	1.1220334768295288
	1.1220200061798096
	1.1220078468322754
	1.1220061779022217
	1.122002124786377
	1.1219978332519531
	1.1219898462295532
	1.121990442276001
	1.1219886541366577
	1.1219780445098877
	1.121971607208252
	1.1219652891159058
	1.1219547986984253
	1.1219508647918701
	1.1219440698623657
	1.1219377517700195
	1.1219384670257568
	1.1219384670257568
	1.1219301223754883
	1.1219277381896973
	1.1219285726547241
	1.1219370365142822
	1.1219367980957031
	1.1219393014907837
	1.1219414472579956
	1.1219382286071777
	1.1219388246536255
	1.121943473815918
	1.1219422817230225
	1.1219422817230225
	1.1219385862350464
	1.1219229698181152
	1.1219182014465332
	1.1219165325164795
	1.1219160556793213
	1.121919870376587
	1.121910810470581
	1.1219041347503662
	1.1219035387039185
	1.1219009160995483
	1.1218997240066528
	1.1218901872634888
	1.121885895729065
	1.121880292892456
	1.1218781471252441
	1.1218725442886353
	1.1218706369400024
	1.1218788623809814
	1.1218794584274292
	1.1218807697296143
	1.1218818426132202
	1.1218806505203247
	1.1218990087509155
	1.1219040155410767
	1.1219018697738647
	1.1218968629837036
	1.1218880414962769
	1.121877670288086
	1.121872067451477
	1.1218675374984741
	1.121855616569519
	1.1218498945236206
	1.121840000152588
	1.1218369007110596
	1.1218348741531372
	1.1218268871307373
	1.1218206882476807
	1.1218156814575195
	1.121814489364624
	1.1218115091323853
	1.121814489364624
	1.1218112707138062
	1.1218043565750122
	1.1217988729476929
	1.1217998266220093
	1.121779441833496
	1.1217763423919678
	1.1217825412750244
	1.1217671632766724
	1.121769666671753
	1.1217687129974365
	1.1217554807662964
	1.1217515468597412
	1.1217494010925293
	1.1217573881149292
	1.1217595338821411
	1.1217666864395142
	1.1217702627182007
	1.1217726469039917
	1.121775507926941
	1.1217855215072632
	1.121787428855896
	1.1217906475067139
	1.1217833757400513
	1.1217942237854004
	1.121787667274475
	1.1217973232269287
	1.1217910051345825
	1.1217918395996094
	1.1217917203903198
	1.1217849254608154
	1.1217941045761108
	1.1217867136001587
	1.1217883825302124
	1.121785044670105
	1.1217843294143677
	1.1218035221099854
	1.121806025505066
	1.1217907667160034
	1.1217910051345825
	1.121795415878296
	1.1218022108078003
	1.1217975616455078
	1.121804118156433
	1.121801495552063
	1.121801733970642
	1.1218082904815674
	1.1218063831329346
	1.121809482574463
	1.1218048334121704
	1.1218007802963257
]