[
	0.8025025129318237
	0.8024508357048035
	0.8024159073829651
	0.8023733496665955
	0.8023161888122559
	0.8023099899291992
	0.8023343086242676
	0.8023210167884827
	0.8023197054862976
	0.8023196458816528
	0.8023119568824768
	0.8023077249526978
	0.8023198843002319
	0.8023227453231812
	0.802326500415802
	0.8022886514663696
	0.8022434115409851
	0.8021928071975708
	0.8021435141563416
	0.8021143078804016
	0.8020567893981934
	0.8020191788673401
	0.8019614219665527
	0.8019094467163086
	0.8018642663955688
	0.8018062114715576
	0.8017479181289673
	0.8016968965530396
	0.8016446828842163
	0.8016071319580078
	0.8015444874763489
	0.8015139102935791
	0.8014676570892334
	0.8014287352561951
	0.8013704419136047
	0.8013147115707397
	0.8012562394142151
	0.8011969327926636
	0.8011701703071594
	0.8011085987091064
	0.801063060760498
	0.8010151982307434
	0.8010024428367615
	0.8009474873542786
	0.800895631313324
	0.8008418083190918
	0.8007928133010864
	0.8007376790046692
	0.8006927371025085
	0.8006405830383301
	0.8005844354629517
	0.800529956817627
	0.800489068031311
	0.8004348874092102
	0.8003864884376526
	0.8003402352333069
	0.8002976179122925
	0.8002678751945496
	0.8002170324325562
	0.8001750111579895
	0.8001344203948975
	0.8001567721366882
	0.8001081347465515
	0.8000562191009521
	0.8000185489654541
	0.7999595999717712
	0.7998965382575989
	0.7998601198196411
	0.7998074293136597
	0.7997762560844421
	0.7997286319732666
	0.7996829152107239
	0.7996272444725037
	0.7995856404304504
	0.7995311617851257
	0.7994930148124695
	0.799443781375885
	0.7993938326835632
	0.7993471622467041
	0.7993008494377136
	0.7992599606513977
	0.7992373704910278
	0.7991988658905029
	0.7991369366645813
	0.7990952730178833
	0.7990912795066833
	0.7990432977676392
	0.7990142107009888
	0.7989747524261475
	0.7989366054534912
	0.7989296913146973
	0.7988840937614441
	0.7988318204879761
	0.7987828254699707
	0.7987233400344849
	0.7986825704574585
	0.7986379265785217
	0.7985910773277283
	0.798558235168457
	0.7985174655914307
	0.7984729409217834
	0.7984305024147034
	0.7983872294425964
	0.7983363270759583
	0.7982890009880066
	0.7982378005981445
	0.7981860041618347
	0.798133373260498
	0.7980896234512329
	0.7980536222457886
	0.7980099320411682
	0.7979735732078552
	0.7979397177696228
	0.7978942394256592
	0.7978475093841553
	0.7978043556213379
	0.7977694272994995
	0.797737181186676
	0.7976889610290527
	0.7976452708244324
	0.7975992560386658
	0.797559380531311
	0.7975166440010071
	0.7974662780761719
	0.7974410057067871
	0.797393262386322
	0.7973530888557434
	0.7973098754882812
	0.7972719073295593
	0.7972254753112793
	0.797182023525238
	0.7971415519714355
	0.797100305557251
	0.79705411195755
	0.7970078587532043
	0.7969613075256348
	0.7969092726707458
	0.796858012676239
	0.7968276739120483
	0.7967976927757263
	0.7967578768730164
	0.7967026829719543
	0.796657919883728
	0.7966219186782837
	0.7965747117996216
	0.7965292930603027
	0.7964733839035034
	0.7964263558387756
	0.7963797450065613
	0.79634690284729
	0.7963092923164368
	0.7962701320648193
	0.796235203742981
	0.7962010502815247
	0.7961535453796387
	0.7961093187332153
	0.7960637211799622
	0.7960264086723328
	0.7959856390953064
	0.795955240726471
	0.7959211468696594
	0.7958717346191406
	0.7958282828330994
	0.7957985997200012
	0.79576575756073
	0.7957268953323364
	0.7956959009170532
	0.7956669330596924
	0.7956287264823914
	0.79559326171875
	0.7955660223960876
	0.7955328822135925
	0.795494794845581
	0.7954608201980591
	0.7954220175743103
	0.7953755855560303
	0.795340359210968
	0.7953042387962341
	0.7952717542648315
	0.7952231764793396
	0.795184314250946
	0.7951450347900391
	0.7951040863990784
	0.7950860261917114
	0.7950460910797119
	0.7950120568275452
	0.7949706315994263
	0.7949410080909729
	0.7949062585830688
	0.7948777675628662
	0.7948400974273682
	0.7947980165481567
	0.7947673797607422
	0.7947356700897217
	0.7946891784667969
	0.7946649193763733
	0.794636607170105
	0.7945996522903442
	0.794567883014679
	0.7945416569709778
	0.7945097088813782
	0.7944866418838501
	0.794460117816925
	0.7944141030311584
	0.7943792939186096
	0.7943484783172607
	0.7943174242973328
	0.7942671179771423
	0.7942323684692383
	0.7942108511924744
	0.794177770614624
	0.7941449284553528
	0.7941142320632935
	0.7940802574157715
	0.7940467596054077
	0.7940133810043335
	0.7939742803573608
	0.7939329743385315
	0.7939122915267944
	0.7938741445541382
	0.7938435673713684
	0.7938124537467957
	0.7937676310539246
	0.7937335968017578
	0.7937061786651611
	0.7936707735061646
	0.7936369180679321
	0.793601393699646
	0.7935545444488525
	0.7935099005699158
	0.7934809923171997
	0.7934516072273254
	0.7934248447418213
	0.7933988571166992
	0.793355405330658
	0.7933235168457031
	0.7932998538017273
	0.7932782769203186
	0.7932458519935608
	0.7932273745536804
	0.7931836843490601
	0.7931522130966187
	0.7931174039840698
	0.7930858135223389
	0.7930586338043213
	0.7930247187614441
	0.7929972410202026
	0.7929730415344238
	0.7929263710975647
	0.7928915023803711
	0.7928524017333984
	0.7928168177604675
	0.7927740216255188
	0.7927325367927551
	0.792712926864624
	0.7926735877990723
	0.7926552295684814
	0.7926166653633118
	0.7925917506217957
	0.7925623059272766
	0.7925319075584412
	0.7925118803977966
	0.7924793362617493
	0.792451798915863
	0.7924094796180725
	0.7923704385757446
	0.7923545837402344
	0.7923393249511719
	0.7923216819763184
	0.7922912240028381
	0.7922711968421936
	0.7922405004501343
	0.7922244668006897
	0.7921961545944214
	0.7921695709228516
	0.7921406626701355
	0.7921150922775269
	0.792086124420166
	0.792057454586029
	0.7920316457748413
	0.7920032143592834
	0.791959285736084
	0.7919257283210754
	0.7918980121612549
	0.7918913960456848
	0.7918695211410522
	0.7918397188186646
	0.7918215394020081
	0.7917835116386414
	0.7917526960372925
	0.791716456413269
	0.7917004227638245
	0.7916617393493652
	0.7916238903999329
	0.7915986180305481
	0.7915762662887573
	0.7915462851524353
	0.7915266156196594
	0.7914952635765076
	0.7914736866950989
	0.7914613485336304
	0.7914334535598755
	0.7914037108421326
	0.7913709878921509
	0.7913448214530945
	0.7913119196891785
	0.7912852168083191
	0.7912644147872925
	0.7912238240242004
	0.7912020683288574
	0.7911799550056458
	0.7911626696586609
	0.7911408543586731
	0.7911142706871033
	0.7910943031311035
	0.791067361831665
	0.7910521030426025
	0.791013240814209
	0.7909823060035706
	0.7909572124481201
	0.790935754776001
	0.7909111976623535
	0.7909025549888611
	0.7908718585968018
	0.7908490896224976
	0.7908158898353577
	0.7907949686050415
	0.7907760143280029
	0.7907505035400391
	0.7907398343086243
	0.7907110452651978
	0.7906880974769592
	0.7906754016876221
	0.790644109249115
	0.7906218767166138
	0.7905935049057007
	0.7905671000480652
	0.7905436158180237
	0.790513813495636
	0.7904949188232422
	0.7904855012893677
	0.7904581427574158
	0.7904389500617981
	0.7904099225997925
	0.7903750538825989
	0.7903673648834229
	0.7903399467468262
	0.7903162837028503
	0.7902873754501343
	0.7902688384056091
	0.7902389764785767
	0.7902258038520813
	0.7902063131332397
	0.790183961391449
	0.7901651263237
	0.7901307940483093
	0.7900964021682739
	0.7900768518447876
	0.790065348148346
	0.7900406122207642
	0.7900167107582092
	0.7899942994117737
	0.7899863123893738
	0.7899683117866516
	0.7899473309516907
	0.7899362444877625
	0.7899127006530762
	0.7898945212364197
	0.7898772358894348
	0.7898448705673218
	0.7898189425468445
	0.7898037433624268
	0.7897790670394897
	0.7897543907165527
	0.7897363305091858
	0.7897152304649353
	0.7896996140480042
	0.7896820306777954
	0.789666473865509
	0.7896358966827393
	0.7896124720573425
	0.7895908355712891
	0.7895729541778564
	0.7895452380180359
	0.7895273566246033
	0.7895106673240662
	0.789491593837738
	0.7894698977470398
	0.7894550561904907
	0.7894301414489746
	0.7893999218940735
	0.7893727421760559
	0.789352536201477
	0.7893273830413818
	0.7893059253692627
	0.789286196231842
	0.7892695665359497
	0.7892579436302185
	0.7892364263534546
	0.7892054319381714
	0.7891721725463867
	0.7891416549682617
	0.789113461971283
	0.7890752553939819
	0.7890596985816956
	0.7890401482582092
	0.7890187501907349
	0.7889816761016846
	0.7889580726623535
	0.7889542579650879
	0.7889278531074524
	0.7889149785041809
	0.788885772228241
	0.7888609766960144
	0.7888397574424744
	0.7888175249099731
	0.7887911200523376
	0.7887729406356812
	0.7887482643127441
	0.7887187600135803
	0.7886962890625
	0.7886876463890076
	0.788668155670166
	0.7886393666267395
	0.788622260093689
	0.7885985374450684
	0.7885828614234924
	0.7885610461235046
	0.788537859916687
	0.7885177135467529
	0.7885017991065979
	0.788496732711792
	0.7884699702262878
	0.7884412407875061
	0.7884116768836975
	0.7883864641189575
	0.7883660197257996
	0.788356363773346
	0.7883366346359253
	0.7883099317550659
	0.7882794737815857
	0.7882653474807739
	0.7882461547851562
	0.7882283329963684
	0.7882018685340881
	0.7881954312324524
	0.7881855368614197
	0.7881702780723572
	0.7881688475608826
	0.7881536483764648
	0.7881365418434143
	0.7881261706352234
	0.7881001830101013
	0.7880792021751404
	0.7880653738975525
	0.7880516648292542
	0.7880370020866394
	0.7880162000656128
	0.7879972457885742
	0.787983775138855
	0.7879695296287537
	0.7879575490951538
	0.7879410982131958
	0.7879260182380676
	0.787909984588623
	0.7878963351249695
	0.7878872156143188
	0.7878791093826294
	0.7878504395484924
	0.7878392338752747
	0.7878238558769226
	0.7878111004829407
	0.787783682346344
	0.7877649664878845
	0.7877400517463684
	0.7877156734466553
	0.7876860499382019
	0.7876673936843872
	0.7876477837562561
	0.7876247763633728
	0.7876124978065491
	0.7875803112983704
	0.7875539660453796
	0.787543773651123
	0.7875183820724487
	0.7875011563301086
	0.7874734997749329
	0.7874605059623718
	0.7874380946159363
	0.7874261140823364
	0.7874162197113037
	0.7874025106430054
	0.7873782515525818
	0.7873585224151611
	0.787337601184845
	0.7873205542564392
	0.7872971296310425
	0.7872874140739441
	0.7872595191001892
	0.7872502207756042
	0.787239134311676
	0.0
	0.0
	0.0
	0.0
	0.0
	0.0
	0.0
	0.0
	0.0
	0.0
	0.0
	0.0
	0.0
	0.0
	0.0
	0.0
	0.0
	0.0
	0.0
	0.0
	0.0
	0.0
	0.0
	0.0
	0.0
	0.0
	0.0
	0.0
	0.0
	0.0
	0.0
	0.0
	0.0
	0.0
	0.0
	0.0
	0.0
	0.0
	0.0
	0.0
	0.0
	0.0
	0.0
	0.0
	0.0
	0.0
	0.0
	0.0
	0.0
	0.0
	0.0
	0.0
	0.0
	0.0
	0.0
	0.0
	0.0
	0.0
	0.0
	0.0
	0.0
	0.0
	0.0
	0.0
	0.0
	0.0
	0.0
	0.0
	0.0
	0.0
	0.0
	0.0
	0.0
	0.0
	0.0
	0.0
	0.0
	0.0
	0.0
	0.0
	0.0
	0.0
	0.0
	0.0
	0.0
	0.0
	0.0
	0.0
	0.0
	0.0
	0.0
	0.0
	0.0
	0.0
	0.0
	0.0
	0.0
	0.0
	0.0
	0.0
	0.0
	0.0
	0.0
	0.0
	0.0
	0.0
	0.0
	0.0
	0.0
	0.0
	0.0
	0.0
	0.0
	0.0
	0.0
	0.0
	0.0
	0.0
	0.0
	0.0
	0.0
	0.0
	0.0
	0.0
	0.0
	0.0
	0.0
	0.0
	0.0
	0.0
	0.0
	0.0
	0.0
	0.0
	0.0
	0.0
	0.0
	0.0
	0.0
	0.0
	0.0
	0.0
	0.0
	0.0
	0.0
	0.0
	0.0
	0.0
	0.0
	0.0
	0.0
	0.0
	0.0
	0.0
	0.0
	0.0
	0.0
	0.0
	0.0
	0.0
	0.0
	0.0
	0.0
	0.0
	0.0
	0.0
	0.0
	0.0
	0.0
	0.0
	0.0
	0.0
	0.0
	0.0
	0.0
	0.0
	0.0
	0.0
	0.0
	0.0
	0.0
	0.0
	0.0
	0.0
	0.0
	0.0
	0.0
	0.0
	0.0
	0.0
	0.0
	0.0
	0.0
	0.0
	0.0
	0.0
	0.0
	0.0
	0.0
	0.0
	0.0
	0.0
	0.0
	0.0
	0.0
	0.0
	0.0
	0.0
	0.0
	0.0
	0.0
	0.0
	0.0
	0.0
	0.0
	0.0
	0.0
	0.0
	0.0
	0.0
	0.0
	0.0
	0.0
	0.0
	0.0
	0.0
	0.0
	0.0
	0.0
	0.0
	0.0
	0.0
	0.0
	0.0
	0.0
	0.0
	0.0
	0.0
	0.0
	0.0
	0.0
	0.0
	0.0
	0.0
	0.0
	0.0
	0.0
	0.0
	0.0
	0.0
	0.0
	0.0
	0.0
	0.0
	0.0
	0.0
	0.0
	0.0
	0.0
	0.0
	0.0
	0.0
	0.0
	0.0
	0.0
	0.0
	0.0
	0.0
	0.0
	0.0
	0.0
	0.0
	0.0
	0.0
	0.0
	0.0
	0.0
	0.0
	0.0
	0.0
	0.0
	0.0
	0.0
	0.0
	0.0
	0.0
	0.0
	0.0
	0.0
	0.0
	0.0
	0.0
	0.0
	0.0
	0.0
	0.0
	0.0
	0.0
	0.0
	0.0
	0.0
	0.0
	0.0
	0.0
	0.0
	0.0
	0.0
	0.0
	0.0
	0.0
	0.0
	0.0
	0.0
	0.0
	0.0
	0.0
	0.0
	0.0
	0.0
	0.0
	0.0
	0.0
	0.0
	0.0
	0.0
	0.0
	0.0
	0.0
	0.0
	0.0
	0.0
	0.0
	0.0
	0.0
	0.0
	0.0
	0.0
	0.0
	0.0
	0.0
	0.0
	0.0
	0.0
	0.0
	0.0
	0.0
	0.0
	0.0
	0.0
	0.0
	0.0
	0.0
	0.0
	0.0
	0.0
	0.0
	0.0
	0.0
	0.0
	0.0
	0.0
	0.0
	0.0
	0.0
	0.0
	0.0
	0.0
	0.0
	0.0
	0.0
	0.0
	0.0
	0.0
	0.0
	0.0
	0.0
	0.0
	0.0
	0.0
	0.0
	0.0
	0.0
	0.0
	0.0
	0.0
	0.0
	0.0
	0.0
	0.0
	0.0
	0.0
	0.0
	0.0
	0.0
	0.0
	0.0
	0.0
	0.0
	0.0
	0.0
	0.0
	0.0
	0.0
	0.0
	0.0
	0.0
	0.0
	0.0
	0.0
	0.0
	0.0
	0.0
	0.0
	0.0
	0.0
	0.0
	0.0
	0.0
	0.0
	0.0
	0.0
	0.0
	0.0
	0.0
	0.0
	0.0
	0.0
	0.0
	0.0
	0.0
	0.0
	0.0
	0.0
	0.0
	0.0
	0.0
	0.0
	0.0
	0.0
	0.0
	0.0
	0.0
	0.0
	0.0
	0.0
	0.0
	0.0
	0.0
	0.0
	0.0
	0.0
	0.0
	0.0
	0.0
	0.0
	0.0
	0.0
	0.0
	0.0
	0.0
	0.0
	0.0
	0.0
	0.0
	0.0
	0.0
	0.0
	0.0
	0.0
	0.0
	0.0
	0.0
	0.0
	0.0
	0.0
	0.0
	0.0
	0.0
	0.0
	0.0
	0.0
	0.0
	0.0
	0.0
	0.0
	0.0
	0.0
	0.0
	0.0
	0.0
	0.0
	0.0
	0.0
	0.0
	0.0
	0.0
	0.0
	0.0
	0.0
	0.0
	0.0
	0.0
	0.0
	0.0
	0.0
	0.0
	0.0
	0.0
	0.0
	0.0
	0.0
	0.0
	0.0
	0.0
	0.0
	0.0
	0.0
	0.0
	0.0
	0.0
	0.0
	0.0
	0.0
	0.0
	0.0
	0.0
	0.0
	0.0
	0.0
	0.0
	0.0
	0.0
	0.0
	0.0
	0.0
	0.0
	0.0
	0.0
	0.0
	0.0
	0.0
	0.0
	0.0
	0.0
	0.0
	0.0
	0.0
	0.0
	0.0
	0.0
	0.0
	0.0
	0.0
	0.0
	0.0
	0.0
	0.0
	0.0
	0.0
	0.0
	0.0
	0.0
	0.0
	0.0
	0.0
	0.0
	0.0
	0.0
	0.0
	0.0
	0.0
	0.0
	0.0
	0.0
	0.0
	0.0
	0.0
	0.0
	0.0
	0.0
	0.0
	0.0
	0.0
	0.0
	0.0
	0.0
	0.0
	0.0
	0.0
	0.0
	0.0
	0.0
	0.0
	0.0
	0.0
	0.0
	0.0
	0.0
	0.0
	0.0
	0.0
	0.0
	0.0
	0.0
	0.0
	0.0
	0.0
	0.0
	0.0
	0.0
	0.0
	0.0
	0.0
	0.0
	0.0
	0.0
	0.0
	0.0
	0.0
	0.0
	0.0
	0.0
	0.0
	0.0
	0.0
	0.0
	0.0
	0.0
	0.0
	0.0
	0.0
	0.0
	0.0
	0.0
	0.0
	0.0
	0.0
	0.0
	0.0
	0.0
	0.0
	0.0
	0.0
	0.0
	0.0
	0.0
	0.0
	0.0
	0.0
	0.0
	0.0
	0.0
	0.0
	0.0
	0.0
	0.0
	0.0
	0.0
	0.0
	0.0
	0.0
	0.0
	0.0
	0.0
	0.0
	0.0
	0.0
	0.0
	0.0
	0.0
	0.0
	0.0
	0.0
	0.0
	0.0
	0.0
	0.0
	0.0
	0.0
	0.0
	0.0
	0.0
	0.0
	0.0
	0.0
	0.0
	0.0
	0.0
	0.0
	0.0
	0.0
	0.0
	0.0
	0.0
	0.0
	0.0
	0.0
	0.0
	0.0
	0.0
	0.0
	0.0
	0.0
	0.0
	0.0
	0.0
	0.0
	0.0
	0.0
	0.0
	0.0
	0.0
	0.0
	0.0
	0.0
	0.0
	0.0
	0.0
	0.0
	0.0
	0.0
	0.0
	0.0
	0.0
	0.0
	0.0
	0.0
	0.0
	0.0
	0.0
	0.0
	0.0
	0.0
	0.0
	0.0
	0.0
	0.0
	0.0
	0.0
	0.0
	0.0
	0.0
	0.0
	0.0
	0.0
	0.0
	0.0
	0.0
	0.0
	0.0
	0.0
	0.0
	0.0
	0.0
	0.0
	0.0
	0.0
	0.0
	0.0
	0.0
	0.0
	0.0
	0.0
	0.0
	0.0
	0.0
	0.0
	0.0
	0.0
	0.0
	0.0
	0.0
	0.0
	0.0
	0.0
	0.0
	0.0
	0.0
	0.0
	0.0
	0.0
	0.0
	0.0
	0.0
	0.0
	0.0
	0.0
	0.0
	0.0
	0.0
	0.0
	0.0
	0.0
	0.0
	0.0
	0.0
	0.0
	0.0
	0.0
	0.0
	0.0
	0.0
	0.0
	0.0
	0.0
	0.0
	0.0
	0.0
	0.0
	0.0
	0.0
	0.0
	0.0
	0.0
	0.0
	0.0
	0.0
	0.0
	0.0
	0.0
	0.0
	0.0
	0.0
	0.0
	0.0
	0.0
	0.0
	0.0
	0.0
	0.0
	0.0
	0.0
	0.0
	0.0
	0.0
	0.0
	0.0
	0.0
	0.0
	0.0
	0.0
	0.0
	0.0
	0.0
	0.0
	0.0
	0.0
	0.0
	0.0
	0.0
	0.0
	0.0
	0.0
	0.0
	0.0
	0.0
	0.0
	0.0
	0.0
	0.0
	0.0
	0.0
	0.0
	0.0
	0.0
	0.0
	0.0
	0.0
	0.0
	0.0
	0.0
	0.0
	0.0
	0.0
	0.0
	0.0
	0.0
	0.0
	0.0
	0.0
	0.0
	0.0
	0.0
	0.0
	0.0
	0.0
	0.0
	0.0
	0.0
	0.0
	0.0
	0.0
	0.0
	0.0
	0.0
	0.0
	0.0
	0.0
	0.0
	0.0
	0.0
	0.0
	0.0
	0.0
	0.0
	0.0
	0.0
	0.0
	0.0
	0.0
	0.0
	0.0
	0.0
	0.0
	0.0
	0.0
	0.0
	0.0
	0.0
	0.0
	0.0
	0.0
	0.0
	0.0
	0.0
	0.0
	0.0
	0.0
	0.0
	0.0
	0.0
	0.0
	0.0
	0.0
	0.0
	0.0
	0.0
	0.0
	0.0
	0.0
	0.0
	0.0
	0.0
	0.0
	0.0
	0.0
	0.0
	0.0
	0.0
	0.0
	0.0
	0.0
	0.0
	0.0
	0.0
	0.0
	0.0
	0.0
	0.0
	0.0
	0.0
	0.0
	0.0
	0.0
	0.0
	0.0
	0.0
	0.0
	0.0
	0.0
	0.0
	0.0
	0.0
	0.0
	0.0
	0.0
	0.0
	0.0
	0.0
	0.0
	0.0
	0.0
	0.0
	0.0
	0.0
	0.0
	0.0
	0.0
	0.0
	0.0
	0.0
	0.0
	0.0
	0.0
	0.0
	0.0
	0.0
	0.0
	0.0
	0.0
	0.0
	0.0
	0.0
	0.0
	0.0
	0.0
	0.0
	0.0
	0.0
	0.0
	0.0
	0.0
	0.0
	0.0
	0.0
	0.0
	0.0
	0.0
	0.0
	0.0
	0.0
	0.0
	0.0
	0.0
	0.0
	0.0
	0.0
	0.0
	0.0
	0.0
	0.0
	0.0
	0.0
	0.0
	0.0
	0.0
	0.0
	0.0
	0.0
	0.0
	0.0
	0.0
	0.0
	0.0
	0.0
	0.0
	0.0
	0.0
	0.0
	0.0
	0.0
	0.0
	0.0
	0.0
	0.0
	0.0
	0.0
	0.0
	0.0
	0.0
	0.0
	0.0
	0.0
	0.0
	0.0
	0.0
	0.0
	0.0
	0.0
	0.0
	0.0
	0.0
	0.0
	0.0
	0.0
	0.0
	0.0
	0.0
	0.0
	0.0
	0.0
	0.0
	0.0
	0.0
	0.0
	0.0
	0.0
	0.0
	0.0
	0.0
	0.0
	0.0
	0.0
	0.0
	0.0
	0.0
	0.0
	0.0
	0.0
	0.0
	0.0
	0.0
	0.0
	0.0
	0.0
	0.0
	0.0
	0.0
	0.0
	0.0
	0.0
	0.0
	0.0
	0.0
	0.0
	0.0
	0.0
	0.0
	0.0
	0.0
	0.0
	0.0
	0.0
	0.0
	0.0
	0.0
	0.0
	0.0
	0.0
	0.0
	0.0
	0.0
	0.0
	0.0
	0.0
	0.0
	0.0
	0.0
	0.0
	0.0
	0.0
	0.0
	0.0
	0.0
	0.0
	0.0
	0.0
	0.0
	0.0
	0.0
	0.0
	0.0
	0.0
	0.0
	0.0
	0.0
	0.0
	0.0
	0.0
	0.0
	0.0
	0.0
	0.0
	0.0
	0.0
	0.0
	0.0
	0.0
	0.0
	0.0
	0.0
	0.0
	0.0
	0.0
	0.0
	0.0
	0.0
	0.0
	0.0
	0.0
	0.0
	0.0
	0.0
	0.0
	0.0
	0.0
	0.0
	0.0
	0.0
	0.0
	0.0
	0.0
	0.0
	0.0
	0.0
	0.0
	0.0
	0.0
	0.0
	0.0
	0.0
	0.0
	0.0
	0.0
	0.0
	0.0
	0.0
	0.0
	0.0
	0.0
	0.0
	0.0
	0.0
	0.0
	0.0
	0.0
	0.0
	0.0
	0.0
	0.0
	0.0
	0.0
	0.0
	0.0
	0.0
	0.0
	0.0
	0.0
	0.0
	0.0
	0.0
	0.0
	0.0
	0.0
	0.0
	0.0
	0.0
	0.0
	0.0
	0.0
	0.0
	0.0
	0.0
	0.0
	0.0
	0.0
	0.0
	0.0
	0.0
	0.0
	0.0
	0.0
	0.0
	0.0
	0.0
	0.0
	0.0
	0.0
	0.0
	0.0
	0.0
	0.0
	0.0
	0.0
	0.0
	0.0
	0.0
	0.0
	0.0
	0.0
	0.0
	0.0
	0.0
	0.0
	0.0
	0.0
	0.0
	0.0
	0.0
	0.0
	0.0
	0.0
	0.0
	0.0
	0.0
	0.0
	0.0
	0.0
	0.0
	0.0
	0.0
	0.0
	0.0
	0.0
	0.0
	0.0
	0.0
	0.0
	0.0
	0.0
	0.0
	0.0
	0.0
	0.0
	0.0
	0.0
	0.0
	0.0
	0.0
	0.0
	0.0
	0.0
	0.0
	0.0
	0.0
	0.0
	0.0
	0.0
	0.0
	0.0
	0.0
	0.0
	0.0
	0.0
	0.0
	0.0
	0.0
	0.0
	0.0
	0.0
	0.0
	0.0
	0.0
	0.0
	0.0
	0.0
	0.0
	0.0
	0.0
	0.0
	0.0
	0.0
	0.0
	0.0
	0.0
	0.0
	0.0
	0.0
	0.0
	0.0
	0.0
	0.0
	0.0
	0.0
	0.0
	0.0
	0.0
	0.0
	0.0
	0.0
	0.0
	0.0
	0.0
	0.0
	0.0
	0.0
	0.0
	0.0
	0.0
	0.0
	0.0
	0.0
	0.0
	0.0
	0.0
	0.0
	0.0
	0.0
	0.0
	0.0
	0.0
	0.0
	0.0
	0.0
	0.0
	0.0
	0.0
	0.0
	0.0
	0.0
	0.0
	0.0
	0.0
	0.0
	0.0
	0.0
	0.0
	0.0
	0.0
	0.0
	0.0
	0.0
	0.0
	0.0
	0.0
	0.0
	0.0
	0.0
	0.0
	0.0
	0.0
	0.0
	0.0
	0.0
	0.0
	0.0
	0.0
	0.0
	0.0
	0.0
	0.0
	0.0
	0.0
	0.0
	0.0
	0.0
	0.0
	0.0
	0.0
	0.0
	0.0
	0.0
	0.0
	0.0
	0.0
	0.0
	0.0
	0.0
	0.0
	0.0
	0.0
	0.0
	0.0
	0.0
	0.0
	0.0
	0.0
	0.0
	0.0
	0.0
	0.0
	0.0
	0.0
	0.0
	0.0
	0.0
	0.0
	0.0
	0.0
	0.0
	0.0
	0.0
	0.0
	0.0
	0.0
	0.0
	0.0
	0.0
	0.0
	0.0
	0.0
	0.0
	0.0
	0.0
	0.0
	0.0
	0.0
	0.0
	0.0
	0.0
	0.0
	0.0
	0.0
	0.0
	0.0
	0.0
	0.0
	0.0
	0.0
	0.0
	0.0
	0.0
	0.0
	0.0
	0.0
	0.0
	0.0
	0.0
	0.0
]