[
	1.1259351968765259
	1.1258862018585205
	1.1258745193481445
	1.1258642673492432
	1.1258314847946167
	1.1257922649383545
	1.1257586479187012
	1.1257246732711792
	1.1257025003433228
	1.1256680488586426
	1.125654697418213
	1.1256240606307983
	1.125581979751587
	1.1255371570587158
	1.1254980564117432
	1.1254518032073975
	1.1254379749298096
	1.1254076957702637
	1.125396728515625
	1.1253678798675537
	1.1253420114517212
	1.1253042221069336
	1.1252630949020386
	1.1252639293670654
	1.125239372253418
	1.1251903772354126
	1.125148057937622
	1.1251087188720703
	1.1250814199447632
	1.1250495910644531
	1.1250216960906982
	1.1249949932098389
	1.1249761581420898
	1.12493896484375
	1.1249032020568848
	1.1248717308044434
	1.1248430013656616
	1.1248195171356201
	1.1247987747192383
	1.1247799396514893
	1.1247605085372925
	1.1247129440307617
	1.1246824264526367
	1.1246581077575684
	1.1246333122253418
	1.1245931386947632
	1.1245743036270142
	1.12455153465271
	1.1245180368423462
	1.1244933605194092
	1.1244715452194214
	1.1244374513626099
	1.124427318572998
	1.1243988275527954
	1.1243842840194702
	1.1243749856948853
	1.1243484020233154
	1.1243137121200562
	1.1242952346801758
	1.124271273612976
	1.1242337226867676
	1.1242046356201172
	1.1241888999938965
	1.1241631507873535
	1.1241405010223389
	1.124109148979187
	1.1240893602371216
	1.124078392982483
	1.1240485906600952
	1.1240335702896118
	1.124005913734436
	1.1239811182022095
	1.1239513158798218
	1.1239062547683716
	1.12389075756073
	1.1238679885864258
	1.1238391399383545
	1.1238231658935547
	1.1237926483154297
	1.1237634420394897
	1.1237292289733887
	1.123716115951538
	1.1237057447433472
	1.1237092018127441
	1.1236861944198608
	1.123649001121521
	1.123636245727539
	1.1236189603805542
	1.123583197593689
	1.1235471963882446
	1.1235206127166748
	1.1234982013702393
	1.123496174812317
	1.123481273651123
	1.1234732866287231
	1.1234620809555054
	1.123445987701416
	1.1234341859817505
	1.1234400272369385
	1.1234232187271118
	1.1234012842178345
	1.1233954429626465
	1.1233798265457153
	1.1233553886413574
	1.1233279705047607
	1.1233129501342773
	1.1232908964157104
	1.1232795715332031
	1.1232630014419556
	1.123244047164917
	1.12322199344635
	1.1232068538665771
	1.123175859451294
	1.1231584548950195
	1.1231350898742676
	1.1231096982955933
	1.1230909824371338
	1.123077392578125
	1.1230666637420654
	1.1230530738830566
	1.1230311393737793
	1.1230162382125854
	1.1229901313781738
	1.122977614402771
	1.1229703426361084
	1.1229496002197266
	1.12293541431427
	1.1229273080825806
	1.1229068040847778
	1.1228779554367065
	1.1228631734848022
	1.1228443384170532
	1.1228190660476685
	1.1227946281433105
	1.1227930784225464
	1.1227909326553345
	1.1227755546569824
	1.1227622032165527
	1.122759222984314
	1.122742772102356
	1.1227298974990845
	1.122721552848816
	1.1226974725723267
	1.1226707696914673
	1.1226576566696167
	1.122648000717163
	1.1226263046264648
	1.122607707977295
	1.1225944757461548
	1.1225907802581787
	1.12257719039917
	1.122563123703003
	1.1225467920303345
	1.1225358247756958
	1.1225289106369019
	1.1225286722183228
	1.1225135326385498
	1.1225038766860962
	1.1224912405014038
	1.12247633934021
	1.122473955154419
	1.1224552392959595
	1.1224377155303955
	1.1224069595336914
	1.1223973035812378
	1.122398018836975
	1.1223926544189453
	1.1223862171173096
	1.1223903894424438
	1.1223692893981934
	1.122361660003662
	1.122361421585083
	1.122362494468689
	1.12234365940094
	1.1223238706588745
	1.1223078966140747
	1.1223074197769165
	1.1222984790802002
	1.1222922801971436
	1.1222810745239258
	1.122275471687317
	1.122259259223938
	1.1222522258758545
	1.1222354173660278
	1.1222220659255981
	1.1222121715545654
	1.1221990585327148
	1.1221988201141357
	1.1221809387207031
	1.1221816539764404
	1.1221723556518555
	1.1221657991409302
	1.1221517324447632
	1.1221437454223633
	1.1221433877944946
	1.1221363544464111
	1.1221431493759155
	1.1221363544464111
	1.1221365928649902
	1.1221232414245605
	1.1221117973327637
	1.1221003532409668
	1.1220908164978027
	1.1220836639404297
	1.122092843055725
	1.1220836639404297
	1.1220746040344238
	1.1220735311508179
	1.1220676898956299
	1.1220612525939941
	1.1220566034317017
	1.1220415830612183
	1.1220371723175049
	1.1220319271087646
	1.122021198272705
	1.1220225095748901
	1.122015118598938
	1.1220146417617798
	1.1220216751098633
	1.1220113039016724
	1.1219910383224487
	1.121978521347046
	1.1219693422317505
	1.1219617128372192
	1.1219595670700073
	1.121960997581482
	1.1219569444656372
	1.1219500303268433
	1.1219274997711182
	1.1219285726547241
	1.1219240427017212
	1.1219065189361572
	1.121897578239441
	1.1219040155410767
	1.121903419494629
	1.121900200843811
	1.1218948364257812
	1.1218844652175903
	1.1218743324279785
	1.1218756437301636
	1.1218663454055786
	1.121867060661316
	1.1218576431274414
	1.1218492984771729
	1.1218457221984863
	1.1218360662460327
	1.1218160390853882
	1.1218117475509644
	1.1218171119689941
	1.121817708015442
	1.1218055486679077
	1.1218048334121704
	1.1217994689941406
	1.1217923164367676
	1.1218008995056152
	1.1217836141586304
	1.121800422668457
	1.1218023300170898
	1.1217920780181885
	1.1217883825302124
	1.1217868328094482
	1.1217795610427856
	1.12178635597229
	1.121771216392517
	1.1217784881591797
	1.1217716932296753
	1.1217743158340454
	1.1217738389968872
	1.1217604875564575
	1.1217529773712158
	1.1217589378356934
	1.1217433214187622
	1.1217279434204102
	1.1217358112335205
	1.1217290163040161
	1.1217174530029297
	1.1217180490493774
	1.1217197179794312
	1.1217243671417236
	1.1217211484909058
	1.1217082738876343
	1.121703028678894
	1.1217058897018433
	1.121703028678894
	1.1216950416564941
	1.1216942071914673
	1.1217044591903687
	1.1217021942138672
	1.1216965913772583
	1.1216896772384644
	1.121705412864685
	1.1217048168182373
	1.1217153072357178
	1.1217279434204102
	1.121739387512207
	1.12173330783844
	1.1217331886291504
	1.121728777885437
	1.1217364072799683
	1.121734857559204
	1.121741533279419
	1.1217517852783203
	1.121747374534607
	1.1217479705810547
	1.121748685836792
	1.1217551231384277
	1.1217557191848755
	1.121764898300171
	1.1217771768569946
	1.1217665672302246
	1.1217669248580933
	1.12176513671875
	1.1217750310897827
	1.1217799186706543
	1.1217842102050781
	1.121800422668457
	1.1218109130859375
	1.121805191040039
	1.1218056678771973
	1.1218178272247314
	1.1218109130859375
	1.121814489364624
	1.121817708015442
	1.121835470199585
	1.121832251548767
	1.1218323707580566
	1.121842861175537
	1.1218440532684326
	1.121841311454773
	1.121849775314331
	1.1218540668487549
	1.1218667030334473
	1.1218671798706055
	1.1218726634979248
	1.1218827962875366
	1.1218757629394531
	1.1218715906143188
	1.1218773126602173
	1.1218867301940918
	1.121889352798462
	1.1218891143798828
	1.1218891143798828
	1.121891975402832
	1.121895432472229
	1.121899962425232
	1.1219136714935303
	1.121918797492981
	1.121932029724121
	1.1219382286071777
	1.1219409704208374
	1.121951699256897
	1.1219534873962402
	1.1219643354415894
	1.121970534324646
	1.1219701766967773
	1.1219727993011475
	1.121985673904419
	1.1219950914382935
	1.121997594833374
	1.122005581855774
	1.1220234632492065
	1.1220215559005737
	1.1220349073410034
	1.1220316886901855
	1.122046709060669
	1.1220554113388062
	1.1220588684082031
	1.1220712661743164
	1.1220746040344238
	1.1220871210098267
	1.122105598449707
	1.1221113204956055
	1.1221264600753784
	1.1221426725387573
	1.1221473217010498
	1.122158169746399
	1.1221660375595093
	1.1221678256988525
	1.1221705675125122
	1.1221733093261719
	1.1221816539764404
	1.1221909523010254
	1.1221977472305298
	1.1222093105316162
	1.1222195625305176
	1.1222307682037354
	1.1222460269927979
	1.1222554445266724
	1.1222591400146484
	1.1222649812698364
	1.122267246246338
	1.122266411781311
	1.122275710105896
	1.122275710105896
	1.1222816705703735
	1.1222866773605347
	1.122306227684021
	1.1223156452178955
	1.1223294734954834
	1.1223551034927368
	1.1223722696304321
	1.1223790645599365
	1.122397780418396
	1.1224035024642944
	1.122416377067566
	1.1224268674850464
	1.1224346160888672
	1.1224323511123657
	1.1224417686462402
	1.1224583387374878
	1.1224669218063354
	1.122480034828186
	1.1225051879882812
	1.1225152015686035
	1.1225308179855347
	1.12253737449646
	1.122541069984436
	1.1225640773773193
	1.1225876808166504
	1.1226037740707397
	1.1226108074188232
	1.1226229667663574
	1.1226338148117065
	1.1226465702056885
	1.122656226158142
	1.1226742267608643
	1.122688889503479
	1.1227009296417236
	1.122719407081604
	1.1227492094039917
	1.122765302658081
	1.122773289680481
	1.1227794885635376
	1.1227973699569702
	1.1228107213974
	1.1228272914886475
	1.1228373050689697
	1.1228411197662354
	1.1228505373001099
	1.1228631734848022
	1.122878074645996
	1.1228941679000854
	1.1229119300842285
	1.1229376792907715
	1.122947335243225
	1.122976303100586
	1.1229918003082275
	1.1229941844940186
	1.1230065822601318
	1.1230353116989136
	1.1230566501617432
	1.1230645179748535
	1.123085856437683
	1.1231021881103516
	1.12310791015625
	1.123127818107605
	1.1231557130813599
	1.1231733560562134
	1.1231884956359863
	1.123212456703186
	1.12322998046875
	1.123242974281311
	1.123258352279663
	1.1232632398605347
	1.1232794523239136
	1.1233032941818237
	1.123314380645752
	1.1233454942703247
	1.1233655214309692
	1.123388409614563
	1.123416781425476
	1.1234450340270996
	1.1234688758850098
	1.123497486114502
	1.1235175132751465
	1.123515009880066
	1.1235326528549194
	1.12354576587677
	1.1235589981079102
	1.123582124710083
	1.1236056089401245
	1.1236211061477661
	1.1236366033554077
	1.1236499547958374
	1.123664140701294
	1.1236745119094849
	1.1236908435821533
	1.123705506324768
	1.1237226724624634
	1.1237409114837646
	1.1237646341323853
	1.1237760782241821
	1.1237956285476685
	1.1238179206848145
	1.1238316297531128
	1.123839020729065
	1.1238621473312378
	1.1238709688186646
	1.1238723993301392
	1.1238840818405151
	1.123908281326294
	1.1239237785339355
	1.1239538192749023
	1.1239739656448364
	1.1239925622940063
	1.1240142583847046
	1.1240311861038208
	1.1240407228469849
	1.1240521669387817
	1.1240583658218384
	1.1240793466567993
	1.1241040229797363
	1.1241265535354614
	1.1241412162780762
	1.1241602897644043
	1.1241896152496338
	1.1242023706436157
	1.1242256164550781
	1.1242485046386719
	1.124266505241394
	1.124286413192749
	1.1243114471435547
	1.1243261098861694
	1.1243497133255005
	1.1243617534637451
	1.1243849992752075
	1.1243858337402344
	1.1243975162506104
	1.1244219541549683
	1.1244455575942993
	1.124457597732544
	1.1244786977767944
	1.1244893074035645
	1.1245174407958984
	1.1245448589324951
	1.1245542764663696
	1.1245800256729126
	1.1246029138565063
	1.124626874923706
	1.1246604919433594
	1.1246975660324097
	1.1247155666351318
	1.1247533559799194
	1.1247708797454834
	1.1247841119766235
	1.1248098611831665
	1.1248388290405273
	1.1248480081558228
	1.1248668432235718
	1.1248842477798462
	1.124906301498413
	1.1249252557754517
	1.1249507665634155
	1.1249728202819824
	1.1249901056289673
	1.1250219345092773
	1.125047206878662
	1.1250678300857544
	1.125089168548584
	1.1251119375228882
	1.1251256465911865
	1.1251472234725952
	1.1251661777496338
	1.1251866817474365
	1.1252199411392212
	1.1252309083938599
	1.1252474784851074
	1.125282645225525
	1.125309944152832
	1.1253330707550049
	1.1253345012664795
	1.1253632307052612
	1.125386118888855
	1.1254068613052368
	1.1254396438598633
	1.1254611015319824
	1.1254841089248657
	1.1255124807357788
	1.1255403757095337
	1.1255534887313843
	1.1255780458450317
	1.1256037950515747
	1.1256396770477295
	1.1256617307662964
	1.125687599182129
	1.1257131099700928
	1.1257379055023193
	1.125762701034546
	1.1257952451705933
	1.125821590423584
	1.1258459091186523
	1.1258662939071655
	1.1258891820907593
	1.125910758972168
	1.125930666923523
	1.1259461641311646
	1.1259714365005493
	1.1259788274765015
	1.1260156631469727
	1.126042366027832
	1.1260707378387451
	1.1260818243026733
	1.1261026859283447
	1.1261272430419922
	1.1261634826660156
	1.1261900663375854
	1.1262071132659912
	1.126230001449585
	1.1262519359588623
	1.126285433769226
	1.1263041496276855
	1.126344084739685
	1.1263724565505981
	1.126399278640747
	1.1264225244522095
	1.1264491081237793
	1.126477599143982
	1.1265069246292114
	1.1265355348587036
	1.1265671253204346
	1.1266056299209595
	1.1266168355941772
	1.1266549825668335
	1.126678228378296
	1.1266984939575195
	1.126729965209961
	1.1267647743225098
	1.1267956495285034
	1.1268150806427002
	1.126850962638855
	1.1268761157989502
	1.126906394958496
	1.1269283294677734
	1.1269432306289673
	1.1269645690917969
	1.1269952058792114
	1.1270197629928589
	1.1270337104797363
	1.1270614862442017
	1.1270943880081177
	1.1271244287490845
	1.1271460056304932
	1.1271789073944092
	1.127206802368164
	1.1272401809692383
	1.1272755861282349
	1.127299427986145
	1.1273155212402344
	1.1273386478424072
	1.1273651123046875
	1.1273903846740723
	1.1274151802062988
	1.1274325847625732
	1.1274610757827759
	1.1274774074554443
	1.127498745918274
	1.1275224685668945
	1.127547025680542
	1.1275651454925537
	1.1275849342346191
	1.12761390209198
	1.127636194229126
	1.1276687383651733
	1.1277014017105103
	1.1277257204055786
	1.1277570724487305
	1.1277782917022705
	1.1278077363967896
	1.1278377771377563
	1.1278536319732666
	1.1278678178787231
	1.127876877784729
	1.1278886795043945
	1.1279247999191284
	1.1279478073120117
	1.1279733180999756
	1.1279926300048828
	1.1280181407928467
	1.1280558109283447
	1.1280789375305176
	1.1281098127365112
	1.1281442642211914
	1.1281863451004028
	1.1282060146331787
	1.1282321214675903
	1.1282644271850586
	1.1282825469970703
	1.1283090114593506
	1.1283420324325562
	1.128386378288269
	1.128406047821045
	1.1284230947494507
	1.1284418106079102
	1.1284661293029785
	1.1285091638565063
	1.1285400390625
	1.1285761594772339
	1.1286076307296753
	1.128633737564087
	1.1286669969558716
	1.1287028789520264
	1.1287215948104858
	1.1287431716918945
	1.1287726163864136
	1.1288070678710938
	1.1288394927978516
	1.1288450956344604
	1.1288825273513794
	1.1289138793945312
	1.1289288997650146
	1.128969669342041
	1.128998041152954
	1.1290181875228882
	1.1290528774261475
	1.1290901899337769
	1.1291178464889526
	1.1291402578353882
	1.1291636228561401
	1.129188060760498
	1.1292115449905396
	1.1292479038238525
	1.129284381866455
	1.1293185949325562
	1.1293456554412842
	1.1293723583221436
	1.1293878555297852
	1.1294161081314087
	1.129443645477295
	1.1294726133346558
	1.1295139789581299
	1.1295537948608398
	1.129578709602356
	1.1295989751815796
	1.1296287775039673
	1.1296615600585938
	1.1296888589859009
	1.1297155618667603
	1.1297235488891602
	1.1297560930252075
	1.1297850608825684
	1.1298009157180786
	1.129841685295105
	1.1298707723617554
	1.1299126148223877
	1.129938006401062
	1.1299666166305542
	1.1300029754638672
	1.1300327777862549
	1.1300538778305054
	1.1300784349441528
	1.1301167011260986
	1.1301392316818237
	1.1301655769348145
	1.1301908493041992
	1.1302204132080078
	1.1302545070648193
	1.1302897930145264
	1.1303184032440186
	1.1303397417068481
	1.1303678750991821
	1.1304088830947876
	1.1304354667663574
	1.1304585933685303
	1.1304839849472046
	1.1305068731307983
	1.130541443824768
	1.1305614709854126
	1.1305959224700928
	1.130605936050415
	1.1306359767913818
	1.130666732788086
	1.1307061910629272
	1.1307350397109985
	1.1307549476623535
	1.1307902336120605
	1.130825161933899
	1.1308541297912598
	1.1308798789978027
	1.130910873413086
	1.1309313774108887
	1.1309614181518555
	1.1309857368469238
	1.1310259103775024
	1.1310492753982544
	1.1310746669769287
	1.1311099529266357
	1.1311430931091309
	1.131170392036438
	1.1311931610107422
	1.1312216520309448
	1.131251335144043
	1.1312826871871948
	1.131305456161499
	1.1313458681106567
	1.1313682794570923
	1.1314036846160889
	1.1314231157302856
	1.131445288658142
	1.1314741373062134
	1.1315064430236816
	1.131532073020935
	1.131568431854248
	1.131595253944397
	1.131631851196289
	1.1316585540771484
	1.1316766738891602
	1.1317081451416016
	1.1317321062088013
	1.1317691802978516
	1.1317963600158691
	1.1318224668502808
	1.1318479776382446
	1.1318697929382324
	1.1319009065628052
	1.1319341659545898
	1.1319701671600342
	1.132009506225586
	1.132041335105896
	1.1320537328720093
	1.132077693939209
	1.1321215629577637
	1.1321613788604736
	1.1321958303451538
	1.1322238445281982
	1.1322431564331055
	1.1322698593139648
	1.1322951316833496
	1.1323336362838745
	1.1323670148849487
	1.1324036121368408
	1.132442593574524
	1.1324666738510132
	1.132501244544983
	1.1325191259384155
	1.132552146911621
	1.1325794458389282
	1.1326154470443726
	1.1326498985290527
	1.1326719522476196
	1.1327016353607178
	1.1327235698699951
	1.1327484846115112
	1.132775902748108
	1.132808804512024
	1.1328445672988892
	1.1328672170639038
	1.132887363433838
	1.1329110860824585
	1.1329398155212402
	1.1329576969146729
	1.133007287979126
	1.1330407857894897
	1.1330763101577759
	1.1331068277359009
	1.1331440210342407
	1.1331602334976196
	1.1331907510757446
	1.1332252025604248
	1.1332452297210693
	1.1332722902297974
	1.1332944631576538
	1.1333266496658325
	1.1333718299865723
	1.1334044933319092
	1.1334401369094849
	1.133467197418213
	1.1335086822509766
	1.1335316896438599
	1.1335670948028564
	1.1335939168930054
	1.133634328842163
	1.1336543560028076
	1.1337076425552368
	1.1337523460388184
	1.1337882280349731
	1.1338220834732056
	1.1338413953781128
	1.1338562965393066
	1.133872389793396
	1.1339057683944702
	1.1339470148086548
	1.1339640617370605
	1.1339930295944214
	1.1340103149414062
	1.1340503692626953
	1.1340811252593994
	1.1341099739074707
	1.1341346502304077
	1.1341618299484253
	1.1341902017593384
	1.1342170238494873
	1.1342521905899048
	1.1342835426330566
	1.1342939138412476
	1.1343090534210205
	1.134337306022644
	1.1343685388565063
	1.1344025135040283
	1.134421944618225
	1.1344722509384155
	1.1344953775405884
	1.1345303058624268
	1.1345562934875488
	1.1345778703689575
	1.1346148252487183
	1.134644865989685
	1.1346832513809204
	1.1347216367721558
	1.134761929512024
	1.1347999572753906
	1.1348210573196411
	1.1348443031311035
	1.1348669528961182
	1.134896159172058
	1.1349254846572876
	1.1349419355392456
	1.1349729299545288
	1.1350125074386597
	1.1350433826446533
	1.1350769996643066
	1.135119080543518
	1.1351542472839355
	1.1351664066314697
	1.1352040767669678
	1.1352425813674927
	1.135266900062561
	1.1352941989898682
	1.135327696800232
	1.13535737991333
	1.13539457321167
	1.1354256868362427
	1.1354591846466064
	1.135481595993042
	1.1355009078979492
	1.135544776916504
	1.1355836391448975
	1.1356045007705688
	1.1356374025344849
	1.1356736421585083
	1.1357030868530273
	1.1357319355010986
	1.1357604265213013
	1.1357994079589844
	1.1358420848846436
	1.1358615159988403
	1.135887622833252
	1.1359100341796875
	1.1359243392944336
	1.1359426975250244
	1.135960578918457
	1.135985255241394
	1.136005163192749
	1.136034607887268
	1.1360639333724976
	1.1360912322998047
	1.1361240148544312
	1.1361676454544067
	1.1362022161483765
	1.1362354755401611
	1.136273741722107
	1.1362940073013306
	1.136320948600769
	1.136352300643921
	1.136380672454834
	1.136413335800171
	1.1364485025405884
	1.1364789009094238
	1.1365056037902832
	1.1365233659744263
	1.136539101600647
	1.1365753412246704
	1.136610984802246
	1.136644721031189
	1.136680245399475
	1.1366996765136719
	1.1367318630218506
	1.1367499828338623
	1.1367839574813843
	1.1368190050125122
	1.1368480920791626
	1.1368730068206787
	1.1368916034698486
	1.1369107961654663
	1.1369290351867676
	1.1369565725326538
	1.1369783878326416
	1.1370012760162354
	1.1370179653167725
	1.1370431184768677
	1.1370826959609985
	1.1371046304702759
	1.1371369361877441
	1.137163519859314
	1.137190341949463
	1.1372275352478027
	1.1372562646865845
	1.137287974357605
	1.1373205184936523
	1.1373385190963745
	1.137352705001831
	1.1373803615570068
	1.1373924016952515
	1.1374173164367676
	1.1374273300170898
	1.1374554634094238
	1.1374839544296265
	1.1375113725662231
	1.1375420093536377
	1.1375724077224731
	1.1375998258590698
	1.137630820274353
	1.1376720666885376
	1.1376960277557373
	1.1377142667770386
	1.1377267837524414
	1.137765884399414
	1.1377933025360107
	1.1378214359283447
	1.1378458738327026
	1.1378778219223022
	1.137888789176941
	1.137917399406433
	1.1379375457763672
	1.1379711627960205
	1.138008952140808
	1.1380300521850586
	1.138054609298706
	1.1380853652954102
	1.138120412826538
	1.1381560564041138
	1.138178825378418
	1.1381934881210327
	1.1382107734680176
	1.1382386684417725
	1.1382582187652588
	1.1382694244384766
	1.1382910013198853
	1.1383250951766968
	1.138357400894165
	1.1383918523788452
	1.138425588607788
	1.1384551525115967
	1.1384755373001099
	1.1385096311569214
	1.1385301351547241
	1.138549566268921
	1.1385725736618042
	1.1386030912399292
	1.1386340856552124
	1.1386770009994507
	1.1387048959732056
	1.1387255191802979
	1.1387509107589722
	1.138782262802124
	1.1387916803359985
	1.1388226747512817
	1.1388356685638428
	1.1388663053512573
	1.138887882232666
	1.1389156579971313
	1.1389366388320923
	1.1389620304107666
	1.1389890909194946
	1.1390166282653809
	1.1390420198440552
	1.1390786170959473
	1.1390973329544067
	1.1391085386276245
	1.139143943786621
	1.1391661167144775
	1.1392052173614502
	1.1392402648925781
	1.1392771005630493
	1.1393052339553833
	1.1393240690231323
	1.1393359899520874
	1.1393733024597168
	1.1394025087356567
	1.1394336223602295
	1.1394463777542114
	1.1394734382629395
	1.139485239982605
	1.1395195722579956
	1.1395548582077026
	1.13958740234375
	1.1396241188049316
	1.139642596244812
	1.1396681070327759
	1.139696717262268
	1.139731526374817
	1.1397643089294434
	1.139788269996643
	1.1398160457611084
	1.1398499011993408
	1.1398682594299316
	1.139904260635376
	1.139938235282898
	1.139950156211853
	1.139989972114563
	1.1400142908096313
	1.1400412321090698
	1.1400648355484009
	1.1400744915008545
	1.1401019096374512
	1.1401071548461914
	1.1401244401931763
	1.1401480436325073
	1.140189528465271
	1.1402097940444946
	1.1402393579483032
	1.140263319015503
	1.140295147895813
	1.1403206586837769
	1.1403515338897705
	1.140369176864624
	1.1403988599777222
	1.1404144763946533
	1.1404340267181396
	1.1404731273651123
	1.1405010223388672
	1.1405253410339355
	1.1405375003814697
	1.1405668258666992
	1.1405881643295288
	1.1406148672103882
	1.140633463859558
	1.1406614780426025
	1.1406817436218262
	1.140707015991211
	1.140722393989563
	1.1407444477081299
	1.1407859325408936
	1.1408324241638184
	1.1408681869506836
	1.1408969163894653
	1.1409194469451904
	1.1409523487091064
	1.1409863233566284
	1.1410107612609863
	1.1410374641418457
	1.1410669088363647
	1.141093373298645
	1.1411021947860718
	1.1411329507827759
	1.1411738395690918
	1.1411741971969604
	1.141207218170166
	1.1412253379821777
	1.1412492990493774
	1.141262173652649
	1.141297459602356
	1.1413283348083496
	1.1413497924804688
	1.1413744688034058
	1.1414052248001099
	1.1414179801940918
	1.1414427757263184
	1.1414716243743896
	1.1414756774902344
	1.1415166854858398
	1.141540765762329
	1.1415680646896362
	1.141600251197815
	1.141626238822937
	1.1416444778442383
	1.141662359237671
	1.1416794061660767
	1.1416891813278198
	1.1417129039764404
	1.141750454902649
	1.1417638063430786
	1.1418070793151855
	1.1418492794036865
	1.1418768167495728
	1.1418870687484741
	1.1419140100479126
	1.1419260501861572
	1.1419347524642944
	1.1419575214385986
	1.1419891119003296
	1.1420172452926636
	1.142039179801941
	1.142063856124878
	1.142082929611206
	1.142115592956543
	1.1421427726745605
	1.1421711444854736
	1.1421903371810913
	1.1422125101089478
	1.142244815826416
	1.142277479171753
	1.142301321029663
	1.1423258781433105
	1.1423436403274536
	1.1423536539077759
	1.142364501953125
	1.1423898935317993
	1.1424107551574707
	1.1424314975738525
	1.142456293106079
	1.1424827575683594
	1.142498254776001
	1.142525315284729
	1.142533540725708
	1.1425453424453735
	1.1425708532333374
	1.1425813436508179
	1.1426037549972534
	1.142632246017456
	1.1426576375961304
	1.142680048942566
	1.1427186727523804
	1.1427361965179443
	1.1427571773529053
	1.1427607536315918
	1.142795443534851
	1.1428265571594238
	1.1428664922714233
	1.142902135848999
	1.1429362297058105
	1.1429502964019775
	1.1429659128189087
	1.1429789066314697
	1.1430082321166992
	1.1430407762527466
	1.1430588960647583
	1.143074631690979
	1.1430848836898804
	1.1431097984313965
	1.1431068181991577
	1.1431251764297485
	1.143165946006775
	1.1431822776794434
	1.143204689025879
	1.143228530883789
	1.143254280090332
	1.1432888507843018
	1.1433089971542358
	1.1433392763137817
	1.1433674097061157
	1.1433866024017334
	1.1434117555618286
	1.1434465646743774
	1.1434764862060547
	1.143476963043213
	1.1434943675994873
	1.1435134410858154
	1.1435240507125854
	1.143567681312561
	1.1436089277267456
	1.143627643585205
	1.1436469554901123
	1.1436817646026611
	1.1437017917633057
	1.1437054872512817
	1.1437294483184814
	1.1437441110610962
	1.1437702178955078
	1.1437844038009644
	1.14380943775177
	1.1438095569610596
	1.1438339948654175
	1.1438552141189575
	1.143874168395996
	1.1439021825790405
	1.1439313888549805
	1.1439604759216309
	1.1439930200576782
	1.14401376247406
	1.144036889076233
	1.1440660953521729
	1.1440951824188232
	1.1441285610198975
	1.1441580057144165
	1.1441829204559326
	1.1442041397094727
	1.1442195177078247
	1.144219994544983
	1.1442434787750244
	1.144273281097412
	1.1442828178405762
	1.144316554069519
	1.144333004951477
	1.1443586349487305
	1.1443806886672974
	1.144413709640503
	1.1444072723388672
	1.1444368362426758
	1.1444478034973145
	1.144478440284729
	1.1444979906082153
	1.1445215940475464
	1.14453125
	1.1445589065551758
	1.144584059715271
	1.144598364830017
	1.144622564315796
	1.1446363925933838
	1.1446565389633179
	1.1446613073349
	1.1446845531463623
	1.1446980237960815
	1.144710659980774
	1.144722580909729
	1.1447253227233887
	1.144747018814087
	1.1447651386260986
	1.1447856426239014
	1.1448086500167847
	1.1448309421539307
	1.14484703540802
	1.1448618173599243
	1.1448765993118286
	1.1448936462402344
	1.1449108123779297
	1.1449296474456787
	1.1449600458145142
	1.144991159439087
	1.145007610321045
	1.1450423002243042
	1.1450746059417725
	1.1450902223587036
	1.1450976133346558
	1.1451064348220825
	1.145117163658142
	1.145139217376709
	1.145167350769043
	1.1451938152313232
	1.1452183723449707
	1.145244836807251
	1.145268440246582
	1.1452804803848267
	1.1452972888946533
	1.14531409740448
	1.1453229188919067
	1.1453325748443604
	1.1453535556793213
	1.145381212234497
	1.1453893184661865
	1.1454132795333862
	1.1454325914382935
	1.1454650163650513
	1.145483136177063
	1.1455098390579224
	1.145519733428955
	1.1455365419387817
	1.1455581188201904
	1.1455669403076172
	1.1455748081207275
	1.1455801725387573
	1.145595669746399
	1.1456177234649658
	1.1456291675567627
	1.1456382274627686
	1.1456632614135742
	1.1456817388534546
	1.1457078456878662
	1.1457185745239258
	1.1457473039627075
	1.1457760334014893
	1.1458030939102173
	1.1458454132080078
	1.1458417177200317
	1.1458624601364136
	1.145890712738037
	1.145920991897583
	1.1459319591522217
	1.1459627151489258
	1.1459826231002808
	1.145987629890442
	1.1460176706314087
	1.1460243463516235
	1.146060585975647
	1.1460821628570557
	1.14610755443573
	1.1461372375488281
	1.1461421251296997
	1.1461774110794067
	1.1462020874023438
	1.1462293863296509
	1.1462533473968506
	1.1462583541870117
	1.1462737321853638
	1.1462974548339844
	1.1463227272033691
	1.1463394165039062
	1.1463497877120972
	1.1463788747787476
	1.1463899612426758
	1.146402359008789
	1.146409034729004
	1.1464277505874634
	1.146439790725708
	1.1464524269104004
	1.1464484930038452
	1.1464624404907227
	1.1464812755584717
	1.146508812904358
	1.1465240716934204
	1.1465362310409546
	1.1465634107589722
	1.1465861797332764
	1.1466091871261597
	1.1466379165649414
	1.146661639213562
	1.1467006206512451
	1.1467130184173584
	1.1467453241348267
	1.1467735767364502
	1.1467770338058472
	1.1467957496643066
	1.146808385848999
	1.1468310356140137
	1.1468634605407715
	1.1468944549560547
	1.1469104290008545
	1.1469403505325317
	1.1469477415084839
	1.1469602584838867
	1.1469789743423462
	1.1469969749450684
	1.147012710571289
	1.1470266580581665
	1.1470516920089722
	1.1470894813537598
	1.1471046209335327
	1.1471202373504639
	1.14713454246521
	1.1471598148345947
	1.1471937894821167
	1.1472246646881104
	1.147233486175537
	1.1472444534301758
	1.1472684144973755
	1.1472944021224976
	1.1473215818405151
	1.1473346948623657
	1.147322654724121
	1.147329568862915
	1.1473444700241089
	1.1473534107208252
	1.147377371788025
	1.1474006175994873
	1.1474196910858154
	1.147438645362854
	1.1474651098251343
	1.1474881172180176
	1.1474940776824951
	1.1475164890289307
	1.1475417613983154
	1.147555947303772
	1.1475733518600464
	1.1475909948349
	1.1476024389266968
	1.1476202011108398
	1.1476291418075562
	1.1476541757583618
	1.1476730108261108
	1.147691011428833
	1.1477062702178955
	1.147732138633728
	1.1477464437484741
	1.1477584838867188
	1.1477924585342407
	1.1478099822998047
	1.1478341817855835
	1.1478428840637207
	1.147853136062622
	1.1478800773620605
	1.1479055881500244
	1.1479144096374512
	1.1479358673095703
	1.1479490995407104
	1.1479672193527222
	1.147984266281128
	1.1480008363723755
	1.1480140686035156
	1.1480244398117065
	1.1480309963226318
	1.1480463743209839
	1.1480473279953003
	1.1480591297149658
	1.148085117340088
	1.1480997800827026
	1.1481205224990845
	1.1481328010559082
	1.1481554508209229
	1.1481760740280151
	1.1482073068618774
	1.148240327835083
	1.1482632160186768
	1.148277997970581
	1.1482957601547241
	1.1483227014541626
	1.1483439207077026
	1.148358702659607
	1.1483800411224365
	1.14840829372406
	1.1484121084213257
	1.1484370231628418
	1.148459553718567
	1.1484692096710205
	1.1484953165054321
	1.1485204696655273
	1.1485322713851929
	1.1485437154769897
	1.1485595703125
	1.148569941520691
	1.1485815048217773
	1.148600697517395
	1.148618459701538
	1.1486413478851318
	1.1486536264419556
	1.1486338376998901
	1.1486600637435913
	1.1486765146255493
	1.1487154960632324
	1.1487364768981934
	1.1487562656402588
	1.1487659215927124
	1.148781180381775
	1.1488025188446045
	1.1488080024719238
	1.1488200426101685
	1.1488382816314697
	1.1488536596298218
	1.1488664150238037
	1.1488707065582275
	1.1488971710205078
	1.148918628692627
	1.1489241123199463
	1.1489465236663818
	1.1489582061767578
	1.148989200592041
	1.1489946842193604
	1.1490044593811035
	1.1490107774734497
	1.1490249633789062
	1.1490538120269775
	1.1490669250488281
	1.1490819454193115
	1.1490850448608398
	1.1491072177886963
	1.1491388082504272
	1.1491615772247314
	1.1491546630859375
	1.1491756439208984
	1.1492093801498413
	1.149221420288086
	1.149239420890808
	1.1492564678192139
	1.1492661237716675
	1.149283766746521
	1.1493051052093506
	1.149301528930664
	1.1493208408355713
	1.1493415832519531
	1.1493520736694336
	1.1493574380874634
	1.149367332458496
	1.1493809223175049
	1.1494072675704956
	1.1494348049163818
	1.1494566202163696
	1.1494766473770142
	1.1495029926300049
	1.149513840675354
	1.1495319604873657
	1.149558424949646
	1.1495652198791504
	1.1495819091796875
	1.1495983600616455
	1.1496093273162842
	1.1496148109436035
	1.1496309041976929
	1.1496493816375732
	1.1496742963790894
	1.1496949195861816
	1.1497169733047485
	1.1497360467910767
	1.1497434377670288
	1.1497761011123657
	1.1497882604599
	1.1497845649719238
	1.1498076915740967
	1.1498336791992188
	1.149858832359314
	1.1498781442642212
	1.149906873703003
	1.1499465703964233
	1.1499600410461426
	1.1499892473220825
	1.1499924659729004
	1.14999520778656
	1.1500083208084106
	1.1500147581100464
	1.1500399112701416
	1.1500669717788696
	1.1500921249389648
	1.150111198425293
	1.1501283645629883
	1.1501282453536987
	1.1501388549804688
	1.1501420736312866
	1.1501339673995972
	1.1501414775848389
	1.1501550674438477
	1.1501696109771729
	1.1501736640930176
	1.1501888036727905
	1.1502108573913574
	1.15022611618042
	1.1502315998077393
	1.150255799293518
	1.150260090827942
	1.1502784490585327
	1.150308609008789
	1.1503281593322754
	1.150367259979248
	1.1503723859786987
	1.1503803730010986
	1.1504077911376953
	1.15041983127594
	1.1504347324371338
	1.1504502296447754
	1.150433897972107
	1.150456428527832
	1.1504744291305542
	1.1504909992218018
	1.1505128145217896
	1.1505298614501953
	1.1505426168441772
	1.150560736656189
	1.1505684852600098
	1.1505708694458008
	1.15058434009552
	1.1505849361419678
	1.1506024599075317
	1.1506056785583496
	1.1506294012069702
	1.1506423950195312
	1.1506497859954834
	1.1506720781326294
	1.1506590843200684
	1.150655746459961
	1.1506727933883667
	1.1506773233413696
	1.1506844758987427
	1.1507035493850708
	1.1507140398025513
	1.150715708732605
	1.1507362127304077
	1.1507647037506104
	1.1507863998413086
	1.150801420211792
	1.1508278846740723
	1.1508433818817139
	1.1508692502975464
	1.1508800983428955
	1.1508991718292236
	1.150928020477295
	1.150933027267456
	1.150956153869629
	1.1509668827056885
	1.1509937047958374
	1.1509848833084106
	1.1509953737258911
	1.1510213613510132
	1.1510283946990967
	1.151031732559204
	1.1510411500930786
	1.15104341506958
	1.151063323020935
	1.1510658264160156
	1.151077151298523
	1.1510810852050781
	1.1510896682739258
	1.1511073112487793
	1.151131510734558
	1.1511472463607788
	1.1511633396148682
	1.1511741876602173
	1.1512117385864258
	1.1512199640274048
	1.1512513160705566
	1.1512668132781982
	1.1512705087661743
	1.1512925624847412
	1.1513243913650513
	1.1513365507125854
	1.151350498199463
	1.1513636112213135
	1.1513789892196655
	1.1514002084732056
	1.151406168937683
	1.1514092683792114
	1.1514357328414917
	1.1514501571655273
	1.1514747142791748
	1.151508092880249
	1.151523470878601
	1.1515413522720337
	1.1515508890151978
	1.1515710353851318
	1.151577353477478
	1.1515913009643555
	1.1516081094741821
	1.151623249053955
	1.1516402959823608
	1.1516482830047607
	1.1516718864440918
	1.1516915559768677
	1.151699185371399
	1.1517218351364136
	1.1517181396484375
	1.1517229080200195
	1.1517343521118164
	1.151756763458252
	1.151778221130371
	1.151800513267517
	1.1518114805221558
	1.1518142223358154
	1.1518036127090454
	1.151809573173523
	1.151815414428711
	1.1518198251724243
	1.1518241167068481
	1.1518296003341675
	1.1518547534942627
	1.1518648862838745
	1.1518785953521729
	1.1518858671188354
	1.1518919467926025
	1.1519194841384888
	1.1519447565078735
	1.1519707441329956
	1.152009129524231
	1.1520153284072876
	1.152001976966858
	1.1520133018493652
	1.1520344018936157
	1.1520520448684692
	1.1520684957504272
	1.1520744562149048
	1.152083396911621
	1.1520899534225464
	1.1521073579788208
	1.1521244049072266
	1.1521284580230713
	1.152138113975525
	1.152146577835083
	1.1521601676940918
	1.1521809101104736
	1.15220308303833
	1.1522374153137207
	1.1522632837295532
	1.1522800922393799
	1.1522976160049438
	1.1523102521896362
	1.1523247957229614
	1.1523460149765015
	1.152370572090149
	1.1523845195770264
	1.1524052619934082
	1.1524195671081543
	1.1524392366409302
	1.15245521068573
	1.1524745225906372
	1.1524765491485596
	1.1524838209152222
	1.1524999141693115
	1.1524953842163086
	1.1525068283081055
	1.1525291204452515
	1.1525481939315796
	1.1525644063949585
	1.1525719165802002
	1.1525803804397583
	1.152604579925537
	1.1526187658309937
	1.1526477336883545
	1.1526604890823364
	1.152675986289978
	1.1526954174041748
	1.1526873111724854
	1.152702808380127
	1.1527236700057983
	1.1527520418167114
	1.152762770652771
	1.152766466140747
	1.152794599533081
	1.1528018712997437
	1.1528165340423584
	1.1528136730194092
	1.152838945388794
	1.152849555015564
	1.1528518199920654
	1.152884602546692
	1.1529042720794678
	1.1529220342636108
	1.152933955192566
	1.152948260307312
	1.1529569625854492
	1.1529748439788818
	1.152967929840088
	1.1529840230941772
	1.1529979705810547
	1.1530039310455322
	1.1530054807662964
	1.1530238389968872
	1.1530407667160034
	1.1530576944351196
	1.1530611515045166
	1.153084397315979
	1.1531035900115967
	1.153125524520874
	1.153132438659668
	1.1531273126602173
	1.1531370878219604
	1.1531567573547363
	1.1531740427017212
	1.1531939506530762
	1.1532129049301147
	1.1532156467437744
	1.1532337665557861
	1.1532564163208008
	1.1532751321792603
	1.1533024311065674
	1.1533125638961792
	1.1533361673355103
	1.1533470153808594
	1.1533689498901367
	1.1533952951431274
	1.1534229516983032
	1.1534367799758911
	1.1534545421600342
	1.153457522392273
	1.1534714698791504
	1.153475284576416
	1.1534804105758667
	1.153502345085144
	1.1535323858261108
	1.1535356044769287
	1.1535502672195435
	1.153571367263794
	1.1535825729370117
	1.1535958051681519
	1.1536061763763428
	1.1536364555358887
	1.1536425352096558
	1.1536476612091064
	1.1536476612091064
	1.1536589860916138
	1.1536633968353271
	1.1536775827407837
	1.1536868810653687
	1.1536915302276611
	1.15370774269104
	1.1537017822265625
	1.1537073850631714
	1.1537070274353027
	1.1537190675735474
	1.1537237167358398
	1.15372896194458
	1.1537419557571411
	1.1537582874298096
	1.1537708044052124
	1.1537820100784302
	1.1537883281707764
	1.1538002490997314
	1.1538337469100952
	1.1538383960723877
	1.1538735628128052
	1.153884768486023
	1.1539064645767212
	1.1539143323898315
	1.1539398431777954
	1.153963565826416
	1.15398108959198
	1.1539932489395142
	1.1540066003799438
	1.1540133953094482
	1.154020071029663
	1.154028296470642
	1.1540437936782837
	1.1540509462356567
	1.1540706157684326
	1.1540836095809937
	1.154106855392456
	1.1541026830673218
	1.1541162729263306
	1.154125690460205
	1.1541469097137451
	1.154150366783142
	1.1541519165039062
	1.1541852951049805
	1.154206395149231
	1.154231309890747
	1.1542414426803589
	1.1542537212371826
	1.1542805433273315
	1.154297113418579
	1.1543223857879639
	1.1543246507644653
	1.1543352603912354
	1.1543540954589844
	1.1543638706207275
	1.154363989830017
	1.1543810367584229
	1.154401183128357
	1.154415249824524
	1.1544344425201416
	1.1544594764709473
	1.1544675827026367
	1.154489278793335
	1.1545089483261108
	1.1545379161834717
	1.1545517444610596
	1.1545825004577637
	1.1545863151550293
	1.1545937061309814
	1.1546180248260498
	1.1546400785446167
	1.1546682119369507
	1.15468168258667
	1.1546950340270996
	1.154706358909607
	1.154732346534729
	1.1547454595565796
	1.154772400856018
	1.1547757387161255
	1.154760479927063
	1.1547753810882568
	1.1547837257385254
	1.1547924280166626
	1.154794692993164
	1.1548136472702026
	1.1548216342926025
	1.1548471450805664
	1.1548439264297485
	1.1548668146133423
	1.1548898220062256
	1.1549170017242432
	1.1549241542816162
	1.1549527645111084
	1.154987096786499
	1.1550023555755615
	1.155009150505066
	1.1550365686416626
	1.1550501585006714
	1.1550666093826294
	1.1550791263580322
	1.1550979614257812
	1.1551040410995483
	1.1551162004470825
	1.1551393270492554
	1.1551581621170044
	1.155160665512085
	1.155180811882019
	1.1552003622055054
	1.1552129983901978
	1.1552255153656006
	1.1552510261535645
	1.155263066291809
	1.155293583869934
	1.1553020477294922
	1.1553055047988892
	1.1553254127502441
	1.1553514003753662
	1.1553733348846436
	1.1553627252578735
	1.1553767919540405
	1.1553864479064941
	1.1554043292999268
	1.1554144620895386
	1.155442237854004
	1.1554408073425293
	1.155454397201538
	1.1554731130599976
	1.155490756034851
	1.155512809753418
	1.1555187702178955
	1.1555336713790894
	1.1555395126342773
	1.1555578708648682
	1.1555817127227783
	1.155577301979065
	1.155593752861023
	1.1556168794631958
	1.1556380987167358
	1.1556531190872192
	1.1556721925735474
	1.1556861400604248
	1.1556905508041382
	1.1557255983352661
	1.1557177305221558
	1.155735969543457
	1.1557484865188599
	1.1557585000991821
	1.1557652950286865
]