[
	1.2394258402668827
	1.2394258402668836
	1.2394258402666252
	1.239425840282677
	1.2394258402696874
	1.2394258256134858
	1.23942597114289
	1.2394281053767164
	1.239444596910743
	1.2394845694657564
	1.2395333678571112
	1.2395940642523258
	1.2396593396005102
	1.2397242856550512
	1.2397806686536543
	1.2398430997662677
	1.2398890932970212
	1.2399648779728434
	1.2400061415013517
	1.24007007521712
	1.2401313314622275
	1.2401850912893797
	1.2402452874274354
	1.2402987921140547
	1.2403382310072992
	1.2403717565399874
	1.24041107781869
	1.2404550988181924
	1.2404912029383262
	1.2405413113614594
	1.2405824669692993
	1.2406301995609887
	1.2406557890579466
	1.2406908485037813
	1.2407183112279865
	1.240763755846225
	1.2407860347663782
	1.2408278847133203
	1.2408524453596028
	1.2408708348494366
	1.240881269869599
	1.2408962928887264
	1.2409181205341702
	1.2409383028921335
	1.2409513671720105
	1.2409751757026224
	1.240988113631788
	1.2410056018918518
	1.241017920423183
	1.2410298932842536
	1.241040775328188
	1.2410475419411076
	1.241063647394725
	1.2410823365580257
	1.2410993034893907
	1.2411093610726052
	1.2411136990831
	1.2411260602826175
	1.2411378475947836
	1.2411404987837704
	1.241157879944666
	1.241166981314583
	1.2411880544861817
	1.2411909833557149
	1.2412023053912704
	1.2412011515932801
	1.2412051434536067
	1.241207987215844
	1.2412073774477994
	1.2412169239761743
	1.241217247627594
	1.241221057589057
	1.2412190465621227
	1.2412299614965772
	1.2412329674933615
	1.241233035616265
	1.2412317702140545
	1.2412316868393294
	1.241218647624103
	1.2412081235542674
	1.2412042268162238
	1.2411921438306162
	1.2411827832070306
	1.2411781853964163
	1.2411788261249725
	1.2411824996970222
	1.241179982636175
	1.241179182632802
	1.2411716221542857
	1.2411714656935515
	1.241167380205628
	1.2411654706306772
	1.2411652182047839
	1.2411643509821413
	1.2411619016440925
	1.2411556701505713
	1.2411487413791764
	1.2411365320053167
	1.241121108097685
	1.2411156230026723
	1.2411131852737547
	1.2411044341669097
	1.241094567905362
	1.2410899048335975
	1.2410803385357732
	1.2410648339215367
	1.2410609533924488
	1.2410533092050953
	1.2410470414218875
	1.2410435069221462
	1.2410315700499883
	1.241017137467628
	1.2410135979006125
	1.2410086308918218
	1.2409969236233094
	1.2409914556846073
	1.2409801293388858
	1.2409754519339005
	1.240968676113364
	1.2409598689201446
	1.2409514252061133
	1.2409419195953486
	1.2409344594159244
	1.2409309123262997
	1.2409193155489229
	1.2409142283504884
	1.2409119242816402
	1.240901078342992
	1.2408887510648023
	1.2408741807022656
	1.2408613957319006
	1.2408544061547944
	1.2408506081596211
	1.2408417010030979
	1.2408352574461727
	1.2408256836233829
	1.2408167041598916
	1.240809933296208
	1.2407996358504931
	1.2407835540424086
	1.2407664705381771
	1.2407622541332504
	1.2407552143714018
	1.240750283415108
	1.2407423088794172
	1.2407319385704583
	1.2407283257270685
	1.2407182483902301
	1.2407081217114293
	1.2407028798198516
	1.240700558610884
	1.2406916868092575
	1.2406817343145544
	1.2406709261838575
	1.2406605537855853
	1.2406555881300234
	1.2406518006756035
	1.2406377319092736
	1.2406302686613957
	1.2406288264649934
	1.2406200766940987
	1.2406113704103567
	1.240606918056136
	1.2406049337027645
	1.240602186187162
	1.2405947588027086
	1.2405862609344194
	1.2405717276640096
	1.240563647053064
	1.2405525913798399
	1.2405459062651258
	1.2405435433362741
	1.2405378808618528
	1.24052910336701
	1.2405177662820914
	1.240508141800652
	1.2404992864695845
	1.2404976354795085
	1.2404882012036007
	1.2404831055993506
	1.2404846101734321
	1.2404719161006237
	1.240462744211253
	1.240454085518073
	1.2404490929850938
	1.2404439910792295
	1.2404446211110258
	1.2404421112471375
	1.240432771868109
	1.240431782275755
	1.2404275503540632
	1.2404250249142315
	1.2404180443458437
	1.240412464897238
	1.2404138104873483
	1.2404042840349652
	1.2403976705854238
	1.240390534660465
	1.2403912080888206
	1.240389342780882
	1.2403789491316581
	1.2403739461004595
	1.2403645522834104
	1.2403600988461354
	1.2403514816792283
	1.2403440387270088
	1.2403382100330336
	1.2403340288757791
	1.2403304425900854
	1.2403277205844905
	1.240321589104186
	1.240318731754672
	1.240313407999307
	1.2403092444650219
	1.240306453395398
	1.2403001172251298
	1.2402980085621822
	1.240289775821418
	1.2402824010132827
	1.240283608164287
	1.2402837993511284
	1.2402797758308544
	1.2402757934934625
	1.2402708747147884
	1.2402658765633507
	1.2402585798155759
	1.2402552278991263
	1.2402535376534016
	1.2402494711820684
	1.2402435482014114
	1.2402430095691308
	1.2402362383574912
	1.240231999471074
	1.2402311708021077
	1.2402257370067502
	1.240224326280772
	1.2402178804802895
	1.2402137198082295
	1.2402098391648138
	1.2402090031527568
	1.2402046578929642
	1.2402059439661035
	1.2402025453809609
	1.2401982353203445
	1.2401952370143714
	1.2401955310513868
	1.2401909559123474
	1.2401854059907493
	1.2401828374167068
	1.2401841564711087
	1.2401828484855473
	1.2401799680489525
	1.240177751359315
	1.2401757888132503
	1.240170347471938
	1.2401666452659765
	1.2401636605524882
	1.240161556220037
	1.2401586196612593
	1.2401558229855765
	1.2401570334460728
	1.2401550119824722
	1.2401532616007738
	1.240149029887385
	1.2401487833123637
	1.2401482224541898
	1.2401448823779455
	1.2401436537899289
	1.2401415747106779
	1.2401351646004972
	1.2401366339257631
	1.2401316487548442
	1.240130503350225
	1.2401343511924423
	1.2401323301274931
	1.240131856700788
	1.2401287604937727
	1.240130361792636
	1.2401289181402975
	1.2401277605247774
	1.240127324575615
	1.2401260329983526
	1.2401223658896507
	1.240120810369609
	1.2401176844711082
	1.2401162434905995
	1.240114622106268
	1.2401142305016157
	1.240116020240072
	1.2401159889153657
	1.240115130886133
	1.2401164945516467
	1.2401169999539245
	1.240110692473765
	1.2401124570292417
	1.2401111803463278
	1.2401130021048907
	1.2401151269158486
	1.2401144508050757
	1.2401105019704874
	1.2401077037587351
	1.2401067304925582
	1.2401059214414114
	1.2401077416240662
	1.240108320449328
	1.2401075531448116
	1.240111985872852
	1.240112914251029
	1.2401122230133819
	1.2401080723051112
	1.2401055254133206
	1.2401044144268074
	1.2401040044868674
	1.2401034610277772
	1.2401026703510207
	1.2401004250476628
	1.2401018799522205
	1.2400990246264179
	1.2400983933661196
	1.2400966938040854
	1.240095986452388
	1.2400948326641663
	1.2400941993626173
	1.2400934899543952
	1.240092419512708
	1.2400925799182272
	1.240092246242705
	1.2400914648112582
	1.2400933372773972
	1.2400941680996282
	1.2400889439348703
	1.240086818685314
	1.2400851463456928
	1.2400864687310502
	1.240087167631921
	1.2400833086598573
	1.2400854289847913
	1.2400852624611156
	1.240084739130374
	1.2400823334686824
	1.240080833286455
	1.2400811071000242
	1.2400800328320245
	1.2400791799439057
	1.2400805586582477
	1.2400852660117974
	1.2400805427849395
	1.2400784224128292
	1.2400746470025705
	1.2400769940399152
	1.240080419216581
	1.2400785161388692
	1.2400808481544312
	1.240078771191632
	1.2400799344020748
	1.2400806097380639
	1.240081727392653
	1.2400833426095363
	1.2400851622995184
	1.2400848678031742
	1.240088822330623
	1.2400909324053657
	1.2400903399594985
	1.2400899914628196
	1.2400883138587553
	1.240087431235224
	1.2400888931742702
	1.2400901472144024
	1.2400901512200557
	1.240094121281229
	1.2400942239134638
	1.2400943180761714
	1.2400958107646425
	1.2401013345352856
	1.240103802847037
	1.2400996990449598
	1.2401013323298606
	1.2401021043992668
	1.2401036192917068
	1.2401030084844529
	1.2401077040206003
	1.2401065905030746
	1.2401043702378838
	1.240102065164489
	1.2401028816181496
	1.240104043218423
	1.2401047328591135
	1.240108204315419
	1.2401103045133592
	1.2401111304204055
	1.2401118753245342
	1.2401155691902215
	1.240116268854099
	1.2401145759542072
	1.240116026915009
	1.240115168113231
	1.2401154827825585
	1.2401180374209706
	1.24011932269001
	1.2401205652882095
	1.2401209103768682
	1.240122359713668
	1.2401246253777385
	1.2401267497357273
	1.2401271441101356
	1.240123933947881
	1.2401273919174967
	1.2401282075184108
	1.240128171128743
	1.2401277752891615
	1.24012892874589
	1.2401313902577806
	1.2401284794208325
	1.2401291377711934
	1.2401312643645548
	1.2401312109289924
	1.2401323161351496
	1.2401349644609831
	1.2401370087486494
	1.2401357171113985
	1.2401361234542365
	1.2401351175762583
	1.2401357599263623
	1.2401367703080395
	1.2401383077088675
	1.2401407582320716
	1.2401408878979177
	1.2401413756098776
	1.2401428936211987
	1.2401406815863467
	1.2401429399558452
	1.2401441554377797
	1.240143216059238
	1.240140100204064
	1.2401401458641266
	1.2401440776553763
	1.240144991045156
	1.2401496736280233
	1.2401529789079737
	1.2401506758943444
	1.2401532954695018
	1.240152381887707
	1.2401563242920406
	1.2401615241190342
	1.2401678076724347
	1.24016521464437
	1.240166746929325
	1.240170592841181
	1.2401698204649272
	1.2401659502636901
	1.2401677426631934
	1.240167168751163
	1.2401613040078443
	1.240162408271888
	1.2401583164189198
	1.2401599042847173
	1.2401605544933434
	1.2401612283863712
	1.2401593865106286
	1.2401597941548441
	1.2401653693972163
	1.2401635972641931
	1.2401641831487524
	1.2401638986351338
	1.2401637465829065
	1.2401637155219665
	1.2401669927138899
	1.2401721146175315
	1.2401761787491268
	1.2401803139225296
	1.240184344743831
	1.240189014298108
	1.2401900562199983
	1.2401909144317862
	1.240192859515635
	1.2401914215498193
	1.2401908647166282
	1.2401863290974708
	1.2401855867145066
	1.2401895147873156
	1.2401883255061716
	1.2401896318023757
	1.240192141987516
	1.240185453186443
	1.2401883110370144
	1.2401876185135545
	1.2401866905311802
	1.2401852753129752
	1.2401899754122403
	1.2401933078617753
	1.2401984941731243
	1.2401989646286276
	1.2402033197856976
	1.2402017047101885
	1.2402022908292152
	1.2402021784876411
	1.2402072055324356
	1.240211676163084
	1.2402145614683966
	1.2402173005897712
	1.2402178299584377
	1.2402177056753056
	1.2402174319695047
	1.240221253777867
	1.2402251241630775
	1.2402235598610871
	1.2402188517733854
	1.240219093662124
	1.2402225723724536
	1.2402255483661897
	1.2402334359212777
	1.2402308154959862
	1.240230051403117
	1.240229994282548
	1.2402308872933623
	1.2402343878895803
	1.2402357101553703
	1.2402407331162448
	1.2402421609046952
	1.2402356027563175
	1.2402363646416874
	1.2402408542823986
	1.240240736745274
	1.2402410084576572
	1.2402460364845753
	1.2402466985884073
	1.2402503591214522
	1.2402506515214007
	1.2402475551239782
	1.2402469495900905
	1.2402491542575476
	1.240253387292991
	1.2402537546786094
	1.2402528277586111
	1.2402525646527653
	1.240254886046737
	1.2402526108641456
	1.2402515460317998
	1.2402523627778264
	1.2402493213827885
	1.2402445806140574
	1.2402447093692555
	1.2402428402814532
	1.240242323570557
	1.24024421693974
	1.2402444614432704
	1.2402463969658843
	1.2402474473109675
	1.2402483629445582
	1.240248587690995
	1.2402484981159512
	1.2402475844726444
	1.2402494863939129
	1.2402487021288555
	1.2402495751768812
	1.2402496049285439
	1.2402457404429934
	1.240247466348069
	1.2402459138199509
	1.2402494162040198
	1.2402496746306046
	1.2402493913515602
	1.2402476189701144
	1.2402510150499413
	1.24025166328608
	1.2402586378004818
	1.240257183872358
	1.2402581078252832
	1.24025914326369
	1.2402595166717543
	1.2402611330047462
	1.2402623363730598
	1.2402620628870793
	1.2402658091738457
	1.2402697424796445
	1.2402696010926177
	1.2402726857238264
	1.240275084611679
	1.240280820722218
	1.240277905087891
	1.2402840637792723
	1.2402783562931465
	1.2402756692964014
	1.24027413532922
	1.2402774143481157
	1.2402771205179066
	1.2402806691164563
	1.2402772196367504
	1.2402718881122126
	1.2402698240871666
	1.2402707924931853
	1.2402756464298672
	1.2402805755789028
	1.2402836994606208
	1.2402884640209375
	1.2402897626695095
	1.2402871677909133
	1.2402892597804134
	1.240288619468874
	1.240290881290574
	1.2402888809719517
	1.240286737700449
	1.240284113152087
	1.240279293441129
	1.24027555187889
	1.2402755129090521
	1.2402783047212678
	1.2402745016265686
	1.240274079568746
	1.2402714272155617
	1.2402727615972458
	1.2402770764594027
	1.240280935993715
	1.24027976740389
	1.2402799362615353
	1.2402796317316176
	1.2402800861850243
	1.2402822228805843
	1.2402812424818013
	1.2402786936221453
	1.2402773749854898
	1.240278142109471
	1.2402737129665704
	1.2402735106653342
	1.24027151454457
	1.2402734094308097
	1.2402708252134491
	1.2402704525314445
	1.240271223982549
	1.2402706668201477
	1.2402688169048288
	1.240268288175935
	1.240264896190662
	1.2402691911322452
	1.2402720050642515
	1.2402701672148173
	1.2402694229181415
	1.2402704554264763
	1.2402726714840169
	1.240272923979354
	1.2402669831317406
	1.2402686802844325
	1.2402679857361696
	1.2402703608048025
	1.240269604284758
	1.2402689212929519
	1.240265483349285
	1.2402639199265146
	1.2402634040100018
	1.240260447912027
	1.24026085943251
	1.2402567332499992
	1.2402534078939105
	1.240252708664836
	1.2402521628350471
	1.2402493070918172
	1.2402500135033057
	1.240247793336385
	1.240247720834291
	1.2402440325557342
	1.2402436303096944
	1.2402436564831005
	1.2402430112717984
	1.240240669729783
	1.2402415685748336
	1.240237288396295
	1.2402375553559093
	1.2402378142197907
	1.2402363913687722
	1.2402351346763671
	1.240235605098609
	1.2402347519218733
	1.2402340417439464
	1.240232377558311
	1.2402305374179254
	1.2402307299674178
	1.240233536597831
	1.2402355553982118
	1.2402371917413688
	1.240238251959443
	1.2402397374029912
	1.240241391817109
	1.2402409826007306
	1.2402378029791674
	1.2402399610473458
	1.2402388909863427
	1.2402390901762324
	1.2402354133354372
	1.240239866999408
	1.2402370894655805
	1.2402369130500206
	1.240238087901669
	1.240242726080837
	1.2402431632505355
	1.2402422934720478
	1.2402458876276603
	1.2402470590772092
	1.2402448948728162
	1.2402427336475113
	1.2402418831231687
	1.240238750167511
	1.2402378268093972
	1.240239177658865
	1.2402380157991073
	1.2402378499016105
	1.240240102857738
	1.240242112876069
	1.240242597297985
	1.2402429078746486
	1.2402454865597519
	1.2402449961741193
	1.2402440467243525
	1.2402414716193362
	1.240239739278099
	1.240238827981765
	1.2402367283533335
	1.240236149952247
	1.2402348868175048
	1.2402337519372135
	1.2402338372459096
	1.2402299294733754
	1.2402299191327977
	1.2402310396488643
	1.2402303178229919
	1.240232794646188
	1.240230964192523
	1.2402321021539482
	1.2402342417561993
	1.2402279945578962
	1.2402302843947812
	1.24023100078851
	1.2402331473883816
	1.240230800257687
	1.240232385560304
	1.2402326923029565
	1.2402370422197093
	1.2402348553508644
	1.2402317147176132
	1.240232310033879
	1.2402347238212186
	1.2402346787234748
	1.240233599032789
	1.2402357557551518
	1.2402346388874794
	1.2402307791612852
	1.2402317328549326
	1.2402289155314399
	1.2402308000118973
	1.2402334868022213
	1.2402303522194473
	1.2402322663195122
	1.240232700941771
	1.2402362881015014
	1.240235976841301
	1.240237671923109
	1.2402373637867778
	1.2402383452224843
	1.2402365054434876
	1.240234826780067
	1.2402339635031425
	1.2402328283855477
	1.2402397922588184
	1.2402394571878748
	1.240238429187295
	1.240237594251958
	1.2402362567345266
	1.2402384185248538
	1.2402389522633877
	1.2402414959330337
	1.2402416125111464
	1.2402394839829851
	1.2402384478730921
	1.2402381564700853
	1.2402434496019297
	1.2402432790110045
	1.2402486151372718
	1.2402473173921686
	1.2402467085145874
	1.24024564183045
	1.2402442304349126
	1.2402447155797611
	1.24024402055712
	1.240246458162753
	1.2402452291060921
	1.2402477641232708
	1.240244863414062
	1.2402443073510725
	1.2402469383642105
	1.2402451326943724
	1.2402434613322335
	1.2402434780418305
	1.2402420697729424
	1.2402434769200394
	1.2402436176214375
	1.2402430050404558
	1.2402403870012157
	1.240242199164384
	1.2402448717484544
	1.240244932839458
	1.2402426528134571
	1.240241019562622
	1.2402407501050399
	1.2402412481230787
	1.2402453550212837
	1.2402459068387488
	1.2402472024648832
	1.2402460417837067
	1.2402453882670406
	1.2402459683774782
	1.2402422068064498
	1.2402417829473746
	1.2402401688844948
	1.2402378268205936
	1.2402369675085365
	1.2402362702886827
	1.2402348671132835
	1.2402344827735408
	1.240238330980078
	1.2402404658834596
	1.2402401825098155
	1.2402390889181834
	1.240233121638641
	1.240235653428338
	1.240235744520158
	1.2402398483215877
	1.240242180407943
	1.2402384336425423
	1.2402406069677094
	1.240241212238729
	1.2402383759283075
	1.2402374435099073
	1.2402382149451916
	1.2402382219687151
	1.2402405975576323
	1.2402359859756051
	1.2402335160149947
	1.2402312981902315
	1.2402298547160842
	1.2402279519671973
	1.2402265437874112
	1.2402295846463713
	1.2402281889768496
	1.2402286965072746
	1.2402286199458836
	1.2402302563573742
	1.2402296839075073
	1.240229133424637
	1.2402308953903767
	1.240230057432364
	1.2402304829968183
	1.2402288195596611
	1.240231288084567
	1.2402314485749606
	1.2402308201930488
	1.2402308903491859
	1.2402279745658338
	1.2402314019480778
	1.2402305617157825
	1.2402335811141683
	1.2402362908277011
	1.2402383568935564
	1.2402357072004513
	1.2402338402314768
	1.2402342094094014
	1.2402352223363227
	1.240234813490674
	1.2402317725134642
	1.2402308912507867
	1.2402335339420272
	1.240233940867579
	1.2402353423750854
	1.2402339531222581
	1.240235684372414
	1.240237275640853
	1.2402360634871614
	1.2402337213813421
	1.2402343408605974
	1.2402335387990022
	1.2402291015696112
	1.2402304327119218
	1.2402320841596792
	1.2402312172491035
	1.2402287917770387
	1.24022718696478
	1.2402240394116353
	1.2402257170732247
	1.2402242099468523
	1.2402260815864892
	1.2402244925354886
	1.2402231168972382
	1.240225685357712
	1.2402204714735858
	1.2402220177285495
	1.240225103368021
	1.2402231037206235
	1.240222508019679
	1.240223596019923
	1.2402228624285598
	1.240223814073945
	1.2402232505922661
	1.2402228795798926
	1.24022369843942
	1.2402243599960716
	1.2402251566513742
	1.2402246287609702
	1.2402241984913998
	1.2402263878522541
	1.2402266271027451
	1.240224058377013
	1.2402204777335397
	1.2402186278006933
	1.2402201733629337
	1.2402194236361734
	1.2402198307612442
	1.2402180306918098
	1.2402172361736716
	1.2402140871023484
	1.2402168830573228
	1.2402172335368158
	1.2402180892449957
	1.2402214499441984
	1.2402211733570894
	1.240222063051344
	1.2402245585024243
	1.2402234260899192
	1.240227905198527
	1.2402307668974848
	1.2402309137292673
	1.2402288067820706
	1.2402305451337279
	1.2402308208447728
	1.2402349970212225
	1.2402362346099665
	1.240238299143452
	1.240235616193555
	1.240235015714525
	1.2402387915694792
	1.2402405177548836
	1.2402361521748235
	1.2402378507279248
	1.2402407854062063
	1.2402406141365774
	1.2402416618452354
	1.2402424091568671
	1.2402441866985152
	1.2402480236527416
	1.2402461171678814
	1.2402427595149421
	1.240242513602302
	1.2402400453590359
	1.2402383188685515
	1.2402395986966321
	1.240240329267636
	1.2402423126195787
	1.2402420868906578
	1.2402399346293531
	1.2402398669727932
	1.2402385578536492
	1.2402383845081273
	1.2402377971298657
	1.2402356696959431
	1.2402330965840462
	1.2402321641531027
	1.2402320182278292
	1.2402374848315587
	1.240239367235429
	1.2402343122873785
	1.2402374736539081
	1.2402393371380567
	1.2402433491463214
	1.2402402228263083
	1.2402380476400965
	1.2402398399109391
	1.240237757733793
	1.2402354088446945
	1.2402354628442693
	1.240237852863328
	1.240234365480467
	1.2402368053943569
	1.240238994889759
	1.2402389501322342
	1.2402387159754265
	1.2402361865995537
	1.2402369505521271
	1.2402391127617736
	1.2402366455572087
	1.2402377873623296
	1.2402371931228873
	1.2402336222266392
	1.2402359104837934
	1.240239178262756
	1.240236071946556
	1.240239253992471
	1.2402365640528554
	1.2402358990060498
	1.2402358341998607
	1.2402388634111021
	1.2402389439260588
	1.2402343401375766
	1.24023587378914
	1.2402361236805828
	1.2402326127822147
	1.240236294587506
	1.2402405256157165
	1.2402380754006652
	1.2402367533277348
	1.2402375732019322
	1.2402395410246543
	1.2402428992667602
	1.2402416977097963
	1.2402403980295025
	1.2402389913111824
	1.240239487928781
	1.2402387733644031
	1.240236362949216
	1.2402357796084322
	1.2402360216967134
	1.240233545841238
	1.2402273328417814
	1.2402294031924785
	1.2402273460852
	1.2402272073122134
	1.2402272306553466
	1.2402237701595658
	1.2402231404556405
	1.240222954499646
	1.2402267997074647
	1.2402262176579382
	1.240224671421264
	1.240225809570034
	1.2402279980308486
	1.240227761066756
	1.2402312860434948
	1.2402321540375958
	1.240232578442022
	1.2402297942542186
	1.2402296400039547
	1.2402323040533059
	1.2402348108778263
	1.2402325912697336
	1.2402355883445022
	1.2402328759653962
	1.2402303644221109
	1.24022798387456
	1.2402284708715998
	1.2402302873570548
	1.2402308439009877
	1.2402294558449571
	1.2402340456368002
	1.2402370472946762
	1.2402340267234653
	1.2402315969931264
	1.2402340750478087
	1.240234341672113
	1.2402319491619271
	1.2402309982322308
	1.240232143050479
	1.240230898660165
	1.2402301026731704
	1.2402282918513587
	1.240231561026045
	1.2402330574009635
	1.2402362457401035
	1.2402359224173873
	1.2402356963683967
	1.2402348354784642
	1.2402371326131814
	1.2402407102004929
	1.2402400042105883
	1.240237722027516
	1.2402358750364544
	1.2402368928616339
	1.2402345538764976
	1.2402430937138866
	1.2402397480173328
	1.240235669429948
	1.2402371035593853
	1.2402364992570913
	1.2402389626264738
	1.2402412696436544
	1.240240510365489
	1.2402421114777822
	1.2402434838157732
	1.2402460150416705
	1.240245766043379
	1.2402444209051127
	1.2402433302854607
	1.240247046436376
	1.240248390090712
	1.2402459703131654
	1.2402455393168816
	1.2402477692593408
	1.2402429057478834
	1.2402393756676882
	1.240240848380046
	1.240241597798754
	1.2402417305887754
	1.2402421439879436
	1.240240722793755
	1.2402446593095757
	1.2402422422360768
	1.2402420359693407
	1.240242521375154
	1.2402458431197565
	1.2402430628904684
	1.2402418445626782
	1.2402425770569419
	1.2402447335754159
	1.2402474504516374
	1.2402449955346697
	1.2402475737302558
	1.2402462761249644
	1.240244495250728
	1.2402427111206298
	1.2402441998200848
	1.2402450714585536
	1.2402452096046919
	1.2402478615709607
	1.2402476677047076
	1.240247059712598
	1.2402469273560393
	1.240244489330954
	1.2402441936094557
	1.2402471148227125
	1.2402475225022827
	1.240244893594809
	1.2402430816592793
	1.2402396402052627
	1.2402424162826522
	1.2402430231856505
	1.240245394856434
	1.240244619516516
	1.240243975386724
	1.2402429559135129
	1.2402402933246717
	1.2402377608799897
	1.2402378489318129
	1.2402363717093103
	1.240232476153817
	1.2402331003239708
	1.2402337056264126
	1.2402325169086723
	1.2402351539057421
	1.2402351951106283
	1.240230810789529
	1.2402284636695147
	1.240226613847587
	1.2402258599814577
	1.2402267687874846
	1.240228956976079
	1.240227956173008
	1.2402269503488494
	1.240227139717758
	1.240226488741135
	1.2402288006198574
	1.2402288024275017
	1.2402293518486562
	1.2402301936170717
	1.2402282082698555
	1.2402277120594922
	1.2402276009897342
	1.2402270122618504
	1.2402271602036727
	1.2402277552474221
	1.2402290805181873
	1.240224197431935
	1.2402230045318803
	1.2402241093325794
	1.240226018406934
	1.2402251704834215
	1.2402277682714349
	1.2402249841739215
	1.2402237997350054
	1.2402235738786331
	1.2402233998205854
	1.240224791949837
	1.2402247756962366
	1.2402283324081427
	1.2402288959236052
	1.2402291271959023
	1.2402298551213462
	1.2402301283546187
	1.240229815124856
	1.2402280466343107
	1.2402258818097145
	1.2402236711121772
	1.2402234644029015
	1.2402241070776248
	1.240223482133831
	1.2402230305174262
	1.2402219453361734
	1.2402203870042166
	1.2402199598946295
	1.2402205894944138
	1.2402177322411911
	1.2402183403012248
	1.2402171903525374
	1.2402172422681417
	1.2402181779472903
	1.2402207204449756
	1.240219411452368
	1.2402185958484437
	1.240219024020769
	1.2402172706361851
	1.240213646990681
	1.240216687155201
	1.2402161687236342
	1.2402156952077437
	1.2402164114155474
	1.2402199800310243
	1.2402172682345556
	1.2402167230758512
	1.240214880621926
	1.240214323050863
	1.2402199822494337
	1.2402214612100844
	1.2402164430003355
	1.2402202475291217
	1.2402176061962664
	1.2402182556127286
	1.240217318420196
	1.240217855440869
	1.2402182079489623
	1.240223092422111
	1.2402247608053454
	1.2402219560516035
	1.2402237059414458
	1.2402255408483975
	1.240228466139203
	1.2402274611857997
	1.2402282230805635
	1.240228904758019
	1.2402310355908575
	1.24023183795301
	1.2402344501778018
	1.2402312878064485
	1.2402254822548857
	1.2402261105380394
	1.2402243829255186
	1.2402245537587655
	1.2402200724282835
	1.2402189359638451
	1.2402203478594827
	1.240220084142962
	1.2402185514979118
	1.2402191737330843
	1.2402183793400319
	1.2402171656653902
	1.2402155692201176
	1.2402152398932067
	1.2402118297305338
	1.2402118121480479
	1.2402134430438077
	1.240218023934594
	1.2402179732753242
	1.240215253710556
	1.2402165771310667
	1.240214780098125
	1.2402154660722524
	1.2402167498997005
	1.240221042880824
	1.2402213068224381
	1.2402211777758336
	1.2402230641674639
	1.2402226466131732
	1.2402218421879225
	1.2402207548542246
	1.2402234230972158
	1.240225460432357
	1.2402270730692446
	1.2402258147788303
	1.2402256579007345
	1.2402251055124391
	1.240225117257043
	1.2402255622359952
	1.240227394090921
	1.240227039594304
	1.2402282443563533
	1.240222984683586
	1.240223675668923
	1.2402241647595624
	1.2402230513586179
	1.240222921713264
	1.240220434974356
	1.2402205582363675
	1.2402209229017482
	1.240224339735492
	1.2402263346421523
	1.2402260239384828
	1.240228701023734
	1.2402312863833578
	1.2402346163608515
	1.2402357984017218
	1.2402375964061378
	1.2402401095045639
	1.240241099667998
	1.2402409999845843
	1.2402372402578186
	1.2402375736602305
	1.2402370324269016
	1.240235521388661
	1.2402341059438196
	1.2402330561374115
	1.240234570000711
	1.2402366545078676
	1.240234845385531
	1.2402344357571828
	1.2402347700999423
	1.2402376733272742
	1.2402397954853568
	1.2402417564045323
	1.2402383506098198
	1.2402381757277245
	1.2402373346066828
	1.2402346647106832
	1.2402324423931166
	1.240232079004701
	1.2402316411682581
	1.240230219856564
	1.240231131344404
	1.2402287561681753
	1.2402288058261148
	1.2402294682674582
	1.2402292235574681
	1.2402321194541859
	1.240233711961753
	1.2402362296672398
	1.2402336076363647
	1.2402330534419983
	1.2402305078630462
	1.2402349802351849
	1.2402366196919163
	1.2402358545728949
	1.240235909970481
	1.2402330146455731
	1.2402327515938267
	1.2402336689496891
	1.2402333743523581
	1.2402339030299554
	1.2402365749031479
	1.2402369258566799
	1.2402406830967279
	1.2402422343060469
	1.2402432057028339
	1.2402431315809561
	1.2402403313815007
	1.2402351348192961
	1.240237765210192
	1.2402349417714156
	1.2402354000671
	1.2402355916612646
	1.240233881715804
	1.2402320844002737
	1.2402302503596343
	1.2402330852373338
	1.2402339367364705
	1.2402366022786988
	1.2402392666660216
	1.2402344252609077
	1.240237939954322
	1.240234363767743
	1.2402381586029132
	1.2402378459044
	1.240239835218369
	1.2402394929660243
	1.240240550091169
	1.2402386352820143
	1.2402352322218773
	1.2402356882252314
	1.2402389189339245
	1.2402389230157371
	1.2402371655662283
	1.2402393707241437
	1.2402380086636926
	1.2402383819316125
	1.2402425257309213
	1.2402414972608162
	1.2402455427363712
	1.2402470589257768
	1.2402488445515771
	1.2402504118035158
	1.2402523832399464
	1.24025742841204
	1.2402544525793793
	1.2402537468935062
	1.2402539229803329
	1.2402544394924118
	1.2402521241752404
	1.2402518947500685
	1.2402481417720437
	1.2402480682991646
	1.240247294287683
	1.2402434994015528
	1.240244894912314
	1.2402465195890848
	1.240250285339604
	1.2402502970018447
	1.2402520301182343
	1.240252128846147
	1.2402567511994407
	1.2402587558426776
	1.2402564567528649
	1.240252870078471
	1.240251380980016
	1.2402484470064392
	1.2402435362231723
	1.2402406996800694
	1.240241463494647
	1.2402409141624757
	1.2402435410846107
	1.2402407737056418
	1.2402365456097326
	1.2402328675592647
	1.2402354347490583
	1.2402328302619967
	1.24023118949107
	1.2402330905764833
	1.2402344229322435
	1.240235102185387
	1.2402376921934457
	1.2402364741035983
	1.2402343655369175
	1.2402326833252213
	1.2402289936263027
	1.2402282768756343
	1.2402298052979612
	1.2402277856513702
	1.2402295228562457
	1.2402317048019775
	1.2402296473746581
	1.2402301484078584
	1.2402284788122684
	1.240232183532432
	1.2402328543823744
	1.2402350994809008
	1.2402348935758347
	1.2402387201640135
	1.2402380706265657
	1.2402357897648137
	1.24023478489797
	1.240235632765795
	1.2402362950559136
	1.2402382340177451
	1.240238636789006
	1.2402409438284925
	1.2402416041242048
	1.2402424455495629
	1.2402451936691745
	1.240242068021049
	1.240244329481615
	1.2402438909238882
	1.2402428296629289
	1.24024601500638
	1.2402424949266764
	1.2402405103112433
	1.2402415034840049
	1.2402392767343262
	1.2402380071748982
	1.2402392388263916
	1.2402357958868826
	1.2402355606019884
	1.2402336271788743
	1.2402346812356413
	1.2402349827946781
	1.2402343948012216
	1.2402321699983743
	1.2402340600769741
	1.240234924595724
	1.2402345428633479
	1.2402296048098655
	1.2402309005519832
	1.2402296636477737
	1.2402295197513125
	1.2402353895182479
	1.2402340551744655
	1.2402328989581453
	1.240235725294036
	1.2402359282771622
	1.2402370452393467
	1.2402428813339594
	1.2402415151241626
	1.2402377830175604
	1.2402363552210025
	1.2402375803891539
	1.2402356608598941
	1.2402355522019093
	1.2402389117838335
	1.2402410030051163
	1.2402370661911895
	1.2402370208395523
	1.2402413058078559
	1.240239886804372
	1.2402405030271253
	1.2402411569987726
	1.2402390971531696
	1.2402387158351722
	1.240239479096028
	1.2402408365454483
	1.2402395371328736
	1.2402416700380459
	1.2402404399928577
	1.2402409456254235
	1.2402410171872653
	1.2402375670880785
	1.2402374783576136
	1.2402384417797678
	1.2402392525678172
	1.2402406318559795
	1.240238407747521
	1.2402362333732497
	1.2402366914049103
	1.2402346073971258
	1.2402365005319178
	1.2402363699082999
	1.2402358996587004
	1.240233356783712
	1.2402314956344092
	1.2402350061267025
	1.2402389859477
	1.2402393908753817
	1.2402399947245741
	1.2402440157941215
	1.2402433098071144
	1.2402422100289618
	1.2402421726556734
	1.2402424527636724
	1.2402439174703797
	1.2402454869245279
	1.2402422293920585
	1.2402395865656786
	1.2402415757797767
	1.2402432468524522
	1.2402461769730075
	1.2402460452813184
	1.2402446227756203
	1.2402409914860972
	1.2402433487145186
	1.2402416580276967
	1.2402419029932499
	1.2402468391496615
	1.240247032392391
	1.2402496529890572
	1.2402488910290503
	1.2402475350763265
	1.2402461463811851
	1.2402439699145438
	1.2402449151154498
	1.2402455642068513
	1.2402472185677058
	1.2402477350372756
	1.2402511309428943
	1.240253766993989
	1.2402525742661106
	1.2402527459728723
	1.240251317844429
	1.24025237401655
	1.2402521968250817
	1.2402536053614812
	1.2402568493349388
	1.2402566962301038
	1.240255468676815
	1.2402549791072208
	1.2402558156392396
	1.2402577694071593
	1.2402579198662818
	1.2402589808830553
	1.240260482073548
	1.2402567517548895
	1.2402581714778789
	1.2402588830955843
	1.2402566034544618
	1.2402556455609608
	1.2402551214144129
	1.2402574575504512
	1.2402537516027479
	1.2402543924319875
	1.2402514061927015
	1.2402503633748498
	1.2402493851649181
	1.2402479840877962
	1.2402478986388112
	1.2402487194967622
	1.240248075554569
	1.2402490512688706
	1.2402486376919681
	1.2402451167665642
	1.2402415923517576
	1.2402399421975048
	1.240239445657933
	1.2402404610928186
	1.2402402550817047
	1.2402456651076108
	1.2402467623799776
	1.2402483895291891
	1.2402458792529623
	1.2402484124746762
	1.2402494103646544
	1.240251370668918
	1.2402543122122938
	1.2402534347955343
	1.240254201331872
	1.2402521479394248
	1.2402538011458697
	1.24025228206296
	1.2402510602868368
	1.2402521444077719
	1.2402504813842095
	1.2402509421876315
	1.2402501703722908
	1.2402522320503586
	1.2402517525383623
	1.240251438443717
	1.2402521855788293
	1.2402554574821185
	1.2402560646078444
	1.2402565963008607
	1.240257175419538
	1.240258335114523
	1.2402576621421915
	1.240255675854066
	1.2402598170049017
	1.2402609287396582
	1.2402594694582407
	1.2402602828501186
	1.2402604633834016
	1.2402580939396861
	1.2402578413531449
	1.2402574767686976
	1.2402587113164916
	1.240260978793421
	1.2402611043874392
	1.2402605330871377
	1.2402579045000788
	1.2402578307108507
	1.2402595763782178
	1.2402587321437444
	1.2402593463484999
	1.2402591302867874
	1.2402606779021594
	1.2402586950345003
	1.2402549093188842
	1.2402550446238019
	1.2402518688472606
	1.2402469702105055
	1.2402477544757329
	1.2402502319425273
	1.240250299982231
	1.2402507535851794
	1.2402522574412216
	1.2402525903054749
	1.2402474352128572
	1.2402482739574818
	1.2402506155263315
	1.2402502624069744
	1.2402547859575328
	1.2402572075341194
	1.240255697424218
	1.240255641521846
	1.2402526594232042
	1.2402513446429642
	1.240251850286184
	1.2402511206640778
	1.240251858073115
	1.2402527750390953
	1.2402525807555136
	1.2402528963199506
	1.2402532043719368
	1.240251551461281
	1.2402527653069957
	1.2402532477340749
	1.2402511178932845
	1.2402464594854137
	1.240243115810659
	1.2402441492948915
	1.2402449044882928
	1.2402429943229514
	1.2402464495103398
	1.2402470593555708
	1.2402462324080699
	1.2402486652251818
	1.2402488501318214
	1.2402480708335328
	1.2402474379225819
	1.2402448095946674
	1.2402426695402387
	1.2402468430481919
	1.2402509189617836
	1.2402511424033809
	1.2402536248096887
	1.2402536533628488
	1.2402542920087445
	1.2402550397370093
	1.2402531746423655
	1.2402522977107102
	1.2402515840197283
	1.2402522049779403
	1.2402526810269265
	1.2402556623135352
	1.2402531341251062
	1.2402529034107352
	1.2402545927664776
	1.2402513296285265
	1.2402490104582047
	1.2402506781196678
	1.240249227128945
	1.240252747264004
	1.240250357497809
	1.2402476680219259
	1.2402448192156736
	1.2402408443211848
	1.2402388586684852
	1.2402400574732848
	1.2402410491175184
	1.2402392869180852
	1.240242213567211
	1.240240918724524
	1.240241505050661
	1.2402455623862902
	1.240241291707345
	1.2402402984502279
	1.2402409779917067
	1.240240173824094
	1.2402379296957573
	1.2402376695621256
	1.2402372453720456
	1.2402391183387191
	1.240237750143665
	1.2402398243427692
	1.2402388606008126
	1.2402404344140168
	1.2402431804662493
	1.2402448674235662
	1.2402453141263268
	1.240244273837197
	1.2402472110686409
	1.2402484913323089
	1.2402458721385206
	1.2402460394878778
	1.240244841713374
	1.2402395587135844
	1.2402358011920076
	1.240239360512881
	1.2402398900674434
	1.2402376783045885
	1.2402366188618175
	1.24024067314716
	1.2402418847490335
	1.2402417348179973
	1.2402394020050336
	1.2402402975961413
	1.2402419261685689
	1.2402427261751834
	1.2402456845789964
	1.240244666196268
	1.2402399980918088
	1.240239783460951
	1.240240475609257
	1.2402368851847094
	1.2402400610470474
	1.2402381114576002
	1.2402354198468626
	1.2402310871353
	1.240231060623207
	1.2402291902511142
	1.240230008291352
	1.2402314613396936
	1.2402317343593494
	1.2402267818254202
	1.2402258011978775
	1.240224378681245
	1.2402271058157945
	1.240228496563978
	1.2402273876878143
	1.2402267426133409
	1.2402220793781569
	1.2402193436831142
	1.2402194564480689
	1.2402174161006707
	1.2402194468317338
	1.2402195723776248
	1.2402246060570499
	1.240223625836585
	1.240226593064444
	1.24022612768459
	1.2402274340656863
	1.2402290083965433
	1.2402295080317522
	1.240232518840341
	1.240234469995674
	1.240230752336561
	1.2402319861893771
	1.2402341876076544
	1.2402365024021622
	1.2402387179386978
	1.2402374403231484
	1.2402443711908229
	1.240247347565206
	1.2402492883312652
	1.2402506525489765
	1.240251816921226
	1.240252287598285
	1.2402493120508944
	1.2402471610091426
	1.2402509664064603
	1.2402502898983863
	1.2402501633240228
	1.2402482247944313
	1.2402488135584413
	1.2402465990782887
	1.240245670394909
	1.2402436913750452
	1.2402439889202583
	1.2402437312138395
	1.240244680985818
	1.2402421994295028
	1.2402385657656396
	1.2402377626471117
	1.2402403270246318
	1.2402388845915646
	1.2402378293290262
	1.2402381116947896
	1.240236287725728
	1.2402369753424052
	1.2402338658832603
	1.240235155823983
	1.2402319785213063
	1.240229431081862
	1.240224668073593
	1.2402270167299583
	1.2402281582480745
	1.2402311981726928
	1.2402303710401108
	1.2402321557874376
	1.240229915994143
	1.2402314581194787
	1.240229982446892
	1.2402334894378646
	1.240234071867375
	1.2402344203224986
	1.2402364798669787
	1.2402390941582295
	1.2402398571556805
	1.2402389093200692
	1.2402374052488554
	1.2402351992394605
	1.2402355214823007
	1.2402380706103464
	1.2402341513742798
	1.2402336648837342
	1.240231938293
	1.2402322356505977
	1.2402318193851896
	1.2402319118598348
	1.2402315205190393
	1.2402290057976104
	1.2402309699762315
	1.2402291939700079
	1.2402329193924382
	1.240231603286005
	1.2402343453120683
	1.2402351048183806
	1.240234357123329
	1.2402355947659196
	1.2402347125254205
	1.2402324828649445
	1.2402337836187194
	1.2402332444031055
	1.2402356368946628
	1.2402341681344675
	1.240230588459131
	1.2402299840459858
	1.2402303870517144
	1.2402296734359113
	1.240229244451953
	1.2402270114526386
	1.2402266880831023
	1.2402288747084689
	1.2402322705367885
	1.240231902922479
	1.2402325206607028
	1.2402337930383545
	1.2402364117828124
	1.2402378048336427
	1.2402379349656751
	1.2402371584014587
	1.2402336529804912
	1.2402348239133727
	1.2402333975448374
	1.2402363409116959
	1.2402408633611972
	1.240242738800032
	1.240242630387103
	1.240245278500928
	1.2402449073462767
	1.2402423021465439
	1.2402462579836349
	1.2402485318149028
	1.2402453097871589
	1.2402483352048113
	1.2402491710046957
	1.2402511518808652
	1.2402523525866083
	1.2402552408085132
	1.2402563562468671
	1.2402528669768647
	1.240252983050188
	1.2402518153374955
	1.2402498711553025
	1.2402526237569464
	1.2402587722228073
	1.2402602645790572
	1.2402601022712207
	1.2402597745764112
	1.2402582578692865
	1.2402572226354627
	1.2402566541674058
	1.240257901564632
	1.240256195782398
	1.2402548513359768
	1.2402523263477259
	1.240252862993768
	1.2402530346560219
	1.2402518195205945
	1.240254170116201
	1.2402548261850415
	1.240256214165202
	1.2402595142623152
	1.2402570543941065
	1.240255028487855
	1.240257762219246
	1.24026136783857
	1.2402609360088828
	1.2402591148681559
	1.2402605718026525
	1.240260614079878
	1.2402615903002816
	1.240259177468961
	1.2402579874414255
	1.2402578752795612
	1.240253432153909
	1.2402503030792986
	1.2402503889966077
	1.2402507010984576
	1.2402500795106577
	1.2402495101565316
	1.240250046994251
	1.2402493039783415
	1.2402486937459951
	1.2402514454909312
	1.240250031008054
	1.240250960044776
	1.2402524049363532
	1.2402503079843852
	1.2402492729876906
	1.240252896681063
	1.240252443015335
	1.240252293194931
	1.24025485703482
	1.2402557592160974
	1.2402567013513668
	1.2402537207389193
	1.2402549321357739
	1.2402487660425903
	1.24024990895013
	1.2402491555102637
	1.240248178529635
	1.2402498561546504
	1.2402490001160988
	1.2402458334991588
	1.240243548458768
	1.2402402134028934
	1.2402410212743755
	1.2402402920351914
	1.240240765521299
	1.2402415778509257
	1.2402434061862968
	1.240244291837518
	1.2402462359254842
	1.2402451057127384
	1.2402496979386828
	1.2402511151952353
	1.2402476823985227
	1.2402492083086263
	1.2402456098874957
	1.2402483822390002
	1.2402483110534386
	1.240250056764006
	1.2402491803908804
	1.2402518878121704
	1.2402520930741074
	1.2402507947686061
	1.2402566157518549
	1.2402573625043842
	1.2402600843596994
	1.2402631836804423
	1.2402623387429537
	1.2402617952601431
	1.2402646651945335
	1.2402624894205208
	1.2402625781810066
]