[
	0.8690537810325623
	0.8688459396362305
	0.8686885237693787
	0.8685019612312317
	0.8683370351791382
	0.8681503534317017
	0.867965042591095
	0.8677921295166016
	0.8675853610038757
	0.8673943877220154
	0.8672124743461609
	0.8670485615730286
	0.8668767213821411
	0.8666945695877075
	0.8665223121643066
	0.8663626313209534
	0.8661834597587585
	0.8660040497779846
	0.8658468723297119
	0.8656724095344543
	0.8655186891555786
	0.8653630018234253
	0.8652130961418152
	0.8650742769241333
	0.8649277687072754
	0.8647699356079102
	0.8646083474159241
	0.8644410371780396
	0.8642979264259338
	0.8641597032546997
	0.8640010952949524
	0.8638420701026917
	0.8637154698371887
	0.8635687828063965
	0.8634189367294312
	0.8632727861404419
	0.8630914092063904
	0.8629540801048279
	0.8628265857696533
	0.8626856207847595
	0.8625283241271973
	0.86238694190979
	0.8622366189956665
	0.8620876669883728
	0.861922562122345
	0.8617873191833496
	0.8616539239883423
	0.861509382724762
	0.8613690733909607
	0.8612273335456848
	0.8610663414001465
	0.8609161972999573
	0.8607883453369141
	0.860642671585083
	0.8605057597160339
	0.8603650331497192
	0.8602302074432373
	0.8600628972053528
	0.8599358797073364
	0.8597952127456665
	0.859662652015686
	0.8595417737960815
	0.8593937754631042
	0.8592587113380432
	0.8591224551200867
	0.858971118927002
	0.85882967710495
	0.8587173223495483
	0.8585827946662903
	0.8584457039833069
	0.8583082556724548
	0.8581936955451965
	0.8580613732337952
	0.8579080104827881
	0.8577837347984314
	0.8576455116271973
	0.8575149774551392
	0.8573859930038452
	0.8572503924369812
	0.8571189641952515
	0.8569717407226562
	0.8568596243858337
	0.8567445278167725
	0.8566206097602844
	0.8564886450767517
	0.8563516736030579
	0.8562316298484802
	0.856103241443634
	0.8559693098068237
	0.8558151125907898
	0.8557020425796509
	0.8555716276168823
	0.8554487824440002
	0.8553084135055542
	0.855199933052063
	0.8550819158554077
	0.8549616932868958
	0.8548300862312317
	0.8546974658966064
	0.8545764088630676
	0.854442298412323
	0.8543223142623901
	0.8542104363441467
	0.8540875315666199
	0.853976845741272
	0.8538627624511719
	0.8537266850471497
	0.8536062240600586
	0.8534718751907349
	0.8533626198768616
	0.8532549142837524
	0.8531268835067749
	0.8530153036117554
	0.8529096841812134
	0.852817714214325
	0.8526805639266968
	0.8525664210319519
	0.8524460792541504
	0.8523218631744385
	0.8521950840950012
	0.8520879149436951
	0.8519749641418457
	0.8518410325050354
	0.8517435789108276
	0.8516075015068054
	0.851463794708252
	0.851329505443573
	0.8512120246887207
	0.8510979413986206
	0.8509870767593384
	0.8508687019348145
	0.8507561683654785
	0.8506596684455872
	0.8505443930625916
	0.8504407405853271
	0.8503206968307495
	0.8502160906791687
	0.8501105904579163
	0.8499886989593506
	0.8498689532279968
	0.8497770428657532
	0.8496652841567993
	0.8495567440986633
	0.849446713924408
	0.8493452668190002
	0.8492403030395508
	0.8491383194923401
	0.8490431904792786
	0.8489300012588501
	0.8488047122955322
	0.8487041592597961
	0.8485954403877258
	0.8485124111175537
	0.8484247922897339
	0.8483098149299622
	0.848205029964447
	0.8480713963508606
	0.847972571849823
	0.8478814363479614
	0.84778892993927
	0.8476986289024353
	0.8476046919822693
	0.8475041389465332
	0.8474064469337463
	0.8473130464553833
	0.8472276926040649
	0.8471111059188843
	0.8470006585121155
	0.846891462802887
	0.8467804789543152
	0.8466808795928955
	0.8465815782546997
	0.8464652895927429
	0.8463796377182007
	0.8462753295898438
	0.8461834788322449
	0.8460895419120789
	0.846000611782074
	0.8459165096282959
	0.8458139300346375
	0.8457071185112
	0.8455921411514282
	0.8454872369766235
	0.8453811407089233
	0.8452754616737366
	0.8451970815658569
	0.8451054096221924
	0.8450072407722473
	0.8448901772499084
	0.8447979092597961
	0.8447067737579346
	0.8446107506752014
	0.8445227742195129
	0.8444433212280273
	0.8443467020988464
	0.8442355394363403
	0.8441401124000549
	0.8440318703651428
	0.8439344167709351
	0.8438370823860168
	0.8437543511390686
	0.84366774559021
	0.8435674905776978
	0.8434808254241943
	0.843400239944458
	0.8433128595352173
	0.8432337641716003
	0.8431404829025269
	0.8430479764938354
	0.8429613709449768
	0.8428764343261719
	0.8427886962890625
	0.8427042961120605
	0.8426105380058289
	0.8425269722938538
	0.842423677444458
	0.842339813709259
	0.8422436714172363
	0.8421602845191956
	0.8420444130897522
	0.8419569134712219
	0.8418566584587097
	0.8417659401893616
	0.8416732549667358
	0.8415767550468445
	0.841481626033783
	0.8413942456245422
	0.8413004875183105
	0.8411928415298462
	0.8411027193069458
	0.8410080671310425
	0.84092116355896
	0.8408536911010742
	0.8407820463180542
	0.8406966328620911
	0.8405960202217102
	0.8405129909515381
	0.840419352054596
	0.8403295278549194
	0.8402497172355652
	0.8401574492454529
	0.8400750160217285
	0.8399878144264221
	0.839897096157074
	0.8398088812828064
	0.8397078514099121
	0.8396191596984863
	0.8395335078239441
	0.8394253253936768
	0.8393308520317078
	0.8392540216445923
	0.8391649127006531
	0.8390761613845825
	0.8389862179756165
	0.8388997316360474
	0.8388094902038574
	0.8387258648872375
	0.8386453986167908
	0.8385490775108337
	0.8384639024734497
	0.8383679986000061
	0.8382848501205444
	0.8381848931312561
	0.8380922079086304
	0.8380061388015747
	0.8379052877426147
	0.8378332853317261
	0.8377494215965271
	0.8376544713973999
	0.8375567197799683
	0.8374763131141663
	0.8373761773109436
	0.8372833132743835
	0.837216317653656
	0.8371351957321167
	0.8370490670204163
	0.8369741439819336
	0.8369032740592957
	0.8368113040924072
	0.8367301225662231
	0.8366313576698303
	0.8365510702133179
	0.8364534378051758
	0.8363586068153381
	0.8362736105918884
	0.8361798524856567
	0.8360931277275085
	0.8359981775283813
	0.8359102606773376
	0.8358335494995117
	0.8357565402984619
	0.8356887102127075
	0.8356142640113831
	0.8355465531349182
	0.835466742515564
	0.8353913426399231
	0.8353106379508972
	0.8352405428886414
	0.835155189037323
	0.8350686430931091
	0.8349882364273071
	0.834905743598938
	0.8348275423049927
	0.8347446322441101
	0.8346641063690186
	0.8345907330513
	0.8345127105712891
	0.8344423770904541
	0.8343772292137146
	0.8343007564544678
	0.834226667881012
	0.8341546654701233
	0.8340916633605957
	0.8340227007865906
	0.833952009677887
	0.8338806629180908
	0.8337849974632263
	0.8337008357048035
	0.8336146473884583
	0.8335366249084473
	0.833468496799469
	0.8333983421325684
	0.8333328366279602
	0.8332500457763672
	0.8331608772277832
	0.833075761795044
	0.8330089449882507
	0.8329303860664368
	0.8328585028648376
	0.8327897191047668
	0.8327344655990601
	0.8326541185379028
	0.8325963616371155
	0.8325132131576538
	0.8324518799781799
	0.8323683142662048
	0.8322886824607849
	0.8322215676307678
	0.8321601152420044
	0.8320800065994263
	0.831996500492096
	0.8319247961044312
	0.8318482041358948
	0.8317698836326599
	0.8316988945007324
	0.8316259980201721
	0.8315536975860596
	0.8314789533615112
	0.831403911113739
	0.8313296437263489
	0.8312610983848572
	0.8311821222305298
	0.8311077356338501
	0.8310291171073914
	0.8309497237205505
	0.8308787941932678
	0.8308003544807434
	0.8307247161865234
	0.8306657671928406
	0.8305989503860474
	0.830531120300293
	0.8304644823074341
	0.8303960561752319
	0.830332338809967
	0.8302566409111023
	0.8301774263381958
	0.8301151394844055
	0.8300411105155945
	0.8299562931060791
	0.8298934102058411
	0.8298411965370178
	0.8297861218452454
	0.8297037482261658
	0.829637348651886
	0.8295766711235046
	0.8295101523399353
	0.8294292092323303
	0.8293516635894775
	0.8292944431304932
	0.8292187452316284
	0.8291460871696472
	0.8290727138519287
	0.8289996385574341
	0.828925371170044
	0.8288566470146179
	0.8288048505783081
	0.8287283778190613
	0.8286593556404114
	0.8285945653915405
	0.8285188674926758
	0.8284415006637573
	0.8283573389053345
	0.8282842040061951
	0.8282061815261841
	0.8281374573707581
	0.8280674815177917
	0.8280089497566223
	0.8279399275779724
	0.8278768062591553
	0.8278168439865112
	0.8277478218078613
	0.8276717662811279
	0.8275914788246155
	0.8275067806243896
	0.8274539709091187
	0.8273700475692749
	0.8273004293441772
	0.8272148370742798
	0.8271328210830688
	0.8270748853683472
	0.8269882202148438
	0.8269351720809937
	0.8268811702728271
	0.8268166184425354
	0.826747477054596
	0.8266714215278625
	0.8266023397445679
	0.8265352249145508
	0.8264652490615845
	0.8263916969299316
	0.826328456401825
	0.8262544274330139
	0.8261803388595581
	0.8261069059371948
	0.826045036315918
	0.8259758353233337
	0.8259162902832031
	0.8258698582649231
	0.825804591178894
	0.8257481455802917
	0.8256747722625732
	0.8256095051765442
	0.8255301713943481
	0.8254689574241638
	0.8253917694091797
	0.8253369927406311
	0.8252707719802856
	0.8252091407775879
	0.8251453638076782
	0.8250789046287537
	0.82501220703125
	0.8249611258506775
	0.8249053359031677
	0.8248465657234192
	0.8247864842414856
	0.8247328996658325
	0.8246579170227051
	0.8245914578437805
	0.824525773525238
	0.8244646191596985
	0.8243969082832336
	0.8243273496627808
	0.8242722153663635
	0.8241965174674988
	0.8241210579872131
	0.8240667581558228
	0.8240059614181519
	0.823948860168457
	0.8238908052444458
	0.8238338828086853
	0.8237730860710144
	0.8237006664276123
	0.8236496448516846
	0.8235862851142883
	0.8235294818878174
	0.8234618902206421
	0.8234026432037354
	0.8233582377433777
	0.8232992887496948
	0.8232430815696716
	0.8231901526451111
	0.8231216669082642
	0.8230700492858887
	0.8230170011520386
	0.8229690194129944
	0.8229013085365295
	0.8228328824043274
	0.8227819800376892
	0.8227126598358154
	0.8226461410522461
	0.8225879073143005
	0.8225307464599609
	0.8224722743034363
	0.8224167823791504
	0.8223487734794617
	0.822283148765564
	0.8222282528877258
	0.8221741318702698
	0.8221104741096497
	0.8220659494400024
	0.822014570236206
	0.8219608068466187
	0.8218997716903687
	0.8218397498130798
	0.8217960000038147
	0.8217238783836365
	0.8216686844825745
	0.821610152721405
	0.8215456604957581
	0.8214780688285828
	0.8214195370674133
	0.0
	0.0
	0.0
	0.0
	0.0
	0.0
	0.0
	0.0
	0.0
	0.0
	0.0
	0.0
	0.0
	0.0
	0.0
	0.0
	0.0
	0.0
	0.0
	0.0
	0.0
	0.0
	0.0
	0.0
	0.0
	0.0
	0.0
	0.0
	0.0
	0.0
	0.0
	0.0
	0.0
	0.0
	0.0
	0.0
	0.0
	0.0
	0.0
	0.0
	0.0
	0.0
	0.0
	0.0
	0.0
	0.0
	0.0
	0.0
	0.0
	0.0
	0.0
	0.0
	0.0
	0.0
	0.0
	0.0
	0.0
	0.0
	0.0
	0.0
	0.0
	0.0
	0.0
	0.0
	0.0
	0.0
	0.0
	0.0
	0.0
	0.0
	0.0
	0.0
	0.0
	0.0
	0.0
	0.0
	0.0
	0.0
	0.0
	0.0
	0.0
	0.0
	0.0
	0.0
	0.0
	0.0
	0.0
	0.0
	0.0
	0.0
	0.0
	0.0
	0.0
	0.0
	0.0
	0.0
	0.0
	0.0
	0.0
	0.0
	0.0
	0.0
	0.0
	0.0
	0.0
	0.0
	0.0
	0.0
	0.0
	0.0
	0.0
	0.0
	0.0
	0.0
	0.0
	0.0
	0.0
	0.0
	0.0
	0.0
	0.0
	0.0
	0.0
	0.0
	0.0
	0.0
	0.0
	0.0
	0.0
	0.0
	0.0
	0.0
	0.0
	0.0
	0.0
	0.0
	0.0
	0.0
	0.0
	0.0
	0.0
	0.0
	0.0
	0.0
	0.0
	0.0
	0.0
	0.0
	0.0
	0.0
	0.0
	0.0
	0.0
	0.0
	0.0
	0.0
	0.0
	0.0
	0.0
	0.0
	0.0
	0.0
	0.0
	0.0
	0.0
	0.0
	0.0
	0.0
	0.0
	0.0
	0.0
	0.0
	0.0
	0.0
	0.0
	0.0
	0.0
	0.0
	0.0
	0.0
	0.0
	0.0
	0.0
	0.0
	0.0
	0.0
	0.0
	0.0
	0.0
	0.0
	0.0
	0.0
	0.0
	0.0
	0.0
	0.0
	0.0
	0.0
	0.0
	0.0
	0.0
	0.0
	0.0
	0.0
	0.0
	0.0
	0.0
	0.0
	0.0
	0.0
	0.0
	0.0
	0.0
	0.0
	0.0
	0.0
	0.0
	0.0
	0.0
	0.0
	0.0
	0.0
	0.0
	0.0
	0.0
	0.0
	0.0
	0.0
	0.0
	0.0
	0.0
	0.0
	0.0
	0.0
	0.0
	0.0
	0.0
	0.0
	0.0
	0.0
	0.0
	0.0
	0.0
	0.0
	0.0
	0.0
	0.0
	0.0
	0.0
	0.0
	0.0
	0.0
	0.0
	0.0
	0.0
	0.0
	0.0
	0.0
	0.0
	0.0
	0.0
	0.0
	0.0
	0.0
	0.0
	0.0
	0.0
	0.0
	0.0
	0.0
	0.0
	0.0
	0.0
	0.0
	0.0
	0.0
	0.0
	0.0
	0.0
	0.0
	0.0
	0.0
	0.0
	0.0
	0.0
	0.0
	0.0
	0.0
	0.0
	0.0
	0.0
	0.0
	0.0
	0.0
	0.0
	0.0
	0.0
	0.0
	0.0
	0.0
	0.0
	0.0
	0.0
	0.0
	0.0
	0.0
	0.0
	0.0
	0.0
	0.0
	0.0
	0.0
	0.0
	0.0
	0.0
	0.0
	0.0
	0.0
	0.0
	0.0
	0.0
	0.0
	0.0
	0.0
	0.0
	0.0
	0.0
	0.0
	0.0
	0.0
	0.0
	0.0
	0.0
	0.0
	0.0
	0.0
	0.0
	0.0
	0.0
	0.0
	0.0
	0.0
	0.0
	0.0
	0.0
	0.0
	0.0
	0.0
	0.0
	0.0
	0.0
	0.0
	0.0
	0.0
	0.0
	0.0
	0.0
	0.0
	0.0
	0.0
	0.0
	0.0
	0.0
	0.0
	0.0
	0.0
	0.0
	0.0
	0.0
	0.0
	0.0
	0.0
	0.0
	0.0
	0.0
	0.0
	0.0
	0.0
	0.0
	0.0
	0.0
	0.0
	0.0
	0.0
	0.0
	0.0
	0.0
	0.0
	0.0
	0.0
	0.0
	0.0
	0.0
	0.0
	0.0
	0.0
	0.0
	0.0
	0.0
	0.0
	0.0
	0.0
	0.0
	0.0
	0.0
	0.0
	0.0
	0.0
	0.0
	0.0
	0.0
	0.0
	0.0
	0.0
	0.0
	0.0
	0.0
	0.0
	0.0
	0.0
	0.0
	0.0
	0.0
	0.0
	0.0
	0.0
	0.0
	0.0
	0.0
	0.0
	0.0
	0.0
	0.0
	0.0
	0.0
	0.0
	0.0
	0.0
	0.0
	0.0
	0.0
	0.0
	0.0
	0.0
	0.0
	0.0
	0.0
	0.0
	0.0
	0.0
	0.0
	0.0
	0.0
	0.0
	0.0
	0.0
	0.0
	0.0
	0.0
	0.0
	0.0
	0.0
	0.0
	0.0
	0.0
	0.0
	0.0
	0.0
	0.0
	0.0
	0.0
	0.0
	0.0
	0.0
	0.0
	0.0
	0.0
	0.0
	0.0
	0.0
	0.0
	0.0
	0.0
	0.0
	0.0
	0.0
	0.0
	0.0
	0.0
	0.0
	0.0
	0.0
	0.0
	0.0
	0.0
	0.0
	0.0
	0.0
	0.0
	0.0
	0.0
	0.0
	0.0
	0.0
	0.0
	0.0
	0.0
	0.0
	0.0
	0.0
	0.0
	0.0
	0.0
	0.0
	0.0
	0.0
	0.0
	0.0
	0.0
	0.0
	0.0
	0.0
	0.0
	0.0
	0.0
	0.0
	0.0
	0.0
	0.0
	0.0
	0.0
	0.0
	0.0
	0.0
	0.0
	0.0
	0.0
	0.0
	0.0
	0.0
	0.0
	0.0
	0.0
	0.0
	0.0
	0.0
	0.0
	0.0
	0.0
	0.0
	0.0
	0.0
	0.0
	0.0
	0.0
	0.0
	0.0
	0.0
	0.0
	0.0
	0.0
	0.0
	0.0
	0.0
	0.0
	0.0
	0.0
	0.0
	0.0
	0.0
	0.0
	0.0
	0.0
	0.0
	0.0
	0.0
	0.0
	0.0
	0.0
	0.0
	0.0
	0.0
	0.0
	0.0
	0.0
	0.0
	0.0
	0.0
	0.0
	0.0
	0.0
	0.0
	0.0
	0.0
	0.0
	0.0
	0.0
	0.0
	0.0
	0.0
	0.0
	0.0
	0.0
	0.0
	0.0
	0.0
	0.0
	0.0
	0.0
	0.0
	0.0
	0.0
	0.0
	0.0
	0.0
	0.0
	0.0
	0.0
	0.0
	0.0
	0.0
	0.0
	0.0
	0.0
	0.0
	0.0
	0.0
	0.0
	0.0
	0.0
	0.0
	0.0
	0.0
	0.0
	0.0
	0.0
	0.0
	0.0
	0.0
	0.0
	0.0
	0.0
	0.0
	0.0
	0.0
	0.0
	0.0
	0.0
	0.0
	0.0
	0.0
	0.0
	0.0
	0.0
	0.0
	0.0
	0.0
	0.0
	0.0
	0.0
	0.0
	0.0
	0.0
	0.0
	0.0
	0.0
	0.0
	0.0
	0.0
	0.0
	0.0
	0.0
	0.0
	0.0
	0.0
	0.0
	0.0
	0.0
	0.0
	0.0
	0.0
	0.0
	0.0
	0.0
	0.0
	0.0
	0.0
	0.0
	0.0
	0.0
	0.0
	0.0
	0.0
	0.0
	0.0
	0.0
	0.0
	0.0
	0.0
	0.0
	0.0
	0.0
	0.0
	0.0
	0.0
	0.0
	0.0
	0.0
	0.0
	0.0
	0.0
	0.0
	0.0
	0.0
	0.0
	0.0
	0.0
	0.0
	0.0
	0.0
	0.0
	0.0
	0.0
	0.0
	0.0
	0.0
	0.0
	0.0
	0.0
	0.0
	0.0
	0.0
	0.0
	0.0
	0.0
	0.0
	0.0
	0.0
	0.0
	0.0
	0.0
	0.0
	0.0
	0.0
	0.0
	0.0
	0.0
	0.0
	0.0
	0.0
	0.0
	0.0
	0.0
	0.0
	0.0
	0.0
	0.0
	0.0
	0.0
	0.0
	0.0
	0.0
	0.0
	0.0
	0.0
	0.0
	0.0
	0.0
	0.0
	0.0
	0.0
	0.0
	0.0
	0.0
	0.0
	0.0
	0.0
	0.0
	0.0
	0.0
	0.0
	0.0
	0.0
	0.0
	0.0
	0.0
	0.0
	0.0
	0.0
	0.0
	0.0
	0.0
	0.0
	0.0
	0.0
	0.0
	0.0
	0.0
	0.0
	0.0
	0.0
	0.0
	0.0
	0.0
	0.0
	0.0
	0.0
	0.0
	0.0
	0.0
	0.0
	0.0
	0.0
	0.0
	0.0
	0.0
	0.0
	0.0
	0.0
	0.0
	0.0
	0.0
	0.0
	0.0
	0.0
	0.0
	0.0
	0.0
	0.0
	0.0
	0.0
	0.0
	0.0
	0.0
	0.0
	0.0
	0.0
	0.0
	0.0
	0.0
	0.0
	0.0
	0.0
	0.0
	0.0
	0.0
	0.0
	0.0
	0.0
	0.0
	0.0
	0.0
	0.0
	0.0
	0.0
	0.0
	0.0
	0.0
	0.0
	0.0
	0.0
	0.0
	0.0
	0.0
	0.0
	0.0
	0.0
	0.0
	0.0
	0.0
	0.0
	0.0
	0.0
	0.0
	0.0
	0.0
	0.0
	0.0
	0.0
	0.0
	0.0
	0.0
	0.0
	0.0
	0.0
	0.0
	0.0
	0.0
	0.0
	0.0
	0.0
	0.0
	0.0
	0.0
	0.0
	0.0
	0.0
	0.0
	0.0
	0.0
	0.0
	0.0
	0.0
	0.0
	0.0
	0.0
	0.0
	0.0
	0.0
	0.0
	0.0
	0.0
	0.0
	0.0
	0.0
	0.0
	0.0
	0.0
	0.0
	0.0
	0.0
	0.0
	0.0
	0.0
	0.0
	0.0
	0.0
	0.0
	0.0
	0.0
	0.0
	0.0
	0.0
	0.0
	0.0
	0.0
	0.0
	0.0
	0.0
	0.0
	0.0
	0.0
	0.0
	0.0
	0.0
	0.0
	0.0
	0.0
	0.0
	0.0
	0.0
	0.0
	0.0
	0.0
	0.0
	0.0
	0.0
	0.0
	0.0
	0.0
	0.0
	0.0
	0.0
	0.0
	0.0
	0.0
	0.0
	0.0
	0.0
	0.0
	0.0
	0.0
	0.0
	0.0
	0.0
	0.0
	0.0
	0.0
	0.0
	0.0
	0.0
	0.0
	0.0
	0.0
	0.0
	0.0
	0.0
	0.0
	0.0
	0.0
	0.0
	0.0
	0.0
	0.0
	0.0
	0.0
	0.0
	0.0
	0.0
	0.0
	0.0
	0.0
	0.0
	0.0
	0.0
	0.0
	0.0
	0.0
	0.0
	0.0
	0.0
	0.0
	0.0
	0.0
	0.0
	0.0
	0.0
	0.0
	0.0
	0.0
	0.0
	0.0
	0.0
	0.0
	0.0
	0.0
	0.0
	0.0
	0.0
	0.0
	0.0
	0.0
	0.0
	0.0
	0.0
	0.0
	0.0
	0.0
	0.0
	0.0
	0.0
	0.0
	0.0
	0.0
	0.0
	0.0
	0.0
	0.0
	0.0
	0.0
	0.0
	0.0
	0.0
	0.0
	0.0
	0.0
	0.0
	0.0
	0.0
	0.0
	0.0
	0.0
	0.0
	0.0
	0.0
	0.0
	0.0
	0.0
	0.0
	0.0
	0.0
	0.0
	0.0
	0.0
	0.0
	0.0
	0.0
	0.0
	0.0
	0.0
	0.0
	0.0
	0.0
	0.0
	0.0
	0.0
	0.0
	0.0
	0.0
	0.0
	0.0
	0.0
	0.0
	0.0
	0.0
	0.0
	0.0
	0.0
	0.0
	0.0
	0.0
	0.0
	0.0
	0.0
	0.0
	0.0
	0.0
	0.0
	0.0
	0.0
	0.0
	0.0
	0.0
	0.0
	0.0
	0.0
	0.0
	0.0
	0.0
	0.0
	0.0
	0.0
	0.0
	0.0
	0.0
	0.0
	0.0
	0.0
	0.0
	0.0
	0.0
	0.0
	0.0
	0.0
	0.0
	0.0
	0.0
	0.0
	0.0
	0.0
	0.0
	0.0
	0.0
	0.0
	0.0
	0.0
	0.0
	0.0
	0.0
	0.0
	0.0
	0.0
	0.0
	0.0
	0.0
	0.0
	0.0
	0.0
	0.0
	0.0
	0.0
	0.0
	0.0
	0.0
	0.0
	0.0
	0.0
	0.0
	0.0
	0.0
	0.0
	0.0
	0.0
	0.0
	0.0
	0.0
	0.0
	0.0
	0.0
	0.0
	0.0
	0.0
	0.0
	0.0
	0.0
	0.0
	0.0
	0.0
	0.0
	0.0
	0.0
	0.0
	0.0
	0.0
	0.0
	0.0
	0.0
	0.0
	0.0
	0.0
	0.0
	0.0
	0.0
	0.0
	0.0
	0.0
	0.0
	0.0
	0.0
	0.0
	0.0
	0.0
	0.0
	0.0
	0.0
	0.0
	0.0
	0.0
	0.0
	0.0
	0.0
	0.0
	0.0
	0.0
	0.0
	0.0
	0.0
	0.0
	0.0
	0.0
	0.0
	0.0
	0.0
	0.0
	0.0
	0.0
	0.0
	0.0
	0.0
	0.0
	0.0
	0.0
	0.0
	0.0
	0.0
	0.0
	0.0
	0.0
	0.0
	0.0
	0.0
	0.0
	0.0
	0.0
	0.0
	0.0
	0.0
	0.0
	0.0
	0.0
	0.0
	0.0
	0.0
	0.0
	0.0
	0.0
	0.0
	0.0
	0.0
	0.0
	0.0
	0.0
	0.0
	0.0
	0.0
	0.0
	0.0
	0.0
	0.0
	0.0
	0.0
	0.0
	0.0
	0.0
	0.0
	0.0
	0.0
	0.0
	0.0
	0.0
	0.0
	0.0
	0.0
	0.0
	0.0
	0.0
	0.0
	0.0
	0.0
	0.0
	0.0
	0.0
	0.0
	0.0
	0.0
	0.0
	0.0
	0.0
	0.0
	0.0
	0.0
	0.0
	0.0
	0.0
	0.0
	0.0
	0.0
	0.0
	0.0
	0.0
	0.0
	0.0
	0.0
	0.0
	0.0
	0.0
	0.0
	0.0
	0.0
	0.0
	0.0
	0.0
	0.0
	0.0
	0.0
	0.0
	0.0
	0.0
	0.0
	0.0
	0.0
	0.0
	0.0
	0.0
	0.0
	0.0
	0.0
	0.0
	0.0
	0.0
	0.0
	0.0
	0.0
	0.0
	0.0
	0.0
	0.0
	0.0
	0.0
	0.0
	0.0
	0.0
	0.0
	0.0
	0.0
	0.0
	0.0
	0.0
	0.0
	0.0
	0.0
	0.0
	0.0
	0.0
	0.0
	0.0
	0.0
	0.0
	0.0
	0.0
	0.0
	0.0
	0.0
	0.0
	0.0
	0.0
	0.0
	0.0
	0.0
	0.0
	0.0
	0.0
	0.0
	0.0
	0.0
	0.0
	0.0
	0.0
	0.0
	0.0
	0.0
	0.0
	0.0
	0.0
	0.0
	0.0
	0.0
	0.0
	0.0
	0.0
	0.0
	0.0
	0.0
	0.0
	0.0
	0.0
	0.0
	0.0
	0.0
	0.0
	0.0
	0.0
	0.0
	0.0
	0.0
	0.0
	0.0
	0.0
	0.0
	0.0
	0.0
	0.0
	0.0
	0.0
	0.0
	0.0
	0.0
	0.0
	0.0
	0.0
	0.0
	0.0
	0.0
	0.0
	0.0
	0.0
	0.0
	0.0
	0.0
	0.0
	0.0
	0.0
	0.0
	0.0
	0.0
	0.0
	0.0
	0.0
	0.0
	0.0
	0.0
	0.0
	0.0
	0.0
	0.0
	0.0
	0.0
	0.0
	0.0
	0.0
	0.0
	0.0
	0.0
	0.0
	0.0
	0.0
	0.0
	0.0
	0.0
	0.0
	0.0
	0.0
	0.0
	0.0
	0.0
	0.0
	0.0
	0.0
	0.0
	0.0
	0.0
	0.0
	0.0
	0.0
	0.0
	0.0
	0.0
	0.0
	0.0
]