[
	1.2469357252120972
	1.2466301918029785
	1.2463223934173584
	1.246020793914795
	1.2457166910171509
	1.2454197406768799
	1.2451245784759521
	1.244821310043335
	1.2445217370986938
	1.244226098060608
	1.2439320087432861
	1.2436449527740479
	1.2433528900146484
	1.2430598735809326
	1.2427679300308228
	1.2424756288528442
	1.2421938180923462
	1.241908311843872
	1.2416222095489502
	1.2413239479064941
	1.2410459518432617
	1.2407560348510742
	1.2404674291610718
	1.240179419517517
	1.2398953437805176
	1.2396150827407837
	1.2393441200256348
	1.2390661239624023
	1.2387909889221191
	1.2385047674179077
	1.238224744796753
	1.23794686794281
	1.2376699447631836
	1.2373861074447632
	1.2371143102645874
	1.2368440628051758
	1.236554503440857
	1.2362781763076782
	1.236013650894165
	1.2357215881347656
	1.2354497909545898
	1.2351826429367065
	1.2349141836166382
	1.2346545457839966
	1.2343902587890625
	1.234118103981018
	1.2338470220565796
	1.2335872650146484
	1.233322262763977
	1.2330654859542847
	1.2328048944473267
	1.232542872428894
	1.2322741746902466
	1.2320164442062378
	1.2317657470703125
	1.2315055131912231
	1.2312374114990234
	1.230979084968567
	1.2307089567184448
	1.2304422855377197
	1.2301888465881348
	1.2299329042434692
	1.2296711206436157
	1.229419469833374
	1.2291600704193115
	1.2289087772369385
	1.2286540269851685
	1.228385329246521
	1.2281289100646973
	1.2278801202774048
	1.2276400327682495
	1.2274080514907837
	1.2271627187728882
	1.2269071340560913
	1.226667046546936
	1.2264227867126465
	1.2261744737625122
	1.2259299755096436
	1.2256733179092407
	1.2254284620285034
	1.2251731157302856
	1.2249270677566528
	1.2246778011322021
	1.2244336605072021
	1.2241921424865723
	1.2239395380020142
	1.2236862182617188
	1.2234317064285278
	1.223180890083313
	1.2229361534118652
	1.2226910591125488
	1.2224559783935547
	1.222213864326477
	1.2219792604446411
	1.2217401266098022
	1.221506953239441
	1.2212629318237305
	1.2210291624069214
	1.22080397605896
	1.2205597162246704
	1.2203288078308105
	1.2200827598571777
	1.2198536396026611
	1.2196093797683716
	1.219376802444458
	1.2191417217254639
	1.2189161777496338
	1.2186933755874634
	1.2184630632400513
	1.2182338237762451
	1.2179962396621704
	1.2177667617797852
	1.2175325155258179
	1.2173041105270386
	1.2170820236206055
	1.216844916343689
	1.2166048288345337
	1.2163639068603516
	1.2161353826522827
	1.2159061431884766
	1.2156705856323242
	1.2154393196105957
	1.2151985168457031
	1.2149730920791626
	1.2147369384765625
	1.2145144939422607
	1.2142904996871948
	1.2140682935714722
	1.213826060295105
	1.213616967201233
	1.2133926153182983
	1.213164210319519
	1.2129409313201904
	1.2127177715301514
	1.2124820947647095
	1.2122682332992554
	1.2120517492294312
	1.2118362188339233
	1.211614727973938
	1.211395025253296
	1.2111691236495972
	1.2109501361846924
	1.2107402086257935
	1.21051824092865
	1.2102974653244019
	1.2100887298583984
	1.2098608016967773
	1.2096399068832397
	1.2094297409057617
	1.2092281579971313
	1.209012508392334
	1.2087934017181396
	1.2085875272750854
	1.208371877670288
	1.2081563472747803
	1.2079538106918335
	1.207727313041687
	1.2075200080871582
	1.2072890996932983
	1.2070659399032593
	1.2068606615066528
	1.2066508531570435
	1.2064502239227295
	1.2062174081802368
	1.2060034275054932
	1.2057985067367554
	1.205593228340149
	1.2053875923156738
	1.2051727771759033
	1.2049671411514282
	1.2047557830810547
	1.2045495510101318
	1.204339861869812
	1.2041374444961548
	1.2039216756820679
	1.2037057876586914
	1.2035123109817505
	1.203312873840332
	1.2030926942825317
	1.2028766870498657
	1.2026690244674683
	1.2024579048156738
	1.2022409439086914
	1.2020258903503418
	1.2018228769302368
	1.2016123533248901
	1.2014087438583374
	1.201211929321289
	1.2010154724121094
	1.200815200805664
	1.2005939483642578
	1.200383186340332
	1.2001768350601196
	1.199967384338379
	1.1997721195220947
	1.199572205543518
	1.1993719339370728
	1.1991691589355469
	1.1989736557006836
	1.19878351688385
	1.198595643043518
	1.1983957290649414
	1.1981884241104126
	1.1979804039001465
	1.1977869272232056
	1.1975747346878052
	1.197382926940918
	1.1971735954284668
	1.1969703435897827
	1.196760654449463
	1.1965670585632324
	1.1963640451431274
	1.1961593627929688
	1.1959606409072876
	1.1957638263702393
	1.1955691576004028
	1.1953747272491455
	1.195178508758545
	1.194976568222046
	1.1947864294052124
	1.19459068775177
	1.1943947076797485
	1.194187879562378
	1.1939921379089355
	1.1937963962554932
	1.1935988664627075
	1.193402886390686
	1.1932010650634766
	1.1930131912231445
	1.1928186416625977
	1.1926230192184448
	1.1924314498901367
	1.192232608795166
	1.19204580783844
	1.1918574571609497
	1.1916439533233643
	1.1914517879486084
	1.1912596225738525
	1.191065788269043
	1.1908798217773438
	1.1906824111938477
	1.1904951333999634
	1.1903008222579956
	1.1901116371154785
	1.1899222135543823
	1.1897269487380981
	1.1895440816879272
	1.1893662214279175
	1.18916916847229
	1.188985824584961
	1.1888034343719482
	1.1886156797409058
	1.1884297132492065
	1.188235878944397
	1.1880475282669067
	1.1878433227539062
	1.1876463890075684
	1.1874622106552124
	1.18727445602417
	1.1870840787887573
	1.1869012117385864
	1.1867059469223022
	1.1865241527557373
	1.1863237619400024
	1.1861361265182495
	1.185951828956604
	1.185762643814087
	1.1855612993240356
	1.185369610786438
	1.1851826906204224
	1.1849933862686157
	1.1848065853118896
	1.1846226453781128
	1.1844388246536255
	1.1842703819274902
	1.1840847730636597
	1.1838936805725098
	1.183714509010315
	1.18353271484375
	1.1833553314208984
	1.183181881904602
	1.1829845905303955
	1.1828078031539917
	1.1826080083847046
	1.182420253753662
	1.1822394132614136
	1.1820560693740845
	1.1818733215332031
	1.1816884279251099
	1.1814934015274048
	1.1813093423843384
	1.1811327934265137
	1.180953025817871
	1.1807727813720703
	1.1805826425552368
	1.1804091930389404
	1.1802278757095337
	1.1800496578216553
	1.1798683404922485
	1.1796785593032837
	1.1794936656951904
	1.1793138980865479
	1.179127812385559
	1.1789464950561523
	1.1787680387496948
	1.178592562675476
	1.178417682647705
	1.178247094154358
	1.17806077003479
	1.1778838634490967
	1.1777125597000122
	1.177530288696289
	1.177350640296936
	1.1771780252456665
	1.1769943237304688
	1.1768221855163574
	1.1766448020935059
	1.1764631271362305
	1.1762850284576416
	1.1761143207550049
	1.1759246587753296
	1.1757481098175049
	1.1755610704421997
	1.1753853559494019
	1.1752089262008667
	1.175038456916809
	1.1748600006103516
	1.174679160118103
	1.17449152469635
	1.1743208169937134
	1.1741405725479126
	1.1739659309387207
	1.1738061904907227
	1.1736422777175903
	1.1734619140625
	1.173288345336914
	1.1731083393096924
	1.1729357242584229
	1.1727573871612549
	1.1725811958312988
	1.1724063158035278
	1.1722357273101807
	1.1720631122589111
	1.1718981266021729
	1.171712875366211
	1.1715483665466309
	1.1713671684265137
	1.171205759048462
	1.1710429191589355
	1.170863151550293
	1.1706922054290771
	1.17052161693573
	1.1703448295593262
	1.170179009437561
	1.1700043678283691
	1.1698424816131592
	1.1696752309799194
	1.169500470161438
	1.1693371534347534
	1.1691702604293823
	1.1689865589141846
	1.1688182353973389
	1.1686420440673828
	1.1684701442718506
	1.1682932376861572
	1.168117642402649
	1.1679431200027466
	1.1677725315093994
	1.1675993204116821
	1.1674370765686035
	1.1672686338424683
	1.1670995950698853
	1.1669325828552246
	1.1667633056640625
	1.1665951013565063
	1.1664232015609741
	1.1662622690200806
	1.1660902500152588
	1.1659201383590698
	1.1657476425170898
	1.1655784845352173
	1.1654026508331299
	1.165231466293335
	1.165069818496704
	1.1649104356765747
	1.1647400856018066
	1.1645777225494385
	1.164412021636963
	1.1642451286315918
	1.1640899181365967
	1.1639211177825928
	1.1637487411499023
	1.1635798215866089
	1.163425087928772
	1.1632487773895264
	1.1630780696868896
	1.1629118919372559
	1.1627588272094727
	1.1625868082046509
	1.162419319152832
	1.1622514724731445
	1.1620922088623047
	1.161916971206665
	1.1617566347122192
	1.161599040031433
	1.1614302396774292
	1.161269187927246
	1.161118745803833
	1.1609535217285156
	1.1607954502105713
	1.1606318950653076
	1.1604796648025513
	1.1603155136108398
	1.1601492166519165
	1.159984827041626
	1.159835696220398
	1.1596704721450806
	1.1595078706741333
	1.1593443155288696
	1.1591860055923462
	1.1590214967727661
	1.158861517906189
	1.1587018966674805
	1.1585417985916138
	1.158376693725586
	1.1582154035568237
	1.15805983543396
	1.1578950881958008
	1.1577411890029907
	1.1575790643692017
	1.157418966293335
	1.1572473049163818
	1.1570900678634644
	1.156937599182129
	1.1567834615707397
	1.1566236019134521
	1.1564674377441406
	1.1563032865524292
	1.1561498641967773
	1.1559979915618896
	1.155835509300232
	1.1556817293167114
	1.1555181741714478
	1.1553550958633423
	1.1551932096481323
	1.1550402641296387
	1.15488600730896
	1.1547343730926514
	1.1545746326446533
	1.1544219255447388
	1.154268741607666
	1.1541030406951904
	1.153944492340088
	1.1537868976593018
	1.1536414623260498
	1.1534936428070068
	1.153333067893982
	1.1531782150268555
	1.1530171632766724
	1.1528581380844116
	1.1527070999145508
	1.1525636911392212
	1.1524074077606201
	1.1522506475448608
	1.1520954370498657
	1.1519455909729004
	1.151790738105774
	1.1516374349594116
	1.151482105255127
	1.1513316631317139
	1.1511818170547485
	1.1510324478149414
	1.1508840322494507
	1.1507333517074585
	1.1505851745605469
	1.1504322290420532
	1.150288701057434
	1.1501480340957642
	1.1499911546707153
	1.14983332157135
	1.149685263633728
	1.1495252847671509
	1.1493693590164185
	1.1492125988006592
	1.1490774154663086
	1.1489298343658447
	1.148776888847351
	1.1486281156539917
	1.1484811305999756
	1.1483486890792847
	1.1481995582580566
	1.148051142692566
	1.1479055881500244
	1.1477502584457397
	1.1476086378097534
	1.147461175918579
	1.1473109722137451
	1.1471786499023438
	1.1470330953598022
	1.146897792816162
	1.1467633247375488
	1.1466201543807983
	1.1464768648147583
	1.1463288068771362
	1.1461825370788574
	1.1460293531417847
	1.1458818912506104
	1.1457267999649048
	1.1455700397491455
	1.1454123258590698
	1.1452736854553223
	1.14512300491333
	1.1449799537658691
	1.144832968711853
	1.1446857452392578
	1.1445536613464355
	1.1444095373153687
	1.1442595720291138
	1.1441047191619873
	1.1439648866653442
	1.1438201665878296
	1.1436772346496582
	1.1435338258743286
	1.1433719396591187
	1.143212080001831
	1.14307701587677
	1.142929196357727
	1.1427855491638184
	1.142636775970459
	1.1424922943115234
	1.1423463821411133
	1.1421914100646973
	1.142053484916687
	1.141909122467041
	1.1417608261108398
	1.141623854637146
	1.1414740085601807
	1.1413285732269287
	1.1411782503128052
	1.1410342454910278
	1.1408910751342773
	1.1407487392425537
	1.14061439037323
	1.140471339225769
	1.1403239965438843
	1.1401842832565308
	1.1400492191314697
	1.139912724494934
	1.1397751569747925
	1.139641284942627
	1.1394983530044556
	1.1393554210662842
	1.1392158269882202
	1.139078974723816
	1.13893723487854
	1.1388001441955566
	1.1386549472808838
	1.1385136842727661
	1.1383718252182007
	1.138222098350525
	1.1380735635757446
	1.1379426717758179
	1.137803077697754
	1.137667179107666
	1.1375268697738647
	1.1373848915100098
	1.1372382640838623
	1.1370909214019775
	1.1369409561157227
	1.136788010597229
	1.136649489402771
	1.1365171670913696
	1.1363826990127563
	1.136247992515564
	1.1360982656478882
	1.1359577178955078
	1.1358264684677124
	1.135683536529541
	1.1355563402175903
	1.1354118585586548
	1.1352680921554565
	1.1351238489151
	1.1349873542785645
	1.134853482246399
	1.1347063779830933
	1.134565830230713
	1.134422779083252
	1.1342849731445312
	1.1341583728790283
	1.1340186595916748
	1.1338841915130615
	1.133752465248108
	1.1336228847503662
	1.1334869861602783
	1.1333447694778442
	1.1332025527954102
	1.1330780982971191
	1.1329491138458252
	1.1328125
	1.132680058479309
	1.1325476169586182
	1.1324132680892944
	1.1322873830795288
	1.1321512460708618
	1.1320180892944336
	1.1318814754486084
	1.1317473649978638
	1.131608009338379
	1.1314691305160522
	1.1313318014144897
	1.1311956644058228
	1.1310538053512573
	1.1309205293655396
	1.130792260169983
	1.1306447982788086
	1.1305180788040161
	1.130393624305725
	1.1302732229232788
	1.1301414966583252
	1.1300195455551147
	1.1298879384994507
	1.1297600269317627
	1.1296277046203613
	1.1295011043548584
	1.1293610334396362
	1.1292222738265991
	1.129096508026123
	1.128958821296692
	1.1288280487060547
	1.128691554069519
	1.1285539865493774
	1.1284258365631104
	1.1282988786697388
	1.1281667947769165
	1.12804114818573
	1.1279128789901733
	1.1277812719345093
	1.1276516914367676
	1.1275213956832886
	1.1273828744888306
	1.1272574663162231
	1.127132773399353
	1.1270043849945068
	1.126875400543213
	1.1267478466033936
	1.126625418663025
	1.1264969110488892
	1.1263744831085205
	1.1262491941452026
	1.1261210441589355
	1.1259876489639282
	1.1258635520935059
	1.1257352828979492
	1.1256128549575806
	1.125476360321045
	1.1253513097763062
	1.1252235174179077
	1.1251097917556763
	1.1249897480010986
	1.1248552799224854
	1.1247305870056152
	1.1246061325073242
	1.1244912147521973
	1.1243706941604614
	1.1242362260818481
	1.12411367893219
	1.1239848136901855
	1.1238514184951782
	1.12372887134552
	1.1235933303833008
	1.1234731674194336
	1.1233528852462769
	1.1232277154922485
	1.1231060028076172
	1.1229779720306396
	1.1228500604629517
	1.1227240562438965
	1.1226023435592651
	1.1224817037582397
	1.1223520040512085
	1.1222246885299683
	1.1221057176589966
	1.1219854354858398
	1.1218575239181519
	1.1217398643493652
	1.1216145753860474
	1.12148916721344
	1.1213629245758057
	1.1212382316589355
	1.1211093664169312
	1.1209913492202759
	1.1208693981170654
	1.1207480430603027
	1.120621919631958
	1.120492935180664
	1.1203689575195312
	1.1202375888824463
	1.120111107826233
	1.1199851036071777
	1.1198545694351196
	1.1197319030761719
	1.119606375694275
	1.1194803714752197
	1.1193662881851196
	1.1192446947097778
	1.1191201210021973
	1.1190024614334106
	1.1188794374465942
	1.1187561750411987
	1.1186293363571167
	1.118510365486145
	1.1183902025222778
	1.118271827697754
	1.118147850036621
	1.1180227994918823
	1.117909550666809
	1.117796778678894
	1.1176785230636597
	1.1175628900527954
	1.1174393892288208
	1.1173129081726074
	1.117193579673767
	1.117074966430664
	1.1169568300247192
	1.116837501525879
	1.1167211532592773
	1.1166020631790161
	1.1164902448654175
	1.116371989250183
	1.1162523031234741
	1.1161293983459473
	1.1159961223602295
	1.1158708333969116
	1.115757703781128
	1.1156286001205444
	1.115509271621704
	1.1153959035873413
	1.1152842044830322
	1.1151760816574097
	1.1150540113449097
	1.1149309873580933
	1.1148204803466797
	1.114702582359314
	1.1145840883255005
	1.1144673824310303
	1.1143372058868408
	1.1142257452011108
	1.1141005754470825
	1.1139904260635376
	1.113872766494751
	1.1137632131576538
	1.1136417388916016
	1.1135231256484985
	1.1134014129638672
	1.1132733821868896
	1.113158941268921
	1.1130321025848389
	1.112911343574524
	1.1127914190292358
	1.1126718521118164
	1.1125673055648804
	1.112443208694458
	1.1123322248458862
	1.1122277975082397
	1.1121166944503784
	1.1120092868804932
	1.1118922233581543
	1.1117727756500244
	1.111663818359375
	1.1115586757659912
	1.1114453077316284
	1.1113297939300537
	1.111218810081482
	1.1111046075820923
	1.1110010147094727
	1.1108952760696411
	1.1107841730117798
	1.1106714010238647
	1.1105629205703735
	1.110458493232727
	1.1103402376174927
	1.110229730606079
	1.1101148128509521
	1.1099995374679565
	1.1098827123641968
	1.109775185585022
	1.1096540689468384
	1.1095494031906128
	1.109439492225647
	1.1093270778656006
	1.1092180013656616
	1.109112024307251
	1.1090083122253418
	1.1088875532150269
	1.1087677478790283
	1.1086617708206177
	1.1085442304611206
	1.1084280014038086
	1.1083189249038696
	1.108199954032898
	1.1080894470214844
	1.1079806089401245
	1.1078673601150513
	1.107746958732605
	1.107635259628296
	1.1075305938720703
	1.1074126958847046
	1.107308030128479
	1.1071908473968506
	1.107078194618225
	1.106963038444519
	1.1068593263626099
	1.1067547798156738
	1.1066430807113647
	1.1065319776535034
	1.1064270734786987
	1.1063176393508911
	1.1062207221984863
	1.1061071157455444
	1.1060035228729248
	1.1058992147445679
	1.105790376663208
	1.1056805849075317
	1.1055705547332764
	1.105455756187439
	1.105342984199524
	1.1052285432815552
	1.105118751525879
	1.1050106287002563
	1.1049071550369263
	1.1047959327697754
	1.1046922206878662
	1.104582667350769
	1.1044697761535645
	1.1043579578399658
	1.104252576828003
	1.104142189025879
	1.1040337085723877
	1.1039315462112427
	1.1038260459899902
	1.103722095489502
	1.1036219596862793
	1.103508710861206
	1.103395700454712
	1.103296160697937
	1.1031955480575562
	1.1030887365341187
	1.1029831171035767
	1.1028761863708496
	1.1027759313583374
	1.1026735305786133
	1.1025596857070923
	1.10244619846344
	1.102344036102295
	1.102240800857544
	1.1021487712860107
	1.1020495891571045
	1.1019411087036133
	1.1018362045288086
	1.1017333269119263
	1.10163414478302
	1.1015267372131348
	1.101424217224121
	1.1013168096542358
	1.101226568222046
	1.1011221408843994
	1.1010150909423828
	1.1009137630462646
	1.100807547569275
	1.1007025241851807
	1.100602149963379
	1.1004976034164429
	1.100395917892456
	1.1002899408340454
	1.1001874208450317
	1.1000856161117554
	1.09998619556427
	1.0998790264129639
	1.0997726917266846
	1.099677324295044
	1.099568247795105
	1.0994681119918823
	1.099366307258606
	1.0992716550827026
	1.0991698503494263
	1.0990641117095947
	1.0989586114883423
	1.098858118057251
	1.0987528562545776
	1.0986607074737549
	1.098561406135559
	1.098446249961853
	1.098345398902893
	1.0982426404953003
	1.0981318950653076
	1.0980324745178223
	1.0979291200637817
	1.0978310108184814
	1.097723364830017
	1.0976288318634033
	1.0975210666656494
	1.0974191427230835
	1.0973191261291504
	1.0972079038619995
	1.0971077680587769
	1.097006916999817
	1.096909523010254
	1.0968132019042969
	1.0967152118682861
	1.0966060161590576
	1.0964983701705933
	1.0964033603668213
	1.0963118076324463
	1.0962063074111938
	1.096108317375183
	1.096015214920044
	1.0959101915359497
	1.095810055732727
	1.095700979232788
	1.0956029891967773
	1.0955101251602173
	1.0954160690307617
	1.095321536064148
	1.0952279567718506
	1.095131278038025
	1.0950241088867188
	1.0949287414550781
	1.0948303937911987
	1.0947366952896118
	1.0946459770202637
	1.094557285308838
	1.0944645404815674
	1.0943723917007446
	1.094273328781128
	1.0941848754882812
	1.094082236289978
	1.0939890146255493
	1.09390389919281
	1.0938071012496948
	1.0937131643295288
	1.0936121940612793
	1.0935193300247192
	1.0934276580810547
	1.0933319330215454
	1.0932400226593018
	1.0931519269943237
	1.093058466911316
	1.0929621458053589
	1.0928603410720825
	1.0927647352218628
	1.092665433883667
	1.0925661325454712
	1.0924674272537231
	1.0923690795898438
	1.0922683477401733
	1.0921649932861328
	1.0920745134353638
	1.0919747352600098
	1.091873288154602
	1.0917707681655884
	1.0916736125946045
	1.091577172279358
	1.0914949178695679
	1.0914044380187988
	1.0913068056106567
	1.0912175178527832
	1.0911225080490112
	1.0910178422927856
	1.0909209251403809
	1.090827465057373
	1.0907403230667114
	1.090645670890808
	1.0905561447143555
	1.0904555320739746
	1.0903652906417847
	1.090272307395935
	1.090181589126587
	1.0900944471359253
	1.090006947517395
	1.0899267196655273
	1.0898387432098389
	1.089743733406067
	1.0896525382995605
	1.0895596742630005
	1.0894626379013062
	1.0893685817718506
	1.0892750024795532
	1.0891824960708618
	1.0890817642211914
	1.0889867544174194
	1.088893175125122
	1.088793396949768
	1.0887073278427124
	1.0886112451553345
	1.088517427444458
	1.0884320735931396
	1.0883359909057617
	1.0882408618927002
	1.0881463289260864
	1.0880526304244995
	1.0879582166671753
	1.0878652334213257
	1.087772011756897
	1.0876754522323608
	1.0875829458236694
	1.087500810623169
	1.0874141454696655
	1.0873230695724487
	1.0872224569320679
	1.087143063545227
	1.087054967880249
	1.0869613885879517
	1.0868786573410034
	1.0867879390716553
	1.0866949558258057
	1.0866111516952515
	1.0865236520767212
	1.086436152458191
	1.0863463878631592
	1.086254596710205
	1.0861566066741943
	1.0860755443572998
	1.0859917402267456
	1.0858944654464722
	1.0858030319213867
	1.085718035697937
	1.0856236219406128
	1.0855398178100586
	1.0854454040527344
	1.0853627920150757
	1.0852762460708618
	1.0851918458938599
	1.0850964784622192
	1.0850051641464233
	1.0849124193191528
	1.0848197937011719
	1.0847280025482178
	1.0846433639526367
	1.084556221961975
	1.0844683647155762
	1.0843818187713623
	1.0842981338500977
	1.0842117071151733
	1.0841186046600342
	1.0840356349945068
	1.0839533805847168
	1.0838671922683716
	1.08378005027771
	1.083688735961914
	1.0836026668548584
	1.0835225582122803
	1.0834397077560425
	1.0833526849746704
	1.0832669734954834
	1.0831767320632935
	1.0830786228179932
	1.0829998254776
	1.0829112529754639
	1.0828191041946411
	1.0827373266220093
	1.0826483964920044
	1.0825592279434204
	1.0824757814407349
	1.0823900699615479
	1.0823018550872803
	1.0822192430496216
	1.082133173942566
	1.0820460319519043
	1.0819618701934814
	1.0818819999694824
	1.0817973613739014
	1.0817065238952637
	1.081620216369629
	1.0815337896347046
	1.081444263458252
	1.081362009048462
	1.0812785625457764
	1.081188678741455
	1.0811015367507935
	1.0810234546661377
	1.0809320211410522
	1.0808537006378174
	1.080765962600708
	1.0806809663772583
	1.0805890560150146
	1.0805110931396484
	1.0804312229156494
	1.0803418159484863
	1.0802583694458008
	1.0801736116409302
	1.0800808668136597
	1.0800002813339233
	1.0799164772033691
	1.079828143119812
	1.079748272895813
	1.0796654224395752
	1.0795849561691284
	1.0795100927352905
	1.079413652420044
	1.0793354511260986
	1.0792553424835205
	1.079167127609253
	1.0790843963623047
	1.0790033340454102
	1.0789300203323364
	1.0788582563400269
	1.0787758827209473
	1.078697681427002
	1.0786094665527344
	1.0785263776779175
	1.0784478187561035
	1.0783613920211792
	1.0782771110534668
	1.0781993865966797
	1.0781166553497314
	1.078040361404419
	1.0779467821121216
	1.077871322631836
	1.0777833461761475
	1.077702283859253
	1.0776246786117554
	1.0775436162948608
	1.0774601697921753
	1.077383279800415
	1.0772945880889893
	1.0772125720977783
	1.077135682106018
	1.0770503282546997
	1.0769643783569336
	1.076877474784851
	1.0767967700958252
	1.0767165422439575
	1.0766332149505615
	1.0765550136566162
	1.0764676332473755
	1.0763766765594482
	1.0762940645217896
	1.0762077569961548
	1.0761303901672363
	1.0760471820831299
	1.0759638547897339
	1.0758779048919678
	1.0757955312728882
	1.075710415840149
	1.0756369829177856
	1.0755565166473389
	1.075473666191101
	1.075395107269287
	1.0753169059753418
	1.0752366781234741
	1.0751539468765259
	1.075075626373291
	1.074989914894104
	1.0749075412750244
	1.0748308897018433
	1.0747548341751099
	1.0746791362762451
	1.07460355758667
	1.0745295286178589
	1.0744576454162598
	1.0743852853775024
	1.0743097066879272
	1.0742359161376953
	1.074153184890747
	1.0740764141082764
	1.0739902257919312
	1.0739109516143799
	1.0738251209259033
	1.0737382173538208
	1.0736671686172485
	1.073586106300354
	1.0735090970993042
	1.0734336376190186
	1.0733636617660522
	1.07328462600708
	1.0732052326202393
	1.0731276273727417
	1.073041319847107
	1.0729646682739258
	1.0728858709335327
	1.0728042125701904
	1.0727273225784302
	1.0726512670516968
	1.0725761651992798
	1.0725014209747314
	1.0724228620529175
	1.072351098060608
	1.072277307510376
	1.0722111463546753
	1.0721315145492554
	1.072055697441101
	1.0719698667526245
	1.0718921422958374
	1.0718133449554443
	1.0717339515686035
	1.0716578960418701
	1.0715771913528442
	1.071507453918457
	1.0714292526245117
	1.0713508129119873
	1.071285605430603
	1.0712045431137085
	1.0711251497268677
	1.0710500478744507
	1.0709694623947144
	1.070886254310608
	1.0708147287368774
	1.0707365274429321
	1.0706578493118286
	1.070582389831543
	1.0705115795135498
	1.070430874824524
	1.07035493850708
	1.0702810287475586
	1.0702022314071655
	1.0701184272766113
	1.0700405836105347
	1.0699620246887207
	1.0698925256729126
	1.0698249340057373
	1.0697548389434814
	1.06968092918396
	1.069606065750122
	1.0695246458053589
	1.0694483518600464
	1.0693824291229248
	1.0693062543869019
	1.0692317485809326
	1.0691636800765991
	1.0690863132476807
	1.069011926651001
	1.068935751914978
	1.068856120109558
	1.068790078163147
	1.0687121152877808
	1.0686421394348145
	1.0685676336288452
	1.0684932470321655
	1.0684267282485962
	1.0683550834655762
	1.0682764053344727
	1.0682058334350586
	1.0681287050247192
	1.0680599212646484
	1.0679950714111328
	1.0679244995117188
	1.0678589344024658
	1.0677887201309204
	1.067718267440796
	1.0676486492156982
	1.0675708055496216
	1.067502737045288
	1.0674301385879517
	1.0673508644104004
	1.067277193069458
	1.0672069787979126
	1.0671402215957642
	1.067069172859192
	1.066994547843933
	1.0669283866882324
	1.0668548345565796
	1.0667827129364014
	1.066705346107483
	1.0666422843933105
	1.0665652751922607
	1.066486120223999
	1.0664167404174805
	1.0663387775421143
	1.0662705898284912
	1.066208004951477
	1.066145420074463
	1.0660746097564697
	1.06599760055542
	1.0659302473068237
	1.0658576488494873
	1.0657849311828613
	1.0657256841659546
	1.0656529664993286
	1.065582036972046
	1.0655089616775513
	1.065443515777588
	1.065368890762329
	1.0653009414672852
	1.0652331113815308
	1.0651613473892212
	1.065096139907837
	1.065019130706787
	1.0649535655975342
	1.0648863315582275
	1.0648155212402344
	1.0647529363632202
	1.0646692514419556
	1.0645984411239624
	1.0645250082015991
	1.0644619464874268
	1.0643869638442993
	1.0643212795257568
	1.0642480850219727
	1.0641800165176392
	1.0641080141067505
	1.064042091369629
	1.0639714002609253
	1.0639057159423828
	1.0638316869735718
	1.0637599229812622
	1.063691258430481
	1.0636138916015625
	1.0635526180267334
	1.0634709596633911
	1.063398838043213
	1.063334584236145
	1.063267707824707
	1.063193440437317
	1.063127040863037
	1.06305992603302
	1.0629956722259521
	1.0629304647445679
	1.062860131263733
	1.0627856254577637
	1.062716007232666
	1.0626420974731445
	1.062572956085205
	1.0625056028366089
	1.062432050704956
	1.062356948852539
	1.0622892379760742
	1.0622106790542603
	1.0621503591537476
	1.0620867013931274
	1.0620242357254028
	1.0619568824768066
	1.0618845224380493
	1.0618153810501099
	1.0617567300796509
	1.0616968870162964
	1.061638593673706
	1.0615719556808472
	1.061510682106018
	1.0614370107650757
	1.06137216091156
	1.0613077878952026
	1.0612378120422363
	1.0611660480499268
	1.0611029863357544
	1.0610299110412598
	1.060962200164795
	1.0608980655670166
	1.0608292818069458
	1.060759425163269
	1.0606962442398071
	1.0606229305267334
	1.0605546236038208
	1.0604904890060425
	1.060429573059082
	1.0603702068328857
	1.0603059530258179
	1.0602468252182007
	1.0601800680160522
	1.0601125955581665
	1.060040831565857
	1.059968113899231
	1.0599006414413452
	1.0598350763320923
	1.0597741603851318
	1.0597033500671387
	1.0596388578414917
	1.059566855430603
	1.059501051902771
	1.0594348907470703
	1.0593746900558472
	1.0593078136444092
	1.059241771697998
	1.0591686964035034
	1.0591071844100952
	1.0590463876724243
	1.0589931011199951
	1.0589319467544556
	1.0588654279708862
	1.0587915182113647
	1.0587291717529297
	1.0586647987365723
	1.0585957765579224
	1.0585252046585083
	1.0584650039672852
	1.0583994388580322
	1.0583335161209106
	1.0582716464996338
	1.0582051277160645
	1.0581486225128174
	1.0580815076828003
	1.0580209493637085
	1.0579558610916138
	1.057887315750122
	1.057822346687317
	1.0577549934387207
	1.0576860904693604
	1.057625412940979
	1.0575553178787231
	1.0574872493743896
	1.057426929473877
	1.0573581457138062
	1.0572949647903442
	1.0572236776351929
	1.057157278060913
	1.057092547416687
	1.0570244789123535
	1.0569627285003662
	1.0568907260894775
	1.0568279027938843
	1.0567667484283447
	1.0567036867141724
	1.0566390752792358
	1.0565707683563232
	1.0565121173858643
	1.0564517974853516
	1.0563809871673584
	1.0563229322433472
	1.0562679767608643
	1.0562058687210083
	1.056146502494812
	1.056086778640747
	1.0560097694396973
	1.055944800376892
	1.0558804273605347
	1.0558202266693115
	1.055763602256775
	1.0557043552398682
	1.055640697479248
	1.0555800199508667
	1.0555150508880615
	1.055454969406128
	1.0553916692733765
	1.0553220510482788
	1.0552632808685303
	1.055209755897522
	1.0551559925079346
	1.0550930500030518
	1.0550376176834106
	1.0549755096435547
	1.054912805557251
	1.0548478364944458
	1.0547822713851929
	1.0547224283218384
	1.054660439491272
	1.0545965433120728
	1.054534912109375
	1.0544772148132324
	1.0544116497039795
	1.0543534755706787
	1.0542904138565063
	1.0542237758636475
	1.0541638135910034
	1.0541095733642578
	1.054049015045166
	1.053990125656128
	1.0539335012435913
	1.0538742542266846
	1.0538110733032227
	1.0537559986114502
	1.053696870803833
	1.053633689880371
	1.0535688400268555
	1.0535054206848145
	1.053439736366272
	1.0533891916275024
	1.0533287525177002
	1.0532748699188232
	1.05321204662323
	1.0531573295593262
	1.0530894994735718
	1.053032398223877
	1.052977204322815
	1.0529145002365112
	1.0528558492660522
	1.0527888536453247
	1.052734613418579
	1.0526710748672485
	1.0526107549667358
	1.0525509119033813
	1.052493929862976
	1.0524334907531738
	1.052370309829712
	1.0523101091384888
	1.0522534847259521
	1.052194356918335
	1.0521339178085327
	1.0520696640014648
	1.0520133972167969
	1.0519529581069946
	1.0518953800201416
	1.0518381595611572
	1.0517849922180176
	1.0517359972000122
	1.05167555809021
	1.0516157150268555
	1.0515551567077637
	1.0514973402023315
	1.0514397621154785
	1.051383376121521
	1.0513267517089844
	1.0512745380401611
	1.0512186288833618
	1.05115807056427
	1.051099419593811
	1.051040768623352
	1.0509891510009766
	1.0509289503097534
	1.0508761405944824
	1.050817847251892
	1.050762414932251
	1.0507038831710815
	1.0506411790847778
	1.0505921840667725
	1.0505359172821045
	1.050478458404541
	1.0504240989685059
	1.0503687858581543
	1.050302267074585
	1.050247311592102
	1.0501939058303833
	1.0501426458358765
	1.0500893592834473
	1.0500380992889404
	1.0499821901321411
	1.0499294996261597
	1.049868106842041
	1.0498117208480835
	1.049749732017517
	1.0496978759765625
	1.0496405363082886
	1.0495861768722534
	1.0495285987854004
	1.0494714975357056
	1.0494097471237183
	1.0493615865707397
	1.0493026971817017
	1.049246072769165
	1.049188256263733
	1.0491275787353516
	1.0490801334381104
	1.0490193367004395
	1.0489685535430908
	1.0489150285720825
	1.0488626956939697
	1.0488057136535645
	1.0487538576126099
	1.048691987991333
	1.0486334562301636
	1.0485783815383911
	1.048516035079956
	1.048464298248291
	1.048412799835205
	1.0483572483062744
	1.0483028888702393
	1.048242449760437
	1.0481789112091064
	1.0481218099594116
	1.0480681657791138
	1.048008918762207
	1.0479519367218018
	1.0478949546813965
	1.047843337059021
	1.0477925539016724
	1.0477317571640015
	1.0476768016815186
	1.0476237535476685
	1.04756498336792
	1.047512173652649
	1.047454833984375
	1.0474028587341309
	1.0473530292510986
	1.0472925901412964
	1.0472403764724731
	1.0471845865249634
	1.0471391677856445
	1.047084927558899
	1.04702889919281
	1.0469794273376465
	1.0469281673431396
	1.0468841791152954
	1.0468312501907349
	1.046783208847046
	1.0467276573181152
	1.0466715097427368
	1.0466119050979614
	1.046561598777771
	1.0465131998062134
	1.0464571714401245
	1.0463981628417969
	1.046338677406311
	1.0462771654129028
	1.0462297201156616
	1.0461721420288086
	1.0461076498031616
	1.046048879623413
	1.0459985733032227
	1.0459423065185547
	1.0458914041519165
	1.0458320379257202
	1.0457793474197388
	1.0457215309143066
	1.0456634759902954
	1.045617699623108
	1.0455596446990967
	1.045509934425354
	1.045457363128662
	1.0453983545303345
	1.0453519821166992
	1.045301079750061
	1.0452477931976318
	1.0451937913894653
	1.0451459884643555
	1.0450961589813232
	1.0450372695922852
	1.0449851751327515
	1.0449317693710327
	1.0448777675628662
	1.0448246002197266
	1.0447754859924316
	1.0447229146957397
	1.0446741580963135
	1.0446250438690186
	1.0445749759674072
	1.0445183515548706
	1.0444741249084473
	1.0444265604019165
	1.0443731546401978
	1.0443280935287476
	1.0442804098129272
	1.044228434562683
	1.044176459312439
	1.044126033782959
	1.0440720319747925
	1.044021725654602
	1.0439727306365967
	1.0439256429672241
	1.0438733100891113
	1.0438203811645508
	1.0437703132629395
	1.043716311454773
	1.0436673164367676
	1.0436142683029175
	1.0435620546340942
	1.04351007938385
	1.0434644222259521
	1.0434163808822632
	1.04336678981781
	1.0433199405670166
	1.0432698726654053
	1.0432208776474
	1.0431703329086304
	1.043121099472046
	1.0430667400360107
	1.0430115461349487
	1.0429645776748657
	1.0429136753082275
	1.042866587638855
	1.0428162813186646
	1.042765736579895
	1.0427180528640747
	1.0426658391952515
	1.042609453201294
	1.0425617694854736
	1.0425177812576294
	1.0424648523330688
	1.0424126386642456
	1.0423613786697388
	1.0423195362091064
	1.042276382446289
	1.0422255992889404
	1.04217529296875
	1.0421247482299805
	1.042072057723999
	1.0420290231704712
	1.041986346244812
	1.0419402122497559
	1.0418888330459595
	1.0418412685394287
	1.041792869567871
	1.0417449474334717
	1.0416908264160156
	1.0416392087936401
	1.041588306427002
	1.04153311252594
	1.0414823293685913
	1.0414257049560547
	1.0413771867752075
	1.0413286685943604
	1.0412819385528564
	1.0412286520004272
	1.0411947965621948
	1.0411434173583984
	1.0410990715026855
	1.0410423278808594
	1.040995717048645
	1.040952205657959
	1.040898323059082
	1.0408601760864258
	1.0408148765563965
	1.040765643119812
	1.0407129526138306
	1.0406674146652222
	1.040619969367981
	1.0405797958374023
	1.0405337810516357
	1.0404832363128662
	1.0404375791549683
	1.0403861999511719
	1.0403385162353516
	1.040287971496582
	1.0402406454086304
	1.0401966571807861
	1.0401499271392822
	1.0401008129119873
	1.0400556325912476
	1.0400066375732422
	1.0399645566940308
	1.0399249792099
	1.0398738384246826
	1.0398304462432861
	1.0397837162017822
	1.0397316217422485
	1.039685606956482
	1.0396441221237183
	1.0395941734313965
	1.0395456552505493
	1.0395034551620483
	1.0394558906555176
	1.0394165515899658
	1.0393726825714111
	1.0393285751342773
	1.0392776727676392
	1.039226770401001
	1.039185643196106
	1.0391474962234497
	1.039104700088501
	1.039058804512024
	1.0390183925628662
	1.0389808416366577
	1.0389388799667358
	1.0388915538787842
	1.0388439893722534
	1.0388002395629883
	1.0387626886367798
	1.0387191772460938
	1.0386662483215332
	1.038622498512268
	1.0385791063308716
	1.0385278463363647
	1.03848135471344
	1.0384353399276733
	1.0383992195129395
	1.0383602380752563
	1.0383176803588867
	1.0382691621780396
	1.038219928741455
	1.0381706953048706
	1.0381308794021606
	1.038087010383606
	1.0380401611328125
	1.0379937887191772
	1.0379492044448853
	1.0379070043563843
	1.0378621816635132
	1.0378187894821167
	1.037772536277771
	1.0377343893051147
	1.0376900434494019
	1.0376461744308472
	1.0376015901565552
	1.0375584363937378
	1.037515640258789
	1.0374722480773926
	1.0374337434768677
	1.0373868942260742
	1.0373358726501465
	1.0372943878173828
	1.0372490882873535
	1.0371947288513184
	1.0371346473693848
	1.0370920896530151
	1.037047266960144
	1.037009835243225
	1.0369641780853271
	1.0369219779968262
	1.036879062652588
	1.036840796470642
	1.0367965698242188
	1.0367522239685059
	1.0367056131362915
	1.0366660356521606
	1.0366215705871582
	1.0365794897079468
	1.0365406274795532
	1.0365034341812134
	1.036465048789978
	1.0364152193069458
	1.0363706350326538
	1.0363231897354126
	1.0362883806228638
	1.0362440347671509
	1.036205768585205
	1.0361578464508057
	1.0361188650131226
	1.0360805988311768
	1.036040186882019
	1.0360013246536255
	1.0359556674957275
	1.0359125137329102
	1.0358760356903076
	1.0358335971832275
	1.0357896089553833
	1.0357463359832764
	1.0357056856155396
	1.035675048828125
	1.0356279611587524
	1.0355851650238037
	1.035548210144043
	1.0355019569396973
	1.0354633331298828
	1.0354238748550415
	1.0353825092315674
	1.035339117050171
	1.035294532775879
	1.035247564315796
	1.0352121591567993
	1.035164713859558
	1.0351265668869019
	1.0350861549377441
	1.0350439548492432
	1.0350017547607422
	1.0349633693695068
	1.0349229574203491
	1.0348762273788452
	1.0348327159881592
	1.0347923040390015
	1.034749150276184
	1.0347139835357666
	1.0346730947494507
	1.0346227884292603
	1.0345884561538696
	1.0345488786697388
	1.034500241279602
	1.0344594717025757
	1.0344239473342896
	1.0343800783157349
	1.0343499183654785
	1.0343090295791626
	1.0342819690704346
	1.0342419147491455
	1.034206748008728
	1.0341702699661255
	1.0341306924819946
	1.0340938568115234
	1.0340509414672852
	1.034008502960205
	1.033969759941101
	1.033935546875
	1.0338951349258423
	1.0338537693023682
	1.033811330795288
	1.0337716341018677
	1.0337318181991577
	1.0336899757385254
	1.0336507558822632
	1.03361177444458
	1.0335698127746582
	1.0335360765457153
	1.033495306968689
	1.0334581136703491
	1.0334157943725586
	1.0333836078643799
	1.0333349704742432
	1.033299446105957
	1.0332633256912231
	1.0332289934158325
	1.0331929922103882
	1.0331518650054932
	1.0331097841262817
	1.0330790281295776
	1.0330405235290527
	1.0329978466033936
	1.0329562425613403
	1.032914638519287
	1.0328717231750488
	1.0328398942947388
	1.032806158065796
	1.0327712297439575
	1.0327249765396118
	1.0326873064041138
	1.032652497291565
	1.0326054096221924
	1.0325714349746704
	1.0325379371643066
	1.0324989557266235
	1.0324666500091553
	1.0324249267578125
	1.032392144203186
	1.0323563814163208
	1.0323214530944824
	1.032286524772644
	1.0322461128234863
	1.0322010517120361
	1.0321582555770874
	1.032117486000061
	1.0320812463760376
	1.0320442914962769
	1.0320103168487549
	1.0319700241088867
	1.0319361686706543
	1.0318975448608398
	1.0318619012832642
	1.031822919845581
	1.0317827463150024
	1.03174889087677
	1.031708002090454
	1.031679630279541
	1.0316410064697266
	1.0316050052642822
	1.0315638780593872
	1.0315282344818115
	1.0314911603927612
	1.0314561128616333
	1.031420111656189
	1.031381607055664
	1.031343698501587
	1.0313063859939575
	1.031279444694519
	1.0312460660934448
	1.0312210321426392
	1.0311834812164307
	1.0311444997787476
	1.03111732006073
	1.0310784578323364
	1.0310454368591309
	1.0310086011886597
	1.0309710502624512
	1.0309373140335083
	1.0308951139450073
	1.0308611392974854
	1.0308228731155396
	1.0307859182357788
	1.030753254890442
	1.03071129322052
	1.0306788682937622
	1.0306360721588135
	1.0305964946746826
	1.0305547714233398
	1.0305230617523193
	1.030489444732666
	1.0304533243179321
	1.030423879623413
	1.0303912162780762
	1.0303587913513184
	1.0303210020065308
	1.030293583869934
	1.0302575826644897
	1.030221939086914
	1.0301930904388428
	1.0301629304885864
	1.0301340818405151
	1.0301005840301514
	1.0300697088241577
	1.0300304889678955
	1.030002236366272
	1.0299627780914307
	1.0299261808395386
	1.029887080192566
	1.029849886894226
	1.0298181772232056
	1.0297839641571045
	1.0297402143478394
	1.0297071933746338
	1.0296716690063477
	1.029637098312378
	1.029602289199829
	1.0295710563659668
	1.0295387506484985
	1.0295038223266602
	1.0294685363769531
	1.0294326543807983
	1.0293936729431152
	1.0293546915054321
	1.029321312904358
	1.029292106628418
	1.029257893562317
	1.0292296409606934
	1.0291920900344849
	1.029155969619751
	1.0291171073913574
	1.0290899276733398
	1.0290603637695312
	1.029024600982666
	1.0289807319641113
	1.0289428234100342
	1.0289136171340942
	1.0288833379745483
	1.0288587808609009
	1.0288190841674805
	1.0287891626358032
]