[
	0.8839528560638428
	0.8837931156158447
	0.8836350440979004
	0.8835098147392273
	0.8833171129226685
	0.8831551671028137
	0.8829816579818726
	0.8828160762786865
	0.882689893245697
	0.8825269937515259
	0.8823741674423218
	0.8822018504142761
	0.8820400238037109
	0.881872832775116
	0.8817091584205627
	0.8815243244171143
	0.8813543915748596
	0.8812165260314941
	0.881066083908081
	0.8809273838996887
	0.880779504776001
	0.8806294798851013
	0.8804506659507751
	0.8802773952484131
	0.8801079988479614
	0.8799420595169067
	0.8797963261604309
	0.8796285390853882
	0.8794703483581543
	0.8792974948883057
	0.8791518211364746
	0.8789992928504944
	0.8788430094718933
	0.8786857724189758
	0.878526508808136
	0.8783669471740723
	0.8782202005386353
	0.8780683279037476
	0.8779256343841553
	0.8777718544006348
	0.8776269555091858
	0.8774752616882324
	0.8773137927055359
	0.8771641850471497
	0.8770105838775635
	0.8768558502197266
	0.8767144083976746
	0.8765786290168762
	0.8764367699623108
	0.8763015270233154
	0.8761650919914246
	0.8760099411010742
	0.8758662343025208
	0.8757101893424988
	0.8755687475204468
	0.8754246830940247
	0.8752874732017517
	0.8751529455184937
	0.8750182390213013
	0.8748936057090759
	0.8747447729110718
	0.8746023178100586
	0.874479353427887
	0.8743385076522827
	0.8741872310638428
	0.8740560412406921
	0.8739258050918579
	0.8737823963165283
	0.873636782169342
	0.8735023140907288
	0.8733633756637573
	0.8732157349586487
	0.8730899691581726
	0.8729438185691833
	0.8728286027908325
	0.8726972341537476
	0.8725576996803284
	0.8724294900894165
	0.8722941279411316
	0.8721557855606079
	0.8720466494560242
	0.8719229102134705
	0.8717933893203735
	0.8716467022895813
	0.8715264797210693
	0.8714100122451782
	0.8712840676307678
	0.8711614608764648
	0.8710329532623291
	0.8709190487861633
	0.8707934617996216
	0.8706843852996826
	0.870570182800293
	0.8704332709312439
	0.8703213930130005
	0.8702136278152466
	0.8700956106185913
	0.8699953556060791
	0.8698815703392029
	0.8697591423988342
	0.8696264624595642
	0.8695069551467896
	0.8693758249282837
	0.8692816495895386
	0.8691498637199402
	0.8690317869186401
	0.8689097762107849
	0.8688188195228577
	0.8687231540679932
	0.8686192035675049
	0.8685026168823242
	0.868384599685669
	0.8682721257209778
	0.8681788444519043
	0.8680763840675354
	0.8679901361465454
	0.8678961992263794
	0.8677956461906433
	0.8676701188087463
	0.8675759434700012
	0.867474377155304
	0.8673698306083679
	0.8672606348991394
	0.8671530485153198
	0.8670555353164673
	0.8669503331184387
	0.8668371438980103
	0.8667401075363159
	0.8666410446166992
	0.8665430545806885
	0.8664604425430298
	0.8663854002952576
	0.8663060665130615
	0.8662015199661255
	0.8661117553710938
	0.8660122752189636
	0.8659264445304871
	0.8658246994018555
	0.865742564201355
	0.8656491637229919
	0.8655617237091064
	0.8654747009277344
	0.8653735518455505
	0.8652759790420532
	0.8651936650276184
	0.8651195168495178
	0.8650434017181396
	0.8649460077285767
	0.8648525476455688
	0.8647659420967102
	0.8646876215934753
	0.8646130561828613
	0.8645183444023132
	0.8644271492958069
	0.8643158674240112
	0.8642372488975525
	0.8641508221626282
	0.8640551567077637
	0.86397784948349
	0.8638904690742493
	0.863806962966919
	0.8637276291847229
	0.8636531233787537
	0.8635733723640442
	0.8634830117225647
	0.8634008765220642
	0.8633235692977905
	0.8632377982139587
	0.8631516695022583
	0.8630692362785339
	0.8629759550094604
	0.8628880381584167
	0.8628137111663818
	0.8627320528030396
	0.8626530766487122
	0.8625540733337402
	0.8624675273895264
	0.8623844385147095
	0.8623104095458984
	0.8622417449951172
	0.8621684312820435
	0.8620908260345459
	0.8620023727416992
	0.8619204163551331
	0.8618348240852356
	0.8617528676986694
	0.8616787195205688
	0.8616037964820862
	0.8615378141403198
	0.8614633679389954
	0.8613925576210022
	0.8613131642341614
	0.8612578511238098
	0.8611881136894226
	0.8611276149749756
	0.8610501885414124
	0.8609862923622131
	0.8609200716018677
	0.8608424663543701
	0.8607756495475769
	0.8607098460197449
	0.8606241941452026
	0.8605675101280212
	0.860481858253479
	0.8603999614715576
	0.8603150248527527
	0.8602419495582581
	0.8601850867271423
	0.8601282835006714
	0.8600558638572693
	0.8599971532821655
	0.8599408864974976
	0.8598678708076477
	0.8597853183746338
	0.8597224354743958
	0.8596563339233398
	0.8595883846282959
	0.8595175743103027
	0.85944664478302
	0.8593949675559998
	0.8593231439590454
	0.8592533469200134
	0.8591983318328857
	0.8591232299804688
	0.8590589165687561
	0.8589935302734375
	0.8589358329772949
	0.8588763475418091
	0.8588086366653442
	0.8587424159049988
	0.8586909174919128
	0.8586372137069702
	0.8585776090621948
	0.858507513999939
	0.8584185838699341
	0.8583499789237976
	0.8582956790924072
	0.858239471912384
	0.8581662774085999
	0.8581012487411499
	0.8580363392829895
	0.8579785227775574
	0.8579084277153015
	0.8578380942344666
	0.8577834367752075
	0.8577213287353516
	0.8576505184173584
	0.8575963377952576
	0.8575489521026611
	0.8575111031532288
	0.8574546575546265
	0.857398509979248
	0.8573393225669861
	0.8572713732719421
	0.8572167754173279
	0.8571546077728271
	0.8570941090583801
	0.857020378112793
	0.8569599986076355
	0.856916069984436
	0.8568547964096069
	0.8567997813224792
	0.8567461967468262
	0.8566808104515076
	0.8566408157348633
	0.8565791249275208
	0.8565342426300049
	0.8564741611480713
	0.8564088344573975
	0.8563596606254578
	0.8562947511672974
	0.8562300801277161
	0.8561906218528748
	0.8561379909515381
	0.8560745120048523
	0.8560160398483276
	0.8559620976448059
	0.8559000492095947
	0.8558396100997925
	0.8557704091072083
	0.8557178378105164
	0.8556777834892273
	0.8556256890296936
	0.8555806875228882
	0.8555325269699097
	0.8554844260215759
	0.8554200530052185
	0.855367124080658
	0.8553023338317871
	0.8552583456039429
	0.8552154898643494
	0.855164110660553
	0.8551176190376282
	0.8550618290901184
	0.8550180792808533
	0.8549630045890808
	0.8549062013626099
	0.8548429608345032
	0.8547914028167725
	0.8547394871711731
	0.8546788096427917
	0.8546293377876282
	0.8545832633972168
	0.8545258641242981
	0.8544774055480957
	0.854435920715332
	0.8543822169303894
	0.8543484807014465
	0.8542935848236084
	0.8542512059211731
	0.8542083501815796
	0.8541640639305115
	0.8541093468666077
	0.8540675044059753
	0.8540073037147522
	0.8539624214172363
	0.8539067506790161
	0.8538661003112793
	0.8538128733634949
	0.8537563681602478
	0.853702187538147
	0.8536646366119385
	0.8536043167114258
	0.8535629510879517
	0.8535134792327881
	0.8534578084945679
	0.8534070253372192
	0.8533671498298645
	0.8533086776733398
	0.8532587885856628
	0.8532121181488037
	0.8531680107116699
	0.8531092405319214
	0.8530632257461548
	0.853017270565033
	0.8529688715934753
	0.8529129028320312
	0.8528628945350647
	0.8528116345405579
	0.8527641296386719
	0.8527158498764038
	0.8526760339736938
	0.8526261448860168
	0.8525936603546143
	0.8525605201721191
	0.8525137305259705
	0.8524712920188904
	0.852423906326294
	0.8523783087730408
	0.8523390293121338
	0.8523014187812805
	0.8522579073905945
	0.8522025346755981
	0.8521658778190613
	0.852121114730835
	0.8520846366882324
	0.8520352244377136
	0.8519808650016785
	0.8519353866577148
	0.851890504360199
	0.8518361449241638
	0.85178142786026
	0.8517381548881531
	0.8517035841941833
	0.8516613245010376
	0.8516331911087036
	0.8515841364860535
	0.8515360355377197
	0.8514861464500427
	0.8514493703842163
	0.851405918598175
	0.8513530492782593
	0.8513164520263672
	0.8512778282165527
	0.8512333035469055
	0.851204514503479
	0.8511703014373779
	0.8511361479759216
	0.8510944247245789
	0.8510535359382629
	0.8510075807571411
	0.8509768843650818
	0.8509400486946106
	0.8508887887001038
	0.850850522518158
	0.850807249546051
	0.8507657647132874
	0.8507307171821594
	0.8506851196289062
	0.8506515622138977
	0.8506060242652893
	0.8505598306655884
	0.8505273461341858
	0.8504759669303894
	0.8504502177238464
	0.8504121899604797
	0.8503718972206116
	0.8503340482711792
	0.8503026962280273
	0.8502659201622009
	0.8502298593521118
	0.8501912951469421
	0.8501592874526978
	0.8501172661781311
	0.8500833511352539
	0.8500288724899292
	0.8499900698661804
	0.8499482870101929
	0.8499230742454529
	0.849880576133728
	0.8498466610908508
	0.8498057723045349
	0.8497705459594727
	0.8497468829154968
	0.8497053980827332
	0.8496630191802979
	0.8496266007423401
	0.8495790958404541
	0.849547266960144
	0.8495094776153564
	0.8494897484779358
	0.8494578003883362
	0.8494250774383545
	0.8493833541870117
	0.8493536114692688
	0.8493273854255676
	0.8492966294288635
	0.8492695093154907
	0.8492471575737
	0.8492159247398376
	0.8491825461387634
	0.8491420745849609
	0.8490967154502869
	0.8490561246871948
	0.8490322232246399
	0.849005937576294
	0.8489802479743958
	0.8489490747451782
	0.8489012718200684
	0.8488689064979553
	0.8488336801528931
	0.8487933874130249
	0.8487605452537537
	0.8487187027931213
	0.848686933517456
	0.848643958568573
	0.8486118316650391
	0.8485797643661499
	0.8485403060913086
	0.8485227823257446
	0.8484930396080017
	0.8484535217285156
	0.8484188914299011
	0.8483906388282776
	0.8483672142028809
	0.8483392596244812
	0.8483110070228577
	0.8482789397239685
	0.8482447862625122
	0.8482041358947754
	0.8481676578521729
	0.8481362462043762
	0.8481187224388123
	0.8480892777442932
	0.8480557799339294
	0.8480250239372253
	0.8479933142662048
	0.8479639291763306
	0.8479265570640564
	0.8478967547416687
	0.8478795289993286
	0.8478448390960693
	0.8478130102157593
	0.8477808237075806
	0.8477575778961182
	0.8477327823638916
	0.8476982116699219
	0.8476688861846924
	0.847632110118866
	0.8475925326347351
	0.8475645780563354
	0.8475382328033447
	0.8475021123886108
	0.8474774360656738
	0.8474504947662354
	0.8474207520484924
	0.8473767042160034
	0.8473480343818665
	0.8473118543624878
	0.8472804427146912
	0.8472384214401245
	0.8472146391868591
	0.8471808433532715
	0.8471425771713257
	0.8471164703369141
	0.8470689654350281
	0.8470393419265747
	0.8470005393028259
	0.8469595909118652
	0.8469327688217163
	0.8468999862670898
	0.8468701243400574
	0.8468452095985413
	0.8468154668807983
	0.846780002117157
	0.846748411655426
	0.8467167019844055
	0.8466903567314148
	0.8466631770133972
	0.8466390371322632
	0.8466073870658875
	0.8465810418128967
	0.8465495109558105
	0.846529483795166
	0.8464990258216858
	0.8464632630348206
	0.8464349508285522
	0.846393883228302
	0.846369743347168
	0.8463356494903564
	0.8463070392608643
	0.846269965171814
	0.8462445139884949
	0.846215546131134
	0.8461917042732239
	0.8461611866950989
	0.8461320400238037
	0.8461014628410339
	0.846076250076294
	0.8460609316825867
	0.8460308313369751
	0.8460034132003784
	0.8459803462028503
	0.8459499478340149
	0.8459169864654541
	0.8458850383758545
	0.8458555936813354
	0.8458126783370972
	0.8457857370376587
	0.8457568287849426
	0.8457210659980774
	0.8456872701644897
	0.8456494212150574
	0.8456180691719055
	0.8455949425697327
	0.8455651998519897
	0.8455396294593811
	0.8455057144165039
	0.8454801440238953
	0.8454424738883972
	0.8454106450080872
	0.8453752994537354
	0.8453550338745117
	0.8453215956687927
	0.8452856540679932
	0.8452502489089966
	0.8452232480049133
	0.8452038168907166
	0.8451845645904541
	0.8451575040817261
	0.8451224565505981
	0.8450992107391357
	0.8450576663017273
	0.8450247049331665
	0.8449918627738953
	0.8449752926826477
	0.8449404835700989
	0.8449044227600098
	0.8448804616928101
	0.8448581099510193
	0.8448324799537659
	0.8448126316070557
	0.8447743058204651
	0.8447557687759399
	0.844734251499176
	0.8447122573852539
	0.844677209854126
	0.8446506857872009
	0.8446131944656372
	0.8445844650268555
	0.8445612192153931
	0.844542384147644
	0.8445136547088623
	0.8444831967353821
	0.8444546461105347
	0.8444235920906067
	0.8444048762321472
	0.8443759083747864
	0.8443511724472046
	0.8443242311477661
	0.8442981243133545
	0.8442756533622742
	0.8442497253417969
	0.8442348837852478
	0.8441988229751587
	0.844174325466156
	0.8441376686096191
	0.8440948724746704
	0.8440738320350647
	0.8440508246421814
	0.8440229296684265
	0.8440039157867432
	0.8439866900444031
	0.8439564108848572
	0.8439254760742188
	0.8439026474952698
	0.8438687920570374
	0.843849778175354
	0.8438317179679871
	0.8438166379928589
	0.8437807559967041
	0.8437620401382446
	0.8437405824661255
	0.8437139391899109
	0.8436828851699829
	0.8436649441719055
	0.8436340093612671
	0.843611478805542
	0.8435778021812439
	0.8435499668121338
	0.8435259461402893
	0.8434931039810181
	0.8434682488441467
	0.8434654474258423
	0.8434420824050903
	0.843413233757019
	0.8433815836906433
	0.843360960483551
	0.8433284759521484
	0.8432939648628235
	0.8432717323303223
	0.8432482481002808
	0.8432170152664185
	0.8431897759437561
	0.8431655168533325
	0.8431302905082703
	0.8431126475334167
	0.8430808186531067
	0.8430459499359131
	0.8430253267288208
	0.8430085778236389
	0.8429768085479736
	0.8429588675498962
	0.8429111242294312
	0.8428804874420166
	0.8428502082824707
	0.8428215980529785
	0.8427995443344116
	0.8427767157554626
	0.842748761177063
	0.8427304029464722
	0.842703104019165
	0.8426816463470459
	0.8426676988601685
	0.8426451086997986
	0.8426296710968018
	0.8425943851470947
	0.8425696492195129
	0.8425559401512146
	0.8425347208976746
	0.8425096273422241
	0.842483401298523
	0.8424654603004456
	0.8424381613731384
	0.8424124121665955
	0.842393159866333
	0.8423755168914795
	0.8423579931259155
	0.8423366546630859
	0.8423047065734863
	0.8422768712043762
	0.8422387838363647
	0.8422256708145142
	0.8422041535377502
	0.8421764969825745
	0.8421585559844971
	0.8421341180801392
	0.8420976996421814
	0.842069149017334
	0.8420429825782776
	0.8419986367225647
	0.8419812917709351
	0.8419456481933594
	0.8419318795204163
	0.8419065475463867
	0.8418875336647034
	0.8418663144111633
	0.8418282270431519
	0.8418112993240356
	0.8417920470237732
	0.8417628407478333
	0.8417154550552368
	0.8417049050331116
	0.8416873216629028
	0.8416702747344971
	0.8416429162025452
	0.8416067957878113
	0.841571033000946
	0.8415436744689941
	0.8415259122848511
	0.8415004014968872
	0.8414783477783203
	0.8414595127105713
	0.8414393067359924
	0.8414138555526733
	0.8413990139961243
	0.8413723111152649
	0.8413533568382263
	0.8413295149803162
	0.8413195013999939
	0.8412845134735107
	0.8412591814994812
	0.8412359356880188
	0.8412079215049744
	0.8411852717399597
	0.8411634564399719
	0.841137170791626
	0.841105043888092
	0.8410807251930237
	0.841044545173645
	0.8410208821296692
	0.8409967422485352
	0.8409634828567505
	0.8409475088119507
	0.8409203290939331
	0.8409029841423035
	0.8408731818199158
	0.8408536314964294
	0.8408223986625671
	0.8407930135726929
	0.8407638072967529
	0.8407236933708191
	0.840682327747345
	0.8406678438186646
	0.8406410813331604
	0.8406200408935547
	0.8405891060829163
	0.840573787689209
	0.8405435085296631
	0.8405151963233948
	0.8405043482780457
	0.8404684662818909
	0.840434730052948
	0.8404104113578796
	0.8403745293617249
	0.8403410911560059
	0.8403212428092957
	0.8402830958366394
	0.8402601480484009
	0.8402350544929504
	0.840214192867279
	0.8401882648468018
	0.8401716351509094
	0.8401414752006531
	0.8401087522506714
	0.8400959372520447
	0.8400846719741821
	0.8400631546974182
	0.8400436639785767
	0.8400130867958069
	0.8399843573570251
	0.8399526476860046
	0.8399217128753662
	0.8398802280426025
	0.8398606181144714
	0.8398330211639404
	0.839803159236908
	0.8397822976112366
	0.8397637009620667
	0.8397412300109863
	0.839714765548706
	0.8396950364112854
	0.8396787047386169
	0.8396502733230591
	0.8396264314651489
	0.8396055102348328
	0.8395805358886719
	0.8395619988441467
	0.8395372629165649
	0.8395208120346069
	0.8395043611526489
	0.8394763469696045
	0.8394611477851868
	0.8394361138343811
	0.8394055366516113
	0.8393812775611877
	0.8393564820289612
	0.8393431305885315
	0.8393177390098572
	0.8392800092697144
	0.8392640948295593
	0.8392432928085327
	0.8392091393470764
	0.8391848802566528
	0.8391583561897278
	0.839141845703125
	0.8391154408454895
	0.8390976786613464
	0.8390772342681885
	0.8390622735023499
	0.8390429019927979
	0.8390188813209534
	0.8390093445777893
	0.83897864818573
	0.83894944190979
	0.8389148712158203
	0.838893473148346
	0.8388720154762268
	0.8388251066207886
	0.8388066291809082
	0.8387789130210876
	0.8387532234191895
	0.8387162089347839
	0.8386910557746887
	0.8386659026145935
	0.8386328816413879
	0.8386200666427612
	0.838604748249054
	0.8385791778564453
	0.8385579586029053
	0.8385174870491028
	0.8384833335876465
	0.8384606838226318
	0.8384495377540588
	0.8384337425231934
	0.8384131789207458
	0.838384747505188
	0.8383533358573914
	0.8383274078369141
	0.8383039832115173
	0.8382616639137268
	0.8382347226142883
	0.8382059335708618
	0.83818519115448
	0.8381676077842712
	0.8381343483924866
	0.8381072878837585
	0.8380757570266724
	0.8380342125892639
	0.8380081653594971
	0.8379760384559631
	0.8379562497138977
	0.8379209041595459
	0.8378915190696716
	0.8378638029098511
	0.8378526568412781
	0.8378292322158813
	0.8378127813339233
	0.8377785682678223
	0.8377385139465332
	0.8377052545547485
	0.8376725316047668
	0.8376386165618896
	0.8375990390777588
	0.8375599980354309
	0.8375496864318848
	0.8375229835510254
	0.8375016450881958
	0.8374865055084229
	0.8374729156494141
	0.8374432921409607
	0.8374245166778564
	0.8374026417732239
	0.8373720049858093
	0.8373363614082336
	0.8373031616210938
	0.8372761011123657
	0.8372555375099182
	0.8372251391410828
	0.8372059464454651
	0.83717942237854
	0.8371488451957703
	0.8371147513389587
	0.837088406085968
	0.8370632529258728
	0.8370302319526672
	0.8370091915130615
	0.8369788527488708
	0.836970329284668
	0.8369459509849548
	0.8369328379631042
	0.8369134068489075
	0.8368865251541138
	0.8368613719940186
	0.8368282914161682
	0.8367996215820312
	0.8367741703987122
	0.8367535471916199
	0.8367299437522888
	0.836712121963501
	0.836689293384552
	0.8366727232933044
]