[
	1.1268566846847534
	1.1267763376235962
	1.1266827583312988
	1.1266189813613892
	1.1265368461608887
	1.1264556646347046
	1.126378059387207
	1.1263009309768677
	1.1262240409851074
	1.1261482238769531
	1.1260746717453003
	1.1259855031967163
	1.1259087324142456
	1.1258347034454346
	1.125760555267334
	1.1256805658340454
	1.1255979537963867
	1.1255171298980713
	1.1254557371139526
	1.1253776550292969
	1.125306248664856
	1.1252377033233643
	1.1251693964004517
	1.1251112222671509
	1.125028371810913
	1.124967098236084
	1.124894142150879
	1.1248273849487305
	1.124759554862976
	1.1246697902679443
	1.1246094703674316
	1.1245448589324951
	1.1244546175003052
	1.124401569366455
	1.1243343353271484
	1.1242538690567017
	1.1241958141326904
	1.1241235733032227
	1.1240581274032593
	1.1239889860153198
	1.1239160299301147
	1.1238292455673218
	1.123754620552063
	1.1236815452575684
	1.1236145496368408
	1.1235346794128418
	1.1234647035598755
	1.1233872175216675
	1.1233086585998535
	1.1232435703277588
	1.123180866241455
	1.1231046915054321
	1.1230270862579346
	1.1229422092437744
	1.1228690147399902
	1.1227922439575195
	1.122735857963562
	1.1226673126220703
	1.1226078271865845
	1.1225484609603882
	1.1224838495254517
	1.1224188804626465
	1.1223745346069336
	1.1223145723342896
	1.1222633123397827
	1.122198462486267
	1.1221336126327515
	1.1220712661743164
	1.122009515762329
	1.121938705444336
	1.1218851804733276
	1.1218115091323853
	1.121750831604004
	1.1216835975646973
	1.1216164827346802
	1.1215416193008423
	1.1214792728424072
	1.1214016675949097
	1.1213324069976807
	1.121276617050171
	1.1212066411972046
	1.12114417552948
	1.1210769414901733
	1.1210325956344604
	1.1209640502929688
	1.120893955230713
	1.120831847190857
	1.1207756996154785
	1.1207125186920166
	1.1206616163253784
	1.1205779314041138
	1.120505690574646
	1.12045419216156
	1.1203889846801758
	1.120319128036499
	1.1202436685562134
	1.120172142982483
	1.1201138496398926
	1.120057225227356
	1.119999647140503
	1.1199535131454468
	1.119905948638916
	1.1198430061340332
	1.1197792291641235
	1.1197144985198975
	1.119658350944519
	1.1195976734161377
	1.119533896446228
	1.1194778680801392
	1.1194294691085815
	1.1193819046020508
	1.1193115711212158
	1.1192500591278076
	1.11918044090271
	1.1191190481185913
	1.119057059288025
	1.1190060377120972
	1.1189502477645874
	1.118882656097412
	1.1188359260559082
	1.118784785270691
	1.1187249422073364
	1.1186697483062744
	1.1186226606369019
	1.1185725927352905
	1.1185029745101929
	1.1184543371200562
	1.1183897256851196
	1.1183453798294067
	1.1182968616485596
	1.1182523965835571
	1.1181845664978027
	1.1181285381317139
	1.118082880973816
	1.1180287599563599
	1.1179766654968262
	1.1179167032241821
	1.1178646087646484
	1.1178056001663208
	1.1177572011947632
	1.117700219154358
	1.1176631450653076
	1.1176055669784546
	1.1175596714019775
	1.1174988746643066
	1.1174451112747192
	1.117402195930481
	1.117322564125061
	1.1172739267349243
	1.117226004600525
	1.1171743869781494
	1.1171183586120605
	1.117065668106079
	1.11701500415802
	1.1169661283493042
	1.116899013519287
	1.1168427467346191
	1.1167716979980469
	1.1167211532592773
	1.1166679859161377
	1.1166229248046875
	1.1165657043457031
	1.1165142059326172
	1.1164659261703491
	1.1164219379425049
	1.116369366645813
	1.1163250207901
	1.1162798404693604
	1.1162303686141968
	1.1161805391311646
	1.1161317825317383
	1.1160918474197388
	1.116042971611023
	1.1159920692443848
	1.1159547567367554
	1.1159230470657349
	1.1158808469772339
	1.1158329248428345
	1.1157852411270142
	1.1157498359680176
	1.1156935691833496
	1.1156431436538696
	1.115607500076294
	1.115572214126587
	1.1155184507369995
	1.1154580116271973
	1.1154062747955322
	1.1153545379638672
	1.1153154373168945
	1.1152539253234863
	1.1152089834213257
	1.1151723861694336
	1.1151316165924072
	1.1150782108306885
	1.1150407791137695
	1.1149946451187134
	1.1149582862854004
	1.1149084568023682
	1.1148499250411987
	1.1148130893707275
	1.114770531654358
	1.1147395372390747
	1.1147023439407349
	1.1146656274795532
	1.1146234273910522
	1.1145737171173096
	1.1145204305648804
	1.114476203918457
	1.11443293094635
	1.1143770217895508
	1.1143205165863037
	1.114276647567749
	1.114223837852478
	1.114195704460144
	1.1141612529754639
	1.1141278743743896
	1.1140857934951782
	1.1140592098236084
	1.1140228509902954
	1.1139843463897705
	1.113926887512207
	1.1138801574707031
	1.1138416528701782
	1.1137903928756714
	1.1137655973434448
	1.113722324371338
	1.11367928981781
	1.1136372089385986
	1.1135896444320679
	1.1135532855987549
	1.1134960651397705
	1.1134557723999023
	1.1134084463119507
	1.1133673191070557
	1.113316297531128
	1.1132713556289673
	1.1132192611694336
	1.1131733655929565
	1.1131328344345093
	1.1131048202514648
	1.1130671501159668
	1.1130256652832031
	1.1129788160324097
	1.1129423379898071
	1.1129058599472046
	1.1128716468811035
	1.112819790840149
	1.112780213356018
	1.1127375364303589
	1.112691879272461
	1.112639307975769
	1.1126048564910889
	1.1125733852386475
	1.1125309467315674
	1.1124812364578247
	1.1124331951141357
	1.1123967170715332
	1.1123502254486084
	1.112313985824585
	1.1122729778289795
	1.1122437715530396
	1.1122125387191772
	1.112174391746521
	1.1121370792388916
	1.1121021509170532
	1.1120463609695435
	1.1120038032531738
	1.1119685173034668
	1.1119298934936523
	1.1118899583816528
	1.1118638515472412
	1.1118181943893433
	1.1117784976959229
	1.1117234230041504
	1.1116759777069092
	1.1116288900375366
	1.1115920543670654
	1.1115576028823853
	1.1115267276763916
	1.111472487449646
	1.1114399433135986
	1.1114051342010498
	1.1113654375076294
	1.1113232374191284
	1.111279845237732
	1.11122727394104
	1.111180067062378
	1.1111376285552979
	1.1110941171646118
	1.1110633611679077
	1.111036777496338
	1.1110049486160278
	1.1109675168991089
	1.1109267473220825
	1.1108921766281128
	1.110853672027588
	1.110823392868042
	1.1107864379882812
	1.1107451915740967
	1.110696792602539
	1.110658049583435
	1.110627293586731
	1.1105960607528687
	1.1105670928955078
	1.1105282306671143
	1.1104929447174072
	1.1104553937911987
	1.1104304790496826
	1.1103968620300293
	1.1103707551956177
	1.110331416130066
	1.110291600227356
	1.1102643013000488
	1.1102237701416016
	1.1101884841918945
	1.1101539134979248
	1.1101213693618774
	1.1100796461105347
	1.1100318431854248
	1.1099934577941895
	1.109954833984375
	1.1099156141281128
	1.1098768711090088
	1.109843134880066
	1.1098010540008545
	1.1097736358642578
	1.1097362041473389
	1.109695315361023
	1.1096596717834473
	1.1096247434616089
	1.1095927953720093
	1.1095622777938843
	1.1095194816589355
	1.1094869375228882
	1.109452486038208
	1.1094204187393188
	1.1093980073928833
	1.109377145767212
	1.1093541383743286
	1.1093380451202393
	1.109306812286377
	1.109283447265625
	1.1092379093170166
	1.1092135906219482
	1.1091957092285156
	1.1091769933700562
	1.1091457605361938
	1.109114408493042
	1.10906982421875
	1.1090257167816162
	1.1089922189712524
	1.108959674835205
	1.1089316606521606
	1.1089048385620117
	1.1088690757751465
	1.10883629322052
	1.108809232711792
	1.108771562576294
	1.1087346076965332
	1.1087011098861694
	1.1086636781692505
	1.108635425567627
	1.1086007356643677
	1.1085749864578247
	1.1085489988327026
	1.1085190773010254
	1.1084887981414795
	1.1084567308425903
	1.108436107635498
	1.1084110736846924
	1.1083805561065674
	1.108349084854126
	1.1083195209503174
	1.108282446861267
	1.1082557439804077
	1.1082261800765991
	1.10818350315094
	1.1081490516662598
	1.1081233024597168
	1.108093023300171
	1.1080652475357056
	1.1080551147460938
	1.1080207824707031
	1.1079992055892944
	1.1079661846160889
	1.1079274415969849
	1.107896089553833
	1.1078680753707886
	1.1078526973724365
	1.1078294515609741
	1.107793927192688
	1.1077616214752197
	1.1077194213867188
	1.1076840162277222
	1.1076518297195435
	1.1076223850250244
	1.107596516609192
	1.107551097869873
	1.1075234413146973
	1.1075056791305542
	1.1074737310409546
	1.1074490547180176
	1.1074379682540894
	1.1074094772338867
	1.1073802709579468
	1.1073557138442993
	1.1073285341262817
	1.1072977781295776
	1.1072710752487183
	1.1072430610656738
	1.1072232723236084
	1.1071887016296387
	1.1071765422821045
	1.1071324348449707
	1.1071079969406128
	1.1070753335952759
	1.107049822807312
	1.1070330142974854
	1.1070067882537842
	1.1069879531860352
	1.1069732904434204
	1.1069363355636597
	1.1069152355194092
	1.1068916320800781
	1.10686194896698
	1.1068286895751953
	1.1068089008331299
	1.1067734956741333
	1.1067380905151367
	1.106710433959961
	1.1066863536834717
	1.1066582202911377
	1.1066313982009888
	1.1066057682037354
	1.106574535369873
	1.1065523624420166
	1.1065247058868408
	1.1064951419830322
	1.1064444780349731
	1.1064152717590332
	1.1063953638076782
	1.1063741445541382
	1.1063491106033325
	1.1063206195831299
	1.1062984466552734
	1.1062886714935303
	1.1062668561935425
	1.1062374114990234
	1.1062132120132446
	1.106189489364624
	1.1061711311340332
	1.106148362159729
	1.1061310768127441
	1.1061080694198608
	1.1060866117477417
	1.1060599088668823
	1.1060439348220825
	1.1060127019882202
	1.1059885025024414
	1.1059623956680298
	1.1059330701828003
	1.105893850326538
	1.1058677434921265
	1.105837345123291
	1.105814814567566
	1.1057672500610352
	1.1057510375976562
	1.1057277917861938
	1.1057063341140747
	1.1056922674179077
	1.105675458908081
	1.1056537628173828
	1.1056286096572876
	1.1056123971939087
	1.1055941581726074
	1.105568289756775
	1.1055543422698975
	1.1055288314819336
	1.1054985523223877
	1.1054636240005493
	1.1054424047470093
	1.1054224967956543
	1.1054037809371948
	1.1053818464279175
	1.1053602695465088
	1.105339527130127
	1.1053168773651123
	1.1052998304367065
	1.105278730392456
	1.1052449941635132
	1.1052263975143433
	1.105206847190857
	1.1051884889602661
	1.1051580905914307
	1.105148434638977
	1.1051256656646729
	1.1050989627838135
	1.105072021484375
	1.1050419807434082
	1.1050258874893188
	1.1050057411193848
	1.1050032377243042
	1.105002760887146
	1.104985237121582
	1.1049623489379883
	1.104946255683899
	1.1049259901046753
	1.1049095392227173
	1.1048946380615234
	1.1048775911331177
	1.104867696762085
	1.1048542261123657
	1.1048306226730347
	1.1047998666763306
	1.1047784090042114
	1.1047656536102295
	1.1047486066818237
	1.104722261428833
	1.1046892404556274
	1.1046770811080933
	1.1046639680862427
	1.1046518087387085
	1.1046366691589355
	1.1046142578125
	1.104588508605957
	1.1045746803283691
	1.104541540145874
	1.1045042276382446
	1.1044666767120361
	1.1044321060180664
	1.1044292449951172
	1.1044071912765503
	1.1043927669525146
	1.1043837070465088
	1.1043668985366821
	1.104356288909912
	1.1043510437011719
	1.1043400764465332
	1.1043205261230469
	1.104302167892456
	1.1042938232421875
	1.1042827367782593
	1.1042733192443848
	1.1042487621307373
	1.1042261123657227
	1.1042174100875854
	1.1042051315307617
	1.104180932044983
	1.1041768789291382
	1.1041560173034668
	1.1041425466537476
	1.1041377782821655
	1.1041274070739746
	1.1041102409362793
	1.1040902137756348
	1.1040855646133423
	1.1040716171264648
	1.1040527820587158
	1.1040512323379517
	1.104042649269104
	1.1040308475494385
	1.104021668434143
	1.1039996147155762
	1.1039987802505493
	1.1039913892745972
	1.1039676666259766
	1.1039466857910156
	1.1039342880249023
	1.1039135456085205
	1.1039029359817505
	1.1038987636566162
	1.103890299797058
	1.1038780212402344
	1.1038718223571777
	1.1038615703582764
	1.1038317680358887
	1.1038163900375366
	1.1038013696670532
	1.1037952899932861
	1.1037797927856445
	1.1037623882293701
	1.103743314743042
	1.1037249565124512
	1.1037148237228394
	1.1036958694458008
	1.1036707162857056
	1.1036410331726074
	1.1036319732666016
	1.1036090850830078
	1.1035922765731812
	1.1035711765289307
	1.1035559177398682
	1.1035490036010742
	1.1035242080688477
	1.1035083532333374
	1.10350501537323
	1.1034908294677734
	1.1034739017486572
	1.103447675704956
	1.103437066078186
	1.1034200191497803
	1.1034088134765625
	1.1033920049667358
	1.1033867597579956
	1.1033787727355957
	1.103369951248169
	1.1033512353897095
	1.103351354598999
	1.1033368110656738
	1.103320837020874
	1.1033059358596802
	1.1033039093017578
	1.1033077239990234
	1.103298544883728
	1.1032816171646118
	1.103272795677185
	1.1032474040985107
	1.1032418012619019
	1.1032296419143677
	1.1032274961471558
	1.1032238006591797
	1.1032239198684692
	1.1032181978225708
	1.103218913078308
	1.1032042503356934
	1.103197693824768
	1.1031923294067383
	1.103181004524231
	1.1031641960144043
	1.103149175643921
	1.1031506061553955
	1.1031358242034912
	1.103124737739563
	1.103124976158142
	1.103121042251587
	1.103095531463623
	1.1030875444412231
	1.1030762195587158
	1.1030690670013428
	1.1030659675598145
	1.1030652523040771
	1.1030570268630981
	1.1030384302139282
	1.1030304431915283
	1.103017807006836
	1.1030017137527466
	1.1029878854751587
	1.102973461151123
	1.102952480316162
	1.102946162223816
	1.1029281616210938
	1.102921485900879
	1.102920413017273
	1.1029053926467896
	1.1028962135314941
	1.102887749671936
	1.1028772592544556
	1.1028615236282349
	1.102854609489441
	1.102846384048462
	1.1028410196304321
	1.1028332710266113
	1.1028193235397339
	1.102821707725525
	1.1028209924697876
	1.1028145551681519
	1.102798342704773
	1.1027823686599731
	1.102761149406433
	1.102739930152893
	1.1027231216430664
	1.1027153730392456
	1.102700114250183
	1.1026886701583862
	1.1026726961135864
	1.102674961090088
	1.1026618480682373
	1.1026352643966675
	1.1026256084442139
	1.1026073694229126
	1.102597951889038
	1.1025965213775635
	1.1025934219360352
	1.102584958076477
	1.102576494216919
	1.1025797128677368
	1.102571725845337
	1.1025567054748535
	1.102554440498352
	1.1025477647781372
	1.1025320291519165
	1.1025234460830688
	1.1025105714797974
	1.102495789527893
	1.1024940013885498
	1.102476716041565
	1.102472186088562
	1.1024577617645264
	1.102441668510437
	1.1024384498596191
	1.1024359464645386
	1.1024249792099
	1.1024038791656494
	1.1023889780044556
	1.1023772954940796
	1.102372169494629
	1.1023722887039185
	1.1023679971694946
	1.1023672819137573
	1.102359414100647
	1.1023563146591187
	1.1023492813110352
	1.1023342609405518
	1.1023215055465698
	1.102319598197937
	1.1023112535476685
	1.1023194789886475
	1.102308750152588
	1.1022909879684448
	1.1022863388061523
	1.1022822856903076
	1.1022729873657227
	1.1022604703903198
	1.102250099182129
	1.102232813835144
	1.1022279262542725
	1.1022275686264038
	1.1022142171859741
	1.1022025346755981
	1.1021982431411743
	1.102197527885437
	1.1021960973739624
	1.1021867990493774
	1.102181077003479
	1.102177619934082
	1.1021652221679688
	1.1021801233291626
	1.102168321609497
	1.1021682024002075
	1.1021642684936523
	1.1021502017974854
	1.10214364528656
	1.1021455526351929
	1.1021345853805542
	1.10214102268219
	1.1021347045898438
	1.1021226644515991
	1.1021157503128052
	1.1021039485931396
	1.1020947694778442
	1.1020773649215698
	1.1020653247833252
	1.1020556688308716
	1.1020469665527344
	1.1020389795303345
	1.1020375490188599
	1.102035641670227
	1.1020359992980957
	1.1020408868789673
	1.1020246744155884
	1.1020150184631348
	1.1020088195800781
	1.1020009517669678
	1.1019929647445679
	1.1019845008850098
	1.101986050605774
	1.101975440979004
	1.1019675731658936
	1.1019493341445923
	1.1019343137741089
	1.101928472518921
	1.101932168006897
	1.1019333600997925
	1.1019294261932373
	1.1019197702407837
	1.1019126176834106
	1.101905345916748
	1.101907730102539
	1.1018989086151123
	1.1018915176391602
	1.1018778085708618
	1.101874828338623
	1.1018692255020142
	1.1018623113632202
	1.1018563508987427
	1.10185706615448
	1.1018489599227905
	1.1018465757369995
	1.1018420457839966
	1.1018462181091309
	1.1018329858779907
	1.1018226146697998
	1.1018214225769043
	1.1018208265304565
	1.1018202304840088
	1.101829171180725
	1.1018168926239014
	1.1018081903457642
	1.1018102169036865
	1.1018134355545044
	1.1018075942993164
	1.1017972230911255
	1.1017951965332031
	1.1017998456954956
	1.1017969846725464
	1.1017868518829346
	1.1017721891403198
	1.1017729043960571
	1.101750135421753
	1.1017401218414307
	1.1017357110977173
	1.1017323732376099
	1.10172438621521
	1.1017178297042847
	1.1017175912857056
	1.1017009019851685
	1.1016994714736938
	1.1016855239868164
	1.1016838550567627
	1.101679801940918
	1.1016780138015747
	1.1016700267791748
	1.1016654968261719
	1.1016499996185303
	1.10165274143219
	1.1016473770141602
	1.1016391515731812
	1.1016322374343872
	1.1016391515731812
	1.1016331911087036
	1.1016367673873901
	1.1016266345977783
	1.1016194820404053
	1.1016204357147217
	1.1016128063201904
	1.1016151905059814
	1.1016108989715576
	1.1016170978546143
	1.101608157157898
	1.1015996932983398
	1.1015926599502563
	1.1015959978103638
	1.1015936136245728
	1.1015859842300415
	1.1015775203704834
	1.1015703678131104
	1.101550817489624
	1.101563811302185
	1.1015610694885254
	1.1015584468841553
	1.1015545129776
	1.1015455722808838
	1.101537823677063
	1.101543664932251
	1.1015385389328003
	1.1015417575836182
	1.1015374660491943
	1.1015340089797974
	1.1015350818634033
	1.1015247106552124
	1.1015269756317139
	1.1015297174453735
	1.1015242338180542
	1.101510763168335
	1.1015008687973022
	1.1014912128448486
	1.1014915704727173
	1.1014854907989502
	1.1014817953109741
	1.1014755964279175
	1.1014513969421387
	1.101446270942688
	1.1014456748962402
	1.1014471054077148
	1.1014378070831299
	1.1014405488967896
	1.1014386415481567
	1.1014301776885986
	1.1014238595962524
	1.1014337539672852
	1.1014268398284912
	1.1014150381088257
	1.1014115810394287
	1.1014037132263184
	1.101404070854187
	1.1014002561569214
	1.1013872623443604
	1.1013882160186768
	1.101381778717041
	1.1013741493225098
	1.1013587713241577
	1.1013591289520264
	1.1013643741607666
	1.1013633012771606
	1.1013556718826294
	1.1013574600219727
	1.101346731185913
	1.1013516187667847
	1.1013438701629639
	1.1013418436050415
	1.101343035697937
	1.1013429164886475
	1.1013346910476685
	1.1013221740722656
	1.1013131141662598
	1.1013139486312866
	1.1013123989105225
	1.1013257503509521
	1.1013262271881104
	1.1013325452804565
	1.1013257503509521
	1.1013215780258179
	1.1013129949569702
	1.1013082265853882
	1.1012990474700928
	1.1013031005859375
	1.101292610168457
	1.1012885570526123
	1.1012861728668213
	1.1012794971466064
	1.1012794971466064
	1.1012729406356812
	1.1012777090072632
	1.101279616355896
	1.101279854774475
	1.1012675762176514
	1.1012651920318604
	1.101273536682129
	1.101265549659729
	1.1012625694274902
	1.1012675762176514
	1.1012604236602783
	1.101249098777771
	1.1012462377548218
	1.1012462377548218
	1.1012461185455322
	1.1012502908706665
	1.101247787475586
	1.1012543439865112
	1.1012476682662964
	1.1012389659881592
	1.101232647895813
	1.1012401580810547
	1.1012462377548218
	1.1012227535247803
	1.1012003421783447
	1.1011931896209717
	1.1011933088302612
	1.101186990737915
	1.1011757850646973
	1.1011652946472168
	1.1011524200439453
	1.1011402606964111
	1.1011372804641724
	1.1011193990707397
	1.1011275053024292
	1.1011391878128052
	1.1011441946029663
	1.1011296510696411
	1.1011313199996948
	1.1011289358139038
	1.1011325120925903
	1.1011250019073486
	1.1011139154434204
	1.1011130809783936
	1.1011085510253906
	1.101104497909546
	1.1010984182357788
	1.1010956764221191
	1.101086139678955
	1.1010921001434326
	1.1010856628417969
	1.1010748147964478
	1.101089358329773
	1.1010794639587402
	1.1010708808898926
	1.101074457168579
	1.101059913635254
	1.1010526418685913
	1.1010438203811646
	1.1010383367538452
	1.1010321378707886
	1.1010245084762573
	1.1010231971740723
	1.1010284423828125
	1.1010220050811768
	1.1010147333145142
	1.101000428199768
	1.1010059118270874
	1.1010069847106934
	1.1010076999664307
	1.1010092496871948
	1.1010102033615112
	1.1010029315948486
	1.1010031700134277
	1.1009973287582397
	1.1009886264801025
	1.1009823083877563
	1.1009851694107056
	1.1009777784347534
	1.1009687185287476
	1.1009656190872192
	1.1009544134140015
	1.1009477376937866
	1.1009421348571777
	1.100943922996521
	1.1009345054626465
	1.1009272336959839
	1.1009215116500854
	1.1009225845336914
	1.1009137630462646
	1.1009007692337036
	1.100886344909668
	1.1008731126785278
	1.1008819341659546
	1.1008687019348145
	1.1008658409118652
	1.1008623838424683
	1.100838541984558
	1.1008400917053223
	1.1008379459381104
	1.1008268594741821
	1.100827932357788
	1.1008323431015015
	1.1008267402648926
	1.100833535194397
	1.1008496284484863
	1.1008474826812744
	1.1008411645889282
	1.1008453369140625
	1.1008374691009521
	1.100838541984558
	1.1008412837982178
	1.1008353233337402
	1.1008306741714478
	1.1008141040802002
	1.1008096933364868
	1.100815773010254
	1.10081148147583
	1.1008124351501465
	1.1008081436157227
	1.1008037328720093
	1.100805640220642
	1.1008002758026123
	1.1007875204086304
	1.100782036781311
	1.100770354270935
	1.1007674932479858
	1.1007657051086426
	1.1007599830627441
	1.1007577180862427
	1.1007542610168457
	1.1007487773895264
	1.1007474660873413
	1.100743293762207
	1.100731611251831
	1.1007353067398071
	1.1007404327392578
	1.100730299949646
	1.100722074508667
	1.100721001625061
	1.100724458694458
	1.1007192134857178
	1.1007136106491089
	1.1007221937179565
	1.1007224321365356
	1.1007189750671387
	1.100706696510315
	1.1006981134414673
	1.1006802320480347
	1.1006780862808228
	1.1006771326065063
	1.1006876230239868
	1.1006901264190674
	1.1007013320922852
	1.1006789207458496
	1.1006776094436646
	1.1006640195846558
	1.100665807723999
	1.1006548404693604
	1.1006531715393066
	1.1006371974945068
	1.100636601448059
	1.100639820098877
	1.1006218194961548
	1.1006118059158325
	1.1006155014038086
	1.1006159782409668
	1.1006039381027222
	1.1006172895431519
	1.1006102561950684
	1.1006029844284058
	1.1006035804748535
	1.100616216659546
	1.1006063222885132
	1.1005991697311401
	1.1006007194519043
	1.1005916595458984
	1.1005921363830566
	1.100601315498352
	1.100598931312561
	1.1005934476852417
	1.1005908250808716
	1.1005817651748657
	1.1005736589431763
	1.100569725036621
	1.1005754470825195
	1.1005624532699585
	1.1005572080612183
	1.1005431413650513
	1.10055410861969
	1.1005549430847168
	1.1005514860153198
	1.1005617380142212
	1.1005624532699585
	1.1005632877349854
	1.1005491018295288
	1.100545048713684
	1.1005384922027588
	1.1005337238311768
	1.1005380153656006
	1.1005312204360962
	1.1005290746688843
	1.1005408763885498
	1.1005498170852661
	1.1005429029464722
	1.1005514860153198
	1.1005510091781616
	1.100545048713684
	1.1005231142044067
	1.1005293130874634
	1.100533127784729
	1.1005305051803589
	1.1005408763885498
	1.1005330085754395
	1.1005343198776245
	1.1005340814590454
	1.1005390882492065
	1.1005492210388184
	1.1005518436431885
	1.1005407571792603
	1.1005284786224365
	1.1005351543426514
	1.1005314588546753
	1.1005289554595947
	1.1005252599716187
	1.1005221605300903
	1.1005171537399292
	1.10051429271698
	1.1005098819732666
	1.1004996299743652
	1.1004894971847534
	1.100484013557434
	1.1004853248596191
	1.1004638671875
	1.100461483001709
	1.1004689931869507
	1.1004712581634521
	1.1004741191864014
	1.1004741191864014
	1.1004748344421387
	1.100489854812622
	1.1004830598831177
	1.100481390953064
	1.1004705429077148
	1.1004694700241089
	1.1004767417907715
	1.1004568338394165
	1.1004624366760254
	1.1004700660705566
	1.100451946258545
	1.100436806678772
	1.1004246473312378
	1.100429892539978
	1.1004114151000977
	1.100389838218689
	1.1003868579864502
	1.1003822088241577
	1.1003713607788086
	1.1003766059875488
	1.1003726720809937
	1.1003708839416504
	1.1003671884536743
	1.1003599166870117
	1.1003514528274536
	1.1003527641296387
	1.1003608703613281
	1.1003518104553223
	1.1003527641296387
	1.1003543138504028
	1.100341558456421
	1.1003479957580566
	1.100357174873352
	1.1003527641296387
	1.100352168083191
	1.1003541946411133
	1.1003406047821045
	1.1003408432006836
	1.1003460884094238
	1.100350022315979
	1.1003440618515015
	1.1003445386886597
	1.1003506183624268
	1.1003406047821045
	1.1003254652023315
	1.1003170013427734
	1.100306510925293
	1.1003059148788452
	1.1003086566925049
	1.1003047227859497
	1.1003093719482422
	1.1003236770629883
	1.1003203392028809
	1.1003236770629883
	1.1003234386444092
	1.100326657295227
	1.100326657295227
	1.100324034690857
	1.1003260612487793
	1.1003228425979614
	1.1003142595291138
	1.1003128290176392
	1.1003105640411377
	1.100309133529663
	1.100311040878296
	1.1003069877624512
	1.1003010272979736
	1.100299596786499
	1.1002984046936035
	1.1003071069717407
	1.1003024578094482
	1.100300908088684
	1.1002936363220215
	1.1002899408340454
	1.1002757549285889
	1.1002708673477173
	1.100267767906189
	1.1002650260925293
	1.100265383720398
	1.1002588272094727
	1.100255012512207
	1.1002498865127563
	1.1002565622329712
	1.1002624034881592
	1.1002713441848755
	1.1002740859985352
	1.100273609161377
	1.1002639532089233
	1.1002789735794067
	1.100287914276123
	1.1002856492996216
	1.1002851724624634
	1.1002825498580933
	1.1002860069274902
	1.1002941131591797
	1.1002942323684692
	1.100291132926941
	1.1002898216247559
	1.1002800464630127
	1.1002875566482544
	1.1002986431121826
	1.1002922058105469
	1.1002975702285767
	1.1003133058547974
	1.1003258228302002
	1.10033118724823
	1.1003402471542358
	1.100335717201233
	1.1003456115722656
	1.1003456115722656
	1.1003392934799194
	1.1003330945968628
	1.100325107574463
	1.1003284454345703
	1.1003339290618896
	1.1003284454345703
	1.100343108177185
	1.1003352403640747
	1.1003327369689941
	1.1003377437591553
	1.1003366708755493
	1.10033118724823
	1.1003352403640747
	1.1003392934799194
	1.1003406047821045
	1.1003496646881104
	1.1003494262695312
	1.1003413200378418
	1.100341796875
	1.1003433465957642
	1.1003426313400269
	1.1003471612930298
	1.1003586053848267
	1.1003440618515015
	1.1003574132919312
	1.1003634929656982
	1.1003682613372803
	1.1003719568252563
	1.1003795862197876
	1.100372552871704
	1.1003762483596802
	1.1003766059875488
	1.1003726720809937
	1.100347638130188
	1.1003379821777344
	1.1003358364105225
	1.1003236770629883
	1.100329041481018
	1.1003397703170776
	1.1003515720367432
	1.1003504991531372
	1.1003507375717163
	1.1003427505493164
	1.1003361940383911
	1.1003413200378418
	1.1003443002700806
	1.1003602743148804
	1.1003597974777222
	1.100345253944397
	1.1003450155258179
	1.1003447771072388
	1.1003409624099731
	1.1003518104553223
	1.1003425121307373
	1.1003422737121582
	1.1003379821777344
	1.1003363132476807
	1.1003378629684448
	1.1003351211547852
	1.1003280878067017
	1.1003210544586182
	1.1003262996673584
	1.1003284454345703
	1.1003258228302002
	1.100341558456421
	1.1003378629684448
	1.100337266921997
	1.1003389358520508
	1.1003460884094238
	1.100362777709961
	1.1003700494766235
	1.1003937721252441
	1.100392460823059
	1.10039484500885
	1.1004016399383545
	1.1004159450531006
	1.1004114151000977
	1.1004140377044678
	1.1004120111465454
	1.1004009246826172
	1.1003925800323486
	1.1004019975662231
	1.1003940105438232
	1.1003793478012085
	1.100386142730713
	1.100382924079895
	1.1003742218017578
	1.1003810167312622
	1.1003857851028442
	1.1003923416137695
	1.1003975868225098
	1.1004101037979126
	1.1004103422164917
	1.1004056930541992
	1.1004148721694946
	1.1004120111465454
	1.1004183292388916
	1.1004209518432617
	1.1004246473312378
	1.1004242897033691
	1.1004301309585571
	1.1004358530044556
	1.1004447937011719
	1.1004490852355957
	1.1004427671432495
	1.100436806678772
	1.1004383563995361
	1.1004438400268555
	1.1004520654678345
	1.1004509925842285
	1.1004574298858643
	1.1004629135131836
	1.1004630327224731
	1.1004539728164673
	1.100456714630127
	1.1004515886306763
	1.1004582643508911
	1.1004732847213745
	1.1004722118377686
	1.1004739999771118
	1.1004765033721924
	1.1004688739776611
	1.100468397140503
	1.1004669666290283
	1.1004698276519775
	1.100482702255249
	1.1004828214645386
	1.1004692316055298
	1.100480318069458
	1.100487470626831
	1.1004951000213623
	1.1004966497421265
	1.1005016565322876
	1.1005011796951294
	1.1004916429519653
	1.1004914045333862
	1.1004998683929443
	1.1004985570907593
	1.1004986763000488
	1.100492238998413
	1.1004892587661743
	1.1004812717437744
	1.1004705429077148
	1.1004730463027954
	1.1004728078842163
	1.1004818677902222
	1.1004858016967773
	1.100464105606079
	1.1004722118377686
	1.1004811525344849
	1.1004948616027832
	1.1004995107650757
	1.1005072593688965
	1.10049569606781
	1.1005055904388428
	1.100498080253601
	1.1004942655563354
	1.100489854812622
	1.1004970073699951
	1.1004866361618042
	1.100493311882019
	1.100502610206604
	1.1005053520202637
	1.1005127429962158
	1.100509524345398
	1.100516438484192
	1.1005257368087769
	1.1005288362503052
	1.1005098819732666
	1.100509524345398
	1.1005034446716309
	1.100498914718628
	1.1004958152770996
	1.1004998683929443
	1.1004894971847534
	1.1004911661148071
	1.1005027294158936
	1.100500226020813
	1.1004949808120728
	1.100502610206604
	1.100495457649231
	1.1004992723464966
	1.1005008220672607
	1.1005029678344727
	1.1005088090896606
	1.1005200147628784
	1.1005327701568604
	1.1005226373672485
	1.1005396842956543
	1.100546956062317
	1.1005698442459106
	1.100563645362854
	1.100569248199463
	1.1005682945251465
	1.1005733013153076
	1.1005889177322388
	1.1005982160568237
	1.1005972623825073
	1.1006062030792236
	1.1006076335906982
	1.1006011962890625
	1.1006083488464355
	1.1006168127059937
	1.1006251573562622
	1.1006231307983398
	1.100620985031128
	1.100620150566101
	1.1006053686141968
	1.1006160974502563
	1.10062837600708
	1.1006220579147339
	1.1006144285202026
	1.1006137132644653
	1.1006125211715698
	1.1006172895431519
	1.1006250381469727
	1.100632905960083
	1.1006461381912231
	1.1006486415863037
	1.1006516218185425
	1.100658893585205
	1.1006492376327515
	1.100657343864441
	1.100666880607605
	1.100669503211975
	1.1006765365600586
	1.1006782054901123
	1.1006803512573242
	1.10068941116333
	1.1006962060928345
	1.1006884574890137
	1.1006836891174316
	1.1006972789764404
	1.1006922721862793
	1.1007015705108643
	1.1007014513015747
	1.1007002592086792
	1.1006942987442017
	1.1007046699523926
	1.1007274389266968
	1.1007412672042847
	1.1007499694824219
	1.1007682085037231
	1.1007435321807861
	1.1007561683654785
	1.1007684469223022
	1.1007764339447021
	1.1007744073867798
	1.100773811340332
	1.1007804870605469
	1.1007710695266724
	1.1007760763168335
	1.1007907390594482
	1.100806713104248
	1.100817322731018
	1.1008281707763672
	1.100827693939209
	1.1008329391479492
	1.1008350849151611
	1.1008380651474
	1.1008342504501343
	1.1008435487747192
	1.1008539199829102
	1.1008602380752563
	1.1008864641189575
	1.1008965969085693
	1.1008872985839844
	1.1008822917938232
	1.1008903980255127
	1.1008964776992798
	1.1008954048156738
	1.1009013652801514
	1.1009196043014526
	1.1009340286254883
	1.1009304523468018
	1.1009325981140137
	1.1009397506713867
	1.1009482145309448
	1.1009455919265747
	1.1009422540664673
	1.1009496450424194
	1.1009601354599
	1.1009552478790283
	1.1009621620178223
	1.1009521484375
	1.1009668111801147
	1.1009721755981445
	1.1009739637374878
	1.1009787321090698
	1.100985050201416
	1.1009904146194458
	1.100987195968628
	1.1009960174560547
	1.101013422012329
	1.1010271310806274
	1.1010311841964722
	1.1010385751724243
	1.101058006286621
	1.1010633707046509
	1.1010582447052002
	1.1010547876358032
	1.1010665893554688
	1.1010820865631104
	1.1010807752609253
	1.101080060005188
	1.1011000871658325
	1.1011072397232056
	1.101115107536316
	1.101120114326477
	1.10112726688385
	1.101143717765808
	1.101144790649414
	1.1011492013931274
	1.1011608839035034
	1.101175308227539
	1.1011930704116821
	1.1011993885040283
	1.1012074947357178
	1.1012234687805176
	1.1012221574783325
	1.101235270500183
	1.1012343168258667
	1.1012321710586548
	1.1012405157089233
	1.1012442111968994
	1.1012377738952637
	1.1012524366378784
	1.1012598276138306
	1.1012587547302246
	1.1012619733810425
	1.101263165473938
	1.1012654304504395
	1.1012752056121826
	1.1012741327285767
	1.1012694835662842
	1.1012800931930542
	1.1012904644012451
	1.1013075113296509
	1.1013089418411255
	1.1013325452804565
	1.101337194442749
	1.101353406906128
	1.1013630628585815
	1.1013827323913574
	1.1013929843902588
	1.1014108657836914
	1.101420283317566
	1.1014232635498047
	1.1014329195022583
	1.101428747177124
	1.1014293432235718
	1.1014305353164673
	1.1014453172683716
	1.1014485359191895
	1.1014600992202759
	1.1014667749404907
	1.1014684438705444
	1.1014714241027832
	1.1014760732650757
	1.1014872789382935
	1.1015104055404663
	1.1015229225158691
	1.1015287637710571
	1.1015454530715942
	1.101554036140442
	1.1015565395355225
	1.1015726327896118
	1.1015832424163818
	1.1015833616256714
	1.1015985012054443
	1.101607322692871
	1.101617693901062
	1.1016311645507812
	1.1016360521316528
	1.1016507148742676
	1.1016682386398315
	1.1016756296157837
	1.1016725301742554
	1.1016861200332642
	1.101701259613037
	1.1017096042633057
	1.1017284393310547
	1.1017295122146606
	1.1017463207244873
	1.101754069328308
	1.1017643213272095
	1.1017707586288452
	1.1017805337905884
	1.1017730236053467
	1.1017906665802002
	1.1017934083938599
	1.1017978191375732
	1.1017903089523315
	1.1017957925796509
	1.101798176765442
	1.1018098592758179
	1.1018214225769043
	1.101828694343567
	1.1018292903900146
	1.1018376350402832
	1.1018526554107666
	1.1018760204315186
	1.101884126663208
	1.1018861532211304
	1.1019035577774048
	1.101922869682312
	1.1019235849380493
	1.1019283533096313
	1.1019431352615356
	1.1019494533538818
	1.1019576787948608
	1.1019624471664429
	1.1019710302352905
	1.101979374885559
	1.1019725799560547
	1.1019877195358276
	1.1019924879074097
	1.1019941568374634
	1.1019998788833618
	1.1020039319992065
	1.1019970178604126
	1.1019978523254395
	1.1020114421844482
	1.102016568183899
	1.102017879486084
	1.1020159721374512
	1.1020346879959106
	1.1020396947860718
	1.1020519733428955
	1.1020727157592773
	1.1020885705947876
	1.102090835571289
	1.1021056175231934
	1.1021063327789307
	1.102122187614441
	1.102134108543396
	1.1021398305892944
	1.102135419845581
	1.102142095565796
	1.102154016494751
	1.1021606922149658
	1.1021748781204224
	1.1021970510482788
	1.102197527885437
	1.1022166013717651
	1.1022357940673828
	1.102244257926941
	1.1022577285766602
	1.1022650003433228
	1.1022768020629883
	1.102270483970642
	1.1022738218307495
	1.1022840738296509
	1.102290391921997
	1.1022975444793701
	1.1022957563400269
	1.1022920608520508
	1.102311611175537
	1.1023268699645996
	1.1023216247558594
	1.1023262739181519
	1.1023366451263428
	1.102337121963501
	1.102349042892456
	1.1023731231689453
	1.102394461631775
	1.102415919303894
	1.1024062633514404
	1.102406620979309
	1.1024290323257446
	1.1024587154388428
	1.1024545431137085
	1.1024588346481323
	1.1024826765060425
	1.1024913787841797
	1.1025017499923706
	1.1025102138519287
	1.102514624595642
	1.1025182008743286
	1.102535605430603
	1.1025490760803223
	1.10255765914917
	1.1025630235671997
	1.1025763750076294
	1.1025879383087158
	1.1025928258895874
	1.102598786354065
	1.1026047468185425
	1.102612018585205
	1.1026314496994019
	1.1026562452316284
	1.1026523113250732
	1.1026549339294434
	1.102657675743103
	1.1026761531829834
	1.1026853322982788
	1.102689504623413
	1.1027015447616577
	1.1027040481567383
	1.1027005910873413
	1.1027165651321411
	1.1027119159698486
	1.102730631828308
	1.1027573347091675
	1.1027830839157104
	1.1027902364730835
	1.1027979850769043
	1.1028202772140503
	1.1028274297714233
	1.1028339862823486
	1.1028326749801636
	1.1028342247009277
	1.102843165397644
	1.102852463722229
	1.1028499603271484
	1.1028658151626587
	1.1028831005096436
	1.102902889251709
	1.1029231548309326
	1.102929711341858
	1.1029407978057861
	1.1029548645019531
	1.1029596328735352
	1.102952003479004
	1.1029627323150635
	1.1029629707336426
	1.1029716730117798
	1.102983832359314
	1.1029977798461914
	1.1030018329620361
	1.103021264076233
	1.10302734375
	1.1030210256576538
	1.1030340194702148
	1.103029727935791
	1.1030446290969849
	1.1030608415603638
	1.1030807495117188
	1.1030856370925903
	1.103105068206787
	1.1031228303909302
	1.103131890296936
	1.1031392812728882
	1.1031523942947388
	1.1031715869903564
	1.1031967401504517
	1.1031996011734009
	1.1032027006149292
	1.1032164096832275
	1.103219985961914
	1.1032321453094482
	1.103251576423645
	1.103265404701233
	1.1032652854919434
	1.1032781600952148
	1.103291392326355
	1.1033037900924683
	1.1033176183700562
	1.1033217906951904
	1.1033138036727905
	1.1033111810684204
	1.1033198833465576
	1.1033439636230469
	1.1033543348312378
	1.1033523082733154
	1.1033623218536377
	1.1033614873886108
	1.1033724546432495
	1.1033765077590942
	1.1033871173858643
	1.1034094095230103
	1.1034212112426758
	1.1034337282180786
	1.103456974029541
	1.103466272354126
	1.1034705638885498
	1.1034820079803467
	1.1034832000732422
	1.1035032272338867
	1.1035029888153076
	1.1035170555114746
	1.1035189628601074
	1.1035182476043701
	1.1035219430923462
	1.1035370826721191
	1.1035410165786743
	1.1035515069961548
	1.1035594940185547
	1.103569746017456
	1.103581190109253
	1.1036036014556885
	1.1036152839660645
	1.1036267280578613
	1.1036447286605835
	1.1036577224731445
	1.103672742843628
	1.1036896705627441
	1.1037094593048096
	1.1037203073501587
	1.1037391424179077
	1.1037348508834839
	1.1037547588348389
	1.1037688255310059
	1.1037718057632446
	1.103782296180725
	1.1037898063659668
	1.1038016080856323
	1.103812336921692
	1.1038293838500977
	1.103847861289978
	1.1038508415222168
	1.1038522720336914
	1.1038718223571777
	1.1038695573806763
	1.1038814783096313
	1.1039021015167236
	1.103903889656067
	1.103920817375183
	1.1039338111877441
	1.1039409637451172
	1.1039619445800781
	1.1039663553237915
	1.1039968729019165
	1.1040048599243164
	1.1040204763412476
	1.1040349006652832
	1.1040388345718384
	1.1040512323379517
	1.1040741205215454
	1.104085922241211
	1.1041005849838257
	1.104114055633545
	1.1041545867919922
	1.1041723489761353
	1.104182481765747
	1.1041966676712036
	1.1042249202728271
	1.104236364364624
	1.104246735572815
	1.1042582988739014
	1.1042815446853638
	1.1042855978012085
	1.1043018102645874
	1.10431969165802
	1.1043165922164917
	1.1043390035629272
	1.1043589115142822
	1.1043649911880493
	1.1043751239776611
	1.1043764352798462
	1.1043775081634521
	1.1043870449066162
	1.1043918132781982
	1.1043848991394043
	1.1043974161148071
	1.1044135093688965
	1.1044220924377441
	1.1044436693191528
	1.1044560670852661
	1.104472041130066
	1.104479193687439
	1.1044687032699585
	1.104472279548645
	1.10448157787323
	1.104476809501648
	1.1044739484786987
	1.104493498802185
	1.1044877767562866
	1.1044975519180298
	1.1045124530792236
	1.1045284271240234
	1.10454523563385
	1.1045533418655396
	1.1045470237731934
	1.1045589447021484
	1.1045827865600586
	1.104589581489563
	1.1046079397201538
	1.1046245098114014
	1.1046537160873413
	1.1046737432479858
	1.1046812534332275
	1.1046931743621826
	1.104704737663269
	1.1047104597091675
	1.1047357320785522
	1.10475754737854
	1.1047519445419312
	1.1047805547714233
	1.104779601097107
	1.1047863960266113
	1.1048007011413574
	1.104811191558838
	1.1048253774642944
	1.1048476696014404
	1.1048650741577148
	1.104863166809082
	1.1048707962036133
	1.104879379272461
	1.1048911809921265
	1.1049035787582397
	1.104920506477356
	1.104917049407959
	1.1049268245697021
	1.1049357652664185
	1.1049727201461792
	1.1049773693084717
	1.1049810647964478
	1.1050127744674683
	1.1050161123275757
	1.105034589767456
	1.1050530672073364
	1.1050548553466797
	1.1050598621368408
	1.105066180229187
	1.105088233947754
	1.1050900220870972
	1.1050997972488403
	1.1051127910614014
	1.1051300764083862
	1.1051514148712158
	1.105163812637329
	1.105177402496338
	1.1051886081695557
	1.1052024364471436
	1.105215311050415
	1.1052337884902954
	1.1052391529083252
	1.1052380800247192
	1.1052440404891968
]