[
	1.1268139522910134
	1.1268139522910148
	1.1268139522909528
	1.1268139522929506
	1.1268139521695524
	1.126813927638305
	1.1268135941023554
	1.1268561259665213
	1.1269222205184852
	1.1269891834660362
	1.1270656617829629
	1.1271481585412195
	1.1272189487085762
	1.1272921057662146
	1.1273575799545694
	1.1274172885933285
	1.127453010399674
	1.1275092716956105
	1.1275639644996927
	1.1276308874728729
	1.1276754232166448
	1.127728931097107
	1.1277704055087834
	1.1278068896854347
	1.1278648678058827
	1.1279048881274731
	1.1279534912596598
	1.1279913011856098
	1.1280436714560724
	1.1281049173406856
	1.1281521066828644
	1.1281864549881688
	1.12824094821588
	1.1282830432397264
	1.1283268373497746
	1.128359909902153
	1.1283973143046253
	1.1284357023002494
	1.1284790840405856
	1.12850690924829
	1.1285385373094614
	1.128575750374341
	1.1286158895738945
	1.1286535483996738
	1.128678345497507
	1.1287086293047652
	1.1287306055310908
	1.1287587130230983
	1.128789729547172
	1.1288090573798015
	1.1288342831750233
	1.1288549918251254
	1.128889254162807
	1.128914616914449
	1.1289400497750242
	1.1289614054471098
	1.1289831028700243
	1.1290098071893988
	1.1290189172444085
	1.1290405509484074
	1.129052353387695
	1.1290762171124715
	1.1290797447450456
	1.1290988821275856
	1.1291231138572704
	1.1291478500076182
	1.1291630074886514
	1.1291746277761203
	1.1292046522764163
	1.1292125464877112
	1.1292375587898194
	1.1292587046432625
	1.129300315155099
	1.129322243014963
	1.129333899499737
	1.1293474310494431
	1.1293718260372316
	1.129389273650387
	1.129401485010284
	1.1294193780146138
	1.1294211501313514
	1.129431413138456
	1.1294339755582135
	1.1294617421415962
	1.1294854458653587
	1.129492642550756
	1.1295058418003017
	1.1295161137854246
	1.1295176177715762
	1.1295294279926869
	1.1295513579082077
	1.1295725726854193
	1.1295914028649505
	1.129606839160469
	1.129614619906594
	1.129618620985903
	1.1296203631869133
	1.1296355625888113
	1.1296501110152648
	1.129657850983052
	1.1296740619664716
	1.1296800222792849
	1.1296802370965615
	1.1297023915603384
	1.1297054740645172
	1.1297058459105929
	1.1297126750638105
	1.1297084944626423
	1.1297139984894884
	1.1297246364550066
	1.1297265091039437
	1.1297391689708967
	1.1297356386621356
	1.1297416663582158
	1.1297455297861476
	1.1297559345316273
	1.1297725165050414
	1.1297733699627717
	1.1297721063120654
	1.1297775339667704
	1.1297805401262873
	1.1297770293894474
	1.1297871714622423
	1.1297873868123867
	1.1297989147424807
	1.1298095647565476
	1.1298256428899622
	1.129828471305719
	1.129842133396157
	1.1298494202076874
	1.129849642432243
	1.1298701690176256
	1.1298710600017803
	1.1298737664639853
	1.129875782075627
	1.1298797331948842
	1.1298815733424816
	1.129885087582013
	1.1298900571906942
	1.1298889361723203
	1.1298824500077655
	1.129890834515472
	1.1298873609690425
	1.129885913494109
	1.12988559380038
	1.1298891918493557
	1.129883348874861
	1.1298864202155092
	1.1298874174356563
	1.1298850247536134
	1.1298845024283652
	1.1298828271050587
	1.1298811574994398
	1.1298813352375476
	1.1298780611306471
	1.1298909623893134
	1.1298972700089547
	1.129899732616758
	1.1299044949447992
	1.1299050449896018
	1.129902766232573
	1.1299106773998138
	1.1299121590829289
	1.1299129862109454
	1.1299180810698597
	1.1299118867525813
	1.12991252088639
	1.1299052214550236
	1.129901172337687
	1.1299106346752785
	1.1299116392163853
	1.1299005393007557
	1.1299059571756347
	1.1299059187437916
	1.1299007377708248
	1.1299079203624383
	1.129905680536862
	1.1299063721766962
	1.1299042334033234
	1.1299020016503005
	1.1299083840306832
	1.1299028743089772
	1.1299080185365042
	1.129898623174563
	1.1299005985822363
	1.1299055170020922
	1.1299005903882944
	1.1298917066163483
	1.1298942564605103
	1.1298821232326544
	1.1298725442677513
	1.1298706578325919
	1.1298735311201222
	1.129877454292169
	1.1298874326898698
	1.1298786621381278
	1.129870543434875
	1.1298696408707496
	1.1298749502824768
	1.1298764892849913
	1.1298705940396687
	1.1298672146889908
	1.1298674838868623
	1.1298636964601858
	1.1298600754298826
	1.129856775423492
	1.129855808833765
	1.1298503062318705
	1.1298523937580305
	1.1298506040317673
	1.12985476444915
	1.1298455531558032
	1.129846589158947
	1.1298433577965314
	1.1298410049764491
	1.1298404483363549
	1.1298451369035596
	1.1298455468128796
	1.129840987123626
	1.1298318825315536
	1.1298268028549585
	1.129825514439843
	1.1298201819511902
	1.1298164132605035
	1.1298180842219026
	1.1298113254274744
	1.1298147308447526
	1.129812300945751
	1.1298072709989833
	1.1298066184026239
	1.129800397595774
	1.1297961632661335
	1.1298108067352128
	1.1298060354610662
	1.1298031746321922
	1.129798046091206
	1.1297929157206432
	1.129790904570676
	1.1297920531758994
	1.1297911670841843
	1.1297758153172284
	1.1297722093777334
	1.1297631021326495
	1.1297610749538622
	1.129757835657144
	1.1297506146353358
	1.1297523760420267
	1.1297539703620372
	1.129759902195642
	1.129758079098868
	1.129753491630079
	1.1297504210182105
	1.1297476560261357
	1.129743329143578
	1.1297437789546017
	1.1297400091679388
	1.129732151319307
	1.129726094475504
	1.129723632912643
	1.1297210712429502
	1.1297157706732888
	1.1297097059967454
	1.1297042631120102
	1.1297071859690357
	1.129713399184577
	1.1297093517911705
	1.129706609014037
	1.1296993807667293
	1.1296893192650266
	1.1296819652874555
	1.129677705425333
	1.129684083188916
	1.1296735950541261
	1.1296746312934598
	1.1296772934218384
	1.1296663923487127
	1.129665374974954
	1.129663780301147
	1.1296587270322571
	1.1296544711871033
	1.1296502840709348
	1.1296542307486637
	1.1296670356052942
	1.1296666639411796
	1.1296624552636896
	1.1296640027562954
	1.1296632119497594
	1.129662820562475
	1.1296656886875514
	1.129652525508165
	1.1296493517034845
	1.1296441138283315
	1.1296323690140337
	1.129634608540629
	1.1296348895820434
	1.1296346094989373
	1.1296291976414354
	1.129623974824297
	1.1296213629406908
	1.129622764960328
	1.1296111556678154
	1.1296137644537911
	1.1296115348015632
	1.1296226979190724
	1.129621293022551
	1.1296194708986118
	1.1296219588907783
	1.1296171566856925
	1.1296176422888398
	1.129613591896246
	1.1296162254025497
	1.1296161226203318
	1.1296238272706367
	1.1296196900986266
	1.129616791595197
	1.1296113744016854
	1.129608575570396
	1.129603649398403
	1.1296045431139934
	1.1295975556126734
	1.1295962866615104
	1.129588031970102
	1.1295865361085755
	1.1295880638857014
	1.1295851422585736
	1.129581068012636
	1.129588222539324
	1.1295861311970152
	1.1295809723506165
	1.1295786201150675
	1.1295755209442604
	1.1295706032691066
	1.1295681412782983
	1.129569694352749
	1.1295692069139778
	1.1295656239792073
	1.129556207509765
	1.1295517761408211
	1.1295482074290921
	1.1295457195252439
	1.1295385649764211
	1.1295416238364246
	1.1295417073106615
	1.1295403220815556
	1.1295398472335818
	1.1295364982327714
	1.129528893904486
	1.1295283372251474
	1.129521475806759
	1.1295151698415118
	1.129520309214817
	1.1295172029743057
	1.1295135038130932
	1.1295082306577546
	1.1295010418410696
	1.1295008494737553
	1.1294952895959778
	1.1294941115350077
	1.1294909360457561
	1.129489705506586
	1.1294881494929936
	1.1294949946599826
	1.129496757754969
	1.1294871218869813
	1.1294810958830166
	1.1294839807509596
	1.1294837287391724
	1.1294816717059128
	1.129474532296906
	1.1294681444467536
	1.1294549246023553
	1.1294509619908686
	1.1294520727997845
	1.1294501996486335
	1.1294491221561753
	1.1294519984130302
	1.1294480726887575
	1.1294440129257348
	1.129443777830384
	1.1294371139733914
	1.129432353938739
	1.129429024450406
	1.129427673539096
	1.1294218600766681
	1.1294193034602498
	1.1294165964431166
	1.1294073590400906
	1.1294079805515864
	1.129402893412229
	1.1293957275615247
	1.1293912828154427
	1.1293927683817848
	1.1293926147226467
	1.1293886252879177
	1.129385682558436
	1.1293826082203602
	1.129377818738061
	1.1293793259010632
	1.1293813852481416
	1.1293773732786327
	1.129371885547325
	1.1293707581905263
	1.1293675033517951
	1.1293626291904328
	1.1293532700245714
	1.1293494818026093
	1.1293501533022812
	1.1293534435997215
	1.129349817790653
	1.1293464858902165
	1.129346672600639
	1.1293493155762764
	1.1293504766466542
	1.1293440487658932
	1.1293366739328365
	1.1293356019473284
	1.1293392597482623
	1.129343334679292
	1.1293396298182474
	1.1293363298710675
	1.1293351936194052
	1.1293295802510925
	1.129333222159306
	1.129335085103323
	1.1293333636698568
	1.1293389046580913
	1.1293393545201602
	1.1293337952500608
	1.129328512011689
	1.1293390897090414
	1.129342041241532
	1.12933801949444
	1.1293335448650053
	1.1293305820594237
	1.1293457197417371
	1.1293461893635037
	1.1293498939903277
	1.1293445982407175
	1.12934197140725
	1.129333359519005
	1.1293353447616747
	1.129339811280859
	1.1293400814535697
	1.129340906323717
	1.1293339103172106
	1.1293320355156782
	1.1293289571864449
	1.1293373908622482
	1.1293358331778258
	1.1293353307201146
	1.1293406371526147
	1.129342839736319
	1.1293435845387334
	1.1293550202918683
	1.129356147977179
	1.1293511969557541
	1.1293502237350543
	1.1293404686019461
	1.1293423666209246
	1.129350347877796
	1.1293496185802951
	1.1293442587062683
	1.1293330527490295
	1.129331307824362
	1.1293271364389132
	1.1293213072880228
	1.1293285315914425
	1.1293237479204776
	1.1293171909850501
	1.1293151162540873
	1.1293139550115656
	1.1293117661367946
	1.1293072878460915
	1.1293047696861325
	1.129300268387798
	1.1292955761821362
	1.1292917767857082
	1.1292896232909262
	1.129286463903102
	1.1292817645997213
	1.1292734014261285
	1.129279556201531
	1.1292827589306804
	1.1292794843679617
	1.129279889032707
	1.1292755453525236
	1.1292712277893866
	1.129268320234318
	1.1292650990328639
	1.129260905849108
	1.1292580641808911
	1.1292569000454982
	1.1292508288639094
	1.1292505866341733
	1.1292508956037797
	1.1292552158822595
	1.1292520287433714
	1.1292531529125667
	1.1292604391395265
	1.1292606242582652
	1.129266027039636
	1.1292590196933034
	1.129257123171183
	1.129253116009202
	1.129251824138347
	1.1292508189378798
	1.1292443396509617
	1.1292399931765744
	1.129242157831093
	1.1292407556368096
	1.1292471919803606
	1.1292492642846568
	1.1292505855785242
	1.1292471270810092
	1.1292368762585907
	1.129240998872459
	1.1292487611881659
	1.1292457795387671
	1.129244752687857
	1.1292436349302153
	1.1292474931722267
	1.1292451488574577
	1.1292388840997294
	1.1292388225623207
	1.1292264936000653
	1.1292272044364111
	1.1292299750434935
	1.1292321939636993
	1.1292304578293701
	1.1292359188687424
	1.1292433907024066
	1.129240667118718
	1.1292372372676622
	1.1292361825154733
	1.1292356004278148
	1.1292383615626969
	1.1292415691687636
	1.129236129957373
	1.1292267235549829
	1.1292254986308592
	1.1292246321597996
	1.1292201451569728
	1.129214399500717
	1.1292131474008709
	1.1292150912712502
	1.1292185254731393
	1.129218398775244
	1.129218774782816
	1.1292311541538007
	1.1292326830254735
	1.1292332986314966
	1.1292341879920944
	1.1292405845018083
	1.1292335137595257
	1.1292328604063422
	1.1292242553804623
	1.1292252952587485
	1.1292231724734778
	1.1292228721000188
	1.1292257331887068
	1.1292305842665398
	1.1292236088446395
	1.129228008711376
	1.129227129909662
	1.129223311979201
	1.1292146036069928
	1.1292077356926968
	1.1292137417801005
	1.1292150855048786
	1.1292169915798047
	1.1292136053421868
	1.1292098951359473
	1.1292116977044864
	1.1292109168337567
	1.1292085135591603
	1.1292028363045998
	1.1292060137497644
	1.1292018386739886
	1.1292011291220376
	1.1291999537256643
	1.1292040438773503
	1.1291980818492846
	1.1291962972925038
	1.12919254268958
	1.129188425005164
	1.1291876498353326
	1.1291916823394312
	1.1291935547511416
	1.1291955649115986
	1.1291892992227013
	1.1291885529086596
	1.129189046256264
	1.1291898091637769
	1.1291890024277476
	1.1291900866159776
	1.1291914981591857
	1.129183285433666
	1.12917505763916
	1.1291726953019179
	1.1291719856722713
	1.1291710904617867
	1.1291721283876643
	1.1291656708234277
	1.1291668813029816
	1.1291652346665944
	1.1291640214567173
	1.1291607073317704
	1.1291625737736835
	1.1291578187414615
	1.129157807045067
	1.1291596909652737
	1.1291547700907711
	1.129157713886372
	1.1291589763819245
	1.1291576841860775
	1.1291585142942713
	1.12915339272973
	1.1291435252162747
	1.1291437917122829
	1.1291490011337273
	1.129141593899365
	1.1291397544398525
	1.129145609829427
	1.1291484797167146
	1.1291546824113496
	1.1291597578962247
	1.129156443632016
	1.1291595426355792
	1.1291540800854318
	1.129147537752485
	1.1291424456406853
	1.1291382815774489
	1.129137074475386
	1.1291340099408849
	1.129131339490604
	1.1291359936845486
	1.1291348543559283
	1.1291325349241208
	1.129130985734597
	1.1291333785364854
	1.1291314136223027
	1.129132276594742
	1.1291293219502676
	1.129127369706925
	1.1291260948070287
	1.1291322676076807
	1.129125701585105
	1.1291252674095507
	1.1291267627396009
	1.1291229509450196
	1.1291241241635264
	1.1291182109352231
	1.1291192517576822
	1.1291151533362989
	1.1291110832635052
	1.1291089824144283
	1.1291126725030487
	1.1291128716698526
	1.1291100066284485
	1.1291062819913615
	1.1291105516928086
	1.1291083139818372
	1.1291040424042464
	1.1290994468648972
	1.1290994040744662
	1.1291051234008955
	1.1291016192514027
	1.1290985629675412
	1.1290985293826101
	1.129096286936644
	1.129088422917272
	1.1290883000237875
	1.1290829331167396
	1.129085546018461
	1.129082173954981
	1.1290811676182746
	1.1290798484894409
	1.1290777034263195
	1.1290716612577898
	1.1290793399513228
	1.1290820589038495
	1.129081900445303
	1.129081545717843
	1.129079437561807
	1.1290741155604667
	1.1290676909466395
	1.1290678210162584
	1.1290677710617403
	1.129063403557811
	1.129061879313374
	1.1290620913979472
	1.1290601528652464
	1.1290554882509845
	1.1290601576363226
	1.1290627110507119
	1.1290635262430868
	1.1290642937124078
	1.1290668658885354
	1.1290656291940302
	1.1290697760821573
	1.1290692456978784
	1.1290713265755599
	1.129084099425311
	1.1290819722430492
	1.1290760274839977
	1.1290805646570228
	1.1290810038553307
	1.1290849142627077
	1.1290839651176614
	1.1290822998710128
	1.1290941139916968
	1.1290918917823594
	1.1290942843146432
	1.1291042839461365
	1.1290985502105608
	1.1291021444505311
	1.129101519293619
	1.1290998921861588
	1.1290986976175288
	1.1290985105583844
	1.12910776527613
	1.1291050213586635
	1.1291063282991063
	1.1291047283374205
	1.1291068806021016
	1.1290984552614158
	1.1290997439632842
	1.1290987881829093
	1.1290979726964254
	1.12909892305934
	1.1291030185018576
	1.1291059166754596
	1.12910216522986
	1.129103197048187
	1.1291042765896693
	1.129105844202785
	1.1291052761080247
	1.1291051515883466
	1.1291040432617194
	1.1291039279902992
	1.1291042113439607
	1.1290984298997662
	1.1290965268878337
	1.1290963750305212
	1.1291027595095884
	1.1291010991131387
	1.1290971290117662
	1.1290920207884707
	1.129090385363321
	1.129098708646868
	1.129097692828742
	1.129097726998245
	1.1290945549919116
	1.1290984243180646
	1.1291068195319252
	1.1291016351762195
	1.1290974993114473
	1.1290958471663914
	1.1290976490678726
	1.1291010060593303
	1.1291008120616133
	1.1290985076288063
	1.1290941782956057
	1.1290951354811203
	1.1290987477987633
	1.1291089775814966
	1.12911576658639
	1.1291178425892738
	1.1291110600297973
	1.1291082289947425
	1.129108033831988
	1.1291095133447808
	1.1291124982061174
	1.129112957501236
	1.129110817528926
	1.1291113671359787
	1.1290981126012163
	1.1290958259862678
	1.1290969848879784
	1.1290952799332796
	1.1290925035065085
	1.1290917535216074
	1.129098142375483
	1.1290999946261508
	1.1290969578479897
	1.1290959699630119
	1.1290962523735428
	1.1290954111301839
	1.1290942991785762
	1.1290911914605637
	1.1290951457058092
	1.1290944166611976
	1.1290923309276184
	1.1290856749525793
	1.129086453198011
	1.1290844174894326
	1.129090400748356
	1.1290933457173509
	1.1290908472602863
	1.1290891131867467
	1.1290936141291714
	1.129095633847176
	1.1290928969836436
	1.129094674941617
	1.1291006367568943
	1.1291007078697801
	1.1291049147315453
	1.129107385827093
	1.1291106491249083
	1.1291114601042074
	1.1291119356980701
	1.129109463252365
	1.129113223080593
	1.1291120076564725
	1.1291102318526365
	1.129110506419657
	1.1291121173478968
	1.129110673424062
	1.1291204026699966
	1.1291157705338348
	1.129113388073456
	1.1291219919334787
	1.129109941847535
	1.1291113695108062
	1.1291086108175616
	1.1291079063878904
	1.1291101334487368
	1.1291096178329358
	1.129107665717543
	1.1290988919718452
	1.1290971746260072
	1.1290949544815265
	1.1290928251658179
	1.1290917741106792
	1.1290915098964687
	1.1290955803248632
	1.1290902035495676
	1.1290876032187431
	1.1290847470571315
	1.129086363904599
	1.1290919186062096
	1.1290877905930659
	1.1290845220087555
	1.1290880544019097
	1.1290839209087882
	1.1290823084554462
	1.129086817107048
	1.1290844199804215
	1.1290883796446225
	1.1290861958852558
	1.129087115306543
	1.1290866143816802
	1.1290929608608293
	1.1290918693556817
	1.129091934996909
	1.1290912091165477
	1.1290932720959521
	1.1290918937866472
	1.1290987288169365
	1.1290998752708095
	1.1291002900783256
	1.12910528655056
	1.1291036129239662
	1.1291024198837858
	1.129107499261536
	1.1290991812312683
	1.1290978407298908
	1.129095615707316
	1.1290951623183871
	1.1290952634776306
	1.1290939406427238
	1.1290892875126826
	1.1290867096688006
	1.129080367763878
	1.12907930738803
	1.129081532370968
	1.1290846907805936
	1.129081028990532
	1.1290803137661347
	1.1290767997436444
	1.1290812541370852
	1.1290849004523802
	1.1290837328251393
	1.129084350070031
	1.1290829139759964
	1.1290858819812601
	1.1290888868383824
	1.1290883003983492
	1.129082816223558
	1.1290769409795611
	1.1290747094195381
	1.1290770876084062
	1.1290759573006959
	1.129077597378039
	1.1290754402896708
	1.1290687664686234
	1.1290693940187853
	1.1290681500126725
	1.129064465699043
	1.1290635008977423
	1.1290585018273376
	1.1290631874444774
	1.1290702732040536
	1.129075441832489
	1.129076389370515
	1.1290709712242566
	1.1290787193485547
	1.129072581993862
	1.1290702553428866
	1.1290707525598613
	1.1290704518832704
	1.1290667978771782
	1.1290670088119923
	1.1290635229759243
	1.1290659854251412
	1.1290587060901651
	1.1290579545861068
	1.1290566098829635
	1.1290562911940514
	1.129064027444236
	1.1290584159953196
	1.1290558048767818
	1.1290500071599978
	1.1290581521268113
	1.1290547778794673
	1.1290544114130474
	1.1290524984665455
	1.1290592592087758
	1.1290605404297709
	1.1290624171684962
	1.129057963208974
	1.129053779129161
	1.129059986118464
	1.1290653762516982
	1.1290663700047627
	1.1290645901617327
	1.129068491674174
	1.1290638638253336
	1.1290627565411384
	1.1290532045693247
	1.1290551186329891
	1.1290521409540875
	1.1290502479005555
	1.1290526142185402
	1.129054553827168
	1.1290474304136269
	1.1290444460700548
	1.1290446773813982
	1.129045641795275
	1.1290499670947327
	1.1290516938089217
	1.129049777539686
	1.1290505196161476
	1.1290492178841196
	1.1290477057868218
	1.129052081655312
	1.1290489456850967
	1.1290505140031795
	1.129051149511354
	1.1290578272336245
	1.1290615322773616
	1.1290684489355587
	1.1290675884538697
	1.1290636262696836
	1.1290660990125228
	1.129069233957954
	1.1290674499634819
	1.1290646336617833
	1.1290628114893535
	1.1290671030214616
	1.1290643925122918
	1.1290643792893336
	1.1290649273357132
	1.1290675490244482
	1.129064321535844
	1.1290627655143
	1.1290623574047192
	1.1290596624783737
	1.12906019372051
	1.1290675587399646
	1.1290714235612902
	1.1290742086199332
	1.1290766622290647
	1.1290740290659673
	1.129069730555932
	1.129065800945646
	1.129071306364092
	1.1290703176889667
	1.1290666933439961
	1.1290678450205989
	1.129069158676352
	1.12906726182638
	1.1290628955084558
	1.1290550983647778
	1.1290553429748516
	1.12905170747107
	1.1290474776339086
	1.1290480405981305
	1.1290485762574805
	1.1290495296716723
	1.1290569451513863
	1.1290560422915974
	1.129058009097779
	1.129059024038829
	1.129066552378462
	1.1290606536274854
	1.1290596180934798
	1.1290543148142456
	1.129052871246023
	1.1290562389666863
	1.129053688260897
	1.129052808046999
	1.1290538949810742
	1.1290499515223849
	1.1290497921660894
	1.1290477969335837
	1.1290412175477635
	1.1290383321879853
	1.1290436341992036
	1.1290425769334917
	1.1290390200065514
	1.1290409156017618
	1.1290401461364
	1.1290397233490186
	1.129045338697504
	1.1290432118397897
	1.1290362582977083
	1.1290325828674463
	1.1290296042733463
	1.1290294596854102
	1.1290324555408773
	1.1290336032629917
	1.129030828909765
	1.1290273966885662
	1.1290251898302428
	1.1290298168970432
	1.1290273390153531
	1.1290248318466842
	1.129025529786258
	1.1290281698177491
	1.1290264190345536
	1.1290289055220413
	1.1290284286748677
	1.129031888237275
	1.1290280511790147
	1.1290198584621949
	1.129014145735856
	1.1290124870431624
	1.129010140629904
	1.1290070341937108
	1.129003983155891
	1.1290095321764861
	1.1290137425285667
	1.129007657278562
	1.1290059257114835
	1.129003810620044
	1.1290022054483175
	1.128999125871324
	1.1289985791782349
	1.1289942378674347
	1.1289938437243692
	1.12900190503215
	1.129000937888342
	1.1289982571112576
	1.1290008291067615
	1.1289978710812367
	1.1289997088331598
	1.1289988533570914
	1.1289991068039347
	1.128999907086363
	1.128998671200098
	1.1289997016189528
	1.128997378374558
	1.1289898037598138
	1.1289913143023835
	1.1289909897301098
	1.1289889434503333
	1.1289932016016087
	1.1289917674284535
	1.128998322455923
	1.1289971403620251
	1.1289996268246307
	1.1289987733331017
	1.1289950300114597
	1.1289951988427658
	1.128998797426095
	1.1289972960847094
	1.1290096704787116
	1.129012773736206
	1.129012189133584
	1.129014152478283
	1.1290205425337334
	1.129016948984461
	1.129017649006745
	1.1290188309622238
	1.129018135239857
	1.129007673177831
	1.12900987097504
	1.1290030817172831
	1.1290080458775396
	1.129012500282171
	1.1290161164516412
	1.1290163690864135
	1.1290101637248442
	1.1290166902678191
	1.129012858987754
	1.1290174024632056
	1.129019142069523
	1.129018913222821
	1.1290189782169358
	1.1290138699081105
	1.1290188079863024
	1.129022479626433
	1.1290251853937205
	1.1290256125041291
	1.129023103752458
	1.1290243648771097
	1.1290249640698566
	1.129024132663705
	1.1290207592442059
	1.1290147751532988
	1.1290167918944565
	1.1290171911335711
	1.129014196103731
	1.129009102034775
	1.129008428582978
	1.129012288609129
	1.1290127923349942
	1.1290165833138208
	1.1290232674188367
	1.1290227419441727
	1.1290248468711384
	1.1290213880172424
	1.1290231696444566
	1.1290208171741458
	1.129026820125118
	1.1290290156218397
	1.1290331905022262
	1.1290319727213907
	1.1290284969816229
	1.1290335835903378
	1.1290323943490423
	1.1290321737207911
	1.1290313997692774
	1.129034183438844
	1.1290303659423733
	1.1290290879081162
	1.1290282817413873
	1.1290340562597634
	1.129032505773648
	1.1290319906748432
	1.1290352146844
	1.1290304035459267
	1.1290283016769735
	1.1290291889934214
	1.129029233548936
	1.1290305395334077
	1.129029378602625
	1.1290296671895457
	1.1290309727151893
	1.1290314428775783
	1.129033240522127
	1.1290321592712211
	1.1290306672043766
	1.1290289083742437
	1.129030466903396
	1.129027257368349
	1.1290219750927741
	1.129023125283977
	1.1290215325910147
	1.1290193301789118
	1.1290178686740397
	1.1290228853378748
	1.129032000486705
	1.1290410444898544
	1.1290386232066043
	1.129038576750675
	1.1290372874295467
	1.1290389835063714
	1.1290426816571215
	1.1290432918594073
	1.1290376382415654
	1.1290289491605063
	1.129028517536419
	1.1290271302213217
	1.1290273687328805
	1.1290276537460338
	1.1290245112285517
	1.12902299925267
	1.129023701090286
	1.1290219285744652
	1.1290282436446475
	1.1290338992145459
	1.1290312054412481
	1.1290307624700504
	1.1290274118855292
	1.1290224072634276
	1.1290270760343768
	1.1290363592767292
	1.1290365098571997
	1.1290447563425974
	1.1290425972344336
	1.1290461136431182
	1.1290520669784352
	1.1290520999650289
	1.1290507933880582
	1.1290543232739545
	1.1290554216310134
	1.1290534967916492
	1.1290514627751491
	1.129050252491417
	1.1290455951714968
	1.1290422657132262
	1.12904402823166
	1.1290430484044138
	1.129045424691262
	1.1290400246834347
	1.1290425545966036
	1.129044837481522
	1.129045513567265
	1.129043650428122
	1.1290465963477616
	1.1290484252117876
	1.129045145182947
	1.129054818911305
	1.1290493249860514
	1.1290476789611588
	1.1290436288420762
	1.129040388055747
	1.1290372074130663
	1.129034339512068
	1.129034496175646
	1.1290362429122975
	1.1290386773838939
	1.1290361960731812
	1.12903941289593
	1.1290374449809062
	1.1290376117784473
	1.1290388725402023
	1.1290417855358479
	1.129042439443876
	1.1290418701347023
	1.129040831586947
	1.1290404959867213
	1.1290406334866463
	1.1290393017713085
	1.1290403128404463
	1.1290403180459072
	1.12903720601271
	1.1290348964093042
	1.129039084896635
	1.1290411421058806
	1.1290389100628078
	1.129041720036166
	1.1290411898401649
	1.12904104184822
	1.1290362998403283
	1.1290339294518257
	1.1290303243077884
	1.1290290986067408
	1.129026568661991
	1.1290270351199492
	1.1290313870552573
	1.1290342279120116
	1.1290382905239902
	1.1290438868745925
	1.1290447485301969
	1.1290455607216117
	1.1290480102383482
	1.1290450981532016
	1.1290498448986261
	1.1290445414522945
	1.1290462027091124
	1.129049501673884
	1.1290530502071554
	1.1290517341065773
	1.129051624136914
	1.1290563694192532
	1.1290496863479418
	1.129051625340095
	1.1290473111188635
	1.129046562087132
	1.129048069456136
	1.1290427872040378
	1.129039311643791
	1.129040314607477
	1.12903993967329
	1.1290418922358096
	1.1290424860569541
	1.129041592883471
	1.1290330084716138
	1.1290309300515993
	1.1290322828595627
	1.1290397180787175
	1.1290378172492181
	1.1290351424128893
	1.1290385547939787
	1.1290400516984447
	1.129041997572901
	1.1290415412888006
	1.129034298015362
	1.1290321055408574
	1.1290350611616777
	1.1290370683157378
	1.1290304469646872
	1.1290286341979054
	1.1290252719158984
	1.129034359668425
	1.1290291999483313
	1.1290258412498562
	1.1290216698045918
	1.1290222934301863
	1.1290228306237877
	1.1290262484782834
	1.1290258460383602
	1.129029705466809
	1.1290300950293797
	1.1290276957820728
	1.1290239329016842
	1.1290245836734907
	1.129026124694048
	1.1290294537053474
	1.1290287220366144
	1.1290336730168253
	1.1290360418332348
	1.1290400688476694
	1.1290409891707898
	1.1290379956246026
	1.1290367437998865
	1.1290374753879366
	1.129043369428414
	1.1290388493971442
	1.1290431955565625
	1.1290491579997728
	1.1290511423090874
	1.1290520307233662
	1.1290530341949503
	1.1290564267464898
	1.129056091828214
	1.1290543508418343
	1.1290527181633991
	1.1290507006365316
	1.129051552016272
	1.1290585504348583
	1.1290563415293131
	1.129057848078906
	1.129057145356431
	1.1290575929582163
	1.1290601006668108
	1.1290607252645926
	1.1290592522982854
	1.1290596848474985
	1.1290609234712288
	1.1290671047732495
	1.129070169693462
	1.1290768935458628
	1.1290815831734058
	1.129080171723133
	1.1290839012194707
	1.1290877657472382
	1.1290910332753368
	1.1290950413521903
	1.1291004182835973
	1.1290986661165086
	1.1290993462368977
	1.129095719461922
	1.1290917219712782
	1.129093791712252
	1.129091829356856
	1.129091324902669
	1.1290956547336142
	1.129098176338336
	1.1290956514568686
	1.1290927718524797
	1.1290898452640126
	1.1290926325407016
	1.129087973107934
	1.1290865931218887
	1.129084283391958
	1.1290832684437369
	1.1290812855040486
	1.1290826641773408
	1.1290906414553599
	1.1290880142113682
	1.1290870776673037
	1.1290909846448136
	1.1290898802515013
	1.129091384023923
	1.1291000238074433
	1.1291017986320138
	1.1291003365865075
	1.129100223912217
	1.1290984762282947
	1.129102568528073
	1.1291014505688421
	1.1291012550949793
	1.1290999506859694
	1.129096412372805
	1.1290965283382772
	1.1290938869370017
	1.1290913212193954
	1.1290888234913847
	1.1290900173729452
	1.129097389069655
	1.1290903716315868
	1.129092642285874
	1.1290924091147947
	1.1290886983683799
	1.129085753415275
	1.1290814884364246
	1.129083361853725
	1.1290855095956613
	1.1290879642966192
	1.1290893463365759
	1.1290881430513477
	1.1290866527313552
	1.1290932539290244
	1.1290965893443663
	1.129098395040635
	1.1290991591067876
	1.1290961616556459
	1.1290968034678108
	1.1290955134204226
	1.129095214223383
	1.1291017380034953
	1.129098694463518
	1.1290982985959122
	1.1290983425772638
	1.1291002204651863
	1.129103982334104
	1.1291119237764637
	1.12911171771086
	1.1291122908986284
	1.1291092010632968
	1.1291131064509097
	1.1291111604839816
	1.1291081867344606
	1.129102888844021
	1.1291050124131994
	1.1291096712921045
	1.129111088263261
	1.1291140351311595
	1.1291130670368077
	1.129109282141412
	1.129110700154643
	1.1291154465892206
	1.1291101710571902
	1.1291100728654266
	1.1291055410757562
	1.129098277152765
	1.1290974381546632
	1.1290989233419615
	1.129105047378198
	1.1291078713949787
	1.1291048709770606
	1.129108613149302
	1.1291083893747498
	1.1291032401746226
	1.1291041058097768
	1.129103702348636
	1.1290998706710245
	1.1291048210430652
	1.1291054540032235
	1.1291020503478544
	1.1290993752638834
	1.1290999711481229
	1.1290989502461743
	1.129096480061647
	1.1290984900035097
	1.1291037060976161
	1.1291097933822303
	1.1291082744934549
	1.1291103641779918
	1.1291150103125687
	1.1291195561248402
	1.1291249807880128
	1.1291273503594244
	1.1291243304169365
	1.1291224911880182
	1.1291204372785955
	1.1291171584819746
	1.1291188865696342
	1.1291178089615377
	1.129119159575302
	1.1291197807539086
	1.1291217843700465
	1.1291210883579859
	1.1291208498910794
	1.1291137050572124
	1.1291099397538136
	1.1291060323071693
	1.1291033917867084
	1.1291037849022598
	1.129104571328571
	1.12910220909362
	1.1291062459156065
	1.129115255764347
	1.1291152174073136
	1.1291218466989827
	1.1291191079535976
	1.1291147975470195
	1.1291114975850705
	1.129108680121939
	1.1291102117651892
	1.1291071875901415
	1.1291144779954034
	1.1291114110092761
	1.1291102834227913
	1.1291129796845223
	1.1291051279964555
	1.1291017005118458
	1.12910620985208
	1.1291098453904964
	1.1291121643328481
	1.129114555977076
	1.1291111060169023
	1.1291137776736215
	1.1291104525225766
	1.1291080504893596
	1.129109363494218
	1.1291097390855653
	1.129107948701764
	1.1291080614691908
	1.1291067814262705
	1.1291066498586488
	1.1291074317748508
	1.129112401415646
	1.129109146313871
	1.129112677483074
	1.1291160105130937
	1.1291141911309075
	1.1291167786062681
	1.1291197405845568
	1.1291190159158415
	1.1291198489888004
	1.1291212905351973
	1.129116324401951
	1.1291171761462262
	1.1291189353857731
	1.1291152268102567
	1.1291152996410447
	1.1291109458703057
	1.1291118813550225
	1.1291137045121593
	1.129119419412169
	1.1291169395865288
	1.1291148450329864
	1.1291114856857376
	1.1291177536013814
	1.129117415845783
	1.1291189066990428
	1.1291198266743332
	1.1291219592541626
	1.1291233583380196
	1.1291254243297433
	1.1291247634640178
	1.1291208242677695
	1.1291223201745728
	1.129122651752184
	1.1291202236412756
	1.129116556421215
	1.1291201958840518
	1.1291214939690153
	1.1291215544171096
	1.1291238995543962
	1.1291195213685319
	1.1291224064293464
	1.1291293933217934
	1.1291365261557331
	1.1291338254411938
	1.1291311577813554
	1.1291279291450453
	1.129125423292206
	1.1291221000716676
	1.1291227431025757
	1.1291221243795695
	1.1291206305170378
	1.129121520917439
	1.129115742620712
	1.1291112370657597
	1.1291127553056297
	1.129120188937486
	1.1291151597062876
	1.1291152600511083
	1.1291112396467735
	1.1291096802893164
	1.129101361834082
	1.1291019320789362
	1.1290997008013974
	1.1291041922675005
	1.1291106800368187
	1.1291122974063352
	1.1291093388849809
	1.1291047259278226
	1.129103001377114
	1.1291029257446137
	1.129105770314914
	1.1291024330467818
	1.1291055987947296
	1.1291051042141889
	1.1291067888886788
	1.1291085291229415
	1.1291126863421292
	1.1291126995978158
	1.1291091579439951
	1.1291173400709067
	1.129113599949331
	1.1291128601676457
	1.1291155691945742
	1.1291119520779487
	1.1291128727793633
	1.1291096725164476
	1.12910700127899
	1.1291091547933698
	1.129100920171467
	1.129105816674071
	1.129111886601633
	1.1291106386657919
	1.1291086182345367
	1.1291099849235513
	1.1291146288735774
	1.129108505306955
	1.1291099843037378
	1.1291061315892699
	1.1291057962781361
	1.1291082421207672
	1.1291074534213834
	1.129107429353667
	1.1291041609489945
	1.1290991551693021
	1.1291008167323842
	1.129099473412284
	1.129102876664772
	1.1291053211049304
	1.1291059722573817
	1.1291075764662684
	1.1291059568918391
	1.1290992990340407
	1.1291046448434336
	1.129097311194256
	1.1290977490995802
	1.1290933236603946
	1.1290921160217793
	1.1290890428780784
	1.129082678013568
	1.129082031075708
	1.1290811377961365
	1.129077342233984
	1.1290788839994916
	1.1290805865278961
	1.1290799581478728
	1.1290785491484252
	1.1290811816118136
	1.1290793915268535
	1.1290708632356006
	1.1290709378222366
	1.1290764466659593
	1.129082557393071
	1.129085127711553
	1.1290854879266148
	1.1290829014266728
	1.129088650761296
	1.1290904176465124
	1.129092207106408
	1.1290903607745222
	1.1290904087934728
	1.1290882990852038
	1.129086430508874
	1.1290875549816306
	1.1290854977597082
	1.1290829532924531
	1.1290791579202557
	1.1290766483342192
	1.1290781176334908
	1.1290767525267777
	1.1290756952246674
	1.1290758041150213
	1.1290755743532321
	1.1290704580945388
	1.1290720103345686
	1.1290711082041625
	1.1290679454577157
	1.1290642395088855
	1.1290620318466675
	1.1290641880807912
	1.1290662158048757
	1.1290672444131487
	1.1290658648365919
	1.1290629506443772
	1.129065016026879
	1.1290625235866425
	1.129061584207238
	1.1290628029561127
	1.1290592767808432
	1.129059519030323
	1.129053872968642
	1.129052928363556
	1.1290558229355228
	1.1290591490327286
	1.1290549985654674
	1.1290528920821388
	1.1290513540365694
	1.1290523370861099
	1.12904701384241
	1.1290422080069322
	1.1290468592584648
	1.1290465315211837
	1.1290391688534163
	1.1290405025572987
	1.129036509307984
	1.1290348027461672
	1.1290320518991936
	1.1290363278889792
	1.1290327872853514
	1.1290326757720448
	1.1290354476244233
	1.1290390901133378
	1.1290378648506627
	1.1290418712989432
	1.129037055844125
	1.129044766961565
	1.1290473531245773
	1.1290489137222175
	1.129047098589693
	1.1290474654992741
	1.1290453454265625
	1.1290425927286922
	1.1290444737252325
	1.129043150613511
	1.1290462032802082
	1.129045161942168
	1.1290432708536513
	1.129045569688625
	1.129045623449133
	1.1290537912563918
	1.129048477384146
	1.1290518976123414
	1.1290524144781184
	1.1290619762884404
	1.1290595674983535
	1.1290628243942769
	1.1290632825376234
	1.1290635463261702
	1.1290573846047272
	1.1290590549258734
	1.1290586665769
	1.1290654906652329
	1.1290677662306512
	1.1290690783593489
	1.1290677796589557
	1.1290690227963778
	1.1290722728215794
	1.1290711825162751
	1.1290694628096223
	1.1290709050134626
	1.1290686019070546
	1.1290708225995263
	1.1290731261662184
	1.1290707725276143
	1.129069488445192
	1.1290752914411284
	1.1290813458327946
	1.1290773596871975
	1.1290828703019633
	1.1290802019417914
	1.129082650477921
	1.1290804112274027
	1.1290804290064165
	1.1290819541788908
	1.129082624762986
	1.1290832123571726
	1.1290843386887297
	1.1290851579612673
	1.129081581037759
	1.1290846920736088
	1.1290832106389097
	1.1290827834531523
	1.1290843922346296
	1.129084366879545
	1.12908628413658
	1.1290843514593896
	1.129084418027646
	1.1290820626665634
	1.1290784663870366
	1.1290808983826182
	1.1290753684778514
	1.1290768094956822
	1.1290725454751573
	1.1290724921515585
	1.1290740002632138
	1.1290734210895197
	1.1290706546889904
	1.129072113751522
	1.129070874772797
	1.1290646818588639
	1.1290604587367459
	1.1290635483026592
	1.12906170951298
	1.1290649299048592
	1.1290626603677008
	1.1290651680216814
	1.1290644886399395
	1.1290622272253217
	1.1290562946387748
	1.129055192112328
	1.1290524655069198
	1.1290541869253552
	1.1290573217369673
	1.1290552730444743
	1.129055041681569
	1.1290540134764597
	1.1290500069407614
	1.1290502216767533
	1.1290494559852142
	1.1290455636050631
	1.1290474181063543
	1.1290474390486105
	1.129050650387495
	1.1290554389316296
	1.1290547535326736
	1.1290538446899345
	1.1290588773119123
	1.1290625778716612
	1.1290665484740476
	1.1290641040179492
	1.1290575736013302
	1.1290543589407138
	1.1290566523693046
	1.1290577728327673
	1.1290596112626257
	1.1290593662490171
	1.1290682544350388
	1.1290644426483785
	1.1290655547635793
	1.1290651022873426
	1.1290639991746205
	1.1290628915344656
	1.1290721574980307
	1.1290730159797633
	1.1290741390150123
	1.1290754855598113
	1.1290768624120817
	1.1290720781024874
	1.1290725583172312
	1.1290701424800043
	1.1290714019119383
	1.1290707372811333
	1.1290658329939218
	1.1290670232590236
	1.1290684945058465
	1.1290656067302867
	1.1290659063486317
	1.129058322825337
	1.1290512787713018
	1.129057782241324
	1.1290551833255729
	1.129059136645193
	1.1290582487866723
	1.1290567138290908
	1.1290537979841622
	1.1290521078525657
	1.1290487805591023
	1.1290433993671738
	1.1290462855258376
	1.1290450819191644
	1.1290430131704365
	1.1290398529778518
	1.129038679226918
	1.129037578606052
	1.1290304557778763
	1.1290357808318627
	1.1290355603926958
	1.1290309564234082
	1.1290253106216648
	1.1290258113364078
	1.1290161901544042
	1.1290110167832257
	1.1290118498613106
	1.1290148762897116
	1.1290179604458748
	1.1290238732510174
	1.1290249631042384
	1.129023630935619
	1.1290200902967749
	1.12902124339344
	1.1290184927652571
	1.1290168640541072
	1.1290207785802575
	1.1290252712349247
	1.1290260708505002
	1.1290327934409445
	1.1290313127246645
	1.1290354564814364
	1.129035085192783
	1.129033936684112
	1.1290333488163777
	1.1290344787103164
	1.1290309950570683
	1.1290310258075453
	1.1290340843339173
	1.1290383675092461
	1.1290415938319898
	1.1290361942743525
	1.1290360283534393
	1.129042034461095
	1.1290450758154258
	1.1290449463040921
	1.1290448821064738
	1.129046439186032
	1.1290534647553498
	1.1290589589364268
	1.1290594691372404
	1.1290616612400735
	1.1290697507232959
	1.1290720238986907
	1.129077442630691
	1.1290729288733252
	1.1290701087090227
	1.1290709925400932
	1.1290714542434446
	1.1290737902570829
	1.1290748075042345
	1.1290750350041803
	1.129072906280949
	1.1290737715514114
	1.1290730011296937
	1.1290744837910822
	1.1290673189717164
	1.129066022104379
	1.1290594375689726
	1.1290554692054153
	1.129058275851982
	1.129055262065321
	1.129060555621445
	1.1290607700046607
	1.1290616573872045
	1.1290614981428628
	1.1290639865723417
	1.1290622481229533
	1.1290621406607624
	1.129062323525181
	1.1290626976927096
	1.1290674199392448
	1.1290688494604613
	1.1290615120993226
	1.1290604268250664
	1.1290624637427664
	1.129064180683996
	1.1290601522613506
	1.1290637346379524
	1.12906933274896
	1.1290734412459913
	1.1290757236703055
	1.1290737769991845
	1.129073769799072
	1.129069489757968
	1.129071299986988
	1.1290705361541349
	1.1290728627821136
	1.129074237322648
	1.129073992279017
	1.1290739101348262
	1.1290720964343284
	1.1290745499189083
	1.1290720320740106
	1.129072761039193
	1.1290725462816944
	1.1290724192418138
	1.129076731574133
	1.1290797452638917
	1.1290769349076164
	1.1290774799107193
	1.129078066214331
	1.1290749194529799
	1.1290739529515463
	1.1290804963897767
	1.1290866380471403
	1.1290868667733953
	1.1290795959312918
	1.1290781873001672
	1.1290799797368458
	1.1290870082566618
	1.129089402616961
	1.1290912523767322
	1.1290908200478995
	1.1290852826256572
	1.1290877058092388
	1.1290894363533341
	1.1290890203952038
	1.1290929410521502
	1.1290924637584527
	1.129095149783044
	1.1290925314811007
	1.1290941755444108
	1.1290906179989348
	1.1290872749496985
	1.1290884182030796
	1.1290912609559205
	1.1290843254247267
	1.1290821339010568
]