[
	1.113375878024276
	1.113375878024278
	1.1133758780241558
	1.1133758780189515
	1.1133758785827776
	1.1133760202810563
	1.1133861425838905
	1.113429927645295
	1.1135003347681716
	1.1135746766708945
	1.113657206442866
	1.1137378263086435
	1.1138057136847577
	1.11386797314754
	1.1139299972602443
	1.1139876992262707
	1.1140448104451086
	1.11409886653139
	1.1141474423067692
	1.1142079255421147
	1.1142527360412229
	1.1143047775139854
	1.1143472761275868
	1.114383762513255
	1.1144288083540068
	1.1144683563804856
	1.1145123453834607
	1.1145432138940352
	1.1145787530113895
	1.114601296868231
	1.1146333988424084
	1.1146790238235391
	1.1147041208681305
	1.1147232261996953
	1.1147527816316325
	1.1147778993421817
	1.1148094196449243
	1.1148389951870918
	1.1148578014889534
	1.114892696485039
	1.1149199702598558
	1.1149336848674347
	1.1149432860850517
	1.114959209216533
	1.1149711761484893
	1.1149825426485565
	1.1149942605296892
	1.1150152976720413
	1.1150317545018575
	1.1150451093359688
	1.1150526441332769
	1.1150803951055193
	1.1150898128117015
	1.115101352637079
	1.1151116709902906
	1.1151161851838338
	1.1151074674412231
	1.1151228344128243
	1.1151253369634375
	1.1151247150144832
	1.1151350963689022
	1.115144919396937
	1.115150223227816
	1.1151490812384581
	1.1151426891959244
	1.1151479295854188
	1.1151517284234336
	1.1151466174467501
	1.1151528192933262
	1.1151471672205078
	1.1151511736743156
	1.1151464418472752
	1.115150077645725
	1.1151508556265695
	1.1151520138098816
	1.1151581612288797
	1.1151596912969621
	1.115162209055553
	1.1151683816454487
	1.1151647679791494
	1.1151635638173059
	1.1151682302354236
	1.1151619727745183
	1.115151738967349
	1.1151540092095336
	1.1151543340208074
	1.1151485474646228
	1.1151442218069154
	1.1151367136408494
	1.115129838316219
	1.1151281149464958
	1.1151315664149701
	1.115131175432438
	1.1151276633362555
	1.1151264909755794
	1.1151199590162797
	1.1151139195907362
	1.115105768770958
	1.1150927964543997
	1.1150894824399806
	1.1150881420818564
	1.1150749332548109
	1.115068252177724
	1.1150639374022535
	1.1150633782175057
	1.115051395624763
	1.1150411447494126
	1.1150265548147718
	1.1150201681000897
	1.1150165994206518
	1.1150095828658346
	1.1150015412293
	1.1149884705686386
	1.1149710448258603
	1.1149642343127633
	1.1149565153841463
	1.1149428817075122
	1.1149345225864586
	1.1149240932477227
	1.1149179489340901
	1.1149150292870362
	1.1149123146838518
	1.114905586399712
	1.1149039156092535
	1.1149045207157904
	1.1148897681009224
	1.114879780724077
	1.1148737125716235
	1.1148659036531625
	1.1148561169372977
	1.114846222071975
	1.114836753205517
	1.1148260763503155
	1.1148179471636215
	1.1148093624638395
	1.1147981764446362
	1.1147923286745918
	1.1147835845203968
	1.1147692578360777
	1.1147593761652035
	1.114754755128944
	1.1147516525559926
	1.114743922857933
	1.1147379545579792
	1.1147296209441813
	1.114724025349863
	1.1147155891408076
	1.1147105549196827
	1.114701476658826
	1.114699650253444
	1.1146893643728268
	1.1146819990351307
	1.1146827198071734
	1.1146742740955367
	1.1146638296006448
	1.1146490638264968
	1.114641983954304
	1.1146331162946645
	1.1146232024188314
	1.1146182424079116
	1.1146109753226863
	1.1146027842350168
	1.1145934091137888
	1.1145911742134327
	1.1145812294960125
	1.1145733085479224
	1.1145673505213642
	1.1145622924725045
	1.1145572944239521
	1.1145487323781245
	1.1145439111878985
	1.1145396283928337
	1.1145317087541062
	1.114523350256079
	1.1145160346763714
	1.1145138023868644
	1.114507726666443
	1.1145025906245118
	1.114496139486687
	1.1144902476211849
	1.1144847906202875
	1.114479071310963
	1.114471203935982
	1.1144667834403126
	1.1144549933906511
	1.1144515978121179
	1.114447239505931
	1.114438487299931
	1.1144344178596859
	1.1144313421111314
	1.1144284677586112
	1.1144212590404459
	1.1144166417602708
	1.11441522236909
	1.1144128740452244
	1.1144016776364738
	1.1143955533739942
	1.1143843709321142
	1.1143782333977783
	1.1143707949220176
	1.1143721962985362
	1.114364336052536
	1.1143593665636682
	1.1143597152888098
	1.1143540903714748
	1.114347682264515
	1.11434483426259
	1.1143365527758151
	1.114330688583004
	1.1143281179060784
	1.114320903195813
	1.1143200861166953
	1.1143130164599604
	1.114308261968635
	1.1143043311638463
	1.1142995358915266
	1.1142923382856613
	1.114293639165702
	1.1142888926583439
	1.1142795158514036
	1.1142723228837619
	1.1142652749554516
	1.1142549427043897
	1.1142456024275291
	1.1142396791533296
	1.1142302413526568
	1.1142254776576428
	1.1142183584644654
	1.1142158045742774
	1.1142070446066294
	1.114198441864064
	1.1141962826203016
	1.1141914431169124
	1.114186065477606
	1.1141899364862797
	1.1141876646714335
	1.1141814761122164
	1.114177496612971
	1.1141726013862947
	1.1141725235386064
	1.1141703503041156
	1.1141654071463651
	1.1141606873861607
	1.1141590140691504
	1.1141597244454806
	1.1141596890544143
	1.1141570421259246
	1.114154416959357
	1.1141505561637535
	1.1141448382377324
	1.1141439964309328
	1.1141399133458094
	1.1141364174094697
	1.1141369509574635
	1.1141297140440691
	1.1141277410313533
	1.1141232572567261
	1.1141123467177392
	1.1141096519324583
	1.1141099172926872
	1.1141057430580388
	1.114102049143938
	1.1141023035641249
	1.1140995681265455
	1.11409441519794
	1.1140980864080356
	1.1140932327261663
	1.1140891375006692
	1.1140842110694682
	1.1140883009374611
	1.1140844804153924
	1.114078659364871
	1.1140789626849268
	1.114072874428312
	1.1140697020879897
	1.1140671924663534
	1.1140651706336007
	1.114062190029065
	1.1140579918690836
	1.1140530020385866
	1.1140474678771506
	1.1140471656657405
	1.114044309622568
	1.114041389283837
	1.114037888051315
	1.11403877042361
	1.1140316880569696
	1.1140329087184515
	1.114033107578564
	1.1140310034873369
	1.114027582352707
	1.114021888903961
	1.1140141452446226
	1.1140107480258807
	1.1140053440030036
	1.1140034925680986
	1.1140014134501282
	1.11400396096576
	1.1140021826920652
	1.1140050806665907
	1.1140011689973126
	1.1140001693616535
	1.114001988118323
	1.1140006989936628
	1.1139980804211103
	1.1139930178817643
	1.1139950752763588
	1.1139954587233598
	1.113995530464926
	1.1139973135901309
	1.113994905815648
	1.1139951417722993
	1.113994109255892
	1.1139885471369593
	1.1139893135936163
	1.11398490688381
	1.1139867513852582
	1.113989241274164
	1.1139841675112847
	1.1139841622493747
	1.1139780438547868
	1.1139769531254287
	1.1139767010518813
	1.1139782795030846
	1.1139797390313888
	1.1139812006786638
	1.1139828502320077
	1.1139777042431909
	1.1139745738140554
	1.1139702172255448
	1.113970740360901
	1.1139691587983123
	1.1139726210984047
	1.1139777994409124
	1.113979750990087
	1.1139756594746903
	1.1139760217631929
	1.1139731990593964
	1.1139752472572821
	1.1139759913006408
	1.1139752322829997
	1.1139726676730315
	1.113974024924426
	1.113974018179705
	1.1139757032512017
	1.1139770464359093
	1.113976398168335
	1.1139692072093834
	1.113966386771285
	1.1139659826798902
	1.113963997746063
	1.113965352191542
	1.1139648131924407
	1.1139616951408051
	1.1139613498857963
	1.1139661156269842
	1.113966101192794
	1.113968289061825
	1.1139655503318933
	1.1139669752329044
	1.1139669192694384
	1.1139654004130886
	1.113964450602342
	1.1139691325827936
	1.1139754950144962
	1.1139739038382892
	1.1139736087717675
	1.113970894202122
	1.1139714364683753
	1.1139677756773918
	1.1139698864752359
	1.1139687585963987
	1.1139730262264689
	1.1139701629270138
	1.1139725129243985
	1.113974647970316
	1.1139731473524146
	1.1139756838857748
	1.1139763922467367
	1.1139762966771427
	1.1139787690261156
	1.1139765843365883
	1.1139793941459186
	1.113974814810488
	1.113972343963134
	1.1139682519580705
	1.1139693776978612
	1.1139716173386884
	1.1139698069683392
	1.113967403775756
	1.1139653955070525
	1.1139667821843244
	1.1139612773367737
	1.113963433388525
	1.1139650772174914
	1.1139648249539604
	1.1139661018761102
	1.1139648528061747
	1.1139624357526254
	1.1139641386726413
	1.113963907064693
	1.1139624277930522
	1.1139618928263169
	1.113962530222855
	1.1139633661260566
	1.1139642483911856
	1.1139628863985047
	1.1139678791830232
	1.1139667184945434
	1.1139676443580575
	1.1139709734555645
	1.1139694119666537
	1.113970350945472
	1.1139713768532826
	1.1139706162453036
	1.113967482334537
	1.1139684923285222
	1.1139717116356045
	1.1139691248674317
	1.1139724184420092
	1.113969742398494
	1.113976133817666
	1.113979863581351
	1.1139818998567164
	1.113982952077783
	1.1139809936379563
	1.1139815627509668
	1.113984903753098
	1.1139831277271273
	1.1139843670246619
	1.1139840061360076
	1.1139826754051954
	1.1139838152633346
	1.1139874476393812
	1.1139883105151225
	1.1139883866129163
	1.1139907949544714
	1.1139914199964798
	1.1139960481837625
	1.113998068634602
	1.1139939557579321
	1.1139947791454634
	1.1139928768142497
	1.1139892407692165
	1.1139867774240988
	1.1139925411641811
	1.1139921558173456
	1.1139943111493424
	1.1139907407388772
	1.1139940199382856
	1.1139944335560634
	1.1140004710118123
	1.1140034301085298
	1.1140049400955478
	1.1140119209635877
	1.114012097011235
	1.1140160646481254
	1.1140219036480523
	1.1140219272721767
	1.1140207185245221
	1.1140222420496484
	1.1140250586634732
	1.1140294675700826
	1.1140318045854438
	1.1140352541013083
	1.1140366747314638
	1.1140328517852245
	1.1140354563761097
	1.1140347537706763
	1.1140367970626261
	1.114042351826271
	1.1140425630166628
	1.1140409734599446
	1.114046576637574
	1.1140471291553327
	1.114040119038936
	1.1140429435316712
	1.1140443867828755
	1.114047157052774
	1.1140482730811723
	1.114047604094676
	1.1140472433583555
	1.1140483199026796
	1.114047440048429
	1.1140459192124468
	1.1140473531959123
	1.1140495075770402
	1.1140498020594307
	1.114047362396163
	1.1140503040298615
	1.114051869133571
	1.1140482352343282
	1.1140499497570382
	1.1140524196068111
	1.1140493976191106
	1.1140489011738246
	1.1140469613588506
	1.1140454147748398
	1.1140465272887081
	1.1140438729687536
	1.1140484840216567
	1.1140470065659542
	1.1140465528036878
	1.1140430078610912
	1.1140452544950277
	1.1140424580847328
	1.1140433226228486
	1.1140444327216215
	1.1140422694240462
	1.1140393776254627
	1.1140445535843637
	1.11405066727252
	1.114049645958498
	1.114049081920686
	1.114051073323716
	1.1140501615355285
	1.1140504141589311
	1.1140507775583053
	1.1140461606521872
	1.114049276439354
	1.1140538093070778
	1.1140478065041401
	1.114050013810248
	1.1140486621178
	1.1140476996520763
	1.1140504483520206
	1.1140483237907117
	1.1140556813829292
	1.114054500731755
	1.114054137569074
	1.1140559735626503
	1.1140584846125892
	1.114057700864985
	1.1140541955803132
	1.1140554868333081
	1.1140621737266545
	1.1140661277870607
	1.1140662662235428
	1.114065921871304
	1.1140695421851925
	1.1140674399732078
	1.1140652426714044
	1.1140663076754886
	1.114064280407178
	1.1140647635918308
	1.1140654989591894
	1.1140642010140989
	1.1140653905472713
	1.1140650260140559
	1.1140644340624124
	1.1140636322618747
	1.1140658763488311
	1.1140655616844028
	1.1140659625448115
	1.1140710597711143
	1.1140672189287242
	1.1140688414601259
	1.1140691234024376
	1.1140699272882528
	1.114069164367573
	1.1140738014271685
	1.1140718336685391
	1.1140642993920247
	1.1140636990025727
	1.1140657228549362
	1.1140662086581614
	1.1140620560971226
	1.1140681805394106
	1.114074254204786
	1.1140753319876182
	1.1140700172136204
	1.1140739065627274
	1.1140726400602554
	1.114075403320974
	1.1140755961948714
	1.1140760900575943
	1.1140775743101958
	1.1140828168899288
	1.11408532749045
	1.1140884882927367
	1.1140892393451634
	1.1140906103612003
	1.1140926414331178
	1.1140902093015224
	1.1140926421785968
	1.1140946386325747
	1.1140951951365374
	1.1140980532983285
	1.114100074690794
	1.114098656435477
	1.1140982854231694
	1.1140969022961238
	1.1141007895077204
	1.1141037947848518
	1.1141014555964996
	1.1141003456096088
	1.1140983905470754
	1.1140964317465325
	1.1140949651122214
	1.1140923238132463
	1.114096297359039
	1.1140967612227983
	1.114101609863
	1.1141039562573984
	1.1141023373994
	1.1140990329588232
	1.1140987898108885
	1.1140978532514947
	1.1141056075502747
	1.1141099611849181
	1.1141106461371033
	1.114110712669103
	1.1141127370386028
	1.1141139446019517
	1.1141165210106028
	1.1141145337339036
	1.1141126639119585
	1.114115339613586
	1.1141150927798265
	1.1141162677049286
	1.1141142149822976
	1.1141198266257781
	1.1141182941540237
	1.1141181137699039
	1.1141182648353145
	1.1141156092253148
	1.1141134287130772
	1.1141151513923677
	1.1141180005411406
	1.1141204995112353
	1.1141206706613802
	1.1141196805323932
	1.114113594874082
	1.1141144436552926
	1.1141123942367746
	1.114111447572153
	1.114116548483811
	1.1141226550406935
	1.1141273373287255
	1.1141280560312767
	1.1141281519306279
	1.1141246199643977
	1.1141261988877675
	1.1141206067618679
	1.114116647898795
	1.1141187408867468
	1.1141206886957002
	1.1141188399754873
	1.114120431283956
	1.1141156714415985
	1.1141197805059735
	1.1141265203920763
	1.1141283660483092
	1.114125043880137
	1.1141209137348314
	1.1141226022899187
	1.114126038570495
	1.1141246786550503
	1.1141292988274119
	1.1141255155805874
	1.1141237098990473
	1.1141201868848878
	1.1141184388582184
	1.1141158157941833
	1.1141194435514672
	1.1141194692664966
	1.1141187934256003
	1.1141215963259452
	1.1141189362150246
	1.1141159820888138
	1.1141155811399102
	1.1141180288961356
	1.1141177743387716
	1.114113885187785
	1.114111368991165
	1.1141051708983938
	1.1141108427344895
	1.1141073560925914
	1.1141072407856998
	1.1141039264772117
	1.1141051085620257
	1.1141069114756563
	1.1141065640075591
	1.1141073396608776
	1.1141080473496123
	1.1141099065758613
	1.1141076133758245
	1.1141087703269448
	1.11411302212522
	1.1141174370803788
	1.1141126467377103
	1.1141095812629733
	1.1141110754220929
	1.114106699605424
	1.1141074659628734
	1.1141039999472035
	1.1141073757013062
	1.1141032561437372
	1.1141046457891965
	1.114106709728766
	1.114105622871194
	1.1141066620735591
	1.1141058935562531
	1.114107088296897
	1.1141069849523233
	1.1141088042169802
	1.1141048211287627
	1.1141014627915313
	1.114101295713608
	1.1141013744939763
	1.1140970257736997
	1.1140931122051663
	1.1140946064665862
	1.114099017014608
	1.1140964340102621
	1.114096518156489
	1.1141006606921482
	1.1141025105937954
	1.1141036148465264
	1.114103563905732
	1.11410051376242
	1.1141027921719044
	1.1141051065727539
	1.1141058673816593
	1.114109214768679
	1.114109280587313
	1.114112833432698
	1.114112035524674
	1.1141106146678972
	1.1141122971151212
	1.1141093472464532
	1.1141084268268826
	1.1141089146128493
	1.1141107086350732
	1.1141095780302743
	1.114112345351905
	1.1141116147360823
	1.1141134449621908
	1.114115632558192
	1.114115622248658
	1.114115974024656
	1.1141143353852219
	1.1141171649021442
	1.1141164134799315
	1.1141179464078292
	1.1141176821354841
	1.1141186065951298
	1.1141162026808629
	1.114109396932741
	1.1141102540222647
	1.1141101047410993
	1.1141135416000434
	1.114115649674067
	1.1141148317954783
	1.1141147728221896
	1.1141158673947091
	1.1141195075090398
	1.1141145301143869
	1.1141171087980866
	1.1141222333103917
	1.1141258305167507
	1.1141252717569579
	1.114124179654177
	1.1141252491221194
	1.1141246221264132
	1.1141246619990535
	1.1141248199725755
	1.1141206390463294
	1.1141219400894444
	1.1141240102178485
	1.1141194339216542
	1.1141195684599585
	1.114117226585549
	1.1141177035970045
	1.1141155927635182
	1.1141139794514696
	1.1141131981853003
	1.1141125151934677
	1.1141118061968864
	1.114116357226562
	1.1141168437432996
	1.1141175055108192
	1.1141155456828884
	1.1141136576655615
	1.1141117421624038
	1.1141104701036881
	1.1141080832524626
	1.1141074937396094
	1.114106594097205
	1.1141052125016815
	1.1141068041815831
	1.1141065397161842
	1.114109314456212
	1.1141108889441607
	1.114110687331445
	1.1141092224063243
	1.1141156633718423
	1.1141134626340767
	1.1141116421708785
	1.1141111712864873
	1.1141100575995215
	1.1141106451156053
	1.1141121505449714
	1.1141113741800084
	1.1141053693686296
	1.1141100673603253
	1.1141101584276458
	1.1141112066716514
	1.114110266244193
	1.1141128324983591
	1.1141111868911828
	1.1141095814380786
	1.1141092926228748
	1.114113333539135
	1.114112577987562
	1.1141116271186515
	1.11411462597851
	1.1141178171519615
	1.1141140974945514
	1.1141205225387536
	1.114123903237803
	1.1141214888679045
	1.1141210643408475
	1.1141187869570757
	1.114119483869715
	1.1141200953704946
	1.1141174440536599
	1.114116985191348
	1.1141142190568933
	1.1141069519162519
	1.1141086869085013
	1.1141128767163795
	1.1141131752831386
	1.1141124060442806
	1.1141150063326617
	1.1141145296404436
	1.1141081284662286
	1.1141122825688006
	1.1141132494101558
	1.1141150200710093
	1.114112353525737
	1.114112582697723
	1.1141135868700096
	1.1141158611590647
	1.1141157342094894
	1.1141127911160598
	1.1141104816903853
	1.1141100201068104
	1.1141083930992908
	1.1141084767198708
	1.1141060490303059
	1.114105895004863
	1.1141048382720176
	1.1141123336051653
	1.114117114607874
	1.1141163592651753
	1.1141166645127445
	1.1141212967357697
	1.1141193393694704
	1.1141207624233542
	1.1141243925150635
	1.114119796779063
	1.1141261137850365
	1.1141261590075324
	1.1141265310413881
	1.1141263063035596
	1.114126040790742
	1.1141254842015087
	1.1141285719823248
	1.1141289810099266
	1.1141294983261845
	1.1141245210901267
	1.1141240597742839
	1.114127695305105
	1.1141297266112167
	1.1141228963931793
	1.1141194461152386
	1.1141170199475907
	1.1141157010442222
	1.1141117202704527
	1.1141144915360508
	1.1141136057423977
	1.1141124768336363
	1.114112373212536
	1.114115256283478
	1.1141170748565246
	1.1141214029737854
	1.114117830855357
	1.1141198526351854
	1.114115619803376
	1.1141168909519146
	1.1141187394203613
	1.1141164833758577
	1.1141158079764184
	1.1141124792038455
	1.1141130468742158
	1.1141187120670872
	1.1141201624743107
	1.1141184830365756
	1.1141212877138316
	1.114116363127204
	1.114115402408503
	1.1141129635453273
	1.1141142076612967
	1.114113888665878
	1.1141215870874925
	1.114125062949477
	1.114124399945002
	1.1141228736197337
	1.114120260092616
	1.1141178351877519
	1.114117915289548
	1.1141198253641922
	1.1141219150704051
	1.1141230064501206
	1.114126971755495
	1.1141275972190086
	1.1141299226396257
	1.114128648043734
	1.114125513412611
	1.1141195160888286
	1.1141136662302475
	1.1141132160503067
	1.1141128563288472
	1.1141096915560647
	1.1141119038228744
	1.1141115041975334
	1.114112896587037
	1.114112402317967
	1.1141095843554525
	1.1141033395432403
	1.1141031184706802
	1.114100996777544
	1.1141028012212097
	1.1141032609179697
	1.1140996141117934
	1.1141004078833265
	1.114102356632
	1.1141033064033965
	1.114106187121847
	1.1141024335796355
	1.1141011489412365
	1.1141026823629818
	1.1140990095409127
	1.1140999727806487
	1.1141045898727462
	1.114105976059873
	1.1141091925307727
	1.1141095115691597
	1.1141139281462522
	1.1141109091408519
	1.1141115231687406
	1.1141146932039245
	1.1141137423639482
	1.114116493057912
	1.1141227879970088
	1.114123193519244
	1.114125801991761
	1.1141315204545879
	1.1141285166598998
	1.114126318528298
	1.1141261278547412
	1.1141236458403767
	1.1141256259613925
	1.1141298398883084
	1.114134769438505
	1.114133815485954
	1.1141336489700302
	1.1141327427995456
	1.114131863536922
	1.1141325778805393
	1.1141325293919297
	1.1141301782007573
	1.1141285170924937
	1.1141340564533726
	1.1141337599361167
	1.1141334489470178
	1.1141283846099388
	1.1141249539687768
	1.1141209468108004
	1.114115523231646
	1.1141128714661281
	1.1141141561174848
	1.114115475943553
	1.114114569199876
	1.1141144725800245
	1.1141194658999478
	1.1141160058223067
	1.114118061041702
	1.1141189046524067
	1.1141192422978532
	1.1141199659521053
	1.1141225109850477
	1.1141319596058004
	1.1141333846109622
	1.1141329597054666
	1.1141310606855561
	1.1141313783982967
	1.1141273697735044
	1.1141278479666838
	1.114130684466955
	1.114129284709444
	1.1141272817624295
	1.1141245496524035
	1.1141248627594655
	1.1141228076129517
	1.1141236272386454
	1.114123775644103
	1.1141223764169346
	1.1141223333609538
	1.1141139929511128
	1.1141129867889785
	1.1141105284644452
	1.1141094434310452
	1.1141090610411513
	1.1141092583780055
	1.1141105171353807
	1.1141135953981134
	1.1141195649970264
	1.1141198054605628
	1.1141193321977818
	1.114119058448539
	1.1141171759967043
	1.1141171959942826
	1.1141211478800608
	1.1141234894156065
	1.1141275143040232
	1.1141275516495268
	1.1141292662067441
	1.1141313175731509
	1.1141359433120284
	1.1141338088559554
	1.1141332454157107
	1.1141350454074817
	1.1141345360932133
	1.1141370796332701
	1.1141367954659194
	1.1141359259972639
	1.114133831812669
	1.1141341256620902
	1.1141352976654686
	1.1141335708481606
	1.114135790028876
	1.1141406784378307
	1.1141437925216726
	1.1141414833972707
	1.1141467874728743
	1.1141456874062123
	1.1141466684389854
	1.1141460736290962
	1.1141441266627699
	1.1141447558996547
	1.1141448725844996
	1.1141425242054475
	1.1141428755178064
	1.1141411117975446
	1.1141429948241588
	1.1141400087957591
	1.1141443452603816
	1.1141426170192958
	1.1141403522099849
	1.1141389054842106
	1.1141380269807335
	1.1141399558227651
	1.1141425596316645
	1.1141467031645325
	1.1141470560704843
	1.1141456408895025
	1.1141390149229156
	1.1141371559187043
	1.114132668973986
	1.1141263173980327
	1.1141251586486516
	1.1141259089045115
	1.114123556265437
	1.1141187077289252
	1.1141182436824282
	1.1141200974743024
	1.1141211597758203
	1.114121358417755
	1.1141239166209476
	1.1141277283689055
	1.1141299887217446
	1.114131726712773
	1.1141344808384048
	1.1141355646752913
	1.1141324478791745
	1.1141315353326389
	1.1141358673137296
	1.114135596714617
	1.1141349482142442
	1.114133790726026
	1.1141305255416571
	1.1141300424214455
	1.1141289221723591
	1.1141299885361489
	1.1141252838973577
	1.1141268544933804
	1.1141294241777813
	1.1141282445757597
	1.1141236594296655
	1.1141212149713542
	1.114119670382801
	1.1141197028881489
	1.11412150378695
	1.114119083618465
	1.1141168950367675
	1.1141212712081523
	1.1141211113423521
	1.1141203438523275
	1.1141202207056495
	1.1141190157746745
	1.1141143590630913
	1.114118343231268
	1.114117930550853
	1.114112181638518
	1.1141118865281432
	1.1141048528623514
	1.114104974973869
	1.1141075896391588
	1.114107676274885
	1.114109515653469
	1.1141116281566719
	1.1141087187833876
	1.114110368659905
	1.1141094461575973
	1.114112801756079
	1.1141107818380436
	1.114108503228325
	1.1141096382773044
	1.1141085055743851
	1.1141095055804522
	1.1141094353724468
	1.114107471082495
	1.114108437464198
	1.1141082188722846
	1.1141119245212598
	1.1141104653740728
	1.1141122457675947
	1.1141137767548677
	1.1141169129446185
	1.1141164271633968
	1.1141178618283396
	1.1141139322548774
	1.1141145869418643
	1.1141159643900558
	1.114110924037616
	1.1141119429897146
	1.114109347036053
	1.11410607861357
	1.1141003457900445
	1.1141004280282483
	1.114100825562449
	1.1141016751195667
	1.1141065291448182
	1.1141055579614927
	1.1141050470920375
	1.1141009604595637
	1.1141087304674562
	1.114109002358759
	1.1141152867320852
	1.1141174013129131
	1.114116695539554
	1.114115186299571
	1.1141190977823254
	1.1141177699361176
	1.1141207975657872
	1.114122730806304
	1.1141235791140907
	1.114126548063306
	1.1141284468962678
	1.114128277630714
	1.1141254613356566
	1.1141261252122925
	1.1141232551504476
	1.114124029487352
	1.1141177583564936
	1.114116963507687
	1.1141127298503
	1.1141129746998026
	1.114113861102365
	1.1141121890172234
	1.11411289030607
	1.1141110118444686
	1.1141138458265019
	1.1141137015927272
	1.114113658014495
	1.114116034095862
	1.1141101257969095
	1.1141126188120631
	1.114115985153203
	1.114110049566758
	1.1141049195463284
	1.1141084008782
	1.1141094577339818
	1.114109846118015
	1.1141106323821388
	1.1141099894145434
	1.1141092126906806
	1.1141083882692042
	1.1141113913678728
	1.1141110611466383
	1.1141151911025442
	1.114114616480669
	1.1141137938021666
	1.1141144379233539
	1.1141139243684823
	1.1141130146921203
	1.1141155295243057
	1.1141137991158827
	1.114111263821603
	1.1141085353118259
	1.1141091535036896
	1.1141095243741663
	1.1141098598296226
	1.1141093764152123
	1.1141089923161542
	1.1141136808623329
	1.114117671095918
	1.1141183440525424
	1.1141193934204097
	1.1141180994645032
	1.114117386114067
	1.11411710822041
	1.1141188863009095
	1.114116970644994
	1.1141215887400386
	1.1141215224369283
	1.114119952080495
	1.1141221473205227
	1.1141260539952162
	1.114128971440097
	1.114124654394923
	1.1141272170857301
	1.114132192875754
	1.1141329168417073
	1.1141337240757103
	1.1141385642203705
	1.1141419570042541
	1.1141400597355928
	1.1141362580581173
	1.1141328209319552
	1.1141344077967537
	1.114139317203199
	1.114139851356647
	1.1141419488106032
	1.1141404855542418
	1.1141427602866725
	1.1141389742423562
	1.114138706986882
	1.1141384579976032
	1.1141397918234057
	1.1141361043697526
	1.1141355317339152
	1.1141369438062407
	1.1141348149964918
	1.1141327161780699
	1.1141307128368405
	1.114137546265485
	1.1141345581951614
	1.114132349945892
	1.1141340438949594
	1.1141358046044851
	1.1141337309969626
	1.1141340734682423
	1.1141377333975244
	1.1141376625098924
	1.114135357099298
	1.1141333579318693
	1.114134781438965
	1.1141362829444579
	1.1141341546987422
	1.1141330915517524
	1.114132043736371
	1.114131818023174
	1.1141295157857902
	1.1141272455094944
	1.1141267814829858
	1.1141263135893806
	1.114123643777697
	1.114122102476192
	1.1141197962700464
	1.1141219662485093
	1.1141232402620846
	1.1141245766193224
	1.11412312758329
	1.1141231727134804
	1.1141182894647088
	1.1141118542352257
	1.1141138329981144
	1.114117469439796
	1.1141226521412035
	1.114121012256574
	1.1141223967963578
	1.1141210181213337
	1.1141234246137726
	1.1141309395887837
	1.1141318121267376
	1.1141294557317356
	1.1141295650419325
	1.1141269745465994
	1.1141237829249329
	1.1141239645935292
	1.1141216482433727
	1.1141181251534507
	1.1141189203321713
	1.1141225658888283
	1.1141246344190547
	1.1141244197002769
	1.1141281227758553
	1.1141302531086565
	1.1141267281241152
	1.1141302836545426
	1.1141357808423047
	1.1141310849620383
	1.1141317959644228
	1.1141307266135054
	1.1141273366598157
	1.114128650677717
	1.1141261610788906
	1.1141271184345516
	1.1141225080749493
	1.1141249926140486
	1.1141257964060023
	1.1141220891131716
	1.1141258611234477
	1.1141323160005543
	1.1141345597327377
	1.1141337138520098
	1.1141357441182735
	1.114134808787136
	1.1141350759466164
	1.1141350212529173
	1.1141354826720682
	1.1141348078844828
	1.1141330572085655
	1.1141329828771707
	1.1141305150442344
	1.11412831869362
	1.11413107356834
	1.114131613913751
	1.1141348938732427
	1.1141329654508438
	1.1141324984490482
	1.1141314787527392
	1.1141321246775064
	1.1141328219998332
	1.1141335367690166
	1.1141368558348554
	1.114135167100587
	1.1141310217135363
	1.1141305824970342
	1.1141305711961562
	1.1141304317529088
	1.1141273907328655
	1.1141309072249874
	1.1141305246036295
	1.1141293689727836
	1.1141310183788842
	1.1141346497518074
	1.114134702501946
	1.1141352698597677
	1.1141362138615365
	1.1141415323868653
	1.1141414050248648
	1.114140677625685
	1.1141448962299403
	1.114144383085193
	1.114140432986432
	1.114145250765188
	1.1141469501406958
	1.1141385196679017
	1.114142151294456
	1.1141403868107291
	1.1141414156846845
	1.1141428376116387
	1.1141442513877005
	1.1141427913303703
	1.1141437203396212
	1.1141422939913685
	1.1141507979244696
	1.1141525702310482
	1.1141535801261646
	1.1141526288425139
	1.1141489812629344
	1.11414979722269
	1.1141508271645595
	1.1141492867732212
	1.1141529231135654
	1.1141520532386715
	1.1141521773617558
	1.114151034747302
	1.114153934142337
	1.1141561529338089
	1.1141491052395185
	1.1141531518205674
	1.1141545780382995
	1.1141534682985454
	1.1141605505571146
	1.1141605493162325
	1.1141621695746418
	1.1141647252291642
	1.114157750383659
	1.1141587357124991
	1.11415405261527
	1.1141521595186794
	1.114150631894538
	1.114151306689562
	1.114150000592417
	1.1141508865941787
	1.1141561952024308
	1.1141543581776236
	1.1141493353610488
	1.1141487222051156
	1.1141486203684918
	1.1141518280882676
	1.1141475474248337
	1.1141401241582856
	1.1141445230868585
	1.1141458419435752
	1.1141439225418561
	1.1141408341874675
	1.114139610525719
	1.1141367768657584
	1.1141371733958623
	1.1141383200392974
	1.114136100958974
	1.1141381724825172
	1.1141348155532147
	1.114133664428466
	1.1141318808391922
	1.1141329014116184
	1.1141379053474516
	1.1141376959318992
	1.1141376425012082
	1.1141362161019608
	1.1141377689197058
	1.1141353996716075
	1.1141378065132448
	1.1141366955958043
	1.1141366792088412
	1.1141369958067633
	1.1141373927643083
	1.1141337565091014
	1.1141310613497017
	1.1141320451110162
	1.114132729928328
	1.1141328368241914
	1.1141323091607687
	1.1141354160410724
	1.1141396657177833
	1.1141363486157883
	1.1141435205354182
	1.1141447371123772
	1.1141451305644474
	1.1141415886545472
	1.114140862641602
	1.114140452089392
	1.114139341821613
	1.1141373337070928
	1.1141382835997118
	1.1141364557166618
	1.114137159801698
	1.1141357132843324
	1.114139714172079
	1.11413656237447
	1.1141355671767497
	1.1141362171449234
	1.114133373748065
	1.1141306324623976
	1.1141238593324743
	1.1141195247998996
	1.1141157411170775
	1.1141158154495086
	1.1141138730221678
	1.1141193811204084
	1.1141193831911371
	1.1141219056617506
	1.1141216860424394
	1.1141184180260253
	1.1141198160762378
	1.1141180450779007
	1.114119444384104
	1.114123400235445
	1.1141224103371254
	1.114122454234498
	1.114124556850095
	1.1141240716108995
	1.1141228445639295
	1.1141237442203986
	1.1141273737456443
	1.1141204913858154
	1.1141192108333329
	1.114116718326865
	1.1141179908455126
	1.1141193814815198
	1.1141170129241316
	1.1141215777572202
	1.1141223244951153
	1.1141198773567926
	1.1141161480855282
	1.1141173768740966
	1.1141168700777755
	1.11412177669046
	1.1141199429583772
	1.1141195553946819
	1.1141196386069319
	1.1141157083584767
	1.1141184305238347
	1.1141166015786348
	1.1141183174664409
	1.1141184330333185
	1.1141203012995677
	1.1141185567609266
	1.1141201094280602
	1.1141206571277877
	1.1141215765788541
	1.1141244895597389
	1.1141236463248498
	1.114125367063322
	1.114126254380702
	1.114130393978719
	1.1141354094901443
	1.1141419430572452
	1.1141407788537416
	1.1141386922378576
	1.1141437791594142
	1.11414116058443
	1.1141385216996758
	1.1141333569134195
	1.114141383074831
	1.1141465675490647
	1.1141466946604988
	1.1141474816159445
	1.1141523478878796
	1.1141504852525972
	1.11414996898722
	1.1141448531095868
	1.1141487792633964
	1.1141528364151108
	1.1141480063302902
	1.1141534955541588
	1.114152907909152
	1.1141544269781882
	1.1141566394220366
	1.1141588590992562
	1.1141565485341973
	1.1141541412693698
	1.114157754094454
	1.114159459929377
	1.1141623361900044
	1.1141623707520723
	1.1141600438089714
	1.1141564697248194
	1.1141537736185938
	1.11415411705809
	1.1141527639855748
	1.1141530101280182
	1.1141537952561802
	1.1141514748969628
	1.1141475462296078
	1.1141450064551655
	1.1141420159542617
	1.1141384713841238
	1.114141786712148
	1.1141401327002225
	1.114139777643485
	1.1141438081808221
	1.1141481514401024
	1.1141495101509251
	1.1141531332761645
	1.1141521902531977
	1.1141554185499862
	1.1141599008594747
	1.1141602774170885
	1.1141645423956115
	1.1141629564814832
	1.1141626296737428
	1.1141631604316078
	1.1141604357926636
	1.1141603470296284
	1.1141549427793043
	1.1141540852182004
	1.1141502000991805
	1.1141472029659343
	1.1141507282894951
	1.1141509554927687
	1.1141489457183789
	1.1141516408065368
	1.1141532348043186
	1.114151936000848
	1.1141549987595583
	1.1141534316991628
	1.1141521310010385
	1.1141554008626757
	1.1141553822006314
	1.1141559652331838
	1.1141533210582437
	1.1141510127735135
	1.1141525247852206
	1.1141497185745308
	1.1141515287975912
	1.1141523639283046
	1.1141525261176972
	1.1141543948358008
	1.1141564059280549
	1.1141501342735465
	1.1141516986209312
	1.1141508870481922
	1.1141503842442309
	1.1141505777504495
	1.114150762590894
	1.1141531035551455
	1.1141541826712507
	1.114152311587409
	1.1141528537872187
	1.1141547672174503
	1.1141549931122625
	1.1141538065769978
	1.1141531163981482
	1.1141540656789037
	1.1141532095816884
	1.1141564943359323
	1.114153729334385
	1.114151610072987
	1.1141512007279002
	1.1141483954272977
	1.114145689521912
	1.1141420714801473
	1.114148529760987
	1.1141529387873839
	1.1141517861608763
	1.1141464031803383
	1.1141457746390253
	1.1141453674497417
	1.1141449596547497
	1.114144998946246
	1.1141424426485402
	1.1141442165561057
	1.1141432894130476
	1.1141429284021083
	1.1141480524108391
	1.1141462948869578
	1.1141449063211706
	1.114143760703007
	1.114148466702053
	1.1141468488333737
	1.1141469137024458
	1.1141516012925279
	1.1141534409361231
	1.1141533233932484
	1.1141511259323664
	1.114153522490272
	1.1141530866243232
	1.114155967983862
	1.114158724503046
	1.1141616991772318
	1.1141670033976323
	1.1141675279757444
	1.1141666318261725
	1.114169828876812
	1.1141716142620506
	1.1141706075538456
	1.1141635266119734
	1.114164743469652
	1.1141616732380628
	1.114159859108923
	1.1141523586856195
	1.1141583468431762
	1.1141627467336526
	1.1141637112513203
	1.1141621014486567
	1.1141611779763019
	1.1141628969848878
	1.1141655656602942
	1.1141632672314075
	1.1141599304622465
	1.1141603423342978
	1.114157178099238
	1.1141595310383015
	1.1141561887580942
	1.1141580593173646
	1.1141612205327827
	1.1141635885219596
	1.1141673946005906
	1.114161405194907
	1.1141617297611903
	1.1141647467154001
	1.114164922556961
	1.1141678381192333
	1.1141676849527034
	1.1141661159300138
	1.114161534916659
	1.1141568876196286
	1.1141609363696292
	1.1141580994203222
	1.114160116714725
	1.114161287394354
	1.114161113628621
	1.1141658173830815
	1.1141695472917004
	1.1141723869466753
	1.1141731377083748
	1.1141747379964888
	1.1141724025434498
	1.1141688436787511
	1.1141671870218648
	1.1141718682935382
	1.1141694342401771
	1.1141718229751143
	1.1141691306278478
	1.1141692740648375
	1.1141694553063521
	1.114173461242603
	1.114168458498743
	1.1141662215554573
	1.114168110823049
	1.1141684175487356
	1.1141644044783137
	1.1141659536202497
	1.1141710360460222
	1.1141711390337443
	1.114166359145818
	1.1141660738900034
	1.1141690244954279
	1.1141701150913417
	1.1141725291669318
	1.1141687604562969
	1.114165156369312
	1.1141629108987412
	1.1141588815927017
	1.1141575219509543
	1.1141594245965194
	1.114158246431529
	1.1141569751217406
	1.1141541964379447
	1.1141570214930707
	1.1141540847496174
	1.114160018486982
	1.1141588206862372
	1.114163128821388
	1.1141642372472562
	1.11416114138497
	1.1141573258947293
	1.114158584278093
	1.1141598190714792
	1.1141624630015234
	1.1141594925231748
	1.1141604139361445
	1.1141616148793172
	1.1141619408357823
	1.114163343602364
	1.1141646326933043
	1.1141682344042128
	1.1141683456149587
	1.1141678477180446
	1.1141676015193704
	1.1141663716316925
	1.1141723126459548
	1.1141697869733636
	1.114170083834736
	1.1141711263955763
	1.114171887006641
	1.1141671707196785
	1.1141680245497922
	1.1141698167149203
	1.1141712409089601
	1.114169828284307
	1.1141675296726792
	1.1141604628650172
	1.1141577801508584
	1.1141534521044616
	1.1141527663072055
	1.1141504243746558
	1.1141522731611473
	1.114153978082861
	1.1141528463609394
	1.1141541265467938
	1.1141552205463825
	1.1141578912564145
	1.1141540020943015
	1.114157265322505
	1.1141573243239336
	1.114152297201964
	1.1141531706228363
	1.1141498709599833
	1.1141435009817446
	1.1141442752728559
	1.1141433790089768
	1.1141386592417135
	1.1141398959449538
	1.11413883854174
	1.1141429108886056
	1.1141419684775213
	1.1141366044195622
	1.1141371758444318
	1.1141316829943457
	1.1141301006398245
	1.1141312236635947
	1.1141318189777722
	1.11412973673966
	1.1141289366218436
	1.1141296017126756
	1.114129338050001
	1.114130212872714
	1.1141330733694756
	1.1141355504515575
	1.1141362344080619
	1.114135459115648
	1.1141348194141745
	1.1141352274467071
	1.1141394761215082
	1.1141373305311122
	1.114135225968843
	1.1141340817549854
	1.1141351522001581
	1.1141339783524322
	1.1141350229554658
	1.1141351315742842
	1.1141340897566931
	1.11413604394839
	1.1141380336368214
	1.1141398067924875
	1.114140057927767
	1.1141403354366954
	1.1141399598851656
	1.1141431576884349
	1.1141436259617714
	1.114146061002748
	1.1141481944237541
	1.1141477247998366
	1.1141486942921734
	1.1141519161570095
	1.1141513963311975
	1.1141515901281904
	1.1141499190535025
	1.114150043843937
	1.1141493429221268
	1.1141466961339508
	1.1141462734880745
	1.114145765267095
	1.1141455716314008
	1.114147034594377
	1.1141461745166301
	1.114146743082441
	1.1141422823644553
	1.1141444694901732
	1.114141485601401
	1.1141360436565304
	1.1141388385236344
	1.114139923804799
	1.114140735493923
	1.1141428623764833
	1.114143980530494
	1.114144544422449
	1.1141433580183753
	1.1141412117941738
	1.114143426235887
	1.1141415418425438
	1.1141386161159492
	1.1141399413152597
	1.1141391687017088
	1.1141433018757108
	1.1141436654644166
	1.114143411341486
	1.1141386595903608
	1.1141379326335423
	1.114133676625128
	1.1141358827703152
	1.1141343583407175
	1.1141307695626133
	1.1141300163693262
	1.114138207054619
	1.114139213809851
	1.1141365468308946
	1.1141408069041039
	1.1141398862824077
	1.114135735925922
	1.1141373224281057
	1.1141391145016544
	1.114142231659036
	1.1141431651345546
	1.114142094319906
	1.1141435118681118
	1.1141374009926934
	1.1141384383497472
	1.1141395792430213
	1.1141402657929897
	1.11413929699319
	1.1141421891712175
	1.114142028916731
	1.114141005564154
	1.1141417633348856
	1.1141448275038301
	1.114149168785147
	1.1141487807581012
	1.1141510030930455
	1.1141513015529965
	1.1141528259155393
	1.114151206926383
	1.1141519926869208
	1.1141514172150175
	1.1141485417402897
	1.1141460504365102
	1.1141438637950358
	1.1141461550226697
	1.1141450822775418
	1.1141442954257408
	1.114145283259723
	1.114145132600523
	1.114143109227439
	1.1141436458195766
	1.1141450086484685
	1.1141476375321888
	1.1141512916498346
	1.1141515783560645
	1.1141500560101865
	1.1141483602005324
	1.1141504174589776
	1.1141504901865118
	1.1141470920359502
	1.1141461534893522
	1.1141476283460299
	1.114146212903724
	1.1141470186900213
	1.1141456347370988
	1.1141471320488532
	1.11414367126566
	1.1141441541761117
	1.114142325215748
	1.1141443902610724
	1.1141448365944338
	1.1141463368170568
	1.114148829759284
	1.1141464720358034
	1.1141488793802368
	1.114143620848726
	1.1141453391977456
	1.114147373431795
	1.1141464985450695
	1.1141490827668243
	1.1141526794069052
	1.1141540740977844
	1.114154277813802
	1.1141533984757948
	1.1141558925901036
	1.1141535003485137
	1.1141492770476464
	1.1141479630515125
	1.1141462244040699
	1.1141489445298347
	1.1141475896487927
	1.114149098709316
	1.1141437196766977
	1.1141447412112553
	1.1141421667188183
	1.1141415659449432
	1.1141419606421061
	1.1141416475157568
	1.114140484513934
	1.1141403961707574
	1.1141363900373766
	1.1141300744417537
	1.114127023386526
	1.1141263533633672
	1.114129757420416
	1.1141330321356353
	1.114129415456288
	1.1141340656410832
	1.1141344564257254
	1.1141356369192057
	1.1141356928731718
	1.114133056450026
	1.1141373517232562
	1.1141395054557828
	1.1141400014637737
	1.1141388267300054
	1.1141338884142369
	1.114132406953051
	1.1141357841356643
	1.1141366853853933
	1.114134289034552
	1.1141303864951932
	1.1141306719119974
	1.1141256955319263
	1.1141245993404398
	1.11412486913918
	1.11412564473854
	1.1141255621204478
	1.1141286147736222
	1.1141307970143293
	1.114131842518928
	1.114134861084141
	1.1141276680938605
	1.114127515357801
	1.1141296170009287
	1.1141268116182879
	1.1141200481376707
	1.1141190404597243
	1.1141126202798455
]