[
	1.1218420267105103
	1.1218454837799072
	1.1218533515930176
	1.1218794584274292
	1.1218876838684082
	1.1218974590301514
	1.1218973398208618
	1.1219106912612915
	1.1219087839126587
	1.1219055652618408
	1.1219151020050049
	1.1219412088394165
	1.121948480606079
	1.1219667196273804
	1.1219732761383057
	1.121981143951416
	1.1219922304153442
	1.121997594833374
	1.12201988697052
	1.1220121383666992
	1.1220355033874512
	1.1220523118972778
	1.1220699548721313
	1.1221015453338623
	1.1221071481704712
	1.1221084594726562
	1.122115135192871
	1.122140645980835
	1.122140884399414
	1.1221362352371216
	1.1221541166305542
	1.122171401977539
	1.122191071510315
	1.122201681137085
	1.1222220659255981
	1.12222158908844
	1.1222282648086548
	1.122272253036499
	1.1222898960113525
	1.1222912073135376
	1.122297763824463
	1.122331976890564
	1.1223458051681519
	1.1223622560501099
	1.1223702430725098
	1.1223881244659424
	1.12239670753479
	1.122409701347351
	1.122433066368103
	1.12245512008667
	1.1224620342254639
	1.1224799156188965
	1.1225132942199707
	1.122518539428711
	1.1225333213806152
	1.1225402355194092
	1.1225600242614746
	1.1225587129592896
	1.122578501701355
	1.1225886344909668
	1.1225898265838623
	1.122612476348877
	1.1226246356964111
	1.122649908065796
	1.1226651668548584
	1.1226664781570435
	1.122674584388733
	1.1226863861083984
	1.12272047996521
	1.122732400894165
	1.1227458715438843
	1.1227748394012451
	1.1227847337722778
	1.1227866411209106
	1.122801661491394
	1.1228216886520386
	1.122851848602295
	1.122869610786438
	1.1228747367858887
	1.1228758096694946
	1.1228920221328735
	1.1229180097579956
	1.122918725013733
	1.122910976409912
	1.1229304075241089
	1.1229506731033325
	1.1229668855667114
	1.122986912727356
	1.12301766872406
	1.1230310201644897
	1.123039722442627
	1.1230683326721191
	1.1231040954589844
	1.1231247186660767
	1.1231513023376465
	1.1231719255447388
	1.12319016456604
	1.1232179403305054
	1.1232377290725708
	1.1232686042785645
	1.123293161392212
	1.1233081817626953
	1.1233305931091309
	1.1233559846878052
	1.1233651638031006
	1.123373031616211
	1.1233946084976196
	1.1234073638916016
	1.1234244108200073
	1.1234394311904907
	1.1234699487686157
	1.1235008239746094
	1.1235311031341553
	1.1235586404800415
	1.1235740184783936
	1.1235986948013306
	1.123628854751587
	1.1236518621444702
	1.1236789226531982
	1.1236985921859741
	1.1237072944641113
	1.123724341392517
	1.1237398386001587
	1.1237698793411255
	1.1237822771072388
	1.1237915754318237
	1.123807668685913
	1.1238213777542114
	1.123844861984253
	1.1238642930984497
	1.123893141746521
	1.1239179372787476
	1.1239371299743652
	1.1239502429962158
	1.1239697933197021
	1.1240005493164062
	1.124025821685791
	1.1240520477294922
	1.1240776777267456
	1.124097466468811
	1.1241161823272705
	1.1241400241851807
	1.1241542100906372
	1.1241731643676758
	1.1241896152496338
	1.1242189407348633
	1.1242562532424927
	1.124283790588379
	1.1243075132369995
	1.1243239641189575
	1.1243517398834229
	1.1243833303451538
	1.1244150400161743
	1.1244357824325562
	1.1244571208953857
	1.1244690418243408
	1.1244834661483765
	1.124517798423767
	1.1245341300964355
	1.1245625019073486
	1.1245830059051514
	1.124602198600769
	1.1246083974838257
	1.1246342658996582
	1.124664306640625
	1.1246776580810547
	1.1246914863586426
	1.124717116355896
	1.1247330904006958
	1.1247493028640747
	1.1247614622116089
	1.1247708797454834
	1.1247810125350952
	1.124792218208313
	1.1248129606246948
	1.1248537302017212
	1.1248908042907715
	1.124916672706604
	1.1249382495880127
	1.1249600648880005
	1.124988079071045
	1.1250215768814087
	1.1250563859939575
	1.1250733137130737
	1.12509286403656
	1.1251277923583984
	1.1251599788665771
	1.125193476676941
	1.1252208948135376
	1.125248908996582
	1.125267505645752
	1.1252888441085815
	1.1253186464309692
	1.125357985496521
	1.1253736019134521
	1.1253907680511475
	1.1254241466522217
	1.1254403591156006
	1.1254713535308838
	1.1255176067352295
	1.1255449056625366
	1.1255993843078613
	1.125620722770691
	1.1256321668624878
	1.1256614923477173
	1.1256686449050903
	1.1256930828094482
	1.1257189512252808
	1.1257559061050415
	1.1257926225662231
	1.1258111000061035
	1.1258372068405151
	1.1258625984191895
	1.1259080171585083
	1.1259269714355469
	1.1259548664093018
	1.1259804964065552
	1.1259982585906982
	1.1260380744934082
	1.1260484457015991
	1.1260828971862793
	1.1260924339294434
	1.1261203289031982
	1.1261420249938965
	1.1261554956436157
	1.126173496246338
	1.12621009349823
	1.1262301206588745
	1.1262474060058594
	1.126267433166504
	1.126293659210205
	1.1263153553009033
	1.126338005065918
	1.1263573169708252
	1.126394510269165
	1.126405119895935
	1.1264435052871704
	1.1264722347259521
	1.1264933347702026
	1.1265263557434082
	1.126559853553772
	1.1265993118286133
	1.1266237497329712
	1.1266599893569946
	1.126697301864624
	1.126720905303955
	1.1267468929290771
	1.1267772912979126
	1.12681245803833
	1.1268287897109985
	1.1268469095230103
	1.1268631219863892
	1.1268863677978516
	1.126911997795105
	1.1269352436065674
	1.126950979232788
	1.1269917488098145
	1.1270352602005005
	1.127065896987915
	1.1270948648452759
	1.1271154880523682
	1.1271415948867798
	1.1271802186965942
	1.1272071599960327
	1.1272372007369995
	1.1272741556167603
	1.1273095607757568
	1.1273348331451416
	1.127357840538025
	1.127380132675171
	1.1274164915084839
	1.127439022064209
	1.127478837966919
	1.1275005340576172
	1.1275395154953003
	1.1275651454925537
	1.127591609954834
	1.1276123523712158
	1.1276280879974365
	1.1276558637619019
	1.1276899576187134
	1.1277037858963013
	1.1277389526367188
	1.1277631521224976
	1.1277904510498047
	1.127816915512085
	1.1278458833694458
	1.1278713941574097
	1.1279107332229614
	1.1279419660568237
	1.1279778480529785
	1.1280182600021362
	1.1280558109283447
	1.1280888319015503
	1.1281155347824097
	1.1281583309173584
	1.1281861066818237
	1.1282178163528442
	1.1282442808151245
	1.1282684803009033
	1.1283067464828491
	1.1283328533172607
	1.1283481121063232
	1.1283873319625854
	1.128433346748352
	1.1284643411636353
	1.1284948587417603
	1.1285405158996582
	1.1285698413848877
	1.1285948753356934
	1.1286290884017944
	1.1286418437957764
	1.1286691427230835
	1.1287044286727905
	1.1287517547607422
	1.1287883520126343
	1.1288150548934937
	1.1288378238677979
	1.1288642883300781
	1.1289029121398926
	1.12893807888031
	1.1289615631103516
	1.1289936304092407
	1.1290349960327148
	1.1290712356567383
	1.1291019916534424
	1.129142165184021
	1.1291686296463013
	1.129204273223877
	1.1292366981506348
	1.1292632818222046
	1.1293014287948608
	1.1293286085128784
	1.1293525695800781
	1.129396677017212
	1.1294294595718384
	1.1294655799865723
	1.1295000314712524
	1.1295456886291504
	1.1295576095581055
	1.1295851469039917
	1.1296128034591675
	1.1296443939208984
	1.1296751499176025
	1.1297017335891724
	1.1297526359558105
	1.129772424697876
	1.1298247575759888
	1.129851222038269
	1.1298844814300537
	1.1299210786819458
	1.1299415826797485
	1.1299562454223633
	1.1299991607666016
	1.130042314529419
	1.130062460899353
	1.1300983428955078
	1.130138635635376
	1.1301666498184204
	1.1302001476287842
	1.1302365064620972
	1.1302707195281982
	1.1302974224090576
	1.1303317546844482
	1.1303846836090088
	1.130436658859253
	1.130484938621521
	1.1305214166641235
	1.130568027496338
	1.130619764328003
	1.1306506395339966
	1.1306846141815186
	1.1307145357131958
	1.1307551860809326
	1.130776047706604
	1.1308130025863647
	1.1308465003967285
	1.1308673620224
	1.1309040784835815
	1.1309409141540527
	1.1309869289398193
	1.1310265064239502
	1.1310597658157349
	1.1311004161834717
	1.1311372518539429
	1.131187915802002
	1.1312342882156372
	1.1312751770019531
	1.1313087940216064
	1.131353735923767
	1.1313704252243042
	1.1313998699188232
	1.1314404010772705
	1.1314678192138672
	1.1315109729766846
	1.1315407752990723
	1.1315748691558838
	1.1316101551055908
	1.1316455602645874
	1.1316947937011719
	1.1317317485809326
	1.1317734718322754
	1.131825566291809
	1.1318771839141846
	1.1319100856781006
	1.1319574117660522
	1.13198983669281
	1.1320151090621948
	1.1320465803146362
	1.1320834159851074
	1.132122278213501
	1.132166862487793
	1.1322137117385864
	1.132260799407959
	1.1323137283325195
	1.1323641538619995
	1.1323999166488647
	1.132444977760315
	1.1324656009674072
	1.1325105428695679
	1.132545828819275
	1.1325700283050537
	1.132621169090271
	1.1326717138290405
	1.1327166557312012
	1.132753849029541
	1.1327967643737793
	1.1328305006027222
	1.1328697204589844
	1.1329010725021362
	1.1329314708709717
	1.1329787969589233
	1.133001446723938
	1.1330269575119019
	1.133075475692749
	1.1331242322921753
	1.1331607103347778
	1.1331957578659058
	1.1332318782806396
	1.1332728862762451
	1.1333056688308716
	1.1333417892456055
	1.1333874464035034
	1.1334240436553955
	1.13346529006958
	1.1335058212280273
	1.1335549354553223
	1.1335896253585815
	1.1336292028427124
	1.133671522140503
	1.1337146759033203
	1.1337445974349976
	1.133774757385254
	1.1338199377059937
	1.1338510513305664
	1.133896827697754
	1.133935809135437
	1.133957862854004
	1.1339908838272095
	1.1340252161026
	1.1340833902359009
	1.1341222524642944
	1.134167194366455
	1.134203314781189
	1.1342527866363525
	1.1342774629592896
	1.1343244314193726
	1.1343680620193481
	1.1344112157821655
	1.1344457864761353
	1.1344854831695557
	1.1345276832580566
	1.1345518827438354
	1.1346032619476318
	1.1346533298492432
	1.1346815824508667
	1.1347341537475586
	1.1348034143447876
	1.1348342895507812
	1.134873628616333
	1.1349155902862549
	1.1349618434906006
	1.1350066661834717
	1.1350599527359009
	1.135114073753357
	1.1351503133773804
	1.1351780891418457
	1.1352201700210571
	1.1352638006210327
	1.1353206634521484
	1.1353670358657837
	1.135400414466858
	1.135456919670105
	1.1355019807815552
	1.1355313062667847
	1.135568618774414
	1.135609745979309
	1.1356450319290161
	1.1356767416000366
	1.1357054710388184
	1.1357495784759521
	1.13578462600708
	1.1358397006988525
	1.135886311531067
	1.1359175443649292
	1.1359657049179077
	1.136015772819519
	1.1360540390014648
	1.1360944509506226
	1.136139154434204
	1.1361849308013916
	1.1362112760543823
	1.1362491846084595
	1.1362916231155396
	1.1363211870193481
	1.136356234550476
	1.1363847255706787
	1.136407494544983
	1.1364450454711914
	1.1364628076553345
	1.1365058422088623
	1.1365386247634888
	1.1365560293197632
	1.1365877389907837
	1.1366257667541504
	1.1366606950759888
	1.1366887092590332
	1.1367143392562866
	1.136736512184143
	1.1367793083190918
	1.1368216276168823
	1.1368658542633057
	1.1369078159332275
	1.1369602680206299
	1.137007713317871
	1.1370497941970825
	1.137094497680664
	1.1371396780014038
	1.137183427810669
	1.1372060775756836
	1.1372530460357666
	1.137277364730835
	1.1373103857040405
	1.1373525857925415
	1.1373904943466187
	1.1374363899230957
	1.1374691724777222
	1.1374976634979248
	1.1375471353530884
	1.137569785118103
	1.1376186609268188
	1.1376577615737915
	1.137693166732788
	1.137717366218567
	1.137748122215271
	1.1377960443496704
	1.1378368139266968
	1.1378707885742188
	1.1379036903381348
	1.137951135635376
	1.1379708051681519
	1.137991189956665
	1.1380342245101929
	1.1380615234375
	1.1381067037582397
	1.1381205320358276
	1.1381593942642212
	1.1381913423538208
	1.1382367610931396
	1.1382766962051392
	1.1383163928985596
	1.13834810256958
	1.1383916139602661
	1.1384366750717163
	1.1384557485580444
	1.1385114192962646
	1.1385372877120972
	1.1385730504989624
	1.1386264562606812
	1.1386611461639404
	1.1387025117874146
	1.138741135597229
	1.138786792755127
	1.138819694519043
	1.138864278793335
	1.1388877630233765
	1.1389273405075073
	1.1389658451080322
	1.1390209197998047
	1.1390517950057983
	1.1390774250030518
	1.1391230821609497
	1.139161467552185
	1.1391977071762085
	1.139215111732483
	1.139255166053772
	1.1392911672592163
	1.1393342018127441
	1.1393729448318481
	1.1394180059432983
	1.139445424079895
	1.1394816637039185
	1.139519453048706
	1.1395583152770996
	1.1395937204360962
	1.1396266222000122
	1.1396558284759521
	1.1396920680999756
	1.1397327184677124
	1.1397677659988403
	1.1398130655288696
	1.139860987663269
	1.1399157047271729
	1.1399551630020142
	1.1399885416030884
	1.1400233507156372
	1.1400730609893799
	1.140110731124878
	1.1401338577270508
	1.1401649713516235
	1.140188455581665
	1.1402181386947632
	1.1402524709701538
	1.1403090953826904
	1.1403409242630005
	1.1403768062591553
	1.1404041051864624
	1.1404335498809814
	1.1404587030410767
	1.140501856803894
	1.1405278444290161
	1.1405402421951294
	1.1405740976333618
	1.140604853630066
	1.1406426429748535
	1.1406699419021606
	1.1407111883163452
	1.1407530307769775
	1.1407814025878906
	1.1408239603042603
	1.140850305557251
	1.1408817768096924
	1.140936017036438
	1.1409794092178345
	1.1409989595413208
	1.1410248279571533
	1.1410489082336426
	1.1410744190216064
	1.1411038637161255
	1.141122579574585
	1.1411640644073486
	1.1411824226379395
	1.1412091255187988
	1.141228199005127
	1.1412690877914429
	1.141308307647705
	1.1413507461547852
	1.14138925075531
	1.141437292098999
	1.1414605379104614
	1.1414964199066162
	1.1415177583694458
	1.1415696144104004
	1.1416020393371582
	1.1416326761245728
	1.1416563987731934
	1.1416727304458618
	1.1416832208633423
	1.1417161226272583
	1.141739010810852
	1.1417912244796753
	1.1418261528015137
	1.1418545246124268
	1.141897201538086
	1.1419310569763184
	1.141953945159912
	1.141990303993225
	1.1420140266418457
	1.142054796218872
	1.142088532447815
	1.1421242952346802
	1.142155647277832
	1.1422005891799927
	1.142230749130249
	1.1422781944274902
	1.1423063278198242
	1.142317533493042
	1.142345666885376
	1.142378568649292
	1.1424118280410767
	1.1424323320388794
	1.1424436569213867
	1.1424777507781982
	1.1425141096115112
	1.1425378322601318
	1.142574667930603
	1.142614722251892
	1.1426564455032349
	1.1426873207092285
	1.1427276134490967
	1.1427725553512573
	1.1428052186965942
	1.1428284645080566
	1.1428521871566772
	1.1428881883621216
	1.1429309844970703
	1.1429529190063477
	1.1429799795150757
	1.143006682395935
	1.143044114112854
	1.1430795192718506
	1.1430764198303223
	1.143095850944519
	1.1431225538253784
	1.143152117729187
	1.1432024240493774
	1.143255352973938
	1.1432725191116333
	1.1432745456695557
	1.1433000564575195
	1.1433383226394653
	1.1433522701263428
	1.1433930397033691
	1.1434165239334106
	1.1434640884399414
	1.1434823274612427
	1.143489122390747
	1.1435004472732544
	1.1435253620147705
	1.1435543298721313
	1.1435807943344116
	1.143602967262268
	1.1436328887939453
	1.1436625719070435
	1.1436963081359863
	1.1437331438064575
	1.1437731981277466
	1.143803596496582
	1.1438342332839966
	1.1438713073730469
	1.1438939571380615
	1.1439341306686401
	1.1439762115478516
	1.1440165042877197
	1.1440441608428955
	1.1440728902816772
	1.1441080570220947
	1.1441344022750854
	1.1441394090652466
	1.1441752910614014
	1.1441906690597534
	1.144224762916565
	1.1442443132400513
	1.1442842483520508
	1.1443126201629639
	1.144336462020874
	1.144351840019226
	1.1443649530410767
	1.1443876028060913
	1.1444061994552612
	1.1444202661514282
	1.1444436311721802
	1.1444708108901978
	1.1444807052612305
	1.144505500793457
	1.1445215940475464
	1.1445448398590088
	1.1445482969284058
	1.1445637941360474
	1.1445938348770142
	1.1446067094802856
	1.144647240638733
	1.1446698904037476
	1.144692063331604
	1.1447161436080933
	1.1447378396987915
	1.1447548866271973
	1.1447927951812744
	1.144810676574707
	1.1448328495025635
	1.144874930381775
	1.1448954343795776
	1.1449072360992432
	1.1449075937271118
	1.1449248790740967
	1.1449556350708008
	1.1449702978134155
	1.1449968814849854
	1.1450269222259521
	1.1450536251068115
	1.145073652267456
	1.1451058387756348
	1.1451164484024048
	1.1451375484466553
	1.1451807022094727
	1.1452101469039917
	1.1452327966690063
	1.1452548503875732
	1.1452741622924805
	1.1453131437301636
	1.1453436613082886
	1.1453652381896973
	1.1454079151153564
	1.1454272270202637
	1.1454689502716064
	1.145478367805481
	1.1455111503601074
	1.145520567893982
	1.1455541849136353
	1.1455830335617065
	1.1456143856048584
	1.145620346069336
	1.1456323862075806
	1.1456656455993652
	1.1456878185272217
	1.1457173824310303
	1.1457403898239136
	1.1457871198654175
	1.1457889080047607
	1.1458028554916382
	1.1458173990249634
	1.1458427906036377
	1.1458721160888672
	1.1458920240402222
	1.1459083557128906
	1.145930528640747
	1.1459324359893799
	1.1459468603134155
	1.1459846496582031
	1.146012306213379
	1.1460421085357666
	1.1460528373718262
	1.1460716724395752
	1.1460814476013184
	1.1461129188537598
	1.1461397409439087
	1.146163821220398
	1.1461864709854126
	1.1462022066116333
	1.1462180614471436
	1.1462244987487793
	1.1462490558624268
	1.1462773084640503
	1.1463154554367065
	1.1463524103164673
	1.1463611125946045
	1.1463643312454224
	1.1463794708251953
	1.1464014053344727
	1.1464276313781738
	1.1464542150497437
	1.1464718580245972
	1.146474003791809
	1.1464847326278687
	1.1465131044387817
	1.1465166807174683
	1.1465367078781128
	1.1465785503387451
	1.146606683731079
	1.1466314792633057
	1.146663784980774
	1.146683692932129
	1.146719217300415
	1.146749496459961
	1.146765947341919
	1.146802306175232
	1.1468257904052734
	1.1468454599380493
	1.1468793153762817
	1.1468971967697144
	1.1469110250473022
	1.1469240188598633
	1.1469438076019287
	1.146972894668579
	1.1469818353652954
	1.147018551826477
	1.1470409631729126
	1.1470414400100708
	1.1470249891281128
	1.1470414400100708
	1.1470584869384766
	1.1470527648925781
	1.1470623016357422
	1.147083044052124
	1.1470985412597656
	1.1471198797225952
	1.1471352577209473
	1.1471341848373413
	1.1471643447875977
	1.1471697092056274
	1.1471953392028809
	1.147206425666809
	1.1472254991531372
	1.1472216844558716
	1.147234320640564
	1.1472499370574951
	1.1472501754760742
	1.1472721099853516
	1.147278904914856
	1.1473066806793213
	1.1473201513290405
	1.1473418474197388
	1.147337555885315
	1.147341251373291
	1.1473618745803833
	1.1473712921142578
	1.147369384765625
	1.1473913192749023
	1.1474299430847168
	1.1474249362945557
	1.1474437713623047
	1.1474429368972778
	1.1474496126174927
	1.1474539041519165
	1.1474698781967163
	1.1474806070327759
	1.1474955081939697
	1.1475368738174438
	1.1475611925125122
	1.1475768089294434
	1.1475799083709717
	1.1475838422775269
	1.1475849151611328
	1.14760422706604
	1.1476140022277832
	1.1476116180419922
	1.1476284265518188
	1.1476560831069946
	1.147660493850708
	1.1476707458496094
	1.1476842164993286
	1.1477062702178955
	1.1476969718933105
	1.1476995944976807
	1.1477112770080566
	1.1477067470550537
	1.147722840309143
	1.1477382183074951
	1.1477397680282593
	1.1477504968643188
	1.1477818489074707
	1.1478018760681152
	1.147803544998169
	1.1478328704833984
	1.1478275060653687
	1.1478420495986938
	1.147843837738037
	1.1478615999221802
	1.1478767395019531
	1.1478781700134277
	1.147899866104126
	1.14788818359375
	1.1479144096374512
	1.1479194164276123
	1.147929072380066
	1.1479499340057373
	1.1479675769805908
	1.147969126701355
	1.1479673385620117
	1.1479754447937012
	1.1479705572128296
	1.1479942798614502
	1.1480014324188232
	1.1480079889297485
	1.1479990482330322
	1.1480052471160889
	1.1480234861373901
	1.1480435132980347
	1.1480515003204346
	1.148092269897461
	1.1481189727783203
	1.148121953010559
	1.1481226682662964
	1.148154377937317
	1.1481750011444092
	1.1482006311416626
	1.148198127746582
	1.148213267326355
	1.1482257843017578
	1.1482231616973877
	1.1482468843460083
	1.1482402086257935
	1.1482212543487549
	1.1482080221176147
	1.1482243537902832
	1.1482000350952148
	1.1482189893722534
	1.1482234001159668
	1.148208498954773
	1.1482131481170654
	1.148215651512146
	1.1482410430908203
	1.148261308670044
	1.148283839225769
	1.1483078002929688
	1.1483025550842285
	1.1483075618743896
	1.1483187675476074
	1.148321509361267
	1.1483315229415894
	1.148358941078186
	1.1483362913131714
	1.148336410522461
	1.1483454704284668
	1.1483588218688965
	1.1483535766601562
	1.1483514308929443
	1.1483451128005981
	1.1483582258224487
	1.1483571529388428
	1.1483659744262695
	1.1483664512634277
	1.1483523845672607
	1.148354411125183
	1.1483724117279053
	1.1483941078186035
	1.1483988761901855
	1.14839768409729
	1.1483666896820068
	1.148345947265625
	1.1483588218688965
	1.1483638286590576
	1.1483781337738037
	1.1483906507492065
	1.1484100818634033
	1.148396372795105
	1.148409366607666
	1.1484026908874512
	1.1484049558639526
	1.1484074592590332
	1.148413062095642
	1.1484259366989136
	1.1484487056732178
	1.1484757661819458
	1.1484780311584473
	1.1484732627868652
	1.1484912633895874
	1.1485035419464111
	1.1485034227371216
	1.1485214233398438
	1.1485306024551392
	1.1485317945480347
	1.148541808128357
	1.148560643196106
	1.148563265800476
	1.1485531330108643
	1.1485440731048584
	1.148566484451294
	1.1485671997070312
	1.148572564125061
	1.1485588550567627
	1.1485681533813477
	1.1485710144042969
	1.1485728025436401
	1.1485674381256104
	1.1485785245895386
	1.1485663652420044
	1.1485579013824463
	1.1485633850097656
	1.1485642194747925
	1.1485774517059326
	1.148559331893921
	1.1485729217529297
	1.148568034172058
	1.1486008167266846
	1.148624062538147
	1.1486204862594604
	1.1485810279846191
	1.1485884189605713
	1.1485967636108398
	1.1486124992370605
	1.1486153602600098
	1.1486269235610962
	1.148612141609192
	1.1485679149627686
	1.1485556364059448
	1.1485613584518433
	1.148545742034912
	1.148571491241455
	1.1485352516174316
	1.1485319137573242
	1.1485298871994019
	1.1485161781311035
	1.14854097366333
	1.1485514640808105
	1.1485645771026611
	1.148559331893921
	1.1485635042190552
	1.1485604047775269
	1.1485595703125
	1.1485435962677002
	1.1485611200332642
	1.1485520601272583
	1.1485296487808228
	1.1485463380813599
	1.1485522985458374
	1.148537278175354
	1.1485390663146973
	1.1485776901245117
	1.148586392402649
	1.14857017993927
	1.1485928297042847
	1.148626685142517
	1.148621678352356
	1.1486045122146606
	1.1486154794692993
	1.1486114263534546
	1.14859938621521
	1.1486002206802368
	1.148610234260559
	1.1486287117004395
	1.1486361026763916
	1.1486183404922485
	1.1486189365386963
	1.148608922958374
	1.1486057043075562
	1.1486146450042725
	1.1485965251922607
	1.148596167564392
	1.14858877658844
	1.1485819816589355
	1.1485604047775269
	1.148555874824524
	1.1485531330108643
	1.1485437154769897
	1.1485337018966675
	1.1485158205032349
	1.148529291152954
	1.1485092639923096
	1.1484768390655518
	1.1484843492507935
	1.1484837532043457
	1.148486852645874
	1.1484663486480713
	1.1484540700912476
	1.148432970046997
	1.1484332084655762
	1.1484259366989136
	1.148409366607666
	1.1483869552612305
	1.148380160331726
	1.148369312286377
	1.1483783721923828
	1.1483739614486694
	1.1483721733093262
	1.1483612060546875
	1.148357629776001
	1.1483546495437622
	1.148353934288025
	1.1483267545700073
	1.148319959640503
	1.1483128070831299
	1.1482994556427002
	1.14828360080719
	1.14827561378479
	1.1482696533203125
	1.1482635736465454
	1.1482425928115845
	1.148232340812683
	1.1482665538787842
	1.1482534408569336
	1.1482460498809814
	1.1482372283935547
	1.1482337713241577
	1.1482168436050415
	1.1481975317001343
	1.148210048675537
	1.1481670141220093
	1.148148775100708
	1.148153305053711
	1.1481295824050903
	1.1481268405914307
	1.1481237411499023
	1.1481223106384277
	1.1481143236160278
	1.1480940580368042
	1.1480950117111206
	1.148071527481079
	1.1480698585510254
	1.1480731964111328
	1.1480680704116821
	1.148056149482727
	1.1480551958084106
	1.1480387449264526
	1.1480474472045898
	1.1480278968811035
	1.1480222940444946
	1.1480213403701782
	1.1479955911636353
	1.147998571395874
	1.1479955911636353
	1.147995114326477
	1.1480069160461426
	1.1480062007904053
	1.1480008363723755
	1.1479692459106445
	1.1479663848876953
	1.1479730606079102
	1.1479383707046509
	1.1479203701019287
	1.1479113101959229
	1.1478760242462158
	1.1478732824325562
	1.1478689908981323
	1.1478736400604248
	1.1478651762008667
	1.1478582620620728
	1.1478328704833984
	1.1478239297866821
	1.1478326320648193
	1.1478427648544312
	1.147840142250061
	1.147843599319458
	1.1478437185287476
	1.1478227376937866
	1.1478110551834106
	1.1478090286254883
	1.1477794647216797
	1.1477625370025635
	1.147753119468689
	1.1477457284927368
	1.1477248668670654
	1.1477280855178833
	1.147735834121704
	1.1477419137954712
	1.1477357149124146
	1.147718906402588
	1.147711992263794
	1.147714614868164
	1.147709608078003
	1.147696852684021
	1.1477068662643433
	1.1476951837539673
	1.1476801633834839
	1.147667407989502
	1.1476515531539917
	1.1476620435714722
	1.1476213932037354
	1.1476092338562012
	1.1475905179977417
	1.147581934928894
	1.1475497484207153
	1.1475411653518677
	1.1475332975387573
	1.147515892982483
	1.1475086212158203
	1.1475002765655518
	1.147476077079773
	1.1474716663360596
	1.1474686861038208
	1.147469401359558
	1.1474499702453613
	1.1474379301071167
	1.1474100351333618
	1.147371768951416
	1.1473567485809326
	1.147324562072754
	1.147318720817566
	1.1473056077957153
	1.1472952365875244
	1.147288203239441
	1.1473289728164673
	1.1473397016525269
	1.147331714630127
	1.1473169326782227
	1.1473338603973389
	1.1473370790481567
	1.147348403930664
	1.1473414897918701
	1.1473373174667358
	1.1473277807235718
	1.147305965423584
	1.1472910642623901
	1.1472675800323486
	1.1472547054290771
	1.1472346782684326
	1.147227168083191
	1.147247076034546
	1.147234559059143
	1.1472166776657104
	1.1471836566925049
	1.147186279296875
	1.1471725702285767
	1.147182583808899
	1.1471655368804932
	1.1471531391143799
	1.1471455097198486
	1.147144079208374
	1.1471437215805054
	1.147132158279419
	1.1471173763275146
	1.1470998525619507
	1.1470649242401123
	1.1470707654953003
	1.1470692157745361
	1.1470460891723633
	1.1470158100128174
	1.1470123529434204
	1.147011160850525
	1.1469742059707642
	1.1469823122024536
	1.146974802017212
	1.1469568014144897
	1.1469470262527466
	1.146924376487732
	1.1469067335128784
	1.1468946933746338
	1.1468803882598877
	1.1468801498413086
	1.1468583345413208
	1.1468443870544434
	1.1468505859375
	1.1468344926834106
	1.1468167304992676
	1.1467925310134888
	1.1467907428741455
	1.1467748880386353
	1.1467690467834473
	1.1467559337615967
	1.1467533111572266
	1.146719217300415
	1.1467026472091675
	1.1466789245605469
	1.146645188331604
	1.1466364860534668
	1.1466035842895508
	1.1465998888015747
	1.1465928554534912
	1.1465781927108765
	1.14656662940979
	1.1465803384780884
	1.1465915441513062
	1.1465961933135986
	1.1465686559677124
	1.1465256214141846
	1.1464810371398926
	1.14647376537323
	1.1464461088180542
	1.1464335918426514
	1.146443486213684
	1.1464183330535889
	1.1463879346847534
	1.1463545560836792
	1.146358609199524
	1.146348476409912
	1.1463344097137451
	1.1463124752044678
	1.1462990045547485
	1.1462831497192383
	1.1462713479995728
	1.1462453603744507
	1.1462424993515015
	1.1462125778198242
	1.1462031602859497
	1.1461902856826782
	1.1461864709854126
	1.146185040473938
	1.1461586952209473
	1.1461589336395264
	1.146148681640625
	1.1461241245269775
	1.1461164951324463
	1.1461201906204224
	1.146092414855957
	1.146101951599121
	1.146098256111145
	1.1460782289505005
	1.1460744142532349
	1.14604651927948
	1.146040678024292
	1.1460317373275757
	1.1460307836532593
	1.1460208892822266
	1.1460074186325073
	1.1459975242614746
	1.1459910869598389
	1.1459665298461914
	1.1459784507751465
	1.1459401845932007
	1.1459109783172607
	1.145883321762085
	1.145858883857727
	1.1458529233932495
	1.1458474397659302
	1.1458289623260498
	1.1457914113998413
	1.1457785367965698
	1.145780324935913
	1.145755410194397
	1.1457269191741943
	1.1457290649414062
	1.1457059383392334
	1.1457024812698364
	1.1456990242004395
	1.1456806659698486
	1.1456520557403564
	1.14565110206604
	1.1456589698791504
	1.1456584930419922
	1.1456259489059448
	1.1456259489059448
	1.1455920934677124
	1.1455546617507935
	1.1455450057983398
	1.1455159187316895
	1.145494818687439
	1.1454964876174927
	1.1454812288284302
	1.1454538106918335
	1.1454288959503174
	1.1454030275344849
	1.1453789472579956
	1.1453883647918701
	1.1453943252563477
	1.14537513256073
	1.1453547477722168
	1.1453698873519897
	1.1453633308410645
	1.145362377166748
	1.1453508138656616
	1.1453348398208618
	1.1453168392181396
	1.1452925205230713
	1.1452876329421997
	1.1452630758285522
	1.1452434062957764
	1.1452397108078003
	1.1452027559280396
	1.1452044248580933
	1.1451812982559204
	1.1451832056045532
	1.1451890468597412
	1.1451886892318726
	1.1451719999313354
	1.1451894044876099
	1.1451821327209473
	1.145155429840088
	1.145134449005127
	1.1451326608657837
	1.145095705986023
	1.1450788974761963
	1.1450618505477905
	1.1450194120407104
	1.1449984312057495
	1.1449753046035767
	1.1449787616729736
	1.1449570655822754
	1.144952416419983
	1.14493989944458
	1.1449463367462158
	1.1449296474456787
	1.1449123620986938
	1.1448720693588257
	1.1448566913604736
	1.1448476314544678
	1.1448323726654053
	1.144830584526062
	1.1448038816452026
	1.144781231880188
	1.1447330713272095
	1.144705891609192
	1.1446938514709473
	1.1446552276611328
	1.1446586847305298
	1.1446521282196045
	1.1446192264556885
	1.1446036100387573
	1.1445971727371216
	1.1445914506912231
	1.1445960998535156
	1.144586205482483
	1.1445937156677246
	1.1445618867874146
	1.1445419788360596
	1.1445190906524658
	1.1444603204727173
	1.1444694995880127
	1.1444504261016846
	1.1444095373153687
	1.144403338432312
	1.1443778276443481
	1.1443275213241577
	1.1443337202072144
	1.1443171501159668
	1.1443043947219849
	1.1443108320236206
	1.1443144083023071
	1.1443085670471191
	1.1443015336990356
	1.1442880630493164
	1.1442657709121704
	1.1442335844039917
	1.1442170143127441
	1.1442011594772339
	1.1441986560821533
	1.1441709995269775
	1.144160509109497
	1.1441470384597778
	1.1441013813018799
	1.1441028118133545
	1.1440984010696411
	1.1441017389297485
	1.1441062688827515
	1.1441093683242798
	1.1440950632095337
	1.144067406654358
	1.1440503597259521
	1.1440093517303467
	1.1439813375473022
	1.1439754962921143
	1.1439696550369263
	1.1439580917358398
	1.1439476013183594
	1.1439344882965088
	1.1439367532730103
	1.1439112424850464
	1.1439013481140137
	1.1438907384872437
	1.1438754796981812
	1.1438429355621338
	1.1438313722610474
	1.1438171863555908
	1.1437855958938599
	1.1437711715698242
	1.1437606811523438
	1.1437536478042603
	1.1437281370162964
	1.143716812133789
	1.1436876058578491
	1.1436699628829956
	1.1436742544174194
	1.1436474323272705
	1.1436275243759155
	1.1436514854431152
	1.1436386108398438
	1.1436175107955933
	1.1436036825180054
	1.14359450340271
	1.1436126232147217
	1.1435867547988892
	1.1435624361038208
	1.1435391902923584
	1.143536925315857
	1.1435275077819824
	1.1435019969940186
	1.1434561014175415
	1.1434599161148071
	1.1434575319290161
	1.143463373184204
	1.1434251070022583
	1.143406629562378
	1.1433826684951782
	1.143341302871704
	1.143314003944397
	1.143315315246582
	1.1432987451553345
	1.1432934999465942
	1.1432840824127197
	1.143280267715454
	1.1432850360870361
	1.1432565450668335
	1.143256425857544
	1.1432428359985352
	1.1432462930679321
	1.1432538032531738
	1.1432331800460815
	1.1432204246520996
	1.1432050466537476
	1.1431665420532227
	1.1431307792663574
	1.1431121826171875
	1.1431246995925903
	1.1431260108947754
	1.1431063413619995
	1.1430892944335938
	1.1430517435073853
	1.1430022716522217
	1.1430047750473022
	1.1430010795593262
	1.1429753303527832
	1.1429755687713623
	1.1429578065872192
	1.142931580543518
	1.1429266929626465
	1.1429051160812378
	1.142898440361023
	1.1428885459899902
	1.1428626775741577
	1.142851710319519
	1.1428406238555908
	1.1428345441818237
	1.1428320407867432
	1.1428046226501465
	1.1427539587020874
	1.1427351236343384
	1.1427165269851685
	1.1427031755447388
	1.1426962614059448
	1.1426966190338135
	1.1426960229873657
	1.1426690816879272
	1.1426515579223633
	1.1426383256912231
	1.142620325088501
	1.1425845623016357
	1.1425509452819824
	1.1425458192825317
	1.142530083656311
	1.1425166130065918
	1.1424906253814697
	1.142469048500061
	1.1424704790115356
	1.1424249410629272
	1.1424226760864258
	1.1424074172973633
	1.1423872709274292
	1.1423547267913818
	1.1423672437667847
	1.142366886138916
	1.1423566341400146
	1.1423530578613281
	1.1423513889312744
	1.1423364877700806
	1.142307162284851
	1.1422855854034424
	1.1422609090805054
	1.142230749130249
	1.1422252655029297
	1.1422194242477417
	1.1422367095947266
	1.1422144174575806
	1.1422055959701538
	1.1422040462493896
	1.1421817541122437
	1.1421818733215332
	1.142175555229187
	1.1421599388122559
	1.14212965965271
	1.142103672027588
	1.1420971155166626
	1.142063856124878
	1.1420598030090332
	1.142046332359314
	1.1420164108276367
	1.1420001983642578
	1.141979455947876
	1.1419670581817627
	1.1419312953948975
	1.1419121026992798
	1.1418839693069458
	1.141862154006958
	1.1418620347976685
	1.1418468952178955
	1.1418339014053345
	1.1418206691741943
	1.1417901515960693
	1.1417790651321411
	1.1417655944824219
	1.1417434215545654
	1.1417418718338013
	1.1417373418807983
	1.1417083740234375
	1.1416926383972168
	1.1416507959365845
	1.1416497230529785
	1.1416326761245728
	1.1416079998016357
	1.1416174173355103
	1.141588568687439
	1.1415901184082031
	1.1415859460830688
	1.1415717601776123
	1.1415627002716064
	1.1415590047836304
	1.141558051109314
	1.1415660381317139
	1.1415283679962158
	1.141501545906067
	1.1414806842803955
	1.1414731740951538
	1.141486644744873
	1.141484022140503
	1.1414674520492554
	1.1414397954940796
	1.1414403915405273
	1.1414191722869873
	1.141417145729065
	1.1414191722869873
	1.14138662815094
	1.14136803150177
	1.1413694620132446
	1.141369104385376
	1.1413733959197998
	1.141370415687561
	1.1413465738296509
	1.1413160562515259
	1.141320824623108
	1.1413187980651855
	1.1413042545318604
	1.141310453414917
	1.141310453414917
	1.1413122415542603
	1.1412842273712158
	1.1412684917449951
	1.1412521600723267
	1.1412601470947266
	1.1412585973739624
	1.1412339210510254
	1.1412317752838135
	1.141210675239563
	1.1411970853805542
	1.141187071800232
	1.1411705017089844
	1.1411386728286743
	1.141116976737976
	1.1411113739013672
	1.1410845518112183
	1.1410728693008423
	1.1410871744155884
	1.1410826444625854
	1.1410599946975708
	1.1410480737686157
	1.14100980758667
	1.1409860849380493
	1.1409858465194702
	1.1409664154052734
	1.1409558057785034
	1.1409355401992798
	1.1409263610839844
	1.1409200429916382
	1.140913724899292
	1.1408828496932983
	1.1408642530441284
	1.1408612728118896
	1.1408435106277466
	1.140809178352356
	1.1407958269119263
	1.1407743692398071
	1.1407545804977417
	1.1407313346862793
	1.1407294273376465
	1.1407135725021362
	1.1407084465026855
	1.140688419342041
	1.1406781673431396
	1.1406751871109009
	1.14066481590271
	1.1406549215316772
	1.1406357288360596
	1.140622854232788
	1.1406177282333374
	1.1406148672103882
	1.140602469444275
	1.140568494796753
	1.1405631303787231
	1.1405528783798218
	1.1405420303344727
	1.1405372619628906
	1.140529990196228
	1.1405138969421387
	1.1405047178268433
	1.1404650211334229
	1.140458345413208
	1.1404540538787842
	1.1404274702072144
	1.1404277086257935
	1.1404170989990234
	1.1404184103012085
	1.1403859853744507
	1.1403636932373047
	1.1403582096099854
	1.1403212547302246
	1.1403330564498901
	1.1403287649154663
	1.1402969360351562
	1.1402709484100342
	1.1402587890625
	1.1402239799499512
	1.1402289867401123
	1.1402127742767334
	1.1402069330215454
	1.1402103900909424
	1.14021897315979
	1.140209436416626
	1.1401805877685547
	1.140171766281128
	1.1401699781417847
	1.1401726007461548
	1.1401705741882324
	1.1401652097702026
	1.1401629447937012
	1.140155553817749
	1.1401464939117432
	1.140108585357666
	1.1401017904281616
	1.1400712728500366
	1.1400619745254517
	1.1400450468063354
	1.1400560140609741
	1.1400638818740845
	1.1400729417800903
	1.1400575637817383
	1.1400423049926758
	1.1400318145751953
	1.1400036811828613
	1.1399893760681152
	1.1399941444396973
	1.1399712562561035
	1.1399545669555664
	1.1399739980697632
	1.1399801969528198
	1.1399286985397339
	1.1399372816085815
	1.1399266719818115
	1.1399351358413696
	1.1399304866790771
	1.13992440700531
	1.139914870262146
	1.1398879289627075
	1.1399050951004028
	1.1399061679840088
	1.1398957967758179
	1.1398916244506836
	1.1398731470108032
	1.139880895614624
	1.1398614645004272
	1.1398462057113647
	1.1398459672927856
	1.139841914176941
	1.1398359537124634
	1.1398450136184692
	1.1398591995239258
	1.139851689338684
	1.1398491859436035
	1.1398433446884155
	1.139847993850708
	1.1398324966430664
	1.1398178339004517
	1.139782190322876
	1.1397708654403687
	1.1397738456726074
	1.1397508382797241
	1.1397477388381958
	1.1397595405578613
	1.1397372484207153
	1.139732837677002
	1.1397180557250977
	1.13970947265625
	1.139714002609253
	1.1397056579589844
	1.1396899223327637
	1.1396809816360474
	1.1396613121032715
	1.1396549940109253
	1.1396404504776
	1.1396299600601196
	1.139631986618042
	1.139628291130066
	1.1396000385284424
	1.1396048069000244
	1.1395883560180664
	1.1395655870437622
	1.1395626068115234
	1.139561414718628
	1.1395550966262817
	1.139535903930664
	1.1395399570465088
	1.1395148038864136
	1.139489769935608
	1.1394875049591064
	1.1395071744918823
	1.1395102739334106
	1.1395244598388672
	1.139487624168396
	1.1394693851470947
	1.1394517421722412
	1.1394407749176025
	1.1394171714782715
	1.1394262313842773
	1.1393988132476807
	1.1393725872039795
	1.1393576860427856
	1.1393522024154663
	1.1393423080444336
	1.1393377780914307
	1.1393181085586548
	1.1393167972564697
	1.1393309831619263
	1.1393461227416992
	1.1393444538116455
	1.1393167972564697
	1.1393263339996338
	1.139321208000183
	1.1393024921417236
	1.1392767429351807
	1.1392786502838135
	1.1392948627471924
	1.1392847299575806
	1.1392751932144165
	1.1392662525177002
	1.1392476558685303
	1.1392124891281128
	1.1392126083374023
	1.1392179727554321
	1.1392083168029785
	1.139201283454895
	1.1391987800598145
	1.1391674280166626
	1.1391723155975342
	1.1391576528549194
	1.1391403675079346
	1.1391514539718628
	1.1391520500183105
	1.1391499042510986
	1.1391425132751465
	1.1391321420669556
	1.1391401290893555
	1.1391228437423706
	1.1391493082046509
	1.1391184329986572
	1.1391005516052246
	1.1390758752822876
	1.1390882730484009
	1.139062523841858
	1.1390578746795654
	1.1390317678451538
	1.1390093564987183
	1.1390118598937988
	1.1389968395233154
	1.1389812231063843
	1.1389646530151367
	1.1389650106430054
	1.138947606086731
	1.1389356851577759
	1.1389187574386597
	1.1389081478118896
	1.138899564743042
	1.1388776302337646
	1.138877272605896
	1.1388537883758545
	1.1388490200042725
	1.1388347148895264
	1.1388051509857178
	1.1387792825698853
	1.138784408569336
	1.1387982368469238
	1.1387823820114136
	1.13877534866333
	1.1387522220611572
	1.1387553215026855
	1.1387423276901245
	1.1387189626693726
	1.138733983039856
	1.138712763786316
	1.138683557510376
	1.138696551322937
	1.1386702060699463
	1.1386618614196777
	1.138669729232788
	1.1386651992797852
	1.1386314630508423
	1.1386432647705078
	1.1386224031448364
	1.138616919517517
	1.1386109590530396
	1.1386070251464844
	1.138601303100586
	1.1386008262634277
	1.1385923624038696
	1.138579249382019
	1.138566493988037
	1.1385763883590698
	1.1385693550109863
	1.1385674476623535
	1.138556718826294
	1.1385576725006104
	1.1385575532913208
	1.1385471820831299
	1.1385475397109985
	1.1385339498519897
	1.138548731803894
	1.138518214225769
	1.138523817062378
	1.1384963989257812
	1.1384872198104858
	1.1384830474853516
	1.1384533643722534
	1.138454794883728
	1.1384339332580566
	1.1383936405181885
	1.1383955478668213
	1.1383916139602661
	1.1383755207061768
	1.1383577585220337
	1.1383769512176514
	1.1383638381958008
	1.1383565664291382
	1.1383501291275024
	1.1383403539657593
	1.138317584991455
]