[
	1.2415481571316764
	1.2415481571316789
	1.2415481571317322
	1.2415481571226785
	1.2415481571633276
	1.2415481473921035
	1.2415518926408422
	1.2415978257873208
	1.2416658730128889
	1.2417252984652802
	1.2417893761161767
	1.2418647377347887
	1.2419258555048165
	1.2419941888046193
	1.242057777589631
	1.2421225459162202
	1.2421885411432978
	1.2422383222771947
	1.2422919026731145
	1.242354014664784
	1.2424022709887763
	1.2424511515824717
	1.2425063445867879
	1.2425504241878758
	1.242612186646191
	1.2426619632639921
	1.2427133815081282
	1.2427638154985297
	1.2427971950556052
	1.2428451655463333
	1.2428985765899712
	1.242933492771054
	1.2429638027572734
	1.2430096913443822
	1.2430487411083382
	1.2430873722649614
	1.2431307321568357
	1.2431759491918892
	1.2432129249106147
	1.243246271179459
	1.2432765140714281
	1.243303517879989
	1.2433449908066683
	1.2433786133384792
	1.2434118301640495
	1.2434401315901507
	1.2434705111860658
	1.2435110756225205
	1.2435539561751339
	1.2435774548876137
	1.2436182168993914
	1.2436499658666955
	1.2436785558804422
	1.2437054552513602
	1.243736166703402
	1.2437615208993955
	1.243781127113741
	1.2438098305877137
	1.2438352832098716
	1.243862304307676
	1.2438966855308495
	1.2439271398649363
	1.2439540569768488
	1.2439761381583319
	1.244006781436329
	1.244033621070552
	1.2440684948688625
	1.2440935031578197
	1.2441157536654477
	1.2441367490512563
	1.2441528880338386
	1.2441766379206158
	1.2441818359049985
	1.2442144400849018
	1.2442292059549453
	1.244249387866954
	1.244267959168301
	1.2442816542331312
	1.2443006030841612
	1.2443163640417945
	1.2443346678641793
	1.2443612449142571
	1.2443680422153756
	1.2443850548249138
	1.2444058705341818
	1.2444205907224415
	1.2444390750926593
	1.2444723619929452
	1.2444863504461994
	1.2445055961426263
	1.2445176418974866
	1.244530931185122
	1.2445500319135627
	1.2445651413257957
	1.2445722996941557
	1.2445859897126923
	1.2445937245111258
	1.2446073254601415
	1.2446291289952014
	1.2446483412643612
	1.2446643340814894
	1.2446746718893165
	1.2446954228647542
	1.2447173394046467
	1.2447315668914303
	1.244741024026422
	1.2447469593239542
	1.244757664333659
	1.2447703976357352
	1.2447938215554084
	1.2448172740435108
	1.2448189633812723
	1.2448296071383544
	1.244839369539399
	1.2448474026378937
	1.244851065794926
	1.2448500794029465
	1.2448597415443987
	1.2448730085462585
	1.2448827350280574
	1.2448923824269609
	1.2448995417782678
	1.2449083064984894
	1.2449327952042968
	1.2449465019764434
	1.244962150061903
	1.2449655666227164
	1.2449809609773723
	1.2449868277393288
	1.244989160663836
	1.2449940169072582
	1.2449987007955434
	1.2450095518718236
	1.2450129146984705
	1.2450176010170666
	1.245026376124741
	1.2450377864346613
	1.2450417983053876
	1.2450539556290015
	1.2450653464848973
	1.2450712145249074
	1.24508241158818
	1.2450937959561623
	1.2451007056696994
	1.2451085287272163
	1.2451169826780712
	1.245132372054087
	1.2451370243658362
	1.2451448582005515
	1.2451499600933222
	1.245157051667139
	1.2451640732239102
	1.2451637809266005
	1.2451759975974988
	1.245184190937506
	1.245189871358992
	1.2452004430271901
	1.245200997707458
	1.2452157980860608
	1.2452305340154801
	1.2452361614547096
	1.2452417406250003
	1.2452507119394922
	1.2452517433108672
	1.2452582982703404
	1.245268779966217
	1.245275191718732
	1.2452720020038197
	1.2452781491056892
	1.2452959243427564
	1.2453004749150278
	1.2453048489441183
	1.2453068912451368
	1.2453117289854414
	1.2453127113554128
	1.245319394428138
	1.2453200063202603
	1.245328043665906
	1.2453315205146263
	1.2453405014342824
	1.2453447900641348
	1.245345682887946
	1.2453616536946768
	1.2453648226795047
	1.2453827725757813
	1.245386239829564
	1.2453939042865456
	1.2454021913283047
	1.2454087001055385
	1.2454165691008787
	1.2454124178191133
	1.2454176980225582
	1.2454157667259822
	1.245419926957377
	1.2454209921096566
	1.2454309843737317
	1.2454298014333602
	1.2454247581307747
	1.2454261487931733
	1.2454240848102642
	1.245418058038236
	1.2454117580156554
	1.2454153109333732
	1.2454210611066452
	1.2454239389434496
	1.2454252808941413
	1.2454296042039759
	1.2454353620253027
	1.2454371728093185
	1.245434949363952
	1.245433003045761
	1.2454284528098714
	1.2454365565555015
	1.245442029507044
	1.2454474569153375
	1.2454562754782459
	1.2454555483719882
	1.2454557560993107
	1.245452109040997
	1.2454542303897909
	1.2454449497458455
	1.2454477446411898
	1.2454462763283836
	1.2454418035634094
	1.2454427599080047
	1.2454456984406783
	1.2454412623696764
	1.245444911399072
	1.2454544613531935
	1.245454710481331
	1.2454541039677862
	1.245452712002139
	1.245446392444703
	1.2454477465024343
	1.245451013692566
	1.2454458140214424
	1.2454468965683358
	1.2454501479943956
	1.245445694516487
	1.245442644276711
	1.245448375507513
	1.2454553608664916
	1.2454527004770193
	1.2454545578517369
	1.2454562419961812
	1.245454167040617
	1.245457472712206
	1.245454246817354
	1.2454591975887133
	1.245460014895812
	1.2454629689643588
	1.2454581503440403
	1.2454563191714518
	1.2454578027290673
	1.2454561286818193
	1.2454591737697636
	1.2454558052253597
	1.2454560461959607
	1.2454534744379595
	1.245457075024099
	1.2454581984764832
	1.2454588258325408
	1.2454586936782965
	1.2454576279020688
	1.2454589322201284
	1.2454618813440386
	1.2454611042518253
	1.2454606287102399
	1.2454620369389067
	1.2454646014727457
	1.245464274723923
	1.2454625718888221
	1.2454627908015206
	1.245463485999396
	1.2454544609579374
	1.245455600696465
	1.245462924287965
	1.2454614843800313
	1.2454611145471008
	1.2454627384761723
	1.2454689230175529
	1.2454716707227114
	1.2454713718359325
	1.245469599036716
	1.2454779348454286
	1.245477404503198
	1.2454735017265484
	1.2454726091493697
	1.2454694443847976
	1.2454642110593557
	1.2454662168819994
	1.24547084264674
	1.2454704699716068
	1.2454676339385526
	1.24546768115277
	1.245471611958269
	1.245464404484492
	1.2454605990961114
	1.2454593277364765
	1.2454600364256487
	1.2454537592251513
	1.2454502202315456
	1.2454574241131033
	1.2454569366428219
	1.245453035023846
	1.2454546906222337
	1.24546298487301
	1.2454679244608153
	1.2454741713822803
	1.2454705714342427
	1.2454652260640102
	1.2454605061405164
	1.2454598863362718
	1.2454620385873556
	1.245457964137583
	1.24546795166778
	1.245469196582133
	1.2454689322274366
	1.2454703769794901
	1.2454749589162857
	1.2454736775316957
	1.2454762652319813
	1.245478911099342
	1.2454761233823985
	1.245475976786513
	1.245477128567453
	1.2454819305366451
	1.2454811759394815
	1.2454833899860902
	1.2454760067605706
	1.2454724235451624
	1.2454701014402374
	1.245475207684182
	1.2454776222922546
	1.2454759135808318
	1.2454721400174693
	1.2454724039942346
	1.245470803472162
	1.2454712511558763
	1.2454699329387957
	1.2454704446172853
	1.245474436257442
	1.2454705715666547
	1.2454652457654556
	1.2454701543933748
	1.2454654504361715
	1.2454641151261217
	1.2454597443741806
	1.245462500018987
	1.245460344216679
	1.2454540075611895
	1.245458400418904
	1.245459411291217
	1.2454574962632743
	1.2454587346897315
	1.2454584691943673
	1.2454610717696315
	1.2454555533975664
	1.2454544929952631
	1.2454593982619875
	1.2454593216065133
	1.2454569421714834
	1.2454581854307607
	1.2454613497944378
	1.2454577018260562
	1.2454587918186981
	1.2454577128654416
	1.2454569876795323
	1.2454634566959388
	1.2454621128544474
	1.2454611026892028
	1.2454608332823773
	1.2454554429880436
	1.245453343103941
	1.2454501254622758
	1.2454500920945255
	1.2454501956273123
	1.2454544714506828
	1.245452613506678
	1.2454521313752798
	1.2454504196908418
	1.2454489211423245
	1.2454515559843993
	1.245448311114421
	1.245446541043874
	1.2454460622921621
	1.2454467829632916
	1.2454473341433643
	1.2454484329082787
	1.24545102012153
	1.2454417041234827
	1.2454379648767908
	1.2454378565295228
	1.2454461223594724
	1.2454469877770442
	1.2454482037278538
	1.2454493027324236
	1.2454500325596958
	1.2454498061625163
	1.245446454158502
	1.2454439121390584
	1.245437957711347
	1.2454398748601216
	1.2454426209917187
	1.2454416070730157
	1.2454484575422193
	1.2454454649716205
	1.245443376493793
	1.2454483395897236
	1.2454473219850983
	1.2454400555046865
	1.2454405252228824
	1.2454517209498734
	1.2454532761982198
	1.2454509327816055
	1.2454515824816335
	1.2454497458065719
	1.2454480406647856
	1.2454494871990187
	1.245450647624386
	1.245446334075247
	1.245446001768265
	1.2454451387386272
	1.2454465480820391
	1.2454526564096133
	1.2454538932333619
	1.2454508421323673
	1.2454489687612251
	1.2454490006355903
	1.2454511434761433
	1.2454507905563732
	1.2454596038616672
	1.2454632252501128
	1.2454590834222745
	1.2454640864233435
	1.2454619710493098
	1.2454623728126581
	1.2454692110344598
	1.2454686832779323
	1.2454666962695555
	1.2454669149993853
	1.2454652050422568
	1.2454656884737332
	1.2454626996016263
	1.2454590884114094
	1.2454616306944233
	1.2454555534451837
	1.245455243085143
	1.2454633913807678
	1.2454611565954175
	1.2454557865139142
	1.245449534881833
	1.245451086741461
	1.2454571734663975
	1.24545379277766
	1.2454512701997382
	1.2454534960509338
	1.2454530993644204
	1.2454519773819084
	1.2454512246758902
	1.2454517791138016
	1.2454539554231625
	1.2454528851995479
	1.2454523274798164
	1.2454478438473349
	1.2454489576933716
	1.2454435488328237
	1.2454452891171273
	1.2454391730343766
	1.2454410677487788
	1.2454381557299747
	1.245438911361999
	1.2454364167195167
	1.245436856947841
	1.2454447470941112
	1.2454475935047868
	1.245445243192651
	1.2454451137442573
	1.2454451903611612
	1.2454394634662131
	1.2454355251542983
	1.245433169611298
	1.245437667570782
	1.2454334868752956
	1.245439552956232
	1.2454347845453766
	1.2454330153960746
	1.2454304843519155
	1.2454315910488283
	1.2454318432516176
	1.2454359931980297
	1.2454422005369226
	1.2454446593525927
	1.245446758882783
	1.2454428516272062
	1.2454448810246093
	1.2454394697318225
	1.2454361666077138
	1.245435530113539
	1.2454361503494644
	1.2454348724511568
	1.245433836474016
	1.2454303231523034
	1.2454286383338096
	1.2454283521871095
	1.2454286078325318
	1.24542833208175
	1.2454293176587083
	1.2454232000955499
	1.245423035470273
	1.2454209311378766
	1.245418671753688
	1.2454177037171237
	1.2454210522478486
	1.2454198449063194
	1.245424798991867
	1.245429510782109
	1.2454263667322094
	1.2454298882022463
	1.2454298833987438
	1.2454307293846603
	1.2454259122075573
	1.2454210366759642
	1.2454145956084868
	1.2454175312141318
	1.2454177230120835
	1.2454140204262738
	1.2454143753343483
	1.2454100621746766
	1.2454111217443882
	1.2454083021627638
	1.2454032259008794
	1.2454119391941
	1.2454119387099818
	1.2454093686743772
	1.2454066064849973
	1.245409465245341
	1.2454075734840917
	1.2454077767427862
	1.2454039757391624
	1.245403057513633
	1.2454087818255575
	1.245414210366581
	1.2454132362466608
	1.245412508398383
	1.245409109014796
	1.2454033035439873
	1.2454002227756038
	1.2454019887351595
	1.2454005102072507
	1.245405724393709
	1.2454048380925637
	1.2454054021505705
	1.2454070123284915
	1.2454036070932695
	1.2454140201443296
	1.2454093407218287
	1.2454044384782026
	1.245408429943832
	1.2454046237024128
	1.2454029379231517
	1.2454012044412766
	1.2453942248997667
	1.245397477184222
	1.245396394388958
	1.2453990822420355
	1.245397913931909
	1.2453959377271275
	1.2453986949255438
	1.2453997253123394
	1.245400894535018
	1.2453961053452651
	1.2453966123692122
	1.2453991244309766
	1.2454033393025614
	1.2454085532114327
	1.2454069867205795
	1.2454064204809756
	1.245405765574947
	1.2454081904567518
	1.2454134429645518
	1.2454125798806943
	1.245415775166289
	1.2454152462455526
	1.2454110956555213
	1.2454151752532219
	1.2454139961657642
	1.245412086898838
	1.2454137318186358
	1.245412616740168
	1.2454061871957263
	1.2454065084009294
	1.2454075734683638
	1.2454000971296344
	1.2453974807596877
	1.2454003895415846
	1.2454035082368762
	1.245405359730381
	1.2454083918815593
	1.2454055819270446
	1.245410043210779
	1.2454073825889713
	1.245407057450079
	1.245414545356273
	1.2454101596753726
	1.2454066686103529
	1.2454092375766435
	1.2454070413545062
	1.2454073531077539
	1.245406736296458
	1.245406347544094
	1.2454014230937616
	1.2453998804479887
	1.245392504467029
	1.2453891877736507
	1.245391539488168
	1.2453909690449392
	1.245390946275622
	1.245391203310826
	1.2453877005804683
	1.245384686034034
	1.2453831684177241
	1.2453851605780542
	1.245383163602156
	1.2453879531564045
	1.2453911179507036
	1.2453916425844236
	1.2453932558849652
	1.245393709760291
	1.2453910479938646
	1.2453897467607473
	1.2453909548185609
	1.245388597041554
	1.2453860052917083
	1.2453887093199636
	1.245388765065203
	1.2453876464273965
	1.2453826935536751
	1.2453842052229795
	1.2453885588910303
	1.2453867475258007
	1.2453867260625278
	1.245385751100414
	1.2453855751802385
	1.2453823960274149
	1.2453766903497792
	1.245379435119967
	1.2453782198300547
	1.2453813964174116
	1.245382328739812
	1.2453882862125343
	1.2453855905480595
	1.2453768153902094
	1.2453762582645906
	1.2453726667518203
	1.2453731951648963
	1.2453713684435108
	1.245369622360031
	1.2453641957890869
	1.2453575825185226
	1.2453562333616344
	1.245356789628226
	1.2453628560904522
	1.2453582094853943
	1.2453549213912638
	1.2453531555009425
	1.2453508486863298
	1.2453507050556092
	1.2453446732902473
	1.2453431170649472
	1.245339845371293
	1.245339624330403
	1.2453402794775363
	1.2453389217624646
	1.2453407668535166
	1.2453364621201437
	1.2453349458253309
	1.2453395649693937
	1.2453451653057799
	1.2453522079990467
	1.2453536288850326
	1.2453630096060053
	1.245364480107043
	1.2453626806980866
	1.2453627383199941
	1.2453638565433598
	1.2453624088906787
	1.2453645499140609
	1.2453660485871083
	1.2453672879894775
	1.2453675521542469
	1.2453642249767432
	1.2453599432975313
	1.245357553521671
	1.2453569129113344
	1.2453541887767166
	1.24535307920619
	1.2453568461618614
	1.2453515668215596
	1.2453507939840673
	1.245352771799287
	1.2453572644721775
	1.2453544386384283
	1.2453497687506956
	1.2453437780882965
	1.245343077836411
	1.245344427063056
	1.2453463076683788
	1.2453495393194725
	1.2453506854262597
	1.2453538137003362
	1.2453555647019592
	1.245359650509618
	1.2453582078262784
	1.245351602065444
	1.245350910862124
	1.2453542251833374
	1.2453511447248042
	1.245353479651845
	1.245355568852688
	1.245356953375969
	1.2453556688325529
	1.2453632825975685
	1.2453630711837487
	1.2453639243887624
	1.2453679699904607
	1.2453655471459677
	1.2453618335629926
	1.2453616358926827
	1.2453613564748813
	1.2453618159407889
	1.2453633833097186
	1.2453566432796384
	1.2453564179292276
	1.2453636688378231
	1.2453651886245072
	1.245369861007083
	1.2453767310843127
	1.2453768156722307
	1.2453702776108788
	1.245366307610183
	1.245359096089107
	1.2453608743162783
	1.2453591140064226
	1.2453576182486967
	1.245355556930988
	1.2453516222569827
	1.2453542789929068
	1.2453580961802453
	1.2453573001611518
	1.2453559037001438
	1.2453573956818942
	1.2453550398807578
	1.245356755619702
	1.2453553300701108
	1.2453581743506625
	1.2453561676691187
	1.245360612823773
	1.245363651579617
	1.2453663828774497
	1.2453705436985232
	1.245371508072429
	1.2453656760068639
	1.2453675671980078
	1.245367283291648
	1.2453678060997804
	1.2453652188424498
	1.2453621026859827
	1.245362431874296
	1.2453667009890925
	1.2453624765187834
	1.2453563047611704
	1.245353637557601
	1.2453546689943658
	1.245359555900263
	1.2453581650204164
	1.2453655806596042
	1.2453605377407513
	1.245358894619405
	1.2453586621224266
	1.2453585390206068
	1.2453550328928766
	1.2453611311059707
	1.245358965781838
	1.2453621521592808
	1.2453592490084682
	1.245364161584668
	1.245359980390339
	1.245356627485041
	1.2453596777381344
	1.245357740330109
	1.2453577055875393
	1.245358862810598
	1.245360196530628
	1.2453594316941727
	1.2453596666364812
	1.2453639485835921
	1.2453678209407455
	1.2453658894292263
	1.2453627585136613
	1.245365043653996
	1.2453668656668737
	1.2453639777793308
	1.2453724587939732
	1.2453782262282915
	1.2453731397967631
	1.2453773075735948
	1.2453791071510751
	1.2453764045282418
	1.2453774889220546
	1.245379827471208
	1.245376646627625
	1.2453802573024833
	1.2453781232813188
	1.245380424940053
	1.2453802681015682
	1.2453776949033597
	1.245376299933867
	1.2453782158589175
	1.2453760733534742
	1.2453739929980796
	1.245369662207869
	1.2453634450810471
	1.2453585533873233
	1.2453546189572482
	1.2453552855157346
	1.2453545082414985
	1.2453538397463573
	1.2453535378509244
	1.2453535371934035
	1.2453579249239228
	1.245352962603221
	1.245355060652366
	1.2453557134837203
	1.2453573489645524
	1.245359432900662
	1.2453643957417069
	1.2453649556628201
	1.2453662768275837
	1.24536422981762
	1.2453687076534121
	1.2453664008952996
	1.2453669664432174
	1.24537146311365
	1.2453674534383432
	1.2453713919141691
	1.2453741723146174
	1.2453757516905473
	1.2453757246666122
	1.2453750353237723
	1.2453733676422514
	1.2453715691556921
	1.2453705690479826
	1.2453698198742968
	1.245367483754716
	1.2453701521322744
	1.2453711418856732
	1.2453760946298167
	1.2453791809404011
	1.2453787785154966
	1.2453854689304653
	1.2453895323978172
	1.245386439030656
	1.2453846235143797
	1.2453824713935095
	1.2453831526771895
	1.245382399328625
	1.2453833564014143
	1.24538558830565
	1.2453961684388979
	1.2453959803584775
	1.2453969642526217
	1.2453926395563193
	1.245394606314296
	1.2453973069969648
	1.245397422865079
	1.2453985784872141
	1.2453981050064173
	1.2453958273659407
	1.2454005135672308
	1.2454016503421317
	1.2453998862960756
	1.245394346512133
	1.2454000643370458
	1.2454029863298224
	1.2454021814018472
	1.245400333281406
	1.2454006788841967
	1.2453951299976669
	1.2453954013871207
	1.2453951247832056
	1.2453962845299806
	1.2454003601541521
	1.2454038075180547
	1.2453974819035267
	1.2454028654792595
	1.2454007969954501
	1.2453938697599984
	1.2453917498348321
	1.2453885209741977
	1.2453894854925938
	1.2453866758751002
	1.2453855956979487
	1.2453891603592626
	1.2453849781983293
	1.245384411062704
	1.245387089538837
	1.2453901571050843
	1.2453937698393638
	1.245387805558954
	1.2453882061324886
	1.2453902540688548
	1.245389669838039
	1.245390259578223
	1.2453899169251488
	1.2453933106438044
	1.2453908147734511
	1.2453895545334248
	1.2453920572236734
	1.2453900713305897
	1.2453927464814225
	1.2453961391099135
	1.2453968117188874
	1.2454023511889678
	1.2453997185402945
	1.2453957527169655
	1.2453984581352613
	1.2454029351952445
	1.2454015042740778
	1.2454063138108227
	1.2454037403335767
	1.2454058217991582
	1.2454063486066116
	1.2453973021791522
	1.2454005520545248
	1.2453953861409832
	1.2453994438906297
	1.245399976633794
	1.2454024322769952
	1.2454023648347519
	1.2454037148300217
	1.2454017156561343
	1.2453967973078441
	1.245391071521478
	1.2453892140928828
	1.2453894159447172
	1.2453964990040807
	1.245399323043113
	1.2453979436649716
	1.2453946505891815
	1.2453932920559476
	1.2453959747167263
	1.2453920269268823
	1.2453888583468098
	1.2453857986441177
	1.2453841858527728
	1.2453863561534306
	1.2453912650765024
	1.2453885496050792
	1.2453845194508921
	1.2453859133988303
	1.2453852832958143
	1.245381963489638
	1.2453823696234654
	1.2453825028018866
	1.2453793927646497
	1.2453804564393067
	1.2453855426135025
	1.2453863057277577
	1.2453866339911484
	1.245380456822712
	1.2453829057826333
	1.2453838353226274
	1.2453812483268023
	1.245385612449381
	1.245391188329481
	1.2453926328549536
	1.245389870124613
	1.2453911819621426
	1.2453893840543875
	1.2453911130421567
	1.2453898643134071
	1.245390803850758
	1.2453885356786858
	1.245387776947131
	1.2453837940960113
	1.2453825426489096
	1.2453787980524815
	1.245375382257739
	1.2453766739789798
	1.2453736774078399
	1.245378858517363
	1.2453754536590849
	1.245375587362818
	1.2453656649771248
	1.2453658755889134
	1.2453709894679752
	1.2453706839163288
	1.245366019444266
	1.2453672633201105
	1.245370480271832
	1.2453690317689063
	1.2453682326979378
	1.2453695733767762
	1.2453648316723067
	1.2453649657880757
	1.2453667942748536
	1.2453663344731885
	1.2453629592774167
	1.2453649358460164
	1.2453627967809593
	1.2453614415798764
	1.24535723896151
	1.2453562427223603
	1.245357916295027
	1.2453595737784702
	1.2453611951537173
	1.245365538733953
	1.245366397920025
	1.245363790420869
	1.2453669066396593
	1.2453672676799608
	1.2453677431670784
	1.2453621007539455
	1.2453621032714806
	1.2453655039284637
	1.2453652550934047
	1.2453671114826286
	1.245364387618714
	1.245362420813472
	1.2453617120307119
	1.2453654862650965
	1.2453663531927195
	1.2453681069254874
	1.2453697225683074
	1.2453661757349228
	1.2453656311933623
	1.2453675572237286
	1.245366651445314
	1.2453690525503427
	1.2453709865551374
	1.245373787568026
	1.2453744594794662
	1.2453756774642826
	1.2453758121655776
	1.2453745584693294
	1.2453799974140303
	1.2453754451253467
	1.245374260122072
	1.245374857759798
	1.2453756416123032
	1.2453801352088314
	1.2453812305416108
	1.245382292947112
	1.2453857318371384
	1.2453890204445255
	1.2453926846208074
	1.2453924190676895
	1.2453920250266906
	1.2453911293073916
	1.2453924868974435
	1.245398421115528
	1.2453938015314483
	1.245400911125976
	1.245398572402682
	1.2453972309117198
	1.245398017217721
	1.2453968944550204
	1.2453995132985838
	1.2454064917964762
	1.2454025326609468
	1.245407110872578
	1.245403902892727
	1.2454048648059053
	1.245404207467133
	1.2454001575528093
	1.245399064162279
	1.2453964366921972
	1.2453998469438423
	1.2454003231213493
	1.245398389177187
	1.2453958596277488
	1.2453975761643026
	1.245400172951182
	1.245398949262255
	1.2453956457057562
	1.2453946029657113
	1.2453970257803553
	1.245396266306481
	1.2453957222582273
	1.2453974695597188
	1.2453982776419632
	1.245402600012279
	1.2454000000985963
	1.24539881015196
	1.245395741452287
	1.2453906851582706
	1.2453905086405301
	1.2453870989553608
	1.245388528408073
	1.2453858839023946
	1.245381390051304
	1.2453768174451605
	1.245378616706296
	1.2453812775983613
	1.245384779004114
	1.2453855397009246
	1.2453792875375858
	1.2453764276936083
	1.2453782607647692
	1.2453773712439662
	1.2453780655067475
	1.245376835835796
	1.2453748017171034
	1.2453743039396983
	1.245376740002051
	1.2453805904105002
	1.2453862839517924
	1.2453878768361815
	1.2453861454596624
	1.2453848824717695
	1.245384219885891
	1.2453781598020108
	1.2453805857290463
	1.245379516344854
	1.2453783461586525
	1.2453779543496089
	1.2453818470412095
	1.2453800686273033
	1.245385122125817
	1.24538753464427
	1.2453900014703332
	1.2453817861626846
	1.2453841683921296
	1.2453884501720478
	1.2453873436236962
	1.2453917395173926
	1.2453913255237448
	1.245390690262944
	1.2453973171581125
	1.2453982977515043
	1.245393726705464
	1.2453895933151438
	1.2453903495995504
	1.2453962885120593
	1.245395009677327
	1.2453953030163467
	1.2453942643828504
	1.2453920313225544
	1.245391242403418
	1.2453863839824584
	1.2453896196080183
	1.2453912364787696
	1.2453915212822975
	1.2453870877665558
	1.245387179123656
	1.2453895071420062
	1.2453918419503298
	1.245391033352435
	1.2453931300697199
	1.245392711683331
	1.2453887097485854
	1.2453912221388095
	1.2453906097685352
	1.2453924826775975
	1.2453930618710205
	1.2454008408350878
	1.2453974446199365
	1.245398348860568
	1.245402632075433
	1.24540789456214
	1.2454076541005938
	1.2454033189407712
	1.2453983194668994
	1.2453997944576964
	1.2454012899255467
	1.245401010145085
	1.2454002673716225
	1.245410324863628
	1.2454085079465538
	1.245408445467118
	1.2454052821768602
	1.2454063683946923
	1.245405474570388
	1.245406211436263
	1.2454086560399409
	1.2454038658026478
	1.2454048446963941
	1.2454033855956095
	1.2454074374528328
	1.2454064354739054
	1.24540524397331
	1.2454065440869615
	1.2454090830354478
	1.2454063395900574
	1.2453990551130916
	1.245398986729321
	1.2453975779436326
	1.2454002458744156
	1.2454011786925052
	1.2453967504226975
	1.2453962669407779
	1.2453947555199834
	1.2453962983320597
	1.245398354569546
	1.245396488390823
	1.2453941471576728
	1.245395012844885
	1.2454002334817713
	1.2453980737404005
	1.245395142982816
	1.2453952421009407
	1.2453959764682143
	1.245396102117124
	1.2453940954901126
	1.2453902888277206
	1.2453827495797771
	1.2453838207621337
	1.2453804102225765
	1.2453807157713037
	1.245381188223449
	1.2453840009681068
	1.245385503464513
	1.245384628883413
	1.2453801699213423
	1.245383476990717
	1.2453847290690432
	1.2453853860582103
	1.2453800141176883
	1.2453865505882682
	1.2453836780395018
	1.2453848253129232
	1.245380377743009
	1.245378381721366
	1.2453780284773963
	1.2453791403471364
	1.2453776129783973
	1.2453751886260265
	1.2453782501152117
	1.2453803844435885
	1.2453765404035766
	1.2453775027985117
	1.2453810759305728
	1.2453778538349185
	1.2453798037368993
	1.2453814228460436
	1.2453802325181191
	1.2453792492565028
	1.245378178244563
	1.2453826770449952
	1.245382137727847
	1.2453824281929264
	1.2453790127712059
	1.2453791365035698
	1.2453789688719341
	1.245379511999457
	1.2453766181043564
	1.2453773193764717
	1.2453773301046802
	1.2453779773243452
	1.2453774196146157
	1.2453745931176696
	1.2453712516280822
	1.245370282897488
	1.2453733273799745
	1.245374719583646
	1.245373482133349
	1.2453718582306872
	1.24537473319804
	1.2453732046309767
	1.245374995827815
	1.2453684377085794
	1.2453653341496964
	1.2453652352870863
	1.2453633948614482
	1.245364553762316
	1.24536565255132
	1.2453652983283354
	1.245364238211059
	1.2453644316784818
	1.2453667661203938
	1.2453717035063587
	1.245369961130433
	1.2453697116262261
	1.2453665995011718
	1.245367495805188
	1.2453639612801708
	1.245366606019666
	1.2453646595321786
	1.245365832644128
	1.2453758781266722
	1.245378945421262
	1.2453799706391435
	1.2453767024243096
	1.2453743336258423
	1.2453753038877804
	1.2453710874743091
	1.2453646354944061
	1.2453592044261443
	1.2453617100919498
	1.24536115679986
	1.2453602375630106
	1.245360521260199
	1.2453609598932986
	1.245365039476602
	1.2453627795350994
	1.2453650330946315
	1.245367731836304
	1.2453630449839317
	1.2453635784412405
	1.2453592055463407
	1.2453576752514355
	1.2453604522463229
	1.245362805073104
	1.2453627161107992
	1.245364952560678
	1.2453665552696456
	1.2453698409025868
	1.2453714793759114
	1.245372117895661
	1.245367759329915
	1.2453677842636939
	1.2453593534796086
	1.2453588186116507
	1.245355077499476
	1.2453549692943493
	1.2453551826460338
	1.2453550247619676
	1.2453585032406502
	1.2453601921167359
	1.245357286956324
	1.2453566819146207
	1.2453534814008655
	1.2453558545385344
	1.2453552182800094
	1.2453582123244318
	1.2453577648214822
	1.245355094427807
	1.245357207162172
	1.2453567628977589
	1.2453563771211313
	1.2453545779718924
	1.245353246542158
	1.2453558548150294
	1.2453551511342296
	1.2453568375866673
	1.2453622016173957
	1.2453609055046977
	1.2453580001674562
	1.245359282003745
	1.245361164918846
	1.2453672387771084
	1.245364900755847
	1.2453598191519655
	1.245357008017814
	1.2453533581161753
	1.2453568187761948
	1.245357124772877
	1.2453584732287453
	1.2453577595697214
	1.2453613273248993
	1.2453572163688926
	1.2453549984258714
	1.2453529086784347
	1.245354538335617
	1.2453559587299279
	1.2453579588991983
	1.245354309626019
	1.2453570446075966
	1.245358732774054
	1.245360170627856
	1.2453608599659787
	1.245363043543894
	1.2453643796486618
	1.2453656340046675
	1.2453662398712333
	1.2453609553890532
	1.2453617832668564
	1.2453656790555574
	1.2453686342550871
	1.245369701628093
	1.245367515482087
	1.2453699139440326
	1.245371003481587
	1.2453716432180229
	1.245371916036125
	1.2453739069230443
	1.2453750546222073
	1.2453730648919616
	1.2453746443767637
	1.2453743541379625
	1.2453766800826118
	1.2453750559824572
	1.2453765058364399
	1.2453733849970132
	1.24537510171481
	1.2453743815397649
	1.2453787811372976
	1.2453780406718749
	1.2453761804982906
	1.2453765564719708
	1.2453788326975423
	1.2453748555814812
	1.2453774387730723
	1.2453786946518524
	1.2453815099013146
	1.245383004316832
	1.2453865689392314
	1.2453840413798354
	1.2453809377254337
	1.2453777427608672
	1.2453771649620495
	1.2453784332662308
	1.245381594226187
	1.245383122995802
	1.2453851828169673
	1.245389300485704
	1.2453911645128055
	1.245393502023806
	1.2453935291118285
	1.2453913139205872
	1.2453871307282638
	1.2453835213710116
	1.2453837368937413
	1.2453888595560996
	1.2453932191156383
	1.2453948990144437
	1.245401046983195
	1.2454024811244944
	1.2453972395547124
	1.2453943540655454
	1.2453964458366802
	1.2453927900607475
	1.245392847506955
	1.2453915686767563
	1.245392788059351
	1.245395043457858
	1.2453911921437018
	1.245391245224764
	1.2453916609182536
	1.2453930376820639
	1.2453956695739266
	1.2453935537715983
	1.2453905965448482
	1.2453932592486903
	1.2453902683184987
	1.2453880511463649
	1.2453967775769692
	1.2453965016085533
	1.2453978363964007
	1.2454005871765506
	1.2454038767643718
	1.245403172252265
	1.2454070464045262
	1.2454062400612556
	1.2454092529636709
	1.2454145386598736
	1.2454109114940572
	1.245416476949692
	1.2454172680512272
	1.2454167152383526
	1.245415880978554
	1.2454176839625424
	1.2454182867433818
	1.2454185879003168
	1.2454208758795615
	1.245423436626376
	1.2454244940582495
	1.245425406043847
	1.245427004616091
	1.245430591774183
	1.2454315169385297
	1.2454297136086612
	1.245429834392196
	1.2454299085586729
	1.245428518356411
	1.2454274540944728
	1.245425218053297
	1.2454228481765302
	1.245425998096694
	1.245426349168966
	1.245423750314558
	1.2454238927478793
	1.2454203502562133
	1.2454215991857538
	1.2454194229385434
	1.245419808506005
	1.2454219681790109
	1.2454187708842153
	1.2454092249631228
	1.2454084357440631
	1.24540652214681
	1.2454009948806266
	1.2454015135492738
	1.2454062239286754
	1.2454039778748942
	1.245401706096431
	1.2453983955529775
	1.2453965923951402
	1.2453922624783378
	1.2453884461659486
	1.2453884385124965
	1.2453893837751322
	1.2453885499111033
	1.2453902775626502
	1.2453846894212754
	1.245387996052222
	1.2453863703472519
	1.2453892975071794
	1.2453846044507328
	1.2453941588889004
	1.245391919080455
	1.2453884693886104
	1.245388506904935
	1.245388403302426
	1.2453847442269586
	1.245386588526249
	1.2453855483127867
	1.24538030208596
	1.2453806396305043
	1.2453815884292623
	1.245379785014714
	1.2453745936187055
	1.2453750893816025
	1.2453720926483631
	1.2453654846661082
	1.2453700322554169
	1.245369340320945
	1.2453702164650868
	1.2453682920684048
	1.2453699987855347
	1.245371946817996
	1.2453703159355105
	1.2453691580247248
	1.2453710118398125
	1.2453735233806698
	1.2453750487139321
	1.2453746558250514
	1.2453757278698048
	1.245369773974174
	1.2453664818642127
	1.245368747188801
	1.245368036381899
	1.2453678400727788
	1.2453671446872423
	1.2453675963102113
	1.2453683041687211
	1.2453697517824325
	1.2453685820459033
	1.2453661938228529
	1.245368858206966
	1.2453643310918154
	1.245366944510663
	1.2453629949929466
	1.2453649902099713
	1.245359430698712
	1.2453612151325903
	1.2453605807161265
	1.245359148040622
	1.2453589713936093
	1.2453544161347827
	1.2453532965290974
	1.245354476006022
	1.2453542951123253
	1.245355158787756
	1.2453527861141225
	1.2453504811126557
	1.2453464131393361
	1.2453463281597494
	1.2453442038676077
	1.2453422298689163
	1.2453438974843172
	1.2453529905874696
	1.245351319806969
	1.2453524381559011
	1.245352065922449
	1.2453536899208149
	1.2453527874865225
	1.2453570820555482
	1.2453546757550267
	1.2453508246414535
	1.2453541653440783
	1.2453525400180785
	1.2453520097795663
	1.2453559111774388
	1.2453517568768884
	1.245352639939381
	1.2453555028557992
	1.2453530009510514
	1.2453529235217586
	1.2453527843121437
	1.2453563608972544
	1.2453586108986572
	1.2453607205912027
	1.2453589437442023
	1.24536228317867
	1.2453690924705154
	1.2453695098557171
	1.2453755268652393
	1.2453762037130256
	1.2453765283442424
	1.2453799525553806
	1.245384499233382
	1.2453820904636692
	1.2453754274816502
	1.245373628105856
	1.2453752518048855
	1.2453679568827734
	1.2453642071529747
	1.2453631377438616
	1.245361957583812
	1.2453615196799095
	1.2453601691402576
	1.2453607315208624
	1.245360880647473
	1.2453599244290405
	1.2453595262382882
	1.245359176666012
	1.2453596615778653
	1.2453600938301086
	1.2453592371160092
	1.2453573979967418
	1.2453565591287585
	1.245358047288339
	1.245356297452151
	1.2453592968204752
	1.2453619908205058
	1.2453608191533887
	1.2453651649966921
	1.2453646882020686
	1.2453612400040532
	1.2453592230696224
	1.2453598279391147
	1.2453579673994881
	1.2453552670487917
	1.2453599813569765
	1.245359972729279
	1.245356604491453
	1.2453551881385976
	1.2453525084475972
	1.2453505402137037
	1.2453510323774561
	1.2453488174788938
	1.2453489655719032
	1.2453463479452522
	1.2453503237216696
	1.2453485886941074
	1.2453499399884442
	1.2453474080943465
	1.2453432984199424
	1.245340158401146
	1.2453431271081745
	1.2453467369800795
	1.2453501736827441
	1.2453517762972384
	1.245351167054634
	1.2453512657535744
	1.2453545728441364
	1.2453541901033174
	1.2453585882651075
	1.2453597793578302
	1.2453637276931224
	1.2453651134870882
	1.245356608773982
	1.2453518031148851
	1.2453564951331528
	1.2453589726115009
	1.245357067399264
	1.2453593108195318
	1.2453621867319407
	1.245362509338579
	1.2453615060086722
	1.2453681336285751
	1.2453670014044114
	1.2453671171381286
	1.2453645388358316
	1.245369611352597
	1.245374347432513
	1.245372300061597
	1.2453734382210213
	1.2453772778138115
	1.2453779926682886
	1.245380121593421
	1.2453799268648598
	1.24538124286688
	1.2453820873884647
	1.2453780785575561
	1.245380503307828
	1.2453844554397826
	1.2453848571749357
	1.245384374264772
	1.24538232317108
	1.2453807199965994
	1.2453816812890746
	1.245384768404201
	1.245385282317628
	1.245382412082358
	1.2453776313828329
	1.2453775914055192
	1.245376427193817
	1.2453699829550147
	1.2453673487294608
	1.2453679399526014
	1.2453691000319762
	1.2453675071198491
	1.2453652878250978
	1.245368514307404
	1.245370629381405
	1.2453698555237216
	1.2453721889975276
	1.245370564440747
	1.2453700606482248
	1.2453675989461126
	1.245368213090927
	1.2453730380437742
	1.2453717982781092
	1.2453696228057425
	1.245370184910434
	1.2453668629807877
	1.245371656823536
	1.2453683299151292
	1.2453712256548817
	1.2453709400795692
	1.2453690866542046
	1.245369786002197
	1.245367822794942
	1.2453685585385468
	1.2453657868073187
	1.2453625381956719
	1.2453609835223576
	1.2453606822666552
	1.2453604288438833
	1.245364946546553
	1.2453648219758686
	1.2453679771320567
	1.2453730494785007
	1.2453783355350434
	1.2453789695769424
	1.245381341521722
	1.2453816381834404
	1.2453781705577738
	1.2453738909851746
	1.2453738970107182
	1.245370081893273
	1.2453656597644538
	1.2453632669895194
	1.2453689960542893
	1.2453705594692452
	1.245369675740344
	1.245361095991154
	1.2453592491501204
	1.2453599987313861
	1.2453554715311725
	1.2453622415196468
	1.2453600748651008
	1.245357173090763
	1.2453585055136362
	1.2453559665432672
	1.245356519170254
	1.245352871887549
	1.2453525387510194
	1.2453514065417426
	1.2453532248729864
	1.245354438704192
	1.2453539023824862
	1.2453529582668372
	1.2453537766168785
	1.2453537947574451
	1.2453558237440066
	1.2453495627735465
	1.2453537991665278
	1.2453516826570152
	1.245349073475517
	1.2453467190617638
	1.245346265201477
	1.245350683192389
	1.2453532868961086
	1.2453504623984732
	1.2453489176126333
	1.2453444584405584
	1.245343388260489
	1.245345525870126
	1.2453559465170834
	1.2453603341219688
	1.245355931494396
	1.2453579707485527
	1.245360268844039
	1.2453632185749628
	1.2453617467580422
	1.2453627763768162
	1.2453633265607826
	1.2453643454337
	1.2453654898685134
	1.2453622476815198
	1.2453586148439768
	1.2453611389773915
	1.2453636574322504
	1.245364756743166
	1.2453617150264749
	1.2453612245034875
	1.2453587512557316
	1.2453589672984238
	1.245360851234657
	1.24535513833643
	1.2453522057226938
	1.2453511339496743
	1.2453537235767704
	1.245353012564794
	1.2453518327951711
	1.2453573727540816
	1.2453547076623355
	1.2453543643693095
	1.2453549154516175
	1.2453544298175316
	1.2453575092370097
	1.2453524754362852
	1.2453561108265518
	1.2453591029378082
	1.2453579286357854
	1.2453571716050873
	1.2453571155833796
	1.2453549691048968
	1.245351587025573
	1.2453539841038888
	1.2453532607714206
	1.2453531282122434
	1.2453514616560077
	1.2453491322709447
	1.2453491349911536
	1.245349155779608
	1.2453499860850517
	1.2453452956878304
	1.245347081924664
	1.2453425309716404
	1.2453401748251838
	1.2453425468338786
	1.2453370018845613
	1.2453389024309358
	1.245337191135216
	1.245339461776008
	1.245337972254703
	1.2453392548357305
	1.2453359718481531
	1.2453371408340022
	1.2453348731834288
	1.2453294376891386
	1.2453208961023516
	1.245317424220016
	1.2453158418607488
	1.2453158646883227
	1.2453150228688248
	1.2453180463773954
	1.245311347546237
	1.2453119320002277
	1.245313813625878
	1.2453159586697387
	1.2453150854690318
	1.2453123955400243
	1.2453146652193863
	1.2453162556084985
	1.2453202131812264
	1.245318289936304
	1.2453175851322973
	1.2453123696470756
	1.2453164094544502
	1.2453176433554025
	1.24531835094343
	1.2453216733711072
	1.2453207860036615
	1.2453229807312374
	1.2453242756657026
	1.2453215721146917
	1.2453210015793343
	1.245319555181534
	1.2453153395709449
	1.2453170626723684
	1.245315047110915
	1.2453103018090548
	1.2453104962825285
	1.2453084849959744
	1.2453085941803814
	1.2453081551772969
	1.245307919510409
	1.2453038605378763
	1.2452993412143532
	1.2452984957516824
	1.2453001760195572
	1.2452998983203512
	1.2452972572366052
	1.2452991345717035
	1.2452979526013959
	1.245296099568193
	1.2452993678290087
	1.2452957963789097
	1.2452883592767774
	1.245287395674795
	1.2452850524930525
	1.2452851782531316
	1.2452869318370223
	1.2452847323902039
	1.2452847604084836
	1.245286588115556
	1.2452837974534179
	1.245289222398983
	1.2452925286709047
	1.2452952302228109
	1.245294778864419
	1.2452978724050505
	1.2452965743686717
	1.2452941708257927
	1.245295262771119
	1.2452932678013078
	1.2452969757396606
	1.2452972382100556
	1.2452990707762712
	1.2452974602376607
	1.2452976716625201
	1.2452979804675426
	1.2452890092318052
	1.24528821978547
	1.24528729843902
	1.245289036881536
	1.2452910819943332
	1.2452920007459334
	1.2452947785426405
	1.2452997295128145
	1.2452978894017706
	1.2453000452251526
	1.2453009903312473
	1.2453024095031038
	1.2453037295190388
	1.2453036578668761
	1.2453024136355324
	1.2453029598589955
	1.2453005546492886
	1.2452997734974385
	1.24530006194195
	1.245302004490265
	1.245300353202611
	1.2452987197874927
	1.2452962156283238
	1.245295333617718
	1.2452988831987473
	1.2452974745309908
	1.2452970456753754
	1.245295421336444
	1.2452941272887
	1.2452927614381595
	1.245292031162224
	1.2452944436842424
	1.2452931645660146
	1.2452932184590821
	1.2452884971086193
	1.2452876267917357
	1.2452872777336048
	1.2452934884368951
	1.24529350833692
	1.245292859663783
	1.2452921408784576
	1.245291854857947
	1.2452924981068967
	1.2452898733657032
	1.2452935241040468
	1.2452904527589366
	1.2452902350915174
	1.2452915259776092
	1.2452933463815592
	1.2452975375418438
	1.2453023424760612
	1.2453012757539426
	1.2453000316051515
	1.2453039511552535
	1.2453039589417092
	1.2453071795024102
	1.245305630011741
	1.245311366383578
	1.2453112938698543
	1.2453102482001859
	1.2453082512816178
	1.2453065783054182
	1.2453074606461731
	1.2453063129789848
	1.2453074495600267
	1.2453098986726578
	1.2453103773945355
	1.2453132551626138
	1.2453122535431662
	1.2453139170839718
	1.245321577874593
	1.245325259167812
	1.2453276117215062
	1.2453274012025322
	1.2453270468566893
	1.2453204202793864
	1.2453217711633375
	1.2453231946289762
	1.2453201711785515
	1.2453203696997583
	1.2453249742389645
	1.2453270635407765
]