[
	1.09779953956604
	1.0976585149765015
	1.0975315570831299
	1.0973848104476929
	1.0972319841384888
	1.097090721130371
	1.096962571144104
	1.096819519996643
	1.096678614616394
	1.0965477228164673
	1.0964033603668213
	1.0962415933609009
	1.0960924625396729
	1.095951795578003
	1.0958187580108643
	1.0956872701644897
	1.095549464225769
	1.0954238176345825
	1.0952996015548706
	1.0951666831970215
	1.0950312614440918
	1.094901442527771
	1.0947661399841309
	1.094631552696228
	1.0945101976394653
	1.0943783521652222
	1.0942468643188477
	1.0941174030303955
	1.0939991474151611
	1.0938758850097656
	1.093745470046997
	1.093629240989685
	1.0934959650039673
	1.0933735370635986
	1.0932426452636719
	1.0931203365325928
	1.0929869413375854
	1.0928614139556885
	1.0927519798278809
	1.0926179885864258
	1.0924932956695557
	1.0923664569854736
	1.0922471284866333
	1.092124581336975
	1.0920170545578003
	1.0918980836868286
	1.0917813777923584
	1.0916584730148315
	1.0915473699569702
	1.091436743736267
	1.0913276672363281
	1.0912156105041504
	1.0910990238189697
	1.0909923315048218
	1.0908734798431396
	1.0907683372497559
	1.090659737586975
	1.0905404090881348
	1.0904200077056885
	1.0903041362762451
	1.090196967124939
	1.0900918245315552
	1.0899617671966553
	1.0898548364639282
	1.089752435684204
	1.0896472930908203
	1.0895334482192993
	1.0894309282302856
	1.0893291234970093
	1.0892202854156494
	1.089115858078003
	1.0890107154846191
	1.0889016389846802
	1.088801622390747
	1.0887025594711304
	1.0886001586914062
	1.0885014533996582
	1.0883861780166626
	1.088287353515625
	1.0881962776184082
	1.0880979299545288
	1.0880000591278076
	1.0878968238830566
	1.0877991914749146
	1.0876994132995605
	1.0875910520553589
	1.0875005722045898
	1.0874030590057373
	1.0873088836669922
	1.0872119665145874
	1.0871163606643677
	1.0870248079299927
	1.0869308710098267
	1.0868299007415771
	1.0867384672164917
	1.0866413116455078
	1.0865528583526611
	1.0864667892456055
	1.0863746404647827
	1.0862858295440674
	1.086187481880188
	1.086097240447998
	1.086011528968811
	1.0859180688858032
	1.0858319997787476
	1.0857462882995605
	1.0856610536575317
	1.0855714082717896
	1.0854885578155518
	1.085411548614502
	1.085322380065918
	1.0852340459823608
	1.085146427154541
	1.0850495100021362
	1.0849701166152954
	1.0848767757415771
	1.0847870111465454
	1.0847065448760986
	1.0846316814422607
	1.0845476388931274
	1.0844556093215942
	1.0843794345855713
	1.0843079090118408
	1.0842084884643555
	1.0841232538223267
	1.084039568901062
	1.0839552879333496
	1.0838736295700073
	1.0837956666946411
	1.083715796470642
	1.0836408138275146
	1.083559513092041
	1.0834789276123047
	1.0833961963653564
	1.083315134048462
	1.0832427740097046
	1.0831656455993652
	1.0830752849578857
	1.0829869508743286
	1.0829038619995117
	1.0828282833099365
	1.0827507972717285
	1.0826702117919922
	1.082590937614441
	1.0825191736221313
	1.0824435949325562
	1.082374930381775
	1.0823001861572266
	1.08222496509552
	1.0821465253829956
	1.082072377204895
	1.0819897651672363
	1.0819265842437744
	1.0818586349487305
	1.0817843675613403
	1.0817159414291382
	1.0816360712051392
	1.0815601348876953
	1.0814963579177856
	1.08143150806427
	1.0813539028167725
	1.081281304359436
	1.0812112092971802
	1.0811421871185303
	1.0810786485671997
	1.0810043811798096
	1.0809375047683716
	1.0808687210083008
	1.0807948112487793
	1.0807234048843384
	1.0806469917297363
	1.0805789232254028
	1.0805078744888306
	1.0804389715194702
	1.0803645849227905
	1.0802876949310303
	1.0802217721939087
	1.0801572799682617
	1.0800892114639282
	1.08002769947052
	1.0799566507339478
	1.0798935890197754
	1.0798388719558716
	1.0797817707061768
	1.0797057151794434
	1.079642415046692
	1.0795751810073853
	1.0795079469680786
	1.0794360637664795
	1.0793683528900146
	1.0793039798736572
	1.0792368650436401
	1.0791693925857544
	1.0791033506393433
	1.0790382623672485
	1.078979253768921
	1.078916311264038
	1.0788482427597046
	1.0787931680679321
	1.0787367820739746
	1.0786802768707275
	1.0786073207855225
	1.0785422325134277
	1.0784832239151
	1.0784268379211426
	1.0783573389053345
	1.078291893005371
	1.0782285928726196
	1.0781697034835815
	1.0781075954437256
	1.0780503749847412
	1.0779865980148315
	1.0779269933700562
	1.0778663158416748
	1.077808141708374
	1.0777493715286255
	1.0776877403259277
	1.0776245594024658
	1.077561855316162
	1.0775007009506226
	1.0774513483047485
	1.077405333518982
	1.0773452520370483
	1.0772943496704102
	1.077245831489563
	1.0771832466125488
	1.0771267414093018
	1.077059268951416
	1.077003836631775
	1.076942801475525
	1.076887607574463
	1.076829195022583
	1.0767766237258911
	1.0767215490341187
	1.0766700506210327
	1.0766198635101318
	1.0765613317489624
	1.076503872871399
	1.0764422416687012
	1.0763840675354004
	1.0763310194015503
	1.0762759447097778
	1.076219916343689
	1.076168179512024
	1.0761162042617798
	1.0760548114776611
	1.0760146379470825
	1.0759626626968384
	1.075910210609436
	1.0758556127548218
	1.0758053064346313
	1.0757523775100708
	1.0756927728652954
	1.07564377784729
	1.0755943059921265
	1.075546383857727
	1.0754932165145874
	1.0754404067993164
	1.0753921270370483
	1.0753331184387207
	1.0752805471420288
	1.075230598449707
	1.0751805305480957
	1.075123906135559
	1.0750776529312134
	1.0750312805175781
	1.074984073638916
	1.0749337673187256
	1.0748916864395142
	1.0748480558395386
	1.0748045444488525
	1.0747520923614502
	1.0746992826461792
	1.0746543407440186
	1.0745986700057983
	1.074549674987793
	1.0745025873184204
	1.074452519416809
	1.074402928352356
	1.074354648590088
	1.074300765991211
	1.074253797531128
	1.0742082595825195
	1.074159026145935
	1.0741150379180908
	1.0740679502487183
	1.0740230083465576
	1.0739831924438477
	1.0739299058914185
	1.0738717317581177
	1.0738227367401123
	1.0737751722335815
	1.0737178325653076
	1.07366943359375
	1.0736280679702759
	1.0735716819763184
	1.0735265016555786
	1.073481798171997
	1.0734411478042603
	1.0733996629714966
	1.0733470916748047
	1.0733051300048828
	1.0732593536376953
	1.073215126991272
	1.0731680393218994
	1.073124885559082
	1.0730721950531006
	1.0730336904525757
	1.072998046875
	1.072954535484314
	1.0729076862335205
	1.0728609561920166
	1.0728192329406738
	1.0727741718292236
	1.0727328062057495
	1.072685956954956
	1.0726507902145386
	1.072609543800354
	1.072568655014038
	1.0725247859954834
	1.072482705116272
	1.0724378824234009
	1.0724009275436401
	1.072355031967163
	1.0723124742507935
	1.0722721815109253
	1.0722286701202393
	1.0721938610076904
	1.0721522569656372
	1.0721136331558228
	1.0720763206481934
	1.0720398426055908
	1.0719923973083496
	1.0719531774520874
	1.0719139575958252
	1.0718703269958496
	1.0718148946762085
	1.071780800819397
	1.0717449188232422
	1.0717087984085083
	1.0716638565063477
	1.0716198682785034
	1.0715821981430054
	1.071534514427185
	1.0715028047561646
	1.0714607238769531
	1.0714246034622192
	1.07138991355896
	1.0713434219360352
	1.0713034868240356
	1.0712636709213257
	1.071224570274353
	1.0711833238601685
	1.0711497068405151
	1.0711071491241455
	1.0710688829421997
	1.071019172668457
	1.07097589969635
	1.07094144821167
	1.070904016494751
	1.0708591938018799
	1.0708274841308594
	1.070783257484436
	1.0707484483718872
	1.0707076787948608
	1.0706695318222046
	1.0706326961517334
	1.0705918073654175
	1.0705599784851074
	1.0705327987670898
	1.0704935789108276
	1.0704580545425415
	1.07042396068573
	1.0703903436660767
	1.0703473091125488
	1.0703048706054688
	1.07027006149292
	1.0702334642410278
	1.0701935291290283
	1.0701555013656616
	1.0701113939285278
	1.0700790882110596
	1.0700442790985107
	1.0700132846832275
	1.06997549533844
	1.0699360370635986
	1.069898247718811
	1.0698720216751099
	1.0698356628417969
	1.069796085357666
	1.0697699785232544
	1.069733738899231
	1.0696965456008911
	1.0696643590927124
	1.0696220397949219
	1.069590449333191
	1.0695570707321167
	1.0695246458053589
	1.069488286972046
	1.0694564580917358
	1.0694161653518677
	1.0693806409835815
	1.0693485736846924
	1.0693155527114868
	1.069278359413147
	1.0692451000213623
	1.0692130327224731
	1.0691778659820557
	1.0691472291946411
	1.0691105127334595
	1.069083571434021
	1.0690505504608154
	1.0690187215805054
	1.0689867734909058
	1.0689510107040405
	1.0689082145690918
	1.068861961364746
	1.0688180923461914
	1.0687814950942993
	1.0687460899353027
	1.068718433380127
	1.0686864852905273
	1.0686582326889038
	1.068617820739746
	1.0685794353485107
	1.0685467720031738
	1.0685102939605713
	1.0684754848480225
	1.0684330463409424
	1.068394422531128
	1.0683737993240356
	1.068341851234436
	1.0683064460754395
	1.0682778358459473
	1.0682417154312134
	1.0682066679000854
	1.0681698322296143
	1.0681456327438354
	1.068123698234558
	1.0680832862854004
	1.0680558681488037
	1.0680263042449951
	1.0679818391799927
	1.067945957183838
	1.067914605140686
	1.067889928817749
	1.0678622722625732
	1.0678277015686035
	1.0678058862686157
	1.0677834749221802
	1.0677465200424194
	1.0677145719528198
	1.0676885843276978
	1.0676578283309937
	1.0676350593566895
	1.0676093101501465
	1.0675780773162842
	1.067541241645813
	1.0675115585327148
	1.067484974861145
	1.0674587488174438
	1.067417860031128
	1.0673907995224
	1.0673613548278809
	1.067334532737732
	1.0673129558563232
	1.0672838687896729
	1.067253589630127
	1.06722891330719
	1.0672121047973633
	1.0671778917312622
	1.0671530961990356
	1.0671275854110718
	1.0670955181121826
	1.0670729875564575
	1.0670400857925415
	1.0670074224472046
	1.0669714212417603
	1.0669420957565308
	1.066912055015564
	1.0668891668319702
	1.0668625831604004
	1.066826581954956
	1.0667916536331177
	1.0667544603347778
	1.0667310953140259
	1.0666983127593994
	1.0666693449020386
	1.066637635231018
	1.0666108131408691
	1.066578984260559
	1.0665440559387207
	1.0665160417556763
	1.0664851665496826
	1.0664559602737427
	1.0664268732070923
	1.066394567489624
	1.0663635730743408
	1.0663412809371948
	1.0663092136383057
	1.0662801265716553
	1.066247820854187
	1.0662206411361694
	1.066191554069519
	1.0661616325378418
	1.0661342144012451
	1.0661028623580933
	1.0660696029663086
	1.0660455226898193
	1.066015601158142
	1.065981149673462
	1.0659600496292114
	1.0659273862838745
	1.0658934116363525
	1.065867304801941
	1.0658401250839233
	1.0658143758773804
	1.0657923221588135
	1.06576406955719
	1.0657353401184082
	1.065711498260498
	1.065686583518982
	1.0656629800796509
	1.0656371116638184
	1.0656161308288574
	1.0655944347381592
	1.065570592880249
	1.0655592679977417
	1.0655272006988525
	1.0654956102371216
	1.065471887588501
	1.0654476881027222
	1.0654152631759644
	1.0653856992721558
	1.065364956855774
	1.0653438568115234
	1.0653194189071655
	1.065299391746521
	1.0652806758880615
	1.0652621984481812
	1.065226435661316
	1.065200686454773
	1.0651731491088867
	1.0651450157165527
	1.065124273300171
	1.0651025772094727
	1.065076231956482
	1.0650569200515747
	1.06503164768219
	1.065010905265808
	1.0649880170822144
	1.0649683475494385
	1.064944863319397
	1.0649175643920898
	1.0648971796035767
	1.0648818016052246
	1.064862608909607
	1.0648472309112549
	1.0648220777511597
	1.0648021697998047
	1.06477689743042
	1.064760684967041
	1.0647367238998413
	1.064713954925537
	1.0646848678588867
	1.064663052558899
	1.0646426677703857
	1.0646169185638428
	1.0645962953567505
	1.0645679235458374
	1.0645439624786377
	1.0645160675048828
	1.0644969940185547
	1.0644774436950684
	1.0644549131393433
	1.0644325017929077
	1.0644139051437378
	1.0643880367279053
	1.0643724203109741
	1.0643424987792969
	1.064318060874939
	1.0642932653427124
	1.0642616748809814
	1.0642410516738892
	1.0642176866531372
	1.064194679260254
	1.0641793012619019
	1.0641502141952515
	1.064126968383789
	1.0640995502471924
	1.0640755891799927
	1.0640507936477661
	1.0640218257904053
	1.0639992952346802
	1.0639742612838745
	1.0639503002166748
	1.0639243125915527
	1.0638948678970337
	1.0638706684112549
	1.0638540983200073
	1.0638304948806763
	1.0638071298599243
	1.0637786388397217
	1.063757061958313
	1.0637375116348267
	1.0637131929397583
	1.0636941194534302
	1.0636814832687378
	1.063657283782959
	1.0636394023895264
	1.0636208057403564
	1.0635957717895508
	1.0635753870010376
	1.0635658502578735
	1.0635488033294678
	1.0635366439819336
	1.0635159015655518
	1.0634998083114624
	1.0634779930114746
	1.0634618997573853
	1.063454031944275
	1.0634417533874512
	1.0634262561798096
	1.0634069442749023
	1.0633807182312012
	1.0633645057678223
	1.063338041305542
	1.0633184909820557
	1.06330406665802
	1.063283085823059
	1.0632637739181519
	1.0632535219192505
	1.0632344484329224
	1.0632150173187256
	1.0631895065307617
	1.0631765127182007
	1.0631587505340576
	1.0631390810012817
	1.0631332397460938
	1.0631035566329956
	1.0630775690078735
	1.0630671977996826
	1.0630545616149902
	1.0630425214767456
	1.0630245208740234
	1.0630038976669312
	1.0629932880401611
	1.062974452972412
	1.0629609823226929
	1.0629457235336304
	1.0629332065582275
	1.0629128217697144
	1.0629034042358398
	1.0628870725631714
	1.0628641843795776
	1.0628515481948853
	1.062836766242981
	1.0628252029418945
	1.062808871269226
	1.0627868175506592
	1.0627702474594116
	1.0627529621124268
	1.0627403259277344
	1.0627254247665405
	1.0627073049545288
	1.0626845359802246
	1.0626715421676636
	1.0626444816589355
	1.0626267194747925
	1.0626078844070435
	1.0625813007354736
	1.062559962272644
	1.0625499486923218
	1.0625311136245728
	1.0625163316726685
	1.062502145767212
	1.062484622001648
	1.0624632835388184
	1.0624372959136963
	1.062430739402771
	1.0624223947525024
	1.0624127388000488
	1.0623979568481445
	1.0623770952224731
	1.0623555183410645
	1.0623385906219482
	1.062319040298462
	1.0623162984848022
	1.062307596206665
	1.06229829788208
	1.0622776746749878
	1.0622607469558716
	1.0622495412826538
	1.0622363090515137
	1.062212347984314
	1.0621933937072754
	1.0621734857559204
	1.0621551275253296
	1.0621458292007446
	1.062131643295288
	1.0621074438095093
	1.0620951652526855
	1.0620747804641724
	1.062060832977295
	1.0620352029800415
	1.0620266199111938
	1.0620046854019165
	1.061995506286621
	1.0619791746139526
	1.0619661808013916
	1.0619460344314575
	1.061933994293213
	1.061927080154419
	1.0619176626205444
	1.0618994235992432
	1.0618910789489746
	1.0618821382522583
	1.061869740486145
	1.06184983253479
	1.0618270635604858
	1.061811923980713
	1.0617926120758057
	1.061776041984558
	1.0617635250091553
	1.0617387294769287
	1.0617101192474365
	1.0617010593414307
	1.0616869926452637
	1.0616792440414429
	1.061660647392273
	1.061639428138733
	1.0616343021392822
	1.061631202697754
	1.0616105794906616
	1.0616074800491333
	1.0615931749343872
	1.0615884065628052
	1.0615708827972412
	1.0615553855895996
	1.0615466833114624
	1.061538577079773
	1.061522126197815
	1.0615123510360718
	1.0615034103393555
	1.0614913702011108
	1.0614752769470215
	1.0614594221115112
	1.0614413022994995
	1.0614320039749146
	1.061422348022461
	1.0614019632339478
	1.0613882541656494
	1.0613776445388794
	1.0613653659820557
	1.061355471611023
	1.061346411705017
	1.0613213777542114
	1.061297059059143
	1.061291217803955
	1.0612847805023193
	1.0612670183181763
	1.0612510442733765
	1.0612372159957886
	1.0612220764160156
	1.0612155199050903
	1.061200737953186
	1.0611851215362549
	1.061173439025879
	1.061164379119873
	1.0611521005630493
	1.061140537261963
	1.0611186027526855
	1.0610995292663574
	1.0611000061035156
	1.0610753297805786
	1.0610597133636475
	1.061037540435791
	1.0610361099243164
	1.0610250234603882
	1.0610065460205078
	1.0609965324401855
	1.0609767436981201
	1.060969591140747
	1.0609495639801025
	1.0609428882598877
	1.0609396696090698
	1.0609267950057983
	1.0609053373336792
	1.0608904361724854
	1.0608867406845093
	1.0608620643615723
	1.060854196548462
	1.0608421564102173
	1.0608307123184204
	1.06082022190094
	1.0607925653457642
	1.060782790184021
	1.0607733726501465
	1.0607610940933228
	1.0607435703277588
	1.060723900794983
	1.0607110261917114
	1.0606967210769653
	1.060684323310852
	1.060677170753479
	1.060659408569336
	1.0606483221054077
	1.0606473684310913
	1.0606374740600586
	1.0606157779693604
	1.0606037378311157
	1.0605915784835815
	1.0605833530426025
	1.0605629682540894
	1.0605608224868774
	1.060559630393982
	1.0605496168136597
	1.0605337619781494
	1.0605170726776123
	1.0604984760284424
	1.0604902505874634
	1.0604809522628784
	1.0604734420776367
	1.0604588985443115
	1.0604506731033325
	1.060441017150879
	1.0604300498962402
	1.0604134798049927
	1.060394525527954
	1.060381531715393
	1.0603783130645752
	1.0603594779968262
	1.0603445768356323
	1.060325264930725
	1.0603145360946655
	1.0603140592575073
	1.060301661491394
	1.0603011846542358
	1.0602855682373047
	1.0602798461914062
	1.0602672100067139
	1.0602662563323975
	1.0602422952651978
	1.060233235359192
	1.0602205991744995
	1.0602223873138428
	1.0602360963821411
	1.0602149963378906
	1.0602083206176758
	1.060209035873413
	1.0602062940597534
	1.0601897239685059
	1.0601849555969238
	1.0601638555526733
	1.0601636171340942
	1.0601541996002197
	1.0601465702056885
	1.0601364374160767
	1.060121774673462
	1.0601108074188232
	1.0601023435592651
	1.0600807666778564
	1.0600794553756714
	1.0600672960281372
	1.0600502490997314
	1.0600287914276123
	1.0600287914276123
	1.0600180625915527
	1.0600000619888306
	1.0599833726882935
	1.0599812269210815
	1.0599793195724487
	1.0599684715270996
	1.0599699020385742
	1.059961199760437
	1.0599561929702759
	1.0599368810653687
	1.059919834136963
	1.0599122047424316
	1.0598993301391602
	1.05988347530365
	1.0598671436309814
	1.0598549842834473
	1.059856653213501
	1.0598464012145996
	1.0598373413085938
	1.0598320960998535
	1.0598219633102417
	1.0598028898239136
	1.0597933530807495
	1.0597901344299316
	1.059780478477478
	1.0597813129425049
	1.0597755908966064
	1.0597562789916992
	1.0597630739212036
	1.0597563982009888
	1.0597440004348755
	1.0597378015518188
	1.0597213506698608
	1.05972421169281
	1.0597150325775146
	1.0597132444381714
	1.0596970319747925
	1.0596822500228882
	1.0596908330917358
	1.0596764087677002
	1.0596704483032227
	1.0596635341644287
	1.0596599578857422
	1.0596578121185303
	1.05965256690979
	1.059638500213623
	1.059637188911438
	1.059627890586853
	1.0596078634262085
	1.0595883131027222
	1.0595810413360596
	1.0595697164535522
	1.0595635175704956
	1.0595602989196777
	1.0595449209213257
	1.0595444440841675
	1.059545874595642
	1.059530258178711
	1.0595289468765259
	1.059524416923523
	1.0595221519470215
	1.059494972229004
	1.0594675540924072
	1.0594648122787476
	1.0594569444656372
	1.0594569444656372
	1.0594444274902344
	1.0594252347946167
	1.0594110488891602
	1.0593972206115723
	1.0593851804733276
	1.059383749961853
	1.0593767166137695
	1.0593619346618652
	1.0593568086624146
	1.059337854385376
	1.0593290328979492
	1.0593210458755493
	1.0593136548995972
	1.0593059062957764
	1.0592995882034302
	1.0592869520187378
	1.059269905090332
	1.0592790842056274
	1.0592714548110962
	1.0592589378356934
	1.0592601299285889
	1.0592446327209473
	1.0592522621154785
	1.0592554807662964
	1.059238076210022
	1.0592089891433716
	1.0591955184936523
	1.0591862201690674
	1.0591779947280884
	1.0591630935668945
	1.0591435432434082
	1.0591288805007935
	1.0591109991073608
	1.0591046810150146
	1.0591042041778564
	1.0591109991073608
	1.059112310409546
	1.0591026544570923
	1.059104323387146
	1.0590934753417969
	1.059085488319397
	1.0590732097625732
	1.0590605735778809
	1.0590531826019287
	1.0590426921844482
	1.0590310096740723
	1.0590236186981201
	1.0590174198150635
	1.0590087175369263
	1.0589890480041504
	1.0589815378189087
	1.0589840412139893
	1.0589845180511475
	1.0589838027954102
	1.0589672327041626
	1.0589457750320435
	1.0589382648468018
	1.0589239597320557
	1.0589240789413452
	1.0589169263839722
	1.0589165687561035
	1.0589112043380737
	1.0588922500610352
	1.0588829517364502
	1.0588688850402832
	1.058850646018982
	1.0588454008102417
	1.0588489770889282
	1.0588284730911255
	1.0588120222091675
	1.058801293373108
	1.0588055849075317
	1.0588059425354004
	1.05878484249115
	1.0587656497955322
	1.0587518215179443
	1.0587437152862549
	1.0587397813796997
	1.0587483644485474
	1.058722972869873
	1.0587303638458252
	1.0587280988693237
	1.0587300062179565
	1.0587228536605835
	1.058714509010315
	1.0587142705917358
	1.0587122440338135
	1.0587049722671509
	1.0586951971054077
	1.058684229850769
	1.0586791038513184
	1.0586681365966797
	1.058671236038208
	1.0586589574813843
	1.0586332082748413
	1.0586286783218384
	1.058626651763916
	1.0586107969284058
	1.0586165189743042
	1.0585930347442627
	1.0585927963256836
	1.0585880279541016
	1.0585808753967285
	1.058583378791809
	1.0585764646530151
	1.0585774183273315
	1.058577060699463
	1.0585637092590332
	1.0585558414459229
	1.058546543121338
	1.0585435628890991
	1.0585461854934692
	1.0585460662841797
	1.0585328340530396
	1.0585293769836426
	1.0585216283798218
	1.0585154294967651
	1.0585159063339233
	1.0585094690322876
	1.0585054159164429
	1.0584994554519653
	1.058515191078186
	1.0585163831710815
	1.0585094690322876
	1.0585068464279175
	1.0584906339645386
	1.0584696531295776
	1.0584518909454346
	1.058444619178772
	1.0584341287612915
	1.0584206581115723
	1.0584008693695068
	1.0583990812301636
	1.0583890676498413
	1.058383584022522
	1.05838942527771
	1.0583715438842773
	1.058376431465149
	1.0583850145339966
	1.0583715438842773
	1.058350682258606
	1.058348536491394
	1.058354377746582
	1.0583487749099731
	1.0583480596542358
	1.058353066444397
	1.0583415031433105
	1.058341145515442
	1.0583425760269165
	1.0583337545394897
	1.0583323240280151
	1.0583230257034302
	1.058314561843872
	1.058301568031311
	1.0582940578460693
	1.0582979917526245
	1.0582886934280396
	1.0582815408706665
	1.0582635402679443
	1.0582579374313354
	1.0582503080368042
	1.0582510232925415
	1.058236002922058
	1.0582395792007446
	1.0582183599472046
	1.0582129955291748
	1.0582021474838257
	1.0582104921340942
	1.058217167854309
	1.0582075119018555
	1.0581836700439453
	1.058181881904602
	1.0581809282302856
	1.058186411857605
	1.0581822395324707
	1.0581682920455933
	1.0581578016281128
	1.0581458806991577
	1.0581369400024414
	1.0581185817718506
	1.0581167936325073
	1.0581142902374268
	1.058098554611206
	1.0580981969833374
	1.0580790042877197
	1.0580793619155884
	1.0580832958221436
	1.0580798387527466
	1.0580706596374512
	1.0580655336380005
	1.05806303024292
	1.0580636262893677
	1.0580605268478394
	1.0580600500106812
	1.0580555200576782
	1.0580354928970337
	1.0580284595489502
	1.0580172538757324
	1.0580178499221802
	1.058003306388855
	1.058001160621643
	1.0579978227615356
	1.0579969882965088
	1.057997226715088
	1.0579990148544312
	1.0580025911331177
	1.0579962730407715
	1.057996392250061
	1.057985544204712
	1.0579791069030762
	1.0579663515090942
	1.0579715967178345
	1.0579679012298584
	1.0579543113708496
	1.0579493045806885
	1.0579553842544556
	1.0579404830932617
	1.057927131652832
	1.0579204559326172
	1.057921290397644
	1.0579142570495605
	1.057899832725525
	1.057884931564331
	1.0578607320785522
	1.057849407196045
	1.0578492879867554
	1.057836651802063
	1.05782151222229
	1.0578218698501587
	1.057822346687317
	1.057809591293335
	1.0578137636184692
	1.057812213897705
	1.0578125715255737
	1.0578010082244873
	1.0577912330627441
	1.0577949285507202
	1.057784914970398
	1.0577820539474487
	1.0577754974365234
	1.0577824115753174
	1.0577741861343384
	1.0577718019485474
	1.0577621459960938
	1.0577542781829834
	1.0577603578567505
	1.0577712059020996
	1.0577752590179443
	1.0577707290649414
	1.0577692985534668
	1.0577720403671265
	1.0577569007873535
	1.0577408075332642
	1.0577501058578491
	1.057752013206482
	1.0577387809753418
	1.057726263999939
	1.0577082633972168
	1.0576958656311035
	1.0576856136322021
	1.0576845407485962
	1.0576834678649902
	1.0576564073562622
	1.057645320892334
	1.0576411485671997
	1.0576317310333252
	1.0576223134994507
	1.0576156377792358
	1.0576202869415283
	1.0576026439666748
	1.0576058626174927
	1.0575993061065674
	1.0575581789016724
	1.0575591325759888
	1.0575485229492188
	1.057550072669983
	1.057521939277649
	1.0575016736984253
	1.057483434677124
	1.0574856996536255
	1.0574718713760376
	1.0574727058410645
	1.05747652053833
	1.057456135749817
	1.0574543476104736
	1.057462215423584
	1.0574661493301392
	1.057456135749817
	1.0574455261230469
	1.0574417114257812
	1.05743408203125
	1.0574473142623901
	1.0574456453323364
	1.057440161705017
	1.0574473142623901
	1.0574429035186768
	1.0574326515197754
	1.0574285984039307
	1.0574244260787964
	1.0574208498001099
	1.0574113130569458
	1.05742347240448
	1.0574191808700562
	1.0574088096618652
	1.057411551475525
	1.0574028491973877
	1.0573962926864624
	1.0573745965957642
	1.0573679208755493
	1.057361125946045
	1.0573543310165405
	1.0573590993881226
	1.0573475360870361
	1.0573251247406006
	1.057319164276123
	1.0573101043701172
	1.0572952032089233
	1.0572890043258667
	1.0572737455368042
	1.057286262512207
	1.057281255722046
	1.0572824478149414
	1.0572683811187744
	1.057268500328064
	1.0572680234909058
	1.0572530031204224
	1.0572435855865479
	1.057237982749939
	1.0572201013565063
	1.057227373123169
	1.0572232007980347
	1.0572174787521362
	1.0572149753570557
	1.0572130680084229
	1.0572055578231812
	1.0572073459625244
	1.057198405265808
	1.057182788848877
	1.057174801826477
	1.0571664571762085
	1.0571599006652832
	1.0571566820144653
	1.0571577548980713
	1.0571519136428833
	1.0571391582489014
	1.0571339130401611
	1.0571287870407104
	1.057121753692627
	1.0571306943893433
	1.0571187734603882
	1.0571101903915405
	1.0570999383926392
	1.0570884943008423
	1.0570851564407349
	1.0570811033248901
	1.0570646524429321
	1.0570484399795532
	1.0570462942123413
	1.0570311546325684
	1.0570234060287476
	1.0570087432861328
	1.0569920539855957
	1.0569881200790405
	1.056983470916748
	1.0569539070129395
	1.056947112083435
	1.0569416284561157
	1.0569390058517456
	1.0569303035736084
	1.056936502456665
	1.05693519115448
	1.0569376945495605
	1.0569387674331665
	1.0569177865982056
	1.0569067001342773
	1.0568944215774536
	1.0569008588790894
	1.0568954944610596
	1.0568835735321045
	1.0568921566009521
	1.0568891763687134
	1.056881308555603
	1.0568749904632568
	1.0568681955337524
	1.056868314743042
	1.0568525791168213
	1.0568300485610962
	1.0568219423294067
	1.056801199913025
	1.0567991733551025
	1.0567786693572998
	1.0567721128463745
	1.0567609071731567
	1.05674147605896
	1.056726098060608
	1.0567409992218018
	1.0567348003387451
	1.0567195415496826
	1.0567150115966797
	1.0566926002502441
	1.0567036867141724
	1.0566850900650024
	1.0566716194152832
	1.0566660165786743
	1.056660771369934
	1.0566428899765015
	1.0566301345825195
	1.0566247701644897
	1.0566216707229614
	1.0566073656082153
	1.0566035509109497
	1.0565942525863647
	1.0565944910049438
	1.0565797090530396
	1.0565714836120605
	1.0565612316131592
	1.056555986404419
	1.056544542312622
	1.0565354824066162
	1.0565311908721924
	1.056532621383667
	1.0565195083618164
	1.0565054416656494
	1.0565056800842285
	1.0565121173858643
	1.0565152168273926
	1.0564970970153809
	1.0564796924591064
	1.0564790964126587
	1.0564687252044678
	1.0564656257629395
	1.056470513343811
	1.0564638376235962
	1.0564498901367188
	1.056425929069519
	1.0564208030700684
	1.056398630142212
	1.0563997030258179
	1.056395173072815
	1.0563783645629883
	1.0563620328903198
	1.0563617944717407
	1.0563582181930542
	1.0563286542892456
	1.0563445091247559
	1.0563416481018066
	1.0563384294509888
	1.0563431978225708
	1.0563430786132812
	1.0563411712646484
	1.0563316345214844
	1.0563229322433472
	1.0563058853149414
	1.056294322013855
	1.0562876462936401
	1.0562865734100342
	1.0562618970870972
	1.0562629699707031
	1.0562645196914673
	1.056257963180542
	1.056244969367981
	1.0562403202056885
	1.0562292337417603
	1.0562174320220947
	1.0562148094177246
	1.0562092065811157
	1.056201696395874
	1.0561867952346802
	1.0561796426773071
	1.0561814308166504
	1.0561689138412476
	1.056161642074585
	1.0561517477035522
	1.0561543703079224
	1.0561587810516357
	1.0561425685882568
	1.0561449527740479
	1.056142807006836
	1.0561316013336182
	1.0561256408691406
	1.0561047792434692
	1.0560940504074097
	1.0560863018035889
	1.0560940504074097
	1.0560884475708008
	1.0560874938964844
	1.056084394454956
	1.0560880899429321
	1.0560734272003174
	1.0560741424560547
	1.0560706853866577
	1.0560603141784668
	1.056039571762085
	1.056040644645691
	1.056038498878479
	1.0560332536697388
	1.0560349225997925
	1.0560402870178223
	1.0560342073440552
	1.0560047626495361
	1.0560104846954346
	1.055999517440796
	1.0559895038604736
	1.0559757947921753
	1.0559786558151245
	1.0559624433517456
	1.055953025817871
	1.0559473037719727
	1.055935025215149
	1.0559313297271729
	1.0559241771697998
	1.0559219121932983
	1.055912971496582
	1.0558964014053345
	1.0559009313583374
	1.0558881759643555
	1.0558712482452393
	1.0558735132217407
	1.0558680295944214
	1.0558521747589111
	1.055849552154541
	1.05584716796875
	1.0558501482009888
	1.05583918094635
	1.0558291673660278
	1.0558226108551025
	1.0558180809020996
	1.0558154582977295
	1.0558100938796997
	1.0558136701583862
	1.0557963848114014
	1.0557888746261597
	1.055778980255127
	1.0557668209075928
	1.0557445287704468
	1.0557260513305664
	1.05572509765625
	1.0557206869125366
	1.055715560913086
	1.0557060241699219
	1.0557092428207397
	1.0557031631469727
	1.0556899309158325
	1.0556797981262207
	1.0556691884994507
	1.055666208267212
	1.0556696653366089
	1.0556615591049194
	1.0556728839874268
	1.0556648969650269
	1.0556622743606567
	1.0556621551513672
	1.0556384325027466
	1.055632472038269
	1.0556296110153198
	1.0556210279464722
	1.0555942058563232
	1.0555799007415771
	1.0555709600448608
	1.0555435419082642
	1.0555202960968018
	1.0555198192596436
	1.055507779121399
	1.0555143356323242
	1.0554836988449097
	1.0554935932159424
	1.0554828643798828
	1.055472731590271
	1.0554753541946411
	1.0554521083831787
	1.055443525314331
	1.055437684059143
	1.055426836013794
	1.055418610572815
	1.0553957223892212
	1.0553983449935913
	1.0553958415985107
	1.055395245552063
	1.0553741455078125
	1.0553696155548096
	1.055363416671753
	1.055356740951538
	1.055356740951538
	1.05534029006958
	1.0553277730941772
	1.0553131103515625
	1.0553022623062134
	1.0552915334701538
	1.0552860498428345
	1.0552812814712524
	1.0552624464035034
	1.0552539825439453
	1.0552539825439453
	1.0552455186843872
	1.0552455186843872
	1.0552434921264648
	1.0552414655685425
	1.0552279949188232
	1.0552244186401367
	1.055226445198059
	1.0552122592926025
	1.0552016496658325
	1.055206537246704
	1.0551995038986206
	1.0551894903182983
	1.0551875829696655
	1.0551795959472656
	1.0551574230194092
	1.055145025253296
	1.0551244020462036
	1.0551230907440186
	1.0551154613494873
	1.0551141500473022
	1.0551214218139648
	1.0551167726516724
	1.0551156997680664
	1.055120587348938
	1.0551104545593262
	1.0551131963729858
	1.0551109313964844
	1.055106282234192
	1.0551080703735352
	1.0550990104675293
	1.0550886392593384
	1.0550861358642578
	1.0550918579101562
	1.0550822019577026
	1.0550822019577026
	1.055077314376831
	1.0550717115402222
	1.055067777633667
	1.0550546646118164
	1.0550404787063599
	1.0550459623336792
	1.0550507307052612
	1.055039882659912
	1.0550272464752197
	1.0550211668014526
	1.0550129413604736
	1.0550071001052856
	1.0549988746643066
	1.0550055503845215
	1.0549843311309814
	1.0549875497817993
	1.054980993270874
	1.0549858808517456
	1.0549874305725098
	1.054975152015686
	1.0549556016921997
	1.0549423694610596
	1.054947853088379
	1.0549418926239014
	1.0549410581588745
	1.054937481880188
	1.0549182891845703
	1.0548992156982422
	1.0548876523971558
	1.0548794269561768
	1.0548886060714722
	1.0548957586288452
	1.0548841953277588
	1.0548760890960693
	1.0548847913742065
	1.0548638105392456
	1.0548608303070068
	1.0548588037490845
	1.054858684539795
	1.054856300354004
	1.0548537969589233
	1.0548410415649414
	1.0548385381698608
	1.0548306703567505
	1.0548285245895386
	1.0548150539398193
	1.0548121929168701
	1.0547995567321777
	1.0547915697097778
	1.0547757148742676
	1.0547653436660767
	1.0547583103179932
	1.054753065109253
	1.0547559261322021
	1.0547536611557007
	1.05475652217865
	1.0547301769256592
	1.0547184944152832
	1.0547066926956177
	1.0546844005584717
	1.0546813011169434
	1.0546631813049316
	1.0546600818634033
	1.0546342134475708
	1.0546317100524902
	1.0546326637268066
	1.0546138286590576
	1.0546023845672607
	1.0545802116394043
	1.0545828342437744
	1.0545670986175537
	1.0545657873153687
	1.0545463562011719
	1.0545179843902588
	1.054510235786438
	1.054500937461853
	1.0544986724853516
	1.0545004606246948
	1.0544908046722412
	1.054497241973877
	1.054497241973877
	1.0545001029968262
	1.054508090019226
	1.0544979572296143
	1.05450439453125
	1.0544986724853516
	1.054489016532898
	1.0544683933258057
	1.054473876953125
	1.0544687509536743
	1.0544664859771729
	1.0544780492782593
	1.0544883012771606
	1.0544824600219727
	1.0544624328613281
	1.0544430017471313
	1.054430365562439
	1.0544321537017822
	1.0544172525405884
	1.0544215440750122
	1.0544025897979736
	1.0543972253799438
	1.0543854236602783
	1.0543664693832397
	1.0543619394302368
	1.054350733757019
	1.0543549060821533
	1.0543571710586548
	1.0543571710586548
	1.0543487071990967
	1.0543441772460938
	1.0543408393859863
	1.0543333292007446
	1.0543291568756104
	1.054322361946106
	1.0543134212493896
	1.054305911064148
	1.054295301437378
	1.0542852878570557
	1.0542794466018677
	1.0542583465576172
	1.0542467832565308
	1.0542349815368652
	1.0542354583740234
	1.0542190074920654
	1.0542118549346924
	1.054202675819397
	1.0541937351226807
	1.0541836023330688
	1.054178237915039
	1.0541820526123047
	1.0541739463806152
	1.0541778802871704
	1.054160237312317
	1.0541493892669678
	1.0541539192199707
	1.0541411638259888
	1.054139494895935
	1.0541340112686157
	1.054120659828186
	1.054113507270813
	1.054118275642395
	1.0541131496429443
	1.0541071891784668
	1.0540918111801147
	1.05408775806427
	1.0540788173675537
	1.0540587902069092
	1.0540691614151
	1.054062843322754
	1.0540552139282227
	1.0540388822555542
	1.0540289878845215
	1.0540210008621216
	1.0540168285369873
	1.054001808166504
	1.0540012121200562
	1.0540132522583008
	1.0540142059326172
	1.0540313720703125
	1.0540194511413574
	1.054002046585083
	1.053995966911316
	1.0539973974227905
	1.0539791584014893
	1.053971290588379
	1.0539662837982178
	1.0539546012878418
	1.053946614265442
	1.0539363622665405
	1.0539321899414062
	1.0539233684539795
	1.0539182424545288
	1.0539251565933228
	1.0539225339889526
	1.0539087057113647
	1.053902506828308
	1.053903579711914
	1.0538914203643799
	1.0538772344589233
	1.053855061531067
	1.0538337230682373
	1.0538362264633179
	1.0538127422332764
	1.053804874420166
	1.0537933111190796
	1.0537835359573364
	1.0537803173065186
	1.0537744760513306
	1.0537511110305786
	1.0537409782409668
	1.0537439584732056
	1.0537431240081787
	1.0537339448928833
	1.0537397861480713
	1.0537265539169312
	1.0537183284759521
	1.0537030696868896
	1.053702473640442
	1.053704023361206
	1.0537053346633911
	1.0536919832229614
	1.0536829233169556
	1.0536620616912842
	1.0536649227142334
	1.0536671876907349
	1.0536659955978394
	1.0536623001098633
	1.053646445274353
	1.053659200668335
	1.053650975227356
	1.0536545515060425
	1.053652048110962
	1.0536365509033203
	1.0536317825317383
	1.0536303520202637
	1.0536280870437622
	1.0536237955093384
	1.0536288022994995
	1.0536222457885742
	1.053608775138855
	1.0536129474639893
	1.053626537322998
	1.0536249876022339
	1.0536142587661743
	1.0536155700683594
	1.053608775138855
	1.0536143779754639
	1.0536140203475952
	1.0535999536514282
	1.0535814762115479
	1.0535677671432495
	1.0535674095153809
	1.0535484552383423
	1.0535321235656738
	1.053521990776062
	1.0535134077072144
	1.0535075664520264
	1.0535062551498413
	1.053516149520874
	1.0535149574279785
	1.0535064935684204
	1.053504467010498
	1.0534907579421997
	1.0534871816635132
	1.0534744262695312
	1.0534690618515015
	1.0534707307815552
	1.0534703731536865
	1.0534669160842896
	1.0534539222717285
	1.0534453392028809
	1.053430199623108
	1.0534268617630005
	1.0534120798110962
	1.0533934831619263
	1.053391933441162
	1.0533812046051025
	1.053385615348816
	1.0533846616744995
	1.0533846616744995
	1.0533804893493652
	1.0533651113510132
	1.0533632040023804
	1.0533511638641357
	1.0533422231674194
	1.0533301830291748
	1.053307294845581
	1.0532958507537842
	1.0532931089401245
	1.0532923936843872
	1.053283452987671
	1.0532788038253784
	1.0532633066177368
	1.0532444715499878
	1.0532418489456177
	1.0532387495040894
	1.0532329082489014
	1.0532386302947998
	1.0532292127609253
	1.0532225370407104
	1.0532335042953491
	1.0532352924346924
	1.0532355308532715
	1.0532158613204956
	1.0531927347183228
	1.05319082736969
	1.0531748533248901
	1.0531654357910156
	1.0531556606292725
	1.0531314611434937
	1.0531114339828491
	1.053110957145691
	1.0531092882156372
	1.0531156063079834
	1.0531110763549805
	1.053096055984497
	1.0530914068222046
	1.0530730485916138
	1.053061842918396
	1.0530600547790527
	1.0530569553375244
	1.0530539751052856
	1.0530407428741455
	1.053030014038086
	1.0530216693878174
	1.0530129671096802
	1.053008794784546
	1.0530024766921997
	1.0529876947402954
	1.0529781579971313
	1.0529649257659912
	1.0529584884643555
	1.05294668674469
	1.0529303550720215
	1.052911639213562
	1.052895426750183
	1.052891492843628
	1.0528805255889893
	1.0528829097747803
	1.052874207496643
	1.0528788566589355
	1.0528615713119507
	1.0528560876846313
	1.0528533458709717
	1.052856206893921
	1.0528593063354492
	1.052852749824524
	1.0528451204299927
	1.0528337955474854
	1.0528255701065063
	1.052819848060608
	1.0527980327606201
	1.0527857542037964
	1.0527786016464233
	1.0527641773223877
	1.052767276763916
	1.0527539253234863
	1.0527453422546387
	1.0527420043945312
	1.052735686302185
	1.0527338981628418
	1.052728533744812
	1.0527116060256958
	1.052706241607666
	1.0527117252349854
	1.0527079105377197
	1.0527161359786987
	1.0527141094207764
	1.0527215003967285
	1.0527050495147705
	1.0526986122131348
	1.0527033805847168
	1.0526965856552124
	1.0526834726333618
	1.052690029144287
	1.0526901483535767
	1.0526703596115112
	1.0526643991470337
	1.0526516437530518
	1.0526376962661743
	1.0526235103607178
	1.0526196956634521
	1.0526145696640015
	1.0526138544082642
	1.0526124238967896
	1.0526113510131836
	1.0526126623153687
	1.052607774734497
	1.052608847618103
	1.0526074171066284
	1.0525933504104614
	1.052578091621399
	1.0525752305984497
	1.0525599718093872
	1.0525681972503662
	1.0525758266448975
	1.0525766611099243
	1.0525668859481812
	1.052561640739441
	1.0525563955307007
	1.0525410175323486
	1.0525232553482056
	1.0525206327438354
	1.0525100231170654
	1.0525120496749878
	1.0524972677230835
	1.0524901151657104
	1.0524778366088867
	1.0524686574935913
	1.0524660348892212
	1.0524585247039795
	1.0524356365203857
	1.0524321794509888
	1.0524240732192993
	1.0524163246154785
	1.0524041652679443
	1.0523924827575684
	1.0524095296859741
	1.0524088144302368
	1.0524002313613892
	1.0524085760116577
	1.0523866415023804
	1.0523762702941895
	1.0523560047149658
	1.0523426532745361
	1.0523432493209839
	1.0523309707641602
	1.0523251295089722
	1.0523154735565186
	1.0523008108139038
	1.0522961616516113
	1.052289366722107
	1.052289366722107
	1.0522934198379517
	1.0522898435592651
	1.0522940158843994
	1.0522937774658203
	1.052293300628662
	1.0522825717926025
	1.052276849746704
	1.0522689819335938
	1.0522475242614746
	1.0522359609603882
	1.0522280931472778
	1.052228331565857
	1.0522249937057495
	1.0522198677062988
	1.052221417427063
	1.0522031784057617
	1.052196741104126
	1.0521957874298096
	1.0522019863128662
	1.0521843433380127
	1.0521708726882935
	1.0521749258041382
	1.0521737337112427
	1.052164077758789
	1.0521678924560547
]