[
	0.7496017183584548
	0.7497792056708243
	0.7499537030133767
	0.7501361476274504
	0.7503032387305348
	0.7504721099702077
	0.7506268757095049
	0.7507790106336566
	0.7509256601159913
	0.751067560036582
	0.751220518118878
	0.7513561161085717
	0.7514740425248413
	0.7516042923634949
	0.7517088610099004
	0.7518076780139746
	0.7519169056622618
	0.7520254097973714
	0.7521136843408055
	0.7522128947925805
	0.7522848435781707
	0.752374574449892
	0.7524659822680927
	0.7525668675767756
	0.7526497300027533
	0.7527462225657106
	0.752810328930609
	0.7528720039489547
	0.7529475483240801
	0.7530356074831854
	0.7531118684511653
	0.7531890891568154
	0.7532445288569803
	0.7533076270087115
	0.7533687490887963
	0.7534238080598159
	0.7534663406662223
	0.7535202866441517
	0.7535666459352792
	0.7536291825992516
	0.7536677655721167
	0.7537130635405056
	0.7537537250571178
	0.7537846341246158
	0.7538195402846883
	0.7538486403033863
	0.7538902875807614
	0.7539324269082017
	0.7539655736033726
	0.75399947689204
	0.7540288467549117
	0.7540421630996567
	0.7540373460062113
	0.7540633415339787
	0.754090752700983
	0.7541128245735755
	0.7541309640984346
	0.7541457125654826
	0.75414767333487
	0.7541470619711514
	0.7541520622826237
	0.7541516470870728
	0.7541536882530443
	0.7541689023714327
	0.7541636760711503
	0.7541648006677488
	0.7541706091751663
	0.7541707928284096
	0.7541858267467718
	0.7541950901709239
	0.7541945381327415
	0.7541946575915232
	0.7541920206482573
	0.7541824757753783
	0.7541781551127655
	0.7541968343586889
	0.7542183637411479
	0.7542097041997741
	0.7542197868369451
	0.7542094426428333
	0.7541872593842179
	0.7541776041406136
	0.754178801790553
	0.7541622259781096
	0.7541572391202247
	0.7541556460837227
	0.7541340736130121
	0.7541182875505925
	0.7540994541341741
	0.7540773494843246
	0.7540752042205691
	0.7540660358491065
	0.7540590260153465
	0.7540435620367993
	0.7540409957063559
	0.7540241405294019
	0.753991121724651
	0.7539962466633973
	0.7539976558831823
	0.7539952861579091
	0.7539797423548231
	0.7539625312151675
	0.7539486413519714
	0.7539305700880836
	0.7539049991358002
	0.7538980331312369
	0.7538732644268731
	0.7538534488246382
	0.7538376430504496
	0.7538204588742351
	0.7538084529470437
	0.7537831419953321
	0.7537615779274639
	0.7537448915811708
	0.7537286973803258
	0.7537112755096647
	0.7537028597721179
	0.7536783577868361
	0.7536525239114351
	0.7536326391255801
	0.7536084259419004
	0.7535938843847958
	0.7535858120631524
	0.753570344842758
	0.7535544962337657
	0.7535468830709141
	0.7535351247433303
	0.7535165279871981
	0.7535071772071437
	0.7534919362980584
	0.753468536519342
	0.7534606999803519
	0.7534428484585178
	0.7534197492354308
	0.7534051325696497
	0.7533960099763621
	0.753381875183028
	0.7533651469409784
	0.7533513938836872
	0.7533377646528873
	0.7533181853680936
	0.7533107758598298
	0.7532991963989905
	0.7532972570445288
	0.7532707588831531
	0.7532501041501198
	0.7532325418862136
	0.7532149970561604
	0.7532014500077681
	0.7531860494361777
	0.7531702095253574
	0.7531518106813961
	0.7531460063931529
	0.7531325927372706
	0.7531146951085385
	0.7531062306781776
	0.7530873717084682
	0.7530818002100189
	0.7530662292546833
	0.7530489882339506
	0.7530330835494821
	0.7530183861055111
	0.7530025101587879
	0.7529971759258032
	0.7529789598089013
	0.7529602933439792
	0.7529445818557778
	0.7529275085949202
	0.7529123585928684
	0.7529038829368894
	0.7528864744798507
	0.7528757134357499
	0.7528528735100853
	0.7528300417409427
	0.752811518144177
	0.7528001743838476
	0.7527835594864523
	0.7527697230047541
	0.7527629940050353
	0.7527465341857434
	0.7527173882882631
	0.7527078654209943
	0.7526959217310657
	0.7526814442791139
	0.7526657037740878
	0.7526465416195256
	0.7526317528603332
	0.7526278616942574
	0.7526178399543884
	0.75260283582447
	0.752597879536363
	0.7525825651369417
	0.7525736041418274
	0.7525617796720221
	0.752540463547689
	0.752525360570026
	0.7525072326488857
	0.7525012585493657
	0.7524889389154367
	0.7524822926224543
	0.7524674051900495
	0.7524532234829477
	0.7524453564538165
	0.7524319460561035
	0.7524225736745331
	0.7524076781674104
	0.752402344124531
	0.7523944422424783
	0.752381910055156
	0.7523758196726021
	0.7523649666259247
	0.7523566735490435
	0.7523440153161491
	0.7523391930927433
	0.7523300807194316
	0.7523204879789208
	0.7523067367834101
	0.7522968007765077
	0.7522851590323647
	0.7522768329179825
	0.7522660692976079
	0.752264227587723
	0.7522545201503256
	0.7522427035151568
	0.7522369944848026
	0.75222625483331
	0.7522168891187803
	0.7522006285051589
	0.7521923624163739
	0.7521869629225014
	0.7521826100880132
	0.7521773187623821
	0.7521678934959765
	0.7521637942751034
	0.7521488742173597
	0.7521328726309643
	0.7521238882392717
	0.7521067833543065
	0.7520983132294734
	0.7520892679304517
	0.7520808483303782
	0.752071191764808
	0.7520637472660111
	0.7520454793578137
	0.7520384461944306
	0.7520300411484989
	0.7520229065824496
	0.7520099620129385
	0.7520043573218771
	0.7519946155743521
	0.7519894398309809
	0.7519774762088365
	0.7519713618956501
	0.7519603340770931
	0.7519544765645262
	0.7519498615422648
	0.7519431755287589
	0.7519362263018246
	0.751931387253253
	0.7519252885769366
	0.751919209221353
	0.7519123513909761
	0.7519110185442587
	0.7519060651857343
	0.7518986316040857
	0.7518933702679138
	0.751882790347025
	0.7518782880365181
	0.7518725238038493
	0.7518646606122121
	0.7518556773582451
	0.751848420162308
	0.7518453828385595
	0.7518454087070175
	0.7518419297801531
	0.751837576839295
	0.7518342432313119
	0.7518292629997665
	0.751825390292108
	0.7518198493509343
	0.7518166489135585
	0.7518109615601933
	0.7518087836300272
	0.7518016869057739
	0.7517987304280925
	0.7517958257131971
	0.7517881453820389
	0.7517796203646105
	0.7517707071870603
	0.7517683858904644
	0.7517583693785027
	0.7517503891007808
	0.7517460784626508
	0.7517411124860958
	0.7517323742864311
	0.7517293818001951
	0.751726537150929
	0.7517260168896457
	0.75172095479331
	0.7517170511468542
	0.7517155228053138
	0.7517117961306709
	0.7517120272432367
	0.751710720387323
	0.7517058328139871
	0.7517070205390107
	0.7517034597239147
	0.7516974258024037
	0.7516973806250674
	0.751692524016669
	0.7516900219299261
	0.7516894361902648
	0.7516851595698565
	0.7516795262798128
	0.7516739954344278
	0.751667765358761
	0.7516621605099022
	0.7516597432362796
	0.7516501622679947
	0.7516479263911453
	0.7516463488713071
	0.7516439436139566
	0.7516382063387653
	0.7516337425533486
	0.7516281186245843
	0.7516270526928617
	0.7516217211303577
	0.7516217231853338
	0.7516162856810849
	0.7516115924983837
	0.7516082001805383
	0.7516045810632892
	0.751601295256739
	0.7516043844307623
	0.7516036464540685
	0.7516092794718193
	0.7516078681792558
	0.7516054913168386
	0.7516049066259832
	0.7516054515547649
	0.7516019398463104
	0.7516027449281742
	0.7516019353072151
	0.751597270537391
	0.7515959767715128
	0.7515929184616482
	0.7515957257937942
	0.7515993024774178
	0.7515952550412076
	0.7515919700721775
	0.7515877702951039
	0.7515883235797202
	0.7515819623768836
	0.7515777360331486
	0.7515749640578421
	0.7515761633665655
	0.7515674972682096
	0.7515658868484278
	0.751567035681409
	0.7515641699652886
	0.7515585187845686
	0.7515524173731819
	0.7515529098921084
	0.7515515674448615
	0.7515494783461175
	0.7515513592445555
	0.7515484445878408
	0.7515516125589261
	0.7515516419037702
	0.7515447463652212
	0.7515466462850052
	0.7515435543618113
	0.7515398840534403
	0.7515397889765224
	0.7515380265300957
	0.7515368517991631
	0.7515368317201617
	0.7515378012878227
	0.7515359448574361
	0.75153393542085
	0.7515301268470818
	0.7515326569152153
	0.7515329522237684
	0.7515274753204109
	0.7515319853195854
	0.7515292324996689
	0.7515339341506946
	0.7515333004328416
	0.7515365247932929
	0.7515348155630439
	0.751532385340963
	0.7515331782886944
	0.7515350860072698
	0.7515318956026061
	0.7515296382764476
	0.7515299210780872
	0.7515338454953893
	0.7515311222730068
	0.7515310931369105
	0.7515324633767109
	0.7515345051945943
	0.7515346645999476
	0.7515367540476733
	0.7515391826451528
	0.7515364672621642
	0.7515386961075649
	0.7515382333058757
	0.7515373626759555
	0.7515361747394451
	0.7515355437172005
	0.7515357060608616
	0.7515373859163996
	0.7515367090520485
	0.7515348903148853
	0.7515387950628029
	0.7515420631791392
	0.7515398261846262
	0.7515389110108729
	0.7515426381953757
	0.7515450738477009
	0.7515487165453703
	0.7515470642175396
	0.7515547530789936
	0.7515580527882987
	0.7515592240700001
	0.7515632763754986
	0.7515629503979936
	0.7515622616805254
	0.7515573393889541
	0.7515585804509644
	0.7515607847522678
	0.7515611454766433
	0.7515611040591472
	0.7515635077426692
	0.7515673937103711
	0.7515742994672856
	0.7515739176729879
	0.7515769360584933
	0.7515782455522463
	0.7515784286913004
	0.7515784520819958
	0.7515776097566231
	0.7515805749242032
	0.7515836444590341
	0.7515841204257158
	0.7515900859338717
	0.7515963662664986
	0.7515978643415777
	0.7515966224794949
	0.751602149922507
	0.7516017978342925
	0.7516052318056907
	0.7516052695800546
	0.751614668682692
	0.7516166872434831
	0.751618223015683
	0.7516167050078756
	0.7516203716511968
	0.7516209292257189
	0.7516244645865204
	0.7516232973706088
	0.7516227506684051
	0.7516220357553929
	0.7516227437152676
	0.7516207064057131
	0.7516236264265901
	0.7516271657973687
	0.7516293780270484
	0.751630373442839
	0.7516304871637383
	0.7516252566305928
	0.7516246234439576
	0.7516292924547117
	0.7516289272914676
	0.7516288987078177
	0.7516342607212554
	0.7516334989430381
	0.7516352812428374
	0.7516404142397137
	0.7516383487197432
	0.7516358790551066
	0.751633246163885
	0.7516356717896364
	0.7516388665796802
	0.7516399745152783
	0.7516383537377173
	0.7516378921223685
	0.7516412934226764
	0.7516371604691168
	0.7516315894694431
	0.7516334790463414
	0.7516329621993832
	0.7516381745526501
	0.7516351081223226
	0.7516382969531247
	0.7516384427667825
	0.7516400573014271
	0.751640749519785
	0.7516415821761498
	0.7516398602530586
	0.7516414131904031
	0.751648877137895
	0.7516501256988598
	0.7516527287846817
	0.7516511175221309
	0.7516500518565463
	0.7516552859893223
	0.7516542143794732
	0.7516563907832732
	0.7516548450820788
	0.7516558471311883
	0.7516574020134733
	0.751655887062189
	0.7516551436388524
	0.7516571472220349
	0.7516591752454195
	0.751666639302139
	0.7516672275875264
	0.751669360086521
	0.7516671889672424
	0.7516698452726192
	0.7516741865303935
	0.7516765468645176
	0.7516788930018986
	0.7516784844061475
	0.7516812427639299
	0.7516841062920545
	0.7516864477768606
	0.7516849672941033
	0.7516806213793218
	0.7516824318806222
	0.7516866950001422
	0.7516886700736303
	0.7516858814984253
	0.751687533093122
	0.7516949046771483
	0.7516991933633128
	0.7517020119379341
	0.7517027179881963
	0.7516971281240523
	0.7516945505924456
	0.7516970179509014
	0.7517005178491235
	0.7516966267110854
	0.7517013901629402
	0.7517035324811919
	0.751707222238648
	0.7517102012022843
	0.7517123709070813
	0.7517118898119203
	0.7517167950787176
	0.7517202495060853
	0.7517233805813557
	0.7517229868933956
	0.7517279932791101
	0.7517325675177216
	0.7517384268482366
	0.7517325446015907
	0.7517290294465894
	0.7517309326602909
	0.7517348801427496
	0.7517324482565532
	0.7517350226163969
	0.7517382368144095
	0.7517344909449901
	0.751731534223589
	0.7517346180080025
	0.751739957910169
	0.7517439986520252
	0.7517427244916627
	0.7517420626960999
	0.751743400729346
	0.7517477812960839
	0.7517487222577693
	0.7517477553795281
	0.751749858207528
	0.7517456461184818
	0.7517464324618995
	0.7517498698103876
	0.751745685291073
	0.7517456923654734
	0.75174826995216
	0.7517476760568135
	0.7517542633916696
	0.7517520435233881
	0.7517550626419756
	0.751754165290421
	0.7517555715934378
	0.7517576193338291
	0.7517567442952724
	0.7517592013704626
	0.7517602152845366
	0.7517574986824335
	0.7517575614140386
	0.7517557585224086
	0.7517550975207894
	0.7517555833840327
	0.7517551708463633
	0.751758409989018
	0.751758211192833
	0.7517586726865596
	0.7517623509051247
	0.7517597896575029
	0.7517656389584465
	0.7517631436186469
	0.7517591356452017
	0.7517632209199494
	0.7517637169281766
	0.7517699793776799
	0.7517664636795455
	0.7517608344847321
	0.7517641576924913
	0.7517705979965403
	0.751776594969124
	0.7517776320660515
	0.751777682589795
	0.7517813971621133
	0.7517805113589913
	0.7517836464345723
	0.751785358225983
	0.7517840999331976
	0.7517836041230611
	0.751782817430717
	0.7517875131288263
	0.7517905005762614
	0.7517877411493451
	0.7517837977439441
	0.7517820330929063
	0.7517797133426473
	0.751778720501381
	0.7517792470346014
	0.7517777652306977
	0.7517802463475038
	0.7517791208580772
	0.7517793844603595
	0.7517780284105097
	0.7517741552594613
	0.7517748291671427
	0.751780824220659
	0.7517846678002666
	0.7517896301906748
	0.7517889703825532
	0.751791822869507
	0.7517946583506021
	0.7517922081893224
	0.7518029178394074
	0.7518036729838731
	0.7518028178397371
	0.7518008889206762
	0.751799678208749
	0.7517948581742459
	0.7517968217192107
	0.7517980099373348
	0.7517951052268843
	0.7517994632433862
	0.7518012670120783
	0.7517993339838659
	0.751801315439509
	0.751800776447276
	0.7518016889805619
	0.7518032988146978
	0.751800607259633
	0.7517947495389832
	0.7517996675260101
	0.7517981645326078
	0.7517941869381023
	0.7517995615497722
	0.7518040855528431
	0.7518066090894586
	0.7518094584937106
	0.7518059812176415
	0.7518012800074241
	0.7518102314368684
	0.7518061682436326
	0.7518063387838462
	0.7518053484089576
	0.7518054907696379
	0.7518069325678568
	0.7518074696761743
	0.7518087460532485
	0.7518115494558333
	0.7518087273062845
	0.7518041174694662
	0.7518018197073131
	0.7518037547421199
	0.7518076713225411
	0.7518038504645586
	0.751805004373238
	0.7518052401055556
	0.7518055385385923
	0.751803924100492
	0.7518107689097019
	0.751811012989069
	0.7518094283929893
	0.7518122306580459
	0.7518117117399531
	0.7518032024309682
	0.7518068367639367
	0.7518109878764687
	0.751809682988112
	0.7518107701569865
	0.7518087812014965
	0.7518091789391819
	0.751807383953761
	0.7518061064723683
	0.751805476423408
	0.7518111589375851
	0.7518100548290022
	0.7518140783436627
	0.751816334322473
	0.7518189693985936
	0.7518226354150146
	0.7518232892231881
	0.7518191361322287
	0.7518192861262255
	0.751816472025872
	0.7518109681642815
	0.7518108466881948
	0.7518113682180951
	0.7518158223329608
	0.751813179573146
	0.7518064207415396
	0.7518089350758704
	0.7518044424073793
	0.7518010874559821
	0.751797181390638
	0.7517970415411506
	0.7517951605137502
	0.7517973593341516
	0.7517999677990979
	0.7518020791704059
	0.7518009929615456
	0.7517986323494404
	0.7517990160286295
	0.7517977090097225
	0.7517982601588599
	0.7517972505730173
	0.7518008406391179
	0.7518045474163935
	0.7518069950386335
	0.751809732235186
	0.7518058952323138
	0.7518091461971083
	0.7518100017985432
	0.7518082794988117
	0.7518110368923301
	0.7518118372938353
	0.7518135011855787
	0.7518176143379164
	0.7518197501684767
	0.7518252150594757
	0.7518283386502176
	0.7518286577437198
	0.7518358571300372
	0.7518377536815136
	0.7518378460865822
	0.7518364701069806
	0.7518352373273726
	0.75183711530505
	0.7518359668274435
	0.7518363151705256
	0.7518306118165771
	0.7518305903209426
	0.7518290731863214
	0.7518242515654847
	0.7518262873956101
	0.7518293692269906
	0.7518303596537191
	0.751830889541026
	0.7518271780490327
	0.7518222827400856
	0.751820572503595
	0.7518170191601663
	0.7518156994541949
	0.7518127690504984
	0.7518107106816865
	0.7518080505183269
	0.7518046700247626
	0.7518075829464076
	0.751803363558076
	0.7518032970875904
	0.7518075656782016
	0.7518007505823691
	0.7518028615397058
	0.7518059375803128
	0.7518042407811701
	0.7518002961733484
	0.7517974202766567
	0.7518025777939562
	0.7518068446120383
	0.7518050705721177
	0.7518072457761127
	0.7518040833911475
	0.7518034249089613
	0.751804760716498
	0.7518018790127974
	0.75180191274795
	0.7518026191946813
	0.7518030130824789
	0.7517992711942016
	0.751797142720791
	0.7517990688517261
	0.7518064814931746
	0.751808144367559
	0.7518058144794413
	0.7518123219041704
	0.7518134804604168
	0.7518148745563161
	0.7518127649461519
	0.751808000708474
	0.7518111634851228
	0.7518086227548472
	0.7518064317945787
	0.7518033556479059
	0.751802992231332
	0.751802983531294
	0.7518070528136336
	0.7518054076416044
	0.7518060709180605
	0.751807071673969
	0.7518035224157139
	0.7518003010718832
	0.7517991958181794
	0.7518016434376334
	0.7518061456901876
	0.7518089752646403
	0.7518094590783976
	0.7518110156491783
	0.7518144422193784
	0.75181095533417
	0.7518106399900388
	0.7518055061746165
	0.7518084189582893
	0.7518023116795427
	0.7518036096159593
	0.7518017695171111
	0.7518019746227791
	0.7517979065508124
	0.751794706153042
	0.7517982829159396
	0.7517964526179309
	0.7518016617973637
	0.751802730712206
	0.7518046831427876
	0.7518022449757479
	0.7518018899004489
	0.7518015806920042
	0.7518033942914981
	0.7518040920064223
	0.7518086209078763
	0.7518117885687147
	0.7518121983889091
	0.7518191412193074
	0.7518184512020786
	0.7518231564670593
	0.7518221863737183
	0.7518163167043338
	0.751816566284804
	0.7518164078721795
	0.7518187213867762
	0.7518243428710676
	0.7518241426690238
	0.7518245731899917
	0.751822998161293
	0.7518296633072103
	0.751830770756748
	0.7518343395065759
	0.751831963610258
	0.7518339490201857
	0.7518345943528116
	0.7518287188017234
	0.7518330101789557
	0.7518347680596453
	0.7518356007162729
	0.7518359457018317
	0.7518358210593242
	0.7518445479425293
	0.7518413200973166
	0.7518382650499724
	0.7518381405387988
	0.7518377195271729
	0.7518361986907826
	0.7518323679714085
	0.7518355024549438
	0.7518356835344019
	0.7518328619797794
	0.7518335721389243
	0.7518309086322302
	0.7518287183732056
	0.7518269154167087
	0.7518229856885995
	0.751824819528057
	0.7518236482648758
	0.7518251087647916
	0.7518231009177394
	0.7518269093722901
	0.7518317053910709
	0.7518347437759996
	0.7518359063065687
	0.7518358632604796
	0.751834602008042
	0.7518349602718278
	0.7518359227932313
	0.7518348091905404
	0.7518358436448485
	0.7518306946195487
	0.7518302383125777
	0.751830569929725
	0.7518335869680043
	0.7518369715510177
	0.7518373441362713
	0.7518375157470912
	0.7518369847179707
	0.7518315646956142
	0.7518355505389196
	0.7518376976221511
	0.7518397914368367
	0.7518395867589484
	0.7518410178844483
	0.751839544309787
	0.7518397034654966
	0.7518420439109466
	0.751841392588
	0.7518368730681313
	0.7518397877827627
	0.7518388150225533
	0.7518435542609214
	0.7518442620940406
	0.7518428622133897
	0.751844891412693
	0.7518419353751401
	0.7518374215279847
	0.751840846494325
	0.7518405385594893
	0.7518450112420482
	0.7518481217664104
	0.751846044023375
	0.7518473638858536
	0.7518500456371953
	0.7518506939468778
	0.7518471728975585
	0.7518479908622157
	0.7518448523296111
	0.751841253923597
	0.7518439035378485
	0.7518434993293603
	0.7518417310932092
	0.7518363774109403
	0.7518378402992403
	0.7518411738621295
	0.7518408204140535
	0.7518400020943651
	0.7518411163116763
	0.751834401010855
	0.7518315450049766
	0.7518347490357551
	0.75183228770759
	0.75183541167543
	0.7518327793967574
	0.7518356063944645
	0.7518350334717977
	0.7518336131164518
	0.7518358619121008
	0.7518345063106532
	0.7518337052346542
	0.7518341450279734
	0.7518309622327662
	0.7518281346622372
	0.7518316438672523
	0.7518315474045265
	0.7518316002497407
	0.7518332609671096
	0.7518345718203407
	0.7518339536264239
	0.751837056629517
	0.7518333801307824
	0.7518370821999858
	0.7518392567717699
	0.7518414126902236
	0.7518414703777605
	0.7518390626193342
	0.7518389016378476
	0.7518370792313703
	0.7518355281182575
	0.7518339603869477
	0.751833330637473
	0.7518348184521206
	0.7518333649156619
	0.7518363418566688
	0.751838363024097
	0.7518397671054203
	0.751843265893123
	0.7518387629930401
	0.7518396686682726
	0.7518380787779113
	0.7518356843161748
	0.7518359593871157
	0.7518418901596686
	0.7518410283819505
	0.7518397527515168
	0.7518402760819238
	0.7518381944163833
	0.7518397157134215
	0.7518359297602232
	0.7518349907118805
	0.7518319619836861
	0.7518355854428068
	0.7518350437590606
	0.751836760371724
	0.7518360789785319
	0.7518386129337457
	0.7518409700041585
	0.7518456186325233
	0.7518467722251228
	0.7518459528016912
	0.7518444706724772
	0.7518397242923914
	0.7518430885137471
	0.7518445875168919
	0.7518472332414752
	0.7518513015354956
	0.7518505825013895
	0.7518474115247501
	0.7518459950808362
	0.7518452769358333
	0.7518530507450485
	0.7518527147464282
	0.7518514179514354
	0.7518501042676976
	0.751856057582881
	0.7518530819348972
	0.751855106320282
	0.7518557592974479
	0.7518591622305223
	0.7518576834855052
	0.7518566193337302
	0.7518621440460876
	0.7518628293064847
	0.7518574443982254
	0.7518586783304353
	0.7518611556107414
	0.7518664146866738
	0.7518662872030769
	0.751868146459441
	0.7518729214460796
	0.7518718645429713
	0.7518752381422723
	0.7518719258554379
	0.7518683001621
	0.7518708587733322
	0.7518713740117704
	0.7518708692319875
	0.7518738009666684
	0.7518732139067241
	0.7518737024818418
	0.7518689352299757
	0.7518766796813081
	0.7518759316383269
	0.7518741895977566
	0.7518750495571459
	0.7518762808812527
	0.7518736704213389
	0.7518701737842257
	0.7518704090008151
	0.7518683871693329
	0.751873074393668
	0.7518735667643108
	0.7518693591636889
	0.7518692150631058
	0.7518656396052994
	0.7518600303886699
	0.7518642319532979
	0.751862366633054
	0.751860945789161
	0.7518619124172318
	0.7518566656557143
	0.7518536589481472
	0.7518554802720342
	0.7518552860292432
	0.7518616233168325
	0.7518631634276519
	0.7518603706884782
	0.7518556064062485
	0.7518549810583924
	0.7518515163791165
	0.7518476718594616
	0.751850166342087
	0.7518487917026496
	0.751848147184893
	0.7518437620757684
	0.7518416219918067
	0.7518410665675495
	0.7518410203057798
	0.7518453261410207
	0.7518430536252336
	0.7518395575453567
	0.751833593683659
	0.7518329991051668
	0.7518339263973799
	0.7518363535618938
	0.7518404683382682
	0.7518409990732591
	0.7518382869298548
	0.7518391835862263
	0.7518373127784261
	0.7518321845175474
	0.7518292061163563
	0.7518312974769048
	0.7518311196159005
	0.7518289275702333
	0.7518239198843042
	0.7518222779185045
	0.7518190864433673
	0.7518194858526065
	0.7518209667298896
	0.7518229676995865
	0.7518271485431004
	0.7518227203812022
	0.7518249247744703
	0.7518254509150941
	0.7518298589445477
	0.7518304458759562
	0.7518274196182543
	0.7518256884972669
	0.7518227522559151
	0.7518244679602972
	0.7518239880231681
	0.7518189001277945
	0.7518203991924145
	0.7518248891406478
	0.7518266596371566
	0.7518277823898575
	0.7518315839424089
	0.7518324324182883
	0.7518297302678761
	0.7518302862347018
	0.7518311268246066
	0.7518266087867417
	0.7518239580225041
	0.7518259579315137
	0.7518273316826447
	0.751822302659693
	0.7518217411526115
	0.7518227584565589
	0.7518264683453952
	0.7518304074897996
	0.751834934734869
	0.7518319811418345
	0.7518330486348309
	0.7518358040657521
	0.7518308311660209
	0.7518299743061615
	0.7518289497235959
	0.751826682241207
	0.7518300610835305
	0.7518292001483743
	0.7518329715702862
	0.7518339079859871
	0.7518358981991805
	0.7518356460587132
	0.7518353180498717
	0.7518344482526061
	0.7518282582833314
	0.75182877477046
	0.7518306742080585
	0.7518320631101688
	0.7518334617747295
	0.7518341574696759
	0.7518258212027715
	0.751829977656835
	0.7518310841636633
	0.7518292965314244
	0.7518312077303132
	0.7518316411473894
	0.7518336145419376
	0.7518404896702305
	0.7518417686458345
	0.7518411609292254
	0.7518404109264594
	0.7518378421117423
	0.7518393279031348
	0.7518318261787943
	0.7518328289239454
	0.7518288017972331
	0.7518269718340186
	0.7518210817757736
	0.7518204479312984
	0.751816045011062
	0.7518162365327994
	0.751818568923755
	0.7518202732007889
	0.7518239297731576
	0.7518196556322363
	0.7518209345237518
	0.7518200728490166
	0.7518222725163113
	0.7518250645157143
	0.7518254025642921
	0.751823179755729
	0.7518218362685388
	0.7518225494279377
	0.751823098256019
	0.7518192668564821
	0.7518180092646014
	0.7518175569351814
	0.7518202104748403
	0.75181602325299
	0.7518204074893112
	0.751824022669262
	0.7518238161969764
	0.7518244441336392
	0.7518294376646785
	0.7518336930913189
	0.7518287210861194
	0.7518337665574985
	0.7518351082694668
	0.7518333379092397
	0.7518342189375083
	0.7518330064222596
	0.7518328881595859
	0.7518347917747427
	0.7518384059660408
	0.7518355262476646
	0.7518399168518423
	0.7518354462317423
	0.7518343395601913
	0.7518353612310501
	0.7518331417243852
	0.7518326565932962
	0.751832497026899
	0.7518291098635362
	0.7518241380372748
	0.7518246276012838
	0.7518302127000556
	0.7518313572606592
	0.7518354222175544
	0.751837446021082
	0.7518379666550862
	0.751838053467615
	0.7518351291090059
	0.7518352125589711
	0.7518347143953457
	0.7518358198459385
	0.7518360013165261
	0.7518382395571591
	0.7518384573923148
	0.7518379318213934
	0.7518399618850332
	0.7518379531492269
	0.75183529780233
	0.7518363344649072
	0.7518419312456903
	0.751847220764144
	0.75184307117931
	0.7518436351271724
	0.7518441226846515
	0.7518464591130007
	0.7518507971189937
	0.7518521730586184
	0.7518546585806973
	0.7518547590053437
	0.7518535975481615
	0.7518522170186656
	0.7518554686582578
	0.7518572763700438
	0.7518576008108686
	0.7518560513426633
	0.7518556562295216
	0.7518595817927086
	0.7518616276549634
	0.7518628475478202
	0.7518605006845671
	0.7518607091227455
	0.7518549320064721
	0.751853837576618
	0.7518553777684065
	0.7518510236489038
	0.7518496749484721
	0.7518433810113353
	0.7518429041304031
	0.751842183456841
	0.7518448250390312
	0.7518468644386878
	0.7518378184012898
	0.7518426806873102
	0.7518425736626333
	0.751845071427134
	0.7518472284256801
	0.7518468969185226
	0.7518504424847221
	0.7518498378069634
	0.7518563162185777
	0.7518569942117251
	0.7518573580676331
	0.7518560154805911
	0.7518616220190433
	0.7518632407129137
	0.7518614054118542
	0.7518613698339984
	0.7518592035336903
	0.7518571982454682
	0.7518575140324071
	0.751856184552309
	0.7518544047636446
	0.7518590201070875
	0.7518508467947826
	0.7518529503264084
	0.7518536987144577
	0.7518591288497996
	0.7518606745041584
	0.7518585020505274
	0.7518614059059003
	0.7518576673713062
	0.7518568809962649
	0.7518563017740706
	0.7518590610664951
	0.751852481819365
	0.7518508934516464
	0.7518458970510968
	0.7518435485214665
	0.7518421432836715
	0.7518389031961374
	0.7518365400919618
	0.7518379998661293
	0.751833673057242
	0.7518382952589957
	0.7518377366455947
	0.7518424045184032
	0.7518437120593497
	0.7518459405251745
	0.751841588117619
	0.7518424859747318
	0.751844226215196
	0.7518409198576497
	0.7518406259769861
	0.7518388417896176
	0.751836952740434
	0.7518413084710528
	0.7518396071673439
	0.751836477420675
	0.7518377524595979
	0.751844787427283
	0.7518464601156831
	0.7518510512768382
	0.7518465470212483
	0.7518454814619987
	0.7518447252812952
	0.7518489622176509
	0.7518493599050942
	0.7518514989042904
	0.7518550500564669
	0.7518550106636769
	0.7518518938951897
	0.7518529796535472
	0.751849592551483
	0.7518451587259016
	0.7518460760447389
	0.7518424758827709
	0.751839611084572
	0.7518381274167183
	0.7518432331950397
	0.7518410607000028
	0.7518432626720473
	0.751848202471078
	0.751844887094218
	0.751843314209149
	0.751837402527407
	0.7518408246586206
	0.7518402087130677
	0.7518356247713719
	0.7518341659263792
	0.7518301084250893
	0.7518330424702528
	0.751834504840663
	0.7518345838433754
	0.751837599703026
	0.7518383928372766
	0.751843496767726
	0.751841090811101
	0.7518403971579842
	0.7518389821744483
	0.7518400491331789
	0.7518441245800623
	0.7518468434736854
	0.7518527053143942
	0.7518510238098587
	0.7518513018274953
	0.7518507278937746
	0.7518541448156362
	0.7518509708366793
	0.7518498115700346
	0.7518527519071005
	0.751853729801636
	0.7518516658956819
	0.7518542747347116
	0.7518506954243942
	0.7518491142620609
	0.7518518732153597
	0.7518523760887317
	0.7518471668153904
	0.7518458284592437
	0.7518468954907078
	0.751841190938785
	0.7518417344064112
	0.751845341929898
	0.7518470031277924
	0.7518407576577357
	0.7518441952549398
	0.751846031255488
	0.7518441582481544
	0.7518479838065473
	0.7518527883684055
	0.7518530502390652
	0.7518499350129402
	0.7518531128306043
	0.7518495933759498
	0.7518540784034117
	0.7518551346449573
	0.7518560635042765
	0.7518524407161126
	0.7518501714481123
	0.7518516529459328
	0.7518493384954945
	0.7518485269732613
	0.7518563665171369
	0.7518580389430071
	0.751862967941126
	0.7518603901175123
	0.7518586143542361
	0.7518596458404357
	0.7518606658177176
	0.7518577294488992
	0.7518549536554539
	0.7518551540182852
	0.7518566182086368
	0.7518582007166879
	0.7518576688979626
	0.7518516582356461
	0.7518590549866876
	0.7518587909629058
	0.7518601836789602
	0.7518581174121428
	0.7518576566718956
	0.7518564045239945
	0.7518543212816291
	0.751856705871654
	0.7518613930425235
	0.751863784642602
	0.751861853262511
	0.7518679140781235
	0.7518684421134337
	0.7518690689273401
	0.7518649725708445
	0.751860367020563
	0.751855525979624
	0.7518604105973983
	0.7518607759718394
	0.7518594314589382
	0.7518573024040582
	0.7518603472827653
	0.7518635910362325
	0.7518663240123278
	0.751862415073027
	0.7518574662406862
	0.751855846587685
	0.7518553837067992
	0.7518566376595348
	0.7518600365823972
	0.7518590123747341
	0.7518623172178823
	0.7518587293684803
	0.7518554592252286
	0.7518545324852473
	0.7518548064752058
	0.751853730347313
	0.7518491977130797
	0.7518504925903007
	0.751851872124866
	0.7518563191272476
	0.7518580524656251
	0.7518538182680091
	0.7518547720041521
	0.7518531934023359
	0.751855750905118
	0.751856409056031
	0.751858795584049
	0.7518555722506736
	0.75186045599577
	0.7518609904627656
	0.7518606719000739
	0.7518598516965099
	0.7518573565594676
	0.7518613320557774
	0.7518612776589256
	0.7518587700695047
	0.7518607036808609
	0.7518550136206651
	0.7518564299179742
	0.7518562431483765
	0.7518558185452189
	0.751849469490095
	0.7518470333409539
	0.7518503335099865
	0.7518489092404543
	0.7518497955327164
	0.7518502269868412
	0.7518491530325087
	0.7518492876754085
	0.751851092167889
	0.7518523580361861
	0.7518498309857455
	0.7518448303125111
	0.7518433764765873
	0.7518432210163384
	0.7518442522472268
	0.7518524432343212
	0.7518516728084127
	0.75184789313474
	0.7518429998629195
	0.7518431956280279
	0.7518444335637751
	0.7518428800028497
	0.7518447458300133
	0.7518416267458149
	0.7518437755738532
	0.7518439670431992
	0.7518479445883527
	0.7518524661165575
	0.7518546421199057
	0.7518538355686806
	0.7518473196343138
	0.7518473472526711
	0.7518469119591794
	0.7518474334417375
	0.751848795483995
	0.7518473619418762
	0.7518421369342496
	0.7518420593126757
	0.7518384728512162
	0.7518345859558271
	0.751834174412594
	0.7518371199315435
	0.7518351228185983
	0.751838230697239
	0.7518345699770558
	0.7518344438066219
	0.7518335660469128
	0.7518327460727777
	0.7518322365073675
	0.7518313816571733
	0.7518271232438424
	0.7518270688036592
	0.7518262941467796
	0.7518211571137546
	0.7518193125374787
	0.7518188640037315
	0.7518185114468411
	0.7518201163707948
	0.7518213187071939
	0.7518216101882934
	0.7518219173430929
	0.7518243160309882
	0.7518315138674735
	0.7518333073799768
	0.7518366543531028
	0.7518346692889488
	0.7518362009433883
	0.7518382698358362
	0.7518407270865709
	0.7518392973544064
	0.7518351422674215
	0.7518360101519039
	0.7518354473651162
	0.7518358765045122
	0.751838934723382
	0.7518380426010329
	0.7518361168417842
	0.7518366459647389
	0.7518323271446414
	0.7518338982120982
	0.7518334120572647
	0.7518382545857255
	0.7518399716488792
	0.7518391277298523
	0.7518411849426091
	0.7518467522322463
	0.7518499413335228
	0.7518490471391434
	0.7518518026402703
	0.7518470803647086
	0.7518486897588919
	0.7518516425409544
	0.7518493285099508
	0.7518484090929807
	0.7518483256919102
	0.7518473581142062
	0.751847347533707
	0.7518440793544344
	0.7518388544693195
	0.7518338053609684
	0.7518319871089268
	0.7518375586147625
	0.7518407829348096
	0.7518427462909798
	0.7518425198039946
	0.7518396559670757
	0.751839297342364
	0.7518387891855999
	0.7518356876305443
	0.7518345869539769
	0.7518311715300071
	0.7518313653635088
	0.7518310287286175
	0.7518343075065581
	0.7518318276617337
	0.7518286440779466
	0.7518295760355832
	0.7518255529066536
	0.751824771420631
	0.7518274475086709
	0.7518298894697142
	0.7518328873957087
	0.7518338009791332
	0.7518366189199835
	0.7518326849571698
	0.7518358225931394
	0.7518382815989126
	0.7518397758195879
	0.7518405398139555
	0.7518389413756744
	0.7518412007993998
	0.7518427804001542
	0.7518407745856651
	0.7518391082027915
	0.7518408027003683
	0.7518423457044773
	0.7518416960633088
	0.751840486520813
	0.7518417677729536
	0.7518443636538454
	0.7518440536940788
	0.7518437387227387
	0.751846138822276
	0.7518432457234776
	0.751845641763123
	0.7518434171596854
	0.7518420938489989
	0.7518374163898606
	0.7518407142280598
	0.7518425734779948
	0.7518444821718014
	0.7518445277107514
	0.7518452854934724
	0.7518458258363837
	0.7518471811821789
	0.7518426268391044
	0.7518403181940124
	0.7518428721593525
	0.7518429377221538
	0.7518449331679887
	0.7518418128967802
	0.7518423526327516
	0.7518449432393188
	0.7518427728978632
	0.7518416292629239
	0.751836758852525
	0.7518367279927256
	0.7518376064862105
	0.7518370008092481
	0.7518363626541985
	0.7518378021303442
	0.7518398998436422
	0.7518397153544626
	0.7518400457672876
	0.751843567505595
	0.7518420395887595
	0.7518363733629166
	0.7518349138847686
	0.7518400231254279
	0.7518355090120425
	0.7518413346850664
	0.7518400695769891
	0.7518370751755225
	0.7518362276438116
	0.7518377347680048
	0.751843148070364
	0.7518432748414161
	0.7518465663629107
	0.7518459345344233
	0.7518449643513387
	0.7518502559328908
	0.751851665116922
	0.7518507363090202
	0.7518472722377094
	0.7518477168370356
	0.7518499785996067
	0.7518500065572924
	0.7518490087561126
	0.7518478810884669
	0.7518449230563569
	0.7518405412461141
	0.7518384968754971
	0.751840039738473
	0.7518453004969586
	0.7518429354257956
	0.751843588733577
	0.7518427262341176
	0.7518429414971943
	0.75184420109728
	0.7518422817320058
	0.7518425739265048
	0.7518418812255587
	0.7518389269941708
	0.7518354766065944
	0.7518375481965
	0.7518420875031661
	0.751844814282872
	0.7518441435934394
	0.7518453485029699
	0.7518491601077336
	0.7518499868628911
	0.7518478346355622
	0.7518450554435
	0.7518511916153118
	0.7518512549417459
	0.7518558145555403
	0.7518557517414505
	0.7518555555068351
	0.7518527959835944
	0.7518574297391801
	0.7518571114276632
	0.7518546142518473
	0.7518516792681245
	0.751854384527517
	0.7518559130830719
	0.751856224162001
	0.7518549458502829
	0.7518514422340886
	0.7518438252597951
	0.7518463434475281
	0.7518459323511975
	0.751845735894846
	0.7518477044226926
	0.7518499178823531
	0.751845485676383
	0.7518420255870714
	0.7518469537963967
	0.7518468903725247
	0.7518510629608502
	0.7518479095249403
	0.7518472239635756
	0.7518466056298502
	0.7518421409947641
	0.7518391780759631
	0.7518357984073817
	0.7518374169368292
	0.7518358787446563
	0.7518291178301338
	0.7518330559067863
	0.7518389658577576
	0.7518351765392937
	0.751834873296967
	0.7518326722275988
	0.7518352269595135
	0.7518406304582751
	0.75183896416567
	0.751837239430995
	0.7518349163126818
	0.7518310243992571
	0.7518266642950981
	0.7518231877423539
	0.7518205427457234
	0.7518228940963131
	0.7518253138375126
	0.7518273816082824
	0.7518239896396095
	0.7518204107011115
	0.7518188481760253
	0.7518129620678187
	0.7518126620443905
	0.7518135229648645
	0.7518164074144245
	0.7518193817135179
	0.7518185671878475
	0.7518178755211375
	0.7518159382807317
	0.7518192616034457
	0.7518233962526788
	0.7518239193888677
	0.7518219015749016
	0.7518208392655175
	0.7518217247973431
	0.751818402068456
	0.7518167318031165
	0.7518174940809934
	0.7518169337105297
	0.7518157848262718
	0.7518153828205724
	0.751817471821508
	0.751817201720108
	0.7518167805849925
	0.7518185241817394
	0.7518177242639436
	0.7518165883398761
	0.7518214047885434
	0.7518216653886887
	0.7518237455464831
	0.7518295525956376
	0.7518284718240548
	0.7518364974286378
	0.7518363631996062
	0.7518321480106485
	0.7518306390612995
	0.7518361078964808
	0.7518390299992119
	0.7518346511994803
	0.7518420380773841
	0.7518435679841948
	0.7518445845259093
	0.7518457230069602
	0.7518442460192244
	0.7518414132738054
	0.7518412042379022
	0.7518438832196046
	0.7518457168005361
	0.7518515078287217
	0.751855028329426
	0.7518607486372635
	0.7518574748497552
	0.751855543919223
	0.7518555084444527
	0.7518525070309462
	0.7518494304328703
	0.751846874833665
	0.7518458406311624
	0.7518455817145574
	0.7518419308482333
	0.7518394682489017
	0.7518394399018112
	0.7518381941919299
	0.7518387630132259
	0.7518400081219575
	0.7518433405109691
	0.7518517394366709
	0.751855132629168
	0.7518506700281226
	0.7518537084361364
	0.7518548304829051
	0.7518588892873858
	0.75186479709064
	0.7518661816647387
	0.7518656568822811
	0.751865558697742
	0.7518650313371693
	0.7518691621526141
	0.7518684548995507
	0.7518652788474219
	0.7518629728193292
	0.751861532576837
	0.751862291111608
	0.7518631132185513
	0.751861999336138
	0.7518594633019424
	0.7518567276426833
	0.7518589869021763
	0.7518616898009276
	0.7518598382384701
	0.7518628169636122
	0.7518606839859439
	0.7518606316677081
	0.7518615239227985
	0.7518642412681746
	0.7518647640595306
	0.7518630417087293
	0.7518581161866696
	0.751859803217447
	0.7518612722957818
	0.7518607037055047
	0.7518625595681464
	0.751862890694686
	0.7518646617223826
	0.7518610648097023
	0.7518644696258584
	0.7518644807074942
	0.7518598864899582
	0.7518642829822029
	0.7518604817652204
	0.7518560227474544
	0.751856674489904
	0.7518569328750715
	0.7518567106974033
	0.7518542803900504
	0.7518532391066463
	0.7518521162308851
	0.7518478802585384
	0.7518532841102242
	0.7518502877800861
	0.7518499686354452
	0.7518495028840979
	0.7518475241056539
	0.7518445059092972
	0.7518472243685576
	0.7518471276991097
	0.7518377425651178
	0.7518381481486307
	0.7518435380967199
	0.7518416934727243
	0.7518427479139245
	0.7518411465109902
	0.7518431240031308
	0.7518384173002546
	0.7518384313664102
	0.7518415042153923
	0.7518431340347879
	0.751842012307036
	0.7518382168242267
	0.7518408392121637
	0.7518433042602605
	0.7518430768175378
	0.7518398634777066
	0.7518415939834356
	0.7518462665674592
	0.7518413008197181
	0.7518465248297541
	0.7518433358852948
	0.7518426012882193
	0.7518436459054957
	0.7518438841136273
	0.7518472013760453
	0.7518477231027686
	0.7518504197801624
	0.7518510580338283
	0.7518508990217132
	0.7518556572772513
	0.7518588705255485
	0.7518609580834895
	0.7518622728588655
	0.7518666703445585
	0.751868373685946
	0.7518712300494274
	0.7518733688025643
	0.7518729583731263
	0.7518730066584884
	0.7518719487050106
	0.7518690810787347
	0.7518712136043809
	0.7518666866544953
	0.7518676102903328
	0.7518707945385471
	0.7518705570161697
	0.7518673232343864
	0.751863650824333
	0.751862709941104
	0.7518651193489112
	0.7518657607612143
	0.7518688625702691
	0.7518714292400667
	0.7518680699292928
	0.751867913484391
	0.7518681805950421
	0.7518663968158555
	0.7518637520156115
	0.7518604086342261
	0.7518586951727538
	0.7518583963210399
	0.7518562531838537
	0.7518557966727044
	0.751855979028801
	0.751854724028764
	0.7518571228279309
	0.7518575779859988
	0.7518580596048664
	0.7518590850362016
	0.751858851169073
	0.7518654363116866
	0.7518655675990746
	0.7518691645857388
	0.7518700890633547
	0.7518713210162206
	0.7518651337658379
	0.7518629799746694
	0.7518600378843027
	0.751854800448852
	0.7518536485851437
	0.7518489086247215
	0.7518502545462518
	0.7518468717655344
	0.7518467942538951
	0.751843725793071
	0.7518408341319758
	0.7518455371611569
	0.7518413683306294
	0.7518431799144141
	0.7518377311114595
	0.751837541078681
	0.7518351705455272
	0.7518391769402202
	0.7518419731508282
	0.7518402528192052
	0.751843313525939
]