[
	1.0998362010339966
	1.099909398866469
	1.0999798954450226
	1.1000483147387752
	1.100113194548367
	1.1001799311000526
	1.1002437488673205
	1.1003035916402273
	1.1003663009452929
	1.1004197837563003
	1.1004770208668084
	1.1005376049410887
	1.1005845111573913
	1.1006331092637789
	1.1006741984167516
	1.1007142958748557
	1.1007557347042514
	1.100798511594285
	1.1008347588177705
	1.1008754462858552
	1.100900979938786
	1.100929827908449
	1.100960522597601
	1.1010060863211064
	1.1010437830504287
	1.1010843658590164
	1.1011132582671637
	1.1011392027087594
	1.1011727968274911
	1.1012121253630454
	1.1012386572933512
	1.1012652527324582
	1.101288117438762
	1.1013136409183177
	1.1013388306612397
	1.1013572690147255
	1.1013702940441303
	1.1013943959902042
	1.1014167739637046
	1.1014466546784858
	1.1014627248450326
	1.10148440994247
	1.1015011939861
	1.101507629809963
	1.1015178040984543
	1.1015275392312298
	1.1015446302392746
	1.1015652414750494
	1.1015764156553214
	1.1015880144616306
	1.1016022951713904
	1.1016082269561553
	1.1016030309517408
	1.1016185771339249
	1.1016273011124087
	1.1016342240807382
	1.1016416437483525
	1.1016457686709926
	1.1016469823290893
	1.1016446469450927
	1.1016486612459793
	1.1016451884546343
	1.1016507146636165
	1.1016553226741392
	1.1016548654607505
	1.1016573276479948
	1.101662199495737
	1.1016639470090084
	1.101669501234451
	1.1016728751313516
	1.1016774759485088
	1.1016776286389034
	1.1016761573139942
	1.101675220643731
	1.1016728271678
	1.1016798417482145
	1.1016907514316527
	1.101687929753743
	1.101692502957848
	1.1016880367359247
	1.101679361483818
	1.1016800007804792
	1.1016832867934772
	1.1016768511540413
	1.1016740666259608
	1.1016694356788106
	1.1016589582164011
	1.1016526450143622
	1.101641153634223
	1.1016300126421668
	1.1016272444421655
	1.101621736129409
	1.101619583053293
	1.1016135395789597
	1.1016108476959976
	1.101603377095895
	1.1015872955316859
	1.1015846559657436
	1.1015869021149949
	1.1015894758000992
	1.1015830113056932
	1.1015774716083238
	1.1015715157807937
	1.10156541585063
	1.101556124718159
	1.1015539319783698
	1.1015457900709922
	1.1015405876627622
	1.101532548413886
	1.101522742337907
	1.1015152586492716
	1.1015028181614903
	1.1014922668181493
	1.1014870716177712
	1.101480057407059
	1.1014752167719846
	1.1014734734641807
	1.1014662268108757
	1.1014579807479143
	1.1014479549253027
	1.1014378118265769
	1.1014345355606496
	1.1014300643910948
	1.1014241603074022
	1.1014169968637297
	1.101413119781581
	1.1014102699027712
	1.1014033753214036
	1.101398753787823
	1.1013951541001898
	1.1013859152331171
	1.1013823477174796
	1.101371490448376
	1.1013634182816565
	1.101359073113846
	1.1013505659382727
	1.1013472454252913
	1.1013369861307434
	1.1013351512253842
	1.1013328739960404
	1.1013274340638153
	1.1013208934029632
	1.1013156492717588
	1.1013118437206035
	1.1013015829611539
	1.1012916010488163
	1.1012835075861718
	1.1012754404085385
	1.1012675462459238
	1.1012590384552063
	1.1012549865602272
	1.1012444565907726
	1.1012417204642684
	1.1012386210747092
	1.1012310416976603
	1.1012263260376047
	1.1012177162895922
	1.101215093453788
	1.1012092403416822
	1.1012010645198411
	1.1011952293946268
	1.1011912875197105
	1.1011867149341088
	1.101183478530968
	1.1011805827737526
	1.1011721192267139
	1.1011657384748306
	1.10115725363878
	1.1011528256902952
	1.1011510859621385
	1.101142597336367
	1.1011375230042908
	1.1011248621959246
	1.1011108091025437
	1.101105544316436
	1.1010963509581324
	1.101087734295258
	1.1010899070414528
	1.1010855146320606
	1.101078846750889
	1.1010645164117132
	1.101057693967439
	1.1010534059320192
	1.1010474381644209
	1.1010402165603657
	1.1010296293537754
	1.1010238750859065
	1.101024952475279
	1.1010187028540679
	1.1010141320585993
	1.1010089383305224
	1.101002655890921
	1.1010007925773118
	1.1009941088897848
	1.100985612452081
	1.1009793728035981
	1.1009729974749105
	1.100970275104055
	1.100962298367384
	1.1009604315180257
	1.1009590989266227
	1.1009521231706036
	1.1009479148788603
	1.1009400577362698
	1.1009336648255537
	1.100927276217497
	1.100926625076314
	1.1009223963710446
	1.1009184762135058
	1.1009147997943778
	1.1009114606789834
	1.1009128580113776
	1.1009085101354137
	1.1009053510116067
	1.1009048270959942
	1.100902810403062
	1.1008945116887883
	1.1008907151891938
	1.1008869818559488
	1.1008832271179083
	1.1008792007074335
	1.1008804682541147
	1.1008806705295697
	1.1008739392862767
	1.1008711264583821
	1.1008669556583717
	1.1008608828843633
	1.1008521022554427
	1.1008519800151229
	1.1008490199683882
	1.1008425030526354
	1.100841937606373
	1.100835177329989
	1.1008330682432514
	1.1008257933543066
	1.100820410062757
	1.1008133216313232
	1.1008047212430687
	1.1008033821127945
	1.1008000939702305
	1.1007992538236884
	1.1007917160381269
	1.1007894121154917
	1.1007800721327534
	1.1007777361278255
	1.100775831204765
	1.1007738813177819
	1.1007691621423716
	1.1007686277334074
	1.1007646497634482
	1.1007661422710049
	1.1007625429174317
	1.100758682390047
	1.1007540543611496
	1.1007508113346611
	1.1007519286545457
	1.1007492777967116
	1.100745417318676
	1.1007415398309646
	1.1007391348682025
	1.1007352674032298
	1.1007296247510405
	1.1007329338041227
	1.1007313095437816
	1.1007294357153128
	1.1007295693225234
	1.100725698503883
	1.1007216501053851
	1.1007221547606083
	1.1007201087366656
	1.1007162612400103
	1.1007135570954338
	1.1007124251263996
	1.1007129996419445
	1.1007139847515086
	1.1007150359613143
	1.1007131118567348
	1.1007110681172652
	1.1007085537174746
	1.1007053730459833
	1.1007064451365132
	1.1007040094130502
	1.1007024468596862
	1.1006992710809387
	1.1006982511168
	1.1006976164164401
	1.1006960749635368
	1.1006915495533494
	1.1006847420290715
	1.1006829204377158
	1.100676614457558
	1.100672165165855
	1.1006687868537812
	1.1006649273427282
	1.1006607240379207
	1.1006572170378743
	1.1006570058810068
	1.1006560028986017
	1.1006528830162676
	1.1006501099162862
	1.1006490197315755
	1.1006506066380441
	1.100652376188798
	1.100650214834127
	1.1006487778586937
	1.1006484231385538
	1.100643616350109
	1.1006401167719468
	1.1006398538415747
	1.1006394490608657
	1.1006383709241967
	1.1006362318056147
	1.1006346563147604
	1.1006315433325575
	1.1006267634465507
	1.1006266312431412
	1.1006243569278624
	1.100625965635551
	1.1006248062302473
	1.1006238742213748
	1.1006253590331287
	1.1006272413323936
	1.1006272010323292
	1.1006233534690861
	1.1006208136451425
	1.100621231711313
	1.1006174889260936
	1.100617513314701
	1.1006153612078606
	1.100611443873879
	1.100609832771645
	1.1006092494493138
	1.10060673432844
	1.1006080220723058
	1.1006080742256308
	1.1006134751718155
	1.1006122504458626
	1.1006118611907996
	1.1006136359951288
	1.1006152989798792
	1.10061443516319
	1.1006117475049209
	1.1006099986824103
	1.1006066664230005
	1.1006061879482905
	1.1006046439539252
	1.1006054802019452
	1.1006098301423124
	1.1006071310732537
	1.1006024591491022
	1.1005999390403336
	1.1006023917337302
	1.1005999143525502
	1.1005965248178509
	1.1005955018627007
	1.1005958116961576
	1.1005907907219825
	1.1005903409525541
	1.1005894901206723
	1.1005901737952861
	1.10058891262888
	1.1005853804035153
	1.1005831923449052
	1.1005797073235357
	1.1005769213158632
	1.1005778027993272
	1.1005749133002203
	1.1005748880614532
	1.1005773030002057
	1.1005730507197193
	1.1005753442573
	1.10057512878837
	1.10057295613357
	1.100574451250485
	1.1005750447462848
	1.1005754665541125
	1.1005766729364659
	1.100579372483351
	1.1005783332546477
	1.1005776722745202
	1.1005735280325428
	1.1005762171930762
	1.1005786090712977
	1.100577966496196
	1.1005810804807687
	1.1005763703183618
	1.1005797233461874
	1.1005777867535824
	1.1005781572836955
	1.1005780415271578
	1.1005772150675266
	1.1005773324074215
	1.1005763126496986
	1.100574103442642
	1.10056771113623
	1.1005630038560565
	1.1005676530098127
	1.1005649872830483
	1.1005654561703893
	1.100564722240368
	1.100564544479488
	1.1005640048915197
	1.1005650143654482
	1.1005669482176286
	1.1005612360935453
	1.1005625069360085
	1.1005629056258774
	1.100558735725603
	1.1005583210718595
	1.1005597997946144
	1.1005589036191539
	1.1005596814748435
	1.1005588917451514
	1.1005586154046207
	1.100563103727948
	1.100564796305136
	1.1005641659537286
	1.1005614822322818
	1.1005605198710733
	1.1005599932434769
	1.1005617930548912
	1.100559681073683
	1.1005628381692445
	1.1005651408148869
	1.1005682972217767
	1.1005699445623291
	1.1005676954983346
	1.100567220470224
	1.1005668178576034
	1.100566540212617
	1.1005689821358082
	1.1005653750035227
	1.1005645657647118
	1.100569638349935
	1.1005717051318404
	1.1005762528701526
	1.1005755019812742
	1.1005753361125599
	1.1005766591423456
	1.100575622648547
	1.1005738903198905
	1.1005775596415008
	1.1005782378639466
	1.100579479850792
	1.100578393005794
	1.1005799879639349
	1.1005822150656095
	1.1005836920775744
	1.1005860757679642
	1.1005890134425622
	1.1005901393211228
	1.1005903844843885
	1.1005888044787844
	1.1005945012463383
	1.100596695134873
	1.100599783472514
	1.1005981191426708
	1.100596470220843
	1.1005958389564978
	1.100592046495771
	1.1005897095078787
	1.1005919625091716
	1.100588536836678
	1.100586827965451
	1.10058682240591
	1.1005902132484293
	1.1005934805836461
	1.1005939974087775
	1.1005935067365002
	1.1005940059198098
	1.1005929880498413
	1.100589986932904
	1.1005910619325212
	1.1005941392534628
	1.1005946076039679
	1.1005974700467327
	1.1005965763685066
	1.1005980477083164
	1.1005983826323715
	1.100596672080913
	1.10059593359111
	1.1005961396226551
	1.1005971375969854
	1.100604865263347
	1.1006065085467276
	1.1006041088281409
	1.1006065314369273
	1.1006059658215004
	1.100602257366512
	1.100601062020281
	1.1006007169553267
	1.1005989675037349
	1.1005989014525528
	1.1005962657556185
	1.1005980708886545
	1.1005977049483058
	1.1006002149454959
	1.1006026962850235
	1.1006007681546215
	1.1006014834084834
	1.100598692620858
	1.1006032186895387
	1.1006034395064919
	1.1006023361437984
	1.1006006522608835
	1.1006002616702064
	1.1006058657789222
	1.1006056553074464
	1.1006102043528763
	1.1006069452574225
	1.100605100451827
	1.1006067821193821
	1.1006078209094643
	1.100608606793618
	1.1006116473786316
	1.1006105373664605
	1.1006070762044722
	1.1006061634445914
	1.1006055531567014
	1.100607374437593
	1.100606730439773
	1.1006094899239056
	1.1006071807778055
	1.100608345302524
	1.1006085310712739
	1.100609394914781
	1.100609398020477
	1.1006090593276385
	1.1006086156837491
	1.100601322928629
	1.1006050097067088
	1.1006070451805152
	1.1006103080235734
	1.1006063874663043
	1.100604297522824
	1.1006097087526205
	1.1006169052262973
	1.1006197939212221
	1.1006204897906888
	1.1006137782966114
	1.1006155154745947
	1.1006211263777395
	1.1006232315912376
	1.1006231409868494
	1.1006241022833185
	1.1006268812801743
	1.1006270678025432
	1.1006307638877069
	1.100632900151418
	1.10063221018671
	1.1006356469909668
	1.1006357235362323
	1.10063845647208
	1.1006358977274115
	1.1006412380825465
	1.1006470752325772
	1.1006485147397518
	1.1006455266635713
	1.100643626443527
	1.100643011279006
	1.1006470329805624
	1.1006442562765888
	1.1006471081308689
	1.1006467387534544
	1.1006453085564307
	1.1006436302225162
	1.1006473546195352
	1.100650209036168
	1.100652858663014
	1.100651480503437
	1.1006509873064811
	1.1006523341261472
	1.1006517477797033
	1.1006533377144665
	1.1006522916343273
	1.1006534469973615
	1.1006524991094575
	1.1006560966901717
	1.1006578521041923
	1.100654073658225
	1.1006548700728769
	1.1006577668566344
	1.1006586265100324
	1.1006628986405447
	1.1006635987441313
	1.1006648987067607
	1.1006615541220544
	1.1006634534641442
	1.100666745018924
	1.1006626324275905
	1.1006651738783881
	1.10066665024092
	1.1006617575356825
	1.1006604676580198
	1.1006588496483733
	1.1006589043626573
	1.1006554218034907
	1.100653436592923
	1.1006533013385835
	1.1006546165587108
	1.1006554680957574
	1.1006574202589328
	1.1006582549435153
	1.1006637521875091
	1.1006618868201898
	1.10065844205037
	1.1006616372642792
	1.1006656371001065
	1.100665234169477
	1.1006628569153376
	1.1006585935598918
	1.100658735767012
	1.100666356812626
	1.1006654837049346
	1.1006657971069225
	1.100664954437929
	1.10066808783741
	1.1006697160976007
	1.1006720784347763
	1.1006735037587727
	1.1006716872712696
	1.1006715430897789
	1.1006703785315388
	1.100673841868612
	1.1006764008416983
	1.1006777585508356
	1.1006738136696088
	1.100672890048197
	1.100674210949933
	1.1006744837656544
	1.100677765895445
	1.1006758310068978
	1.1006743418323064
	1.10067260330054
	1.1006708526265323
	1.1006683873811391
	1.1006645187065742
	1.1006666679053445
	1.1006675923585756
	1.100670443571301
	1.1006738498354227
	1.1006715228982953
	1.1006720091625801
	1.1006729884511313
	1.1006728219644448
	1.100678358828265
	1.1006767764161238
	1.1006757602618165
	1.1006730552682493
	1.1006719555117657
	1.1006704535475038
	1.1006716958716682
	1.1006717038177594
	1.1006701533695658
	1.1006713481026924
	1.100668097743586
	1.1006670895272355
	1.1006671896167253
	1.1006674024640215
	1.1006686476407437
	1.100666814260531
	1.1006693496915827
	1.1006669582883124
	1.1006653509541053
	1.1006646581300639
	1.1006598476631488
	1.1006607539625022
	1.1006626623701659
	1.1006637318170063
	1.100667778977124
	1.1006652445239267
	1.1006614667617318
	1.1006664409805915
	1.1006643272876095
	1.1006658199608899
	1.1006626151256944
	1.1006614015498632
	1.1006621545215145
	1.1006599500689815
	1.1006610119264293
	1.100664244651403
	1.10066442624336
	1.1006630767486134
	1.1006605105011131
	1.100663169926364
	1.1006654740553328
	1.1006654662475552
	1.1006648582923877
	1.1006639166342773
	1.1006648957931682
	1.1006644740813225
	1.1006668429871682
	1.100666808184504
	1.10066246217066
	1.1006592777246296
	1.1006606934635919
	1.100653541651515
	1.10065809659114
	1.1006601997596919
	1.100658547771228
	1.100659523543401
	1.1006603041474183
	1.1006621241220385
	1.1006605086108336
	1.100659489906249
	1.100659240779554
	1.100660897614288
	1.1006602241751369
	1.1006645013982612
	1.100664698826717
	1.1006649483378708
	1.1006694500619711
	1.1006702866627294
	1.1006688650718912
	1.1006684423026092
	1.1006684345034914
	1.100666374271461
	1.10066565895805
	1.1006649034475395
	1.1006679957369707
	1.1006653543256737
	1.100660616132148
	1.100662508922053
	1.1006588295937645
	1.10065630827382
	1.1006513973470995
	1.1006497612462545
	1.1006471823025887
	1.1006477801108976
	1.1006482189017148
	1.1006498091571568
	1.1006498547191264
	1.100644210092182
	1.1006439964222405
	1.1006437839477428
	1.100640475374104
	1.1006408444547842
	1.1006436092749103
	1.1006483538298824
	1.1006483403089926
	1.1006502759873205
	1.1006477757096755
	1.100652867270048
	1.1006521309089738
	1.1006535461823808
	1.1006549630136766
	1.1006596919965304
	1.1006589035756347
	1.1006625085392572
	1.1006625330772584
	1.1006643097160869
	1.1006666597803136
	1.1006678448932583
	1.1006723260899498
	1.1006724660033738
	1.1006737007435632
	1.1006709464277595
	1.100670420100766
	1.1006715648338676
	1.100674721666848
	1.1006780900210953
	1.1006745864102274
	1.100674559100421
	1.1006732064392315
	1.1006717658514549
	1.1006751733776854
	1.1006771392767503
	1.1006776504503963
	1.1006805685516967
	1.1006813773547524
	1.1006781034165785
	1.1006790409498797
	1.100676565435197
	1.1006757417565947
	1.1006732425753305
	1.1006720316636038
	1.1006732121932992
	1.1006702645604485
	1.100669193965502
	1.1006672892797187
	1.1006708544795207
	1.1006692020704312
	1.1006647272864036
	1.1006682485621893
	1.100672745351654
	1.1006717332696712
	1.100671164534337
	1.1006712248946993
	1.1006745828847024
	1.1006746645894243
	1.100674859071102
	1.1006748661481038
	1.100673155914436
	1.1006735184140024
	1.100673274616794
	1.1006726794335469
	1.1006732715120144
	1.100674461465055
	1.100672760554648
	1.1006698713672716
	1.1006681479441938
	1.1006684074756206
	1.10067075278347
	1.1006702100624144
	1.100666740779195
	1.1006682046072396
	1.100669011702918
	1.1006698857198973
	1.100667280344151
	1.1006648152769711
	1.1006671273342585
	1.1006650526885164
	1.1006615471698027
	1.100661423366672
	1.1006603403184863
	1.1006617202735098
	1.100665199639218
	1.1006633211696486
	1.100660949205774
	1.1006623725882845
	1.100663796769278
	1.1006624574758372
	1.1006584790466614
	1.1006584759692313
	1.1006623534452176
	1.1006651927353017
	1.1006667732878377
	1.1006641816801663
	1.1006672059685803
	1.1006666942470769
	1.1006643291765337
	1.1006601944978145
	1.100662440741078
	1.100660233773248
	1.1006595064403113
	1.1006622194573448
	1.1006626843467777
	1.1006618284535534
	1.1006588739357297
	1.1006627770664912
	1.100660549932271
	1.1006627699625755
	1.1006610325571435
	1.100661491037768
	1.100664415781645
	1.1006655193938242
	1.1006684786802374
	1.1006703674821179
	1.1006698228022858
	1.100673394434208
	1.1006750283257078
	1.1006720669858499
	1.100673566136573
	1.1006732611333119
	1.100675723782794
	1.100675655779752
	1.1006724709642213
	1.1006726649160297
	1.1006741399386724
	1.1006753391516686
	1.1006765218817156
	1.100675646742233
	1.100670511507765
	1.1006682457897434
	1.1006717334916727
	1.1006750999315844
	1.1006775641810067
	1.1006762030384456
	1.1006780150613478
	1.1006807101691538
	1.1006772905759634
	1.1006767254859897
	1.1006779318498496
	1.1006752705732785
	1.1006768948178787
	1.1006774437744895
	1.1006821399569822
	1.1006838951097198
	1.1006859062246301
	1.1006863618026983
	1.1006858461461724
	1.1006861169133104
	1.1006841025540843
	1.1006887216376606
	1.1006875628038617
	1.1006849586088554
	1.100688574921251
	1.1006877502819776
	1.1006874964540656
	1.1006882711447186
	1.1006893739159183
	1.1006934490759117
	1.1006948946679287
	1.1006933858740948
	1.1006927191671634
	1.1006947977880177
	1.100696213962533
	1.1006973000553646
	1.1006991255947642
	1.1006994782342594
	1.1006979400982875
	1.1006970615941034
	1.100698128401381
	1.100695465680849
	1.1006944577544737
	1.1006922272041417
	1.1006935269861167
	1.1006947894117205
	1.1006939774564806
	1.1006936129286917
	1.1006935158226108
	1.1006949918854243
	1.1006932009520487
	1.1006897489704406
	1.100694911673958
	1.1006984071647383
	1.1006982670532037
	1.1006984076128796
	1.1006966073775353
	1.1006972578205012
	1.100697317176122
	1.1006993169927544
	1.1007008069045034
	1.1006998670695554
	1.1007000068854047
	1.1007035117613495
	1.1007101590336814
	1.1007112829265773
	1.1007104475794807
	1.1007111565789207
	1.1007087275639302
	1.100707871820013
	1.1007100180556173
	1.1007094257242183
	1.10070988407367
	1.1007129665588962
	1.1007141338460416
	1.1007173195570812
	1.1007192881606485
	1.1007199875587448
	1.100718983854676
	1.1007189651304283
	1.1007175628401369
	1.1007167644449793
	1.100717985665604
	1.1007173338302187
	1.1007148108913507
	1.1007105465775615
	1.100712006669976
	1.1007149650180987
	1.100715050425042
	1.1007156850152566
	1.1007155789852883
	1.100711516425872
	1.1007104969812551
	1.1007139512780468
	1.1007119167449204
	1.1007133572647538
	1.1007105359904492
	1.1007152322210711
	1.1007134312038551
	1.100715192811759
	1.1007187280936521
	1.1007172962556298
	1.1007160432646048
	1.1007166159253394
	1.1007137763348323
	1.1007105254508214
	1.1007109540295663
	1.1007095449597575
	1.1007111482732408
	1.1007129677157412
	1.1007131677517359
	1.1007103603228756
	1.100710403837747
	1.1007087630927221
	1.1007076702865057
	1.100708566521594
	1.1007125970512657
	1.1007118680163261
	1.1007105073408656
	1.1007055060690238
	1.100701653324839
	1.1006990918051291
	1.1007012773178138
	1.1007022442971544
	1.1006999514046933
	1.1006994120314166
	1.1006991014557248
	1.100700894374964
	1.1007051240867687
	1.1007060466954044
	1.10070663466915
	1.1007018309307415
	1.1007017270475303
	1.1006998202911946
	1.1006983445992748
	1.1006991423281467
	1.1006996958692181
	1.1006979965519281
	1.1006998812835367
	1.1006960733300366
	1.1006973159785416
	1.1006980813563696
	1.1006927239746156
	1.1006892429312478
	1.1006941156827632
	1.10069489963596
	1.100692684391514
	1.1006934444708047
	1.1006959236835447
	1.100695924171791
	1.100697852590884
	1.1006992545875098
	1.1006985936018197
	1.1006968171620801
	1.1006971219250303
	1.100697667887783
	1.1006997674997843
	1.1006992247337861
	1.100703115868832
	1.1007039977981217
	1.1007017394782925
	1.1007004784090528
	1.1007011771853124
	1.1007062779363368
	1.1007055173017462
	1.1007066477691598
	1.1007054637330203
	1.100710154973963
	1.1007081886902848
	1.1007082726238682
	1.100705965028106
	1.1007082662524825
	1.1007067826535368
	1.1007048428741508
	1.1007082319217385
	1.1007071707292206
	1.1007055809060533
	1.1007036988007222
	1.1007064582239205
	1.100712586318335
	1.1007120881940937
	1.1007139412782343
	1.1007200715094472
	1.1007183684826236
	1.1007168233314004
	1.1007187088347028
	1.1007160266243605
	1.1007176799992475
	1.100715151309544
	1.1007159454349271
	1.1007151656969798
	1.1007141693521396
	1.1007146260101088
	1.100713230277489
	1.100714905895118
	1.1007146309515767
	1.1007142207752878
	1.1007164750395784
	1.100717827586786
	1.1007150881410366
	1.10071436837996
	1.1007148997289735
	1.1007150218713158
	1.1007155827815671
	1.100717063522076
	1.1007137870819175
	1.1007136247350986
	1.1007116736925215
	1.100709426470489
	1.100709752795706
	1.100708359312502
	1.100707441742052
	1.100709289618905
	1.100708320133064
	1.1007057206502215
	1.1007074780175825
	1.1007060810440006
	1.1007093458385626
	1.1007117435060434
	1.100710258033634
	1.1007073142383823
	1.1007106217747764
	1.1007062306892161
	1.1007041569108404
	1.1007041028685038
	1.1007018541283498
	1.100700322765576
	1.1006995949539942
	1.10070041502459
	1.100698388263164
	1.100697002615617
	1.1006980928285834
	1.1006979124037863
	1.1006958304600762
	1.1006925315294165
	1.1006941770696794
	1.1006928945227727
	1.1006940550983566
	1.1006944266543897
	1.100696471759397
	1.1006910336074662
	1.100691227967939
	1.1006892326238353
	1.100685203002526
	1.1006840635715605
	1.1006839471811445
	1.100684101026957
	1.1006820491285982
	1.1006810335580666
	1.1006816675139452
	1.1006800178936247
	1.100677721269309
	1.1006790385239575
	1.1006792089842539
	1.1006815072393676
	1.1006813234848294
	1.100682521684127
	1.10068406610138
	1.100688711388395
	1.1006872979257871
	1.1006844977665267
	1.1006873310510175
	1.1006851034163472
	1.100687778493634
	1.1006856721566407
	1.1006798636934525
	1.1006781367756826
	1.1006806053227411
	1.1006843165891655
	1.1006877119004765
	1.1006895840758737
	1.100689816355071
	1.1006894463928967
	1.1006894971965009
	1.100690102177497
	1.1006866391236707
	1.1006859672553695
	1.100686891966181
	1.100686555786592
	1.100685227452609
	1.1006853278092015
	1.100687442632369
	1.1006868824015488
	1.100690140389927
	1.100690597631477
	1.1006849683355684
	1.1006867779398313
	1.1006865745319734
	1.1006861505109633
	1.100688976127791
	1.1006894890275982
	1.1006855824267914
	1.1006892266737327
	1.100687034687182
	1.1006914439367181
	1.100692939270894
	1.1006951791521773
	1.1006942685403247
	1.100693254109299
	1.1006934750862623
	1.1006886937427975
	1.1006897185578859
	1.1006911071643233
	1.1006905962982156
	1.1006917390931164
	1.1006932693929292
	1.100686952667798
	1.1006891988812322
	1.100691022520003
	1.10068881533746
	1.1006895091551852
	1.1006896257280778
	1.1006902182585103
	1.1006946369357213
	1.1006957167195306
	1.1006966560187381
	1.1006975020859078
	1.1006956677301605
	1.100696443262187
	1.100693287097841
	1.1006941138729671
	1.1006911011461995
	1.1006872567963286
	1.1006821334519588
	1.1006834814644642
	1.1006819447412464
	1.1006822865988786
	1.1006842558034702
	1.1006817837691631
	1.1006800443312705
	1.1006782044129537
	1.1006790777454523
	1.1006781308266806
	1.1006768334463726
	1.1006807554503357
	1.100680940839081
	1.1006813428995461
	1.1006823012056794
	1.1006855096307142
	1.1006874820631343
	1.100684868308956
	1.1006850613955141
	1.1006857159905676
	1.1006877090169036
	1.1006852838008503
	1.10068909564611
	1.1006893146671093
	1.1006904632311694
	1.1006901650683516
	1.100696658385496
	1.1006980866489977
	1.1007012327215535
	1.1007049618906917
	1.1007049500249766
	1.1007082990814954
	1.1007073725778376
	1.1007051088150022
	1.100706538139643
	1.1007068869898724
	1.100709929448294
	1.1007078993257309
	1.100711074809545
	1.1007114539770477
	1.1007120960660086
	1.1007130776308904
	1.1007104940138293
	1.100707680474065
	1.1007063720708776
	1.1007055866966462
	1.1007002749418242
	1.1007026230409562
	1.1007071368243582
	1.1007069883917004
	1.1007062385345123
	1.1007093395061613
	1.1007096702466217
	1.100708974237846
	1.10070749280309
	1.100708336960106
	1.100708513033229
	1.1007076646308322
	1.1007067620909052
	1.1007125963884972
	1.1007098877476773
	1.100707227345406
	1.1007118386958663
	1.100709551834692
	1.1007075816401313
	1.100705580840305
	1.1007099217501095
	1.100709834052419
	1.1007059942424384
	1.100706173019817
	1.1007074814658464
	1.1007069767713635
	1.1007087043604096
	1.100708143557009
	1.1007106452642632
	1.100711252590509
	1.1007101419458964
	1.1007094180980097
	1.1007127245304804
	1.1007116616444557
	1.1007101673533417
	1.1007098769477095
	1.100711195653449
	1.1007149489620622
	1.1007169267745918
	1.1007143965165314
	1.100709035715285
	1.1007078463367856
	1.1007016567148213
	1.1007032551379987
	1.1007040881330077
	1.100700649163923
	1.1007008668028508
	1.10069658414144
	1.1006965735977623
	1.1006949868432654
	1.1006976957626826
	1.1006987892363407
	1.1006942802296553
	1.1006960436977706
	1.100696647875814
	1.1006984628501597
	1.1006987081948882
	1.1006972905259718
	1.1006991287187489
	1.1006989277424803
	1.1007044051715786
	1.100705773598383
	1.1007047499225537
	1.1007058669282175
	1.1007082996054764
	1.1007071823210153
	1.1007058667474556
	1.100706211202541
	1.1007028965296646
	1.1007042576456325
	1.1007055215740742
	1.100705228215058
	1.1007019548097459
	1.100704118300181
	1.1007006287479204
	1.1006991905601047
	1.100701339461291
	1.1007051046247993
	1.1007071434518831
	1.1007055593817963
	1.1007083258108878
	1.1007071707302387
	1.1007051846210736
	1.1007034566386635
	1.100707437484043
	1.100702601799252
	1.1007035178942124
	1.1007042123186224
	1.1007038003923706
	1.1007037267152224
	1.1007035873516209
	1.1007016803798455
	1.1007042434915155
	1.1007005429885472
	1.100700861748191
	1.1007000165973362
	1.1007046677076928
	1.1007056336916234
	1.100708802220589
	1.1007050047505433
	1.1007062801532503
	1.1007059922547067
	1.1007025159889599
	1.1007016697526513
	1.1006998812264401
	1.100699645242408
	1.1007041351177278
	1.1007041541637257
	1.1007007933591337
	1.1007014393316132
	1.1007016355155397
	1.1007034301224183
	1.1007043724207586
	1.1007036950370361
	1.1007008950582047
	1.1007023574415777
	1.100706824895165
	1.1007055128403112
	1.1007065569933854
	1.1007076220192216
	1.100708492460626
	1.1007107274677155
	1.1007105163076725
	1.1007073045675975
	1.1007085121690947
	1.1007082187325357
	1.1007050986828084
	1.1007048529728656
	1.1007028940638846
	1.1007050068665185
	1.1007037341275583
	1.1007062154038698
	1.1007095225564274
	1.1007067292950539
	1.1007062680940143
	1.100702089147428
	1.1007054105532172
	1.100702816647601
	1.1006972009626692
	1.100698363746121
	1.100696726780837
	1.1006976818461038
	1.1006981278132848
	1.1006987665545351
	1.1006963475619485
	1.1006960664299903
	1.1006985143589072
	1.1006956197105235
	1.1006952696128292
	1.1006950877312223
	1.1006943993958842
	1.1006959333015327
	1.1006968560511583
	1.100703402249303
	1.10069989972107
	1.1006972124285268
	1.1006936939369005
	1.1006940342539615
	1.100690760207375
	1.1006900259482701
	1.10068865483428
	1.1006911875349625
	1.100688072366607
	1.100692891540227
	1.100693186389709
	1.1006972914176512
	1.1006997101788465
	1.1006997370209866
	1.1006953023428987
	1.1006997482678194
	1.1006985332089383
	1.1006933820289633
	1.1006949586989239
	1.100695285463077
	1.100698213885694
	1.1006959475780604
	1.100697312355194
	1.1006957704386178
	1.1006933418799727
	1.1006928974516978
	1.1006933143253432
	1.100692456952522
	1.1006929961548724
	1.1006930370086183
	1.1006929286822096
	1.1006955750875185
	1.1006941049033327
	1.1006946963898205
	1.1006928257780564
	1.1006902470688922
	1.1006922993074728
	1.100694926672582
	1.100693320276983
	1.1006990602665951
	1.1006998906492012
	1.1007005313707985
	1.1007016963059968
	1.1006993642099951
	1.1006970025209397
	1.1006985502923363
	1.1006984633404144
	1.1006994504946492
	1.1006985250838381
	1.100697314610431
	1.100699580771438
	1.1006985971155274
	1.1006956563232762
	1.1006999530065733
	1.100701615931647
	1.1007023863127936
	1.1007016432552303
	1.1007029700007136
	1.100700611099213
	1.10070220363338
	1.100702372738285
	1.1007037526989292
	1.100704461986356
	1.1007031423084137
	1.1007068205732538
	1.1007078753807733
	1.1007053900276127
	1.10070060519154
	1.1007007239164108
	1.100696480671023
	1.1006983380348887
	1.1006969775621889
	1.100696255881365
	1.1006973608461845
	1.1006982084261765
	1.1007013252561286
	1.1007049726158904
	1.100704096761773
	1.1006998901894955
	1.10069843078194
	1.1006999355845943
	1.1006983227350144
	1.1006983418083958
	1.1007011267277347
	1.1007028186018708
	1.1006986141595148
	1.1006956226942985
	1.1006964562318862
	1.100697247345823
	1.1006985390005302
	1.1006946739363141
	1.1006939096204162
	1.1006956053943542
	1.1006980427500084
	1.1006995507495823
	1.1006997516364636
	1.1007032327603117
	1.1007046384869446
	1.1007069821690016
	1.1007062119849385
	1.1007101435731799
	1.1007066926950353
	1.1007112062645452
	1.100711375563676
	1.1007113524530823
	1.1007088404520935
	1.1007079404753144
	1.1007132220306703
	1.1007139038964462
	1.1007125132224815
	1.1007136045827004
	1.1007104593907937
	1.1007113657992287
	1.1007130630170294
	1.1007106248562677
	1.1007062488379729
	1.1007044552222125
	1.1007061999211225
	1.1007042326606686
	1.100705023195309
	1.1007068824383237
	1.1007028487643493
	1.1007025092152587
	1.100702781069986
	1.100702688740576
	1.100702389488944
	1.1007026059752836
	1.1006991631163952
	1.1006984192149434
	1.1006999156047512
	1.1007043142890531
	1.1007022669755604
	1.100700912620827
	1.1006973009005956
	1.1007005101086453
	1.1007008042205122
	1.1007030476182906
	1.1007053126647277
	1.1007042360636985
	1.1007039292236473
	1.1007057763068417
	1.1007067383300035
	1.1007089670293375
	1.1007082209736077
	1.1007084495096042
	1.1007067785263653
	1.1007043259484484
	1.1007030209682707
	1.1007047933069851
	1.100707764249594
	1.1007079983650008
	1.1007043272567139
	1.1007027975679173
	1.1007000127253106
	1.100700833025986
	1.100698861921821
	1.1007001121445221
	1.1007002127847096
	1.1007015698990381
	1.1006988753849118
	1.1006982481208685
	1.100696688376627
	1.100698287478604
	1.1006993046540237
	1.1007008795484234
	1.100698849347772
	1.100698015816857
	1.100696944030941
	1.1006956190020465
	1.1006987235803638
	1.1006976848000165
	1.1006979043533867
	1.1006986079358159
	1.1006966911936324
	1.1006949620065343
	1.1006949017372505
	1.1006941348342545
	1.1006978396355724
	1.100699741847105
	1.100699224121846
	1.100700654820789
	1.1007035167174253
	1.1007073077584022
	1.1007086248741542
	1.1007091945078262
	1.100707425083396
	1.100707491184593
	1.1007071055871527
	1.1007044322770212
	1.1007060846114758
	1.100709017577338
	1.1007103734661352
	1.1007108721395087
	1.100709537624293
	1.1007108565336257
	1.1007097952102938
	1.1007120892042705
	1.1007144480470141
	1.1007128404142834
	1.1007136607172887
	1.1007169303125228
	1.1007165453186838
	1.1007156050193643
	1.1007173880099705
	1.1007136404744287
	1.1007129937462803
	1.1007144496023782
	1.1007151724257835
	1.100717013281788
	1.1007180359030762
	1.1007178929157322
	1.1007155348108397
	1.1007165789048812
	1.1007141726122869
	1.1007104289264276
	1.1007095571588847
	1.1007131376562198
	1.1007123044715321
	1.1007119317579477
	1.1007104974222819
	1.1007078991558084
	1.100709307175998
	1.1007106694517077
	1.1007106019381356
	1.1007081918162698
	1.1007065869455728
	1.1007081644781196
	1.1007075719959023
	1.1007103718969298
	1.10070448220108
	1.1007011118036547
	1.100704687007582
	1.1007036667868384
	1.1007036838753868
	1.1007045190347258
	1.1007052206778878
	1.1007039193588293
	1.1007022059704477
	1.1007006878381047
	1.1007009204970237
	1.100701080495959
	1.1007035222132562
	1.1007023241713225
	1.100703416095599
	1.1007041871782908
	1.1007059124258318
	1.1007048116532754
	1.1007054927630635
	1.100705316104038
	1.1007064396545778
	1.1007056453715707
	1.1007020570470372
	1.100699644933413
	1.1007010903854748
	1.1007013271322479
	1.1007068716183936
	1.1007058221551878
	1.1007059686777299
	1.100703581764257
	1.1007061523365236
	1.1007045617876363
	1.1007016496558475
	1.1006989386705637
	1.1007034843123218
	1.100705185195458
	1.1007069341766458
	1.1007086481501578
	1.1007113261037802
	1.1007111885654044
	1.1007111901365654
	1.1007059873968648
	1.1007035690981004
	1.1007012553639541
	1.100700314268108
	1.1006978259977689
	1.1006943602175139
	1.1006962829833724
	1.100696021274407
	1.100694458676363
	1.1006922130815706
	1.1006872941851018
	1.1006868108504735
	1.1006870687410404
	1.1006887154474119
	1.1006875412750887
	1.100692386475435
	1.1006974850492908
	1.1006959478046818
	1.100695848270332
	1.1006972453985115
	1.1006965885969626
	1.1006966277469998
	1.1006938966001296
	1.1006971008369588
	1.100695720615468
	1.1006965097517105
	1.100692651845594
	1.100691667033183
	1.1006931370905497
	1.100694440277881
	1.1006962823742632
	1.100694802836737
	1.10069651111417
	1.1006961550665972
	1.1006974775315723
	1.100698472972893
	1.1007010296322322
	1.100697422843204
	1.1006963895773165
	1.1006958911659113
	1.1006971240146781
	1.1006994310972824
	1.1006978660097742
	1.1006930164964819
	1.1006906493139939
	1.1006878018307658
	1.1006850395653638
	1.100685298123919
	1.1006909442194348
	1.100691398365859
	1.1006926872179603
	1.100691304040064
	1.1006892225996543
	1.1006871018446278
	1.1006892825516534
	1.100692267337617
	1.1006904024568918
	1.100688742528323
	1.100687336392518
	1.1006904882529553
	1.1006910999992803
	1.1006945497660066
	1.1006909019960591
	1.10068916975368
	1.1006949871861564
	1.1006959413352368
	1.1006956555802934
	1.1006951275449584
	1.1007006672319348
	1.1007002112385749
	1.1007032828873862
	1.1007016613687355
	1.100701777839793
	1.1007022150575494
	1.1007051014200173
	1.1007052129188952
	1.1007062839923538
	1.1007020785167145
	1.1007043189751904
	1.100706781175857
	1.10070691890201
	1.1007070156064986
	1.1007076026284506
	1.1007038813300607
	1.1007030524494343
	1.1006997222965798
	1.100697097529572
	1.10069783337787
	1.1006979572602977
	1.10069301253991
	1.1006913887499068
	1.1006907219583908
	1.1006884432683541
	1.1006918822642286
	1.1006894281731538
	1.1006904302368248
	1.1006915781002347
	1.100693335135224
	1.1006909152848197
	1.1006868930819076
	1.100685366566417
	1.100686759107849
	1.1006854527546812
	1.1006874617486921
	1.1006896091455107
	1.1006861509476666
	1.1006867603236947
	1.1006858883921693
	1.100686440135551
	1.1006884878614063
	1.1006897416509795
	1.100688365256118
	1.1006838807988715
	1.100684733599794
	1.100682630437567
	1.1006844052567302
	1.100684261114018
	1.1006854212111734
	1.1006881633685073
	1.1006866780525233
	1.100687019456556
	1.100684481875536
	1.100683910647966
	1.100680766955372
	1.1006787955057347
	1.10067956801193
	1.1006776629579345
	1.1006803179640716
	1.1006781132066334
	1.1006762902027103
	1.1006749273850036
	1.100674845909399
	1.1006816811692999
	1.1006820913774793
	1.1006793074046204
	1.1006763764684258
	1.1006766588881747
	1.1006751818373925
	1.1006751205571463
	1.10067696298182
	1.100677504381268
	1.1006769666712222
	1.100676549846139
	1.1006751029834398
	1.1006750863066392
	1.1006747567551656
	1.100677085016468
	1.1006775796358033
	1.1006778202263205
	1.1006819210293077
	1.100685252517768
	1.1006884176653076
	1.1006900308369005
	1.1006859680667402
	1.1006914200680924
	1.100691436027916
	1.1006893159724347
	1.100688100538985
	1.1006902070656057
	1.1006931253933105
	1.100691944376691
	1.1006926763963323
	1.1006958048221822
	1.100699511683341
	1.1006998307984515
	1.1007003615524324
	1.1007002337088694
	1.1007001367085458
	1.1007007252345196
	1.1007001584307998
	1.1007027459118643
	1.1007045484551887
	1.1007044929020084
	1.1006976683877119
	1.100699585781741
	1.1006995506859805
	1.1006994415298605
	1.1006969186303803
	1.1006953144935714
	1.1006941519401765
	1.1006963212973877
	1.100695180124322
	1.10069473126285
	1.1006945082688453
	1.1006943871086994
	1.1006958282853085
	1.1006974698635685
	1.1007019509507032
	1.100706329202906
	1.1007097933765835
	1.1007084134823157
	1.100705986954844
	1.1007088674176038
	1.100713436417941
	1.1007161332882787
	1.1007193737336498
	1.1007187352587557
	1.100719398902296
	1.1007215810348225
	1.1007188815367215
	1.1007178243068398
	1.1007163112715699
	1.100713609403069
	1.1007157643007561
	1.1007160868494514
	1.1007170945286415
	1.1007170873912027
	1.1007154490177233
	1.1007146646081327
	1.1007146326737849
	1.100716843982867
	1.1007176001813521
	1.1007158462274702
	1.1007155460183782
	1.1007133490580052
	1.1007172982993212
	1.100718043078327
	1.1007198931636673
	1.1007209251692727
	1.1007154893508322
	1.1007149452482716
	1.1007152026764233
	1.1007103052725187
	1.1007147477792787
	1.1007155286380679
	1.1007175127287245
	1.1007177682669835
	1.1007183834892398
	1.100717476542815
	1.1007165975360007
	1.1007177443499367
	1.1007147958842143
	1.1007146648995874
	1.1007175332503722
	1.100717429992764
	1.1007187395347693
	1.1007189638976849
	1.1007188506838474
	1.1007176855813077
	1.1007150427154557
	1.100717572632513
	1.1007163687606192
	1.1007163944217386
	1.100717324779428
	1.1007164219216699
	1.1007126895013248
	1.100713832086006
	1.10071497644142
	1.100711424121635
	1.1007105245634394
	1.10071438628667
	1.1007155926214631
	1.1007141275858596
	1.100716424896465
	1.1007191173673903
	1.100716566992758
	1.100715619042305
	1.100716226976985
	1.1007138842197552
	1.100715460135378
	1.1007128562460657
	1.1007152492322045
	1.1007157204124882
	1.1007163408555465
	1.1007160549257264
	1.1007174874511962
	1.1007179273616314
	1.1007152472407966
	1.1007175881135254
	1.1007161851079825
	1.1007161139868207
	1.100715626724411
	1.100717888399309
	1.100720070414851
	1.100721561440241
	1.1007225134031757
	1.100720827096093
	1.100720421781344
	1.1007244956411855
	1.1007279811493749
	1.1007285639232247
	1.1007311251214158
	1.1007348751750594
	1.1007348247127555
	1.1007370451897327
	1.1007394435685445
	1.1007411123919142
	1.1007415610359899
	1.1007464110648595
	1.100743560916648
	1.1007442256486766
	1.1007400465587747
	1.1007420293739976
	1.1007459445624657
	1.100745664778759
	1.1007452801061917
	1.100746974923303
	1.1007463560712631
	1.1007456147663346
	1.1007428972657933
	1.1007466562417798
	1.100745817775159
	1.100744187861309
	1.1007458931930978
	1.1007459373421113
	1.1007407006924348
	1.1007369614168925
	1.1007355849941016
	1.1007337265878907
	1.1007350902568704
	1.1007344039709335
	1.1007348336092295
	1.1007383906157655
	1.1007368929896306
	1.1007405980659473
	1.100741566018286
	1.1007425675975926
	1.1007431082700647
	1.1007438028118073
	1.1007488334456523
	1.1007476882353084
	1.100747863133021
	1.1007475320775835
	1.1007465835589807
	1.1007389343139933
	1.1007398186993773
	1.1007372356376801
	1.100734341363427
	1.1007341112145312
	1.1007333486817004
	1.1007361645406057
	1.1007363286756484
	1.1007369029260539
	1.1007364011760037
	1.1007368830867899
	1.1007378253851094
	1.1007374754224446
	1.1007399287740847
	1.1007368427730437
	1.1007335110090788
	1.1007348526194618
	1.1007360366976586
	1.1007395950100034
	1.1007376460548934
	1.1007384297481537
]