[
	1.2265819311141968
	1.2263412475585938
	1.2261162996292114
	1.2258769273757935
	1.2256414890289307
	1.2254106998443604
	1.225169062614441
	1.224936604499817
	1.2246994972229004
	1.2244724035263062
	1.2242302894592285
	1.223996639251709
	1.223766565322876
	1.2235438823699951
	1.223312497138977
	1.223082184791565
	1.2228566408157349
	1.2226283550262451
	1.2224189043045044
	1.2221850156784058
	1.2219605445861816
	1.221736192703247
	1.2215147018432617
	1.2212876081466675
	1.2210609912872314
	1.2208316326141357
	1.2206021547317505
	1.220372200012207
	1.2201392650604248
	1.2199145555496216
	1.2196922302246094
	1.2194679975509644
	1.2192445993423462
	1.219030737876892
	1.2188206911087036
	1.2186012268066406
	1.2183867692947388
	1.218174695968628
	1.2179553508758545
	1.2177481651306152
	1.2175378799438477
	1.2173182964324951
	1.217111349105835
	1.216888189315796
	1.2166746854782104
	1.216475248336792
	1.2162542343139648
	1.2160452604293823
	1.2158290147781372
	1.215623140335083
	1.21542489528656
	1.215215802192688
	1.2150182723999023
	1.2148125171661377
	1.2146035432815552
	1.214396595954895
	1.2141971588134766
	1.2139878273010254
	1.2138015031814575
	1.2135975360870361
	1.2133914232254028
	1.2131880521774292
	1.212978482246399
	1.2127825021743774
	1.212570309638977
	1.2123733758926392
	1.212167739868164
	1.2119667530059814
	1.211777925491333
	1.211574912071228
	1.2113956212997437
	1.2112094163894653
	1.2110189199447632
	1.2108272314071655
	1.2106436491012573
	1.210449457168579
	1.2102679014205933
	1.2100743055343628
	1.2098804712295532
	1.2096920013427734
	1.2094954252243042
	1.209303855895996
	1.2091277837753296
	1.2089473009109497
	1.2087491750717163
	1.2085537910461426
	1.2083576917648315
	1.208167552947998
	1.2079826593399048
	1.2077943086624146
	1.2076221704483032
	1.2074402570724487
	1.2072582244873047
	1.207073450088501
	1.2068907022476196
	1.2067011594772339
	1.2065186500549316
	1.2063279151916504
	1.2061437368392944
	1.2059568166732788
	1.2057842016220093
	1.2056150436401367
	1.205441951751709
	1.205258846282959
	1.2050728797912598
	1.20488440990448
	1.2047086954116821
	1.2045323848724365
	1.2043626308441162
	1.2041881084442139
	1.2040133476257324
	1.2038395404815674
	1.2036633491516113
	1.2034929990768433
	1.2033123970031738
	1.2031450271606445
	1.202967643737793
	1.2027980089187622
	1.2026209831237793
	1.2024556398391724
	1.2022888660430908
	1.2021117210388184
	1.2019315958023071
	1.2017661333084106
	1.2015886306762695
	1.2014098167419434
	1.2012451887130737
	1.2010810375213623
	1.2009047269821167
	1.2007296085357666
	1.2005540132522583
	1.2003761529922485
	1.20021390914917
	1.2000316381454468
	1.1998635530471802
	1.199702262878418
	1.199528694152832
	1.1993635892868042
	1.1991994380950928
	1.1990392208099365
	1.1988636255264282
	1.1987053155899048
	1.1985501050949097
	1.1983966827392578
	1.1982356309890747
	1.198065996170044
	1.1979060173034668
	1.197744607925415
	1.1975810527801514
	1.1974072456359863
	1.1972607374191284
	1.197097659111023
	1.1969308853149414
	1.1967781782150269
	1.1966190338134766
	1.196465015411377
	1.1963067054748535
	1.1961510181427002
	1.1959824562072754
	1.195824146270752
	1.1956695318222046
	1.1955212354660034
	1.1953635215759277
	1.1951984167099
	1.1950430870056152
	1.1948847770690918
	1.1947256326675415
	1.1945698261260986
	1.1944106817245483
	1.194261908531189
	1.1941050291061401
	1.1939512491226196
	1.1937865018844604
	1.1936286687850952
	1.1934690475463867
	1.193311095237732
	1.1931533813476562
	1.192991852760315
	1.1928398609161377
	1.1926805973052979
	1.1925344467163086
	1.192385196685791
	1.192227840423584
	1.1920710802078247
	1.1919219493865967
	1.191772699356079
	1.191627025604248
	1.1914706230163574
	1.191324234008789
	1.191170334815979
	1.1910178661346436
	1.190860629081726
	1.1907036304473877
	1.1905544996261597
	1.1904003620147705
	1.190244197845459
	1.1900944709777832
	1.1899454593658447
	1.18979811668396
	1.1896498203277588
	1.1895184516906738
	1.189370036125183
	1.1892180442810059
	1.1890642642974854
	1.1889183521270752
	1.1887818574905396
	1.1886377334594727
	1.1884918212890625
	1.1883550882339478
	1.188212513923645
	1.1880645751953125
	1.1879228353500366
	1.1877868175506592
	1.1876338720321655
	1.1874908208847046
	1.1873509883880615
	1.1872155666351318
	1.1870862245559692
	1.1869500875473022
	1.186805248260498
	1.1866663694381714
	1.1865354776382446
	1.1863861083984375
	1.1862455606460571
	1.1861066818237305
	1.185964822769165
	1.1858292818069458
	1.1856887340545654
	1.1855460405349731
	1.1854051351547241
	1.18526291847229
	1.185123324394226
	1.1849795579910278
	1.1848455667495728
	1.1847026348114014
	1.1845694780349731
	1.184436559677124
	1.1843136548995972
	1.184173583984375
	1.1840453147888184
	1.1839078664779663
	1.1837654113769531
	1.1836318969726562
	1.1834930181503296
	1.1833652257919312
	1.183236002922058
	1.1831095218658447
	1.1829710006713867
	1.1828386783599854
	1.1826941967010498
	1.1825711727142334
	1.1824431419372559
	1.1823140382766724
	1.182185411453247
	1.1820586919784546
	1.18192458152771
	1.181800365447998
	1.1816790103912354
	1.181554913520813
	1.1814254522323608
	1.1813007593154907
	1.1811786890029907
	1.1810460090637207
	1.1809066534042358
	1.1807770729064941
	1.1806505918502808
	1.1805237531661987
	1.1804029941558838
	1.180272102355957
	1.1801283359527588
	1.1800049543380737
	1.1798845529556274
	1.1797616481781006
	1.1796352863311768
	1.1795053482055664
	1.1793885231018066
	1.179266095161438
	1.1791412830352783
	1.1790193319320679
	1.1788933277130127
	1.178767442703247
	1.178642749786377
	1.1785163879394531
	1.1783866882324219
	1.1782649755477905
	1.1781408786773682
	1.1780121326446533
	1.177893042564392
	1.1777712106704712
	1.1776491403579712
	1.1775259971618652
	1.1774020195007324
	1.1772913932800293
	1.1771706342697144
	1.1770479679107666
	1.1769274473190308
	1.1768028736114502
	1.1766854524612427
	1.1765666007995605
	1.1764295101165771
	1.1763087511062622
	1.1761925220489502
	1.1760646104812622
	1.1759393215179443
	1.175814151763916
	1.1756854057312012
	1.17555832862854
	1.1754428148269653
	1.1753168106079102
	1.1752041578292847
	1.1750789880752563
	1.1749640703201294
	1.174844741821289
	1.1747156381607056
	1.1745967864990234
	1.1744818687438965
	1.1743519306182861
	1.174224615097046
	1.174115538597107
	1.173996925354004
	1.173882007598877
	1.1737536191940308
	1.1736326217651367
	1.173514723777771
	1.173402190208435
	1.1732808351516724
	1.173158884048462
	1.173040747642517
	1.1729202270507812
	1.1727993488311768
	1.1726847887039185
	1.172566533088684
	1.1724458932876587
	1.1723277568817139
	1.1722099781036377
	1.1720836162567139
	1.1719684600830078
	1.1718597412109375
	1.171744704246521
	1.1716291904449463
	1.1715199947357178
	1.171406865119934
	1.1712889671325684
	1.1711785793304443
	1.1710633039474487
	1.1709567308425903
	1.1708375215530396
	1.1707301139831543
	1.1706165075302124
	1.1705087423324585
	1.1703976392745972
	1.170295000076294
	1.1701862812042236
	1.1700820922851562
	1.1699633598327637
	1.1698449850082397
	1.1697334051132202
	1.1696295738220215
	1.169532060623169
	1.1694172620773315
	1.169306755065918
	1.169183373451233
	1.1690762042999268
	1.1689566373825073
	1.168856143951416
	1.1687467098236084
	1.168631672859192
	1.168527603149414
	1.1684261560440063
	1.1683207750320435
	1.1682106256484985
	1.1681056022644043
	1.1680001020431519
	1.1679003238677979
	1.1677874326705933
	1.1676799058914185
	1.167568564414978
	1.1674624681472778
	1.1673543453216553
	1.167250156402588
	1.1671394109725952
	1.167036771774292
	1.166925072669983
	1.1668204069137573
	1.1667207479476929
	1.1666169166564941
	1.1665153503417969
	1.1664149761199951
	1.166306972503662
	1.1662054061889648
	1.1660903692245483
	1.1659859418869019
	1.1658751964569092
	1.165770411491394
	1.1656532287597656
	1.1655510663986206
	1.165453553199768
	1.1653425693511963
	1.1652384996414185
	1.1651365756988525
	1.1650300025939941
	1.1649223566055298
	1.164819598197937
	1.1647095680236816
	1.1646077632904053
	1.1645013093948364
	1.1643942594528198
	1.1642943620681763
	1.1641925573349
	1.1640915870666504
	1.1639941930770874
	1.1638950109481812
	1.1637979745864868
	1.1636933088302612
	1.163602590560913
	1.1634948253631592
	1.1633877754211426
	1.1632896661758423
	1.1631897687911987
	1.1630929708480835
	1.162986397743225
	1.162889003753662
	1.162793517112732
	1.1627057790756226
	1.1626001596450806
	1.1624982357025146
	1.1624048948287964
	1.1623140573501587
	1.1622202396392822
	1.1621273756027222
	1.1620272397994995
	1.1619240045547485
	1.1618260145187378
	1.161725401878357
	1.1616207361221313
	1.1615208387374878
	1.1614195108413696
	1.161320686340332
	1.1612203121185303
	1.1611218452453613
	1.1610221862792969
	1.1609247922897339
	1.1608288288116455
	1.160729169845581
	1.1606396436691284
	1.1605515480041504
	1.1604503393173218
	1.1603527069091797
	1.1602588891983032
	1.1601630449295044
	1.1600703001022339
	1.1599823236465454
	1.1598832607269287
	1.159784197807312
	1.1596765518188477
	1.1595748662948608
	1.1594765186309814
	1.1593670845031738
	1.159274697303772
	1.1591755151748657
	1.1590811014175415
	1.1589869260787964
	1.158896565437317
	1.1588078737258911
	1.1587135791778564
	1.1586170196533203
	1.1585148572921753
	1.1584227085113525
	1.1583200693130493
	1.1582337617874146
	1.1581571102142334
	1.158069372177124
	1.1579771041870117
	1.1578893661499023
	1.1578017473220825
	1.1577106714248657
	1.1576236486434937
	1.1575348377227783
	1.1574485301971436
	1.1573604345321655
	1.1572648286819458
	1.1571762561798096
	1.1570844650268555
	1.1569989919662476
	1.1569114923477173
	1.1568264961242676
	1.1567373275756836
	1.1566441059112549
	1.1565535068511963
	1.1564617156982422
	1.1563746929168701
	1.1562867164611816
	1.156204342842102
	1.1561123132705688
	1.1560240983963013
	1.1559224128723145
	1.1558406352996826
	1.1557469367980957
	1.155659556388855
	1.1555776596069336
	1.155492901802063
	1.1554046869277954
	1.155324935913086
	1.1552388668060303
	1.1551451683044434
	1.1550602912902832
	1.154972791671753
	1.1548738479614258
	1.1547906398773193
	1.1546974182128906
	1.154613971710205
	1.1545305252075195
	1.1544321775436401
	1.1543455123901367
	1.1542539596557617
	1.1541715860366821
	1.1540827751159668
	1.1539961099624634
	1.153907299041748
	1.1538277864456177
	1.1537450551986694
	1.153655767440796
	1.1535680294036865
	1.1534841060638428
	1.153390645980835
	1.1532988548278809
	1.1532156467437744
	1.1531349420547485
	1.1530416011810303
	1.152952790260315
	1.1528712511062622
	1.1527912616729736
	1.1527079343795776
	1.152620792388916
	1.1525403261184692
	1.1524556875228882
	1.1523791551589966
	1.1522940397262573
	1.152212381362915
	1.1521295309066772
	1.1520569324493408
	1.1519830226898193
	1.1519005298614502
	1.1518142223358154
	1.1517316102981567
	1.1516530513763428
	1.151570439338684
	1.1514836549758911
	1.151404857635498
	1.1513259410858154
	1.1512467861175537
	1.1511669158935547
	1.1510839462280273
	1.1509968042373657
	1.1509071588516235
	1.1508206129074097
	1.1507437229156494
	1.150665283203125
	1.1505916118621826
	1.150506615638733
	1.150428056716919
	1.1503452062606812
	1.1502605676651
	1.1501834392547607
	1.1501080989837646
	1.1500320434570312
	1.1499528884887695
	1.1498788595199585
	1.1498072147369385
	1.149730920791626
	1.1496539115905762
	1.1495869159698486
	1.1495074033737183
	1.1494284868240356
	1.1493510007858276
	1.1492698192596436
	1.1491857767105103
	1.1491105556488037
	1.1490364074707031
	1.1489622592926025
	1.148880124092102
	1.1487923860549927
	1.1487069129943848
	1.1486276388168335
	1.1485521793365479
	1.14847993850708
	1.1484042406082153
	1.148337483406067
	1.148255467414856
	1.1481778621673584
	1.1481003761291504
	1.148026466369629
	1.1479572057724
	1.147871494293213
	1.1477954387664795
	1.1477268934249878
	1.147648572921753
	1.1475762128829956
	1.1474957466125488
	1.147420883178711
	1.1473464965820312
	1.147274136543274
	1.1471986770629883
	1.1471277475357056
	1.147064447402954
	1.146996259689331
	1.1469213962554932
	1.1468491554260254
	1.1467801332473755
	1.146705985069275
	1.1466315984725952
	1.1465665102005005
	1.1464945077896118
	1.1464176177978516
	1.1463481187820435
	1.1462706327438354
	1.146193265914917
	1.1461176872253418
	1.1460479497909546
	1.1459726095199585
	1.1459029912948608
	1.1458344459533691
	1.145758032798767
	1.1456902027130127
	1.1456173658370972
	1.145539402961731
	1.1454706192016602
	1.1454012393951416
	1.145330786705017
	1.1452691555023193
	1.1451994180679321
	1.1451245546340942
	1.1450507640838623
	1.1449846029281616
	1.144916296005249
	1.1448501348495483
	1.1447758674621582
	1.1447054147720337
	1.1446367502212524
	1.1445584297180176
	1.1444904804229736
	1.1444170475006104
	1.1443442106246948
	1.1442772150039673
	1.1441991329193115
	1.1441365480422974
	1.144059181213379
	1.1439872980117798
	1.1439099311828613
	1.1438523530960083
	1.1437917947769165
	1.1437256336212158
	1.1436569690704346
	1.1435872316360474
	1.143528938293457
	1.1434630155563354
	1.143393635749817
	1.143324375152588
	1.1432512998580933
	1.1431766748428345
	1.143103003501892
	1.1430314779281616
	1.142974615097046
	1.1429038047790527
	1.1428371667861938
	1.1427727937698364
	1.1427034139633179
	1.1426328420639038
	1.1425631046295166
	1.1424908638000488
	1.1424214839935303
	1.1423512697219849
	1.1422791481018066
	1.142209768295288
	1.142141580581665
	1.1420814990997314
	1.1420141458511353
	1.1419519186019897
	1.1418932676315308
	1.141832709312439
	1.1417720317840576
	1.1417115926742554
	1.1416493654251099
	1.1415728330612183
	1.1415050029754639
	1.1414401531219482
	1.14137864112854
	1.1413202285766602
	1.1412601470947266
	1.1411943435668945
	1.1411311626434326
	1.1410661935806274
	1.1409964561462402
	1.1409319639205933
	1.1408663988113403
	1.1408041715621948
	1.1407444477081299
	1.1406899690628052
	1.1406290531158447
	1.1405625343322754
	1.1405003070831299
	1.1404458284378052
	1.140379548072815
	1.1403172016143799
	1.1402587890625
	1.140190839767456
	1.1401185989379883
	1.140060544013977
	1.139998435974121
	1.1399248838424683
	1.1398652791976929
	1.1398037672042847
	1.1397438049316406
	1.139683485031128
	1.139621615409851
	1.1395654678344727
	1.1394994258880615
	1.1394370794296265
	1.1393762826919556
	1.139322280883789
	1.1392663717269897
	1.1392041444778442
	1.1391464471817017
	1.1390873193740845
	1.139017105102539
	1.138951301574707
	1.1388943195343018
	1.13882577419281
	1.1387616395950317
	1.138692021369934
	1.1386319398880005
	1.1385650634765625
	1.1385074853897095
	1.1384581327438354
	1.1384034156799316
	1.1383490562438965
	1.1382873058319092
	1.138232707977295
	1.1381709575653076
	1.1381078958511353
	1.1380527019500732
	1.137991189956665
	1.1379331350326538
	1.137871265411377
	1.1378047466278076
	1.1377407312393188
	1.137680172920227
	1.137622356414795
	1.1375640630722046
	1.1375055313110352
	1.1374410390853882
	1.1373766660690308
	1.1373190879821777
	1.137258529663086
	1.1371995210647583
	1.1371369361877441
	1.1370800733566284
	1.1370224952697754
	1.1369606256484985
	1.1369061470031738
	1.1368491649627686
	1.136784553527832
	1.1367212533950806
	1.1366662979125977
	1.1366119384765625
	1.1365547180175781
	1.13649320602417
	1.1364367008209229
	1.1363788843154907
	1.1363258361816406
	1.1362717151641846
	1.13621985912323
	1.1361559629440308
	1.1360944509506226
	1.1360360383987427
	1.1359782218933105
	1.135923147201538
	1.1358672380447388
	1.1358120441436768
	1.1357632875442505
	1.1357086896896362
	1.1356536149978638
	1.1355957984924316
	1.135545253753662
	1.1354995965957642
	1.1354402303695679
	1.1353830099105835
	1.135325312614441
	1.1352661848068237
	1.1352146863937378
	1.1351598501205444
	1.1351127624511719
	1.1350629329681396
	1.1350115537643433
	1.1349598169326782
	1.1349130868911743
	1.1348544359207153
	1.1347955465316772
	1.1347323656082153
	1.1346749067306519
	1.1346241235733032
	1.134565830230713
	1.1345150470733643
	1.1344549655914307
	1.1344085931777954
	1.1343467235565186
	1.134291410446167
	1.1342403888702393
	1.1341880559921265
	1.1341371536254883
	1.1340885162353516
	1.1340315341949463
	1.1339695453643799
	1.1339168548583984
	1.1338598728179932
	1.1338105201721191
	1.1337641477584839
	1.1337138414382935
	1.1336671113967896
	1.1336115598678589
	1.1335636377334595
	1.1335110664367676
	1.1334558725357056
	1.1334031820297241
	1.133346438407898
	1.1333041191101074
	1.1332507133483887
	1.133198857307434
	1.133147120475769
	1.133089303970337
	1.1330398321151733
	1.1329870223999023
	1.1329357624053955
	1.1328810453414917
	1.1328227519989014
	1.1327675580978394
	1.1327147483825684
	1.1326597929000854
	1.13260817527771
	1.1325571537017822
	1.1325035095214844
	1.1324524879455566
	1.132399320602417
	1.1323498487472534
	1.1323002576828003
	1.1322497129440308
	1.132199764251709
	1.1321486234664917
	1.1320953369140625
	1.1320432424545288
	1.1319907903671265
	1.1319483518600464
	1.1318918466567993
	1.1318472623825073
	1.1317875385284424
	1.1317352056503296
	1.1316860914230347
	1.1316437721252441
	1.1315990686416626
	1.1315525770187378
	1.131503939628601
	1.1314586400985718
	1.1314212083816528
	1.1313718557357788
	1.1313222646713257
	1.1312686204910278
	1.131217122077942
	1.1311644315719604
	1.1311111450195312
	1.131061315536499
	1.1310113668441772
	1.1309678554534912
	1.1309237480163574
	1.1308764219284058
	1.1308268308639526
	1.1307812929153442
	1.1307271718978882
	1.1306734085083008
	1.1306157112121582
	1.1305718421936035
	1.1305323839187622
	1.1304829120635986
	1.1304359436035156
	1.1303917169570923
	1.1303352117538452
	1.1302924156188965
	1.130240797996521
	1.1301957368850708
	1.1301462650299072
	1.1300992965698242
	1.1300512552261353
	1.129995584487915
	1.1299482583999634
	1.1299021244049072
	1.1298624277114868
	1.1298103332519531
	1.1297643184661865
	1.1297197341918945
	1.1296718120574951
	1.129624605178833
	1.1295772790908813
	1.129538893699646
	1.129493236541748
	1.1294442415237427
	1.1293975114822388
	1.12935209274292
	1.1293028593063354
	1.1292529106140137
	1.1292154788970947
	1.129166603088379
	1.1291227340698242
	1.1290764808654785
	1.1290212869644165
	1.1289710998535156
	1.1289267539978027
	1.1288729906082153
	1.1288272142410278
	1.1287809610366821
	1.1287349462509155
	1.1286911964416504
	1.128650188446045
	1.1286036968231201
	1.1285641193389893
	1.1285232305526733
	1.1284793615341187
	1.1284291744232178
	1.128379225730896
	1.1283328533172607
	1.1282869577407837
	1.1282427310943604
	1.128201961517334
	1.1281594038009644
	1.1281124353408813
	1.1280603408813477
	1.1280181407928467
	1.127978801727295
	1.1279348134994507
	1.1278849840164185
	1.1278483867645264
	1.1278005838394165
	1.127768874168396
	1.127738356590271
	1.127695918083191
	1.1276534795761108
	1.1275991201400757
	1.1275473833084106
	1.127497911453247
	1.1274538040161133
	1.1274094581604004
	1.1273653507232666
	1.1273193359375
	1.1272755861282349
	1.1272293329238892
	1.1271843910217285
	1.1271440982818604
	1.1271064281463623
	1.1270725727081299
	1.1270318031311035
	1.1269862651824951
	1.1269330978393555
	1.1268820762634277
	1.1268455982208252
	1.126795768737793
	1.1267523765563965
	1.1267153024673462
	1.1266717910766602
	1.1266279220581055
	1.126585841178894
	1.1265356540679932
	1.1264927387237549
	1.1264530420303345
	1.1264020204544067
	1.126359462738037
	1.1263171434402466
	1.126280426979065
	1.1262394189834595
	1.1261916160583496
	1.126152515411377
	1.1261136531829834
	1.1260701417922974
	1.126027226448059
	1.1259844303131104
	1.1259382963180542
	1.1258933544158936
	1.1258569955825806
	1.1258132457733154
	1.1257680654525757
	1.1257253885269165
	1.1256815195083618
	1.125640869140625
	1.1255990266799927
	1.1255559921264648
	1.1255220174789429
	1.125485897064209
	1.1254545450210571
	1.1254100799560547
	1.1253689527511597
	1.1253234148025513
	1.1252784729003906
	1.1252325773239136
	1.1251893043518066
	1.1251442432403564
	1.12511146068573
	1.125065803527832
	1.1250267028808594
	1.1249903440475464
	1.124951720237732
	1.1249148845672607
	1.1248732805252075
	1.1248353719711304
	1.1248010396957397
	1.1247589588165283
	1.1247131824493408
	1.1246756315231323
	1.1246311664581299
	1.12459397315979
	1.124550461769104
	1.1245112419128418
	1.1244728565216064
	1.1244351863861084
	1.1243879795074463
	1.1243551969528198
	1.1243183612823486
	1.1242790222167969
	1.1242358684539795
	1.1241950988769531
	1.1241573095321655
	1.1241192817687988
	1.124078631401062
	1.1240473985671997
	1.124003529548645
	1.1239633560180664
	1.1239229440689087
	1.1238771677017212
	1.1238385438919067
	1.1238001585006714
	1.1237614154815674
	1.1237306594848633
	1.1236867904663086
	1.123652458190918
	1.1236062049865723
	1.1235707998275757
	1.1235324144363403
	1.123501181602478
	1.1234638690948486
	1.1234265565872192
	1.1233820915222168
	1.1233388185501099
	1.1232961416244507
	1.1232599020004272
	1.1232266426086426
	1.123185157775879
	1.1231437921524048
	1.1231096982955933
	1.123072862625122
	1.1230322122573853
	1.1229931116104126
	1.1229606866836548
	1.1229184865951538
	1.122883915901184
	1.1228477954864502
	1.1228183507919312
	1.1227757930755615
	1.122740387916565
	1.1227086782455444
	1.1226708889007568
	1.1226333379745483
	1.1225996017456055
	1.1225608587265015
	1.1225239038467407
	1.1224913597106934
	1.1224557161331177
	1.1224325895309448
	1.1223989725112915
	1.1223561763763428
	1.1223211288452148
	1.1222805976867676
	1.1222468614578247
	1.1222147941589355
	1.1221710443496704
	1.1221383810043335
	1.1221003532409668
	1.122067928314209
	1.1220393180847168
	1.1220018863677979
	1.1219680309295654
	1.1219353675842285
	1.121902585029602
	1.1218632459640503
	1.1218304634094238
	1.121800422668457
	1.1217628717422485
	1.1217302083969116
	1.1216970682144165
	1.121659278869629
	1.1216202974319458
	1.1215932369232178
	1.1215627193450928
	1.1215273141860962
	1.1214981079101562
	1.1214643716812134
	1.1214357614517212
	1.12139892578125
	1.1213698387145996
	1.1213293075561523
	1.1212950944900513
	1.1212576627731323
	1.1212191581726074
	1.1211931705474854
	1.121160626411438
	1.121132493019104
	1.1211047172546387
	1.1210746765136719
	1.1210410594940186
	1.1210116147994995
	1.1209841966629028
	1.1209430694580078
	1.1209044456481934
	1.1208748817443848
	1.1208455562591553
	1.120811104774475
	1.120770812034607
	1.1207343339920044
	1.1206982135772705
	1.1206687688827515
	1.1206378936767578
	1.120604157447815
	1.1205755472183228
	1.1205452680587769
	1.1205071210861206
	1.1204813718795776
	1.1204456090927124
	1.1204198598861694
	1.120396614074707
	1.1203645467758179
	1.1203364133834839
	1.120305061340332
	1.1202723979949951
	1.1202400922775269
	1.1202114820480347
	1.1201796531677246
	1.1201533079147339
	1.1201139688491821
	1.1200745105743408
	1.1200426816940308
	1.1200119256973267
	1.119985818862915
	1.119950532913208
	1.1199203729629517
	1.1198991537094116
	1.1198618412017822
	1.119826316833496
	1.1197956800460815
	1.119771957397461
	1.1197376251220703
	1.1197017431259155
	1.1196768283843994
	1.1196471452713013
	1.119611144065857
	1.1195868253707886
	1.1195640563964844
	1.1195327043533325
	1.1195088624954224
	1.1194844245910645
	1.1194616556167603
	1.1194312572479248
	1.1194024085998535
	1.1193726062774658
	1.1193475723266602
	1.1193149089813232
	1.119276523590088
	1.1192525625228882
	1.1192128658294678
	1.1191858053207397
	1.119149923324585
	1.119124174118042
	1.119096279144287
	1.119065761566162
	1.1190394163131714
	1.1190134286880493
	1.1189864873886108
	1.118958592414856
	1.1189261674880981
	1.118891954421997
	1.1188671588897705
	1.118836522102356
	1.118809461593628
	1.1187824010849
	1.1187583208084106
	1.11873197555542
	1.1186978816986084
	1.1186749935150146
	1.118653655052185
	1.1186225414276123
	1.118585467338562
	1.1185555458068848
	1.118526577949524
	1.1185050010681152
	1.1184818744659424
	1.1184545755386353
	1.1184331178665161
	1.118398904800415
	1.1183713674545288
	1.1183425188064575
	1.1183110475540161
	1.1182856559753418
	1.118251919746399
	1.1182236671447754
	1.1181942224502563
	1.1181634664535522
	1.1181304454803467
	1.1180998086929321
	1.1180654764175415
	1.1180336475372314
	1.1180020570755005
	1.1179732084274292
	1.117949366569519
	1.1179263591766357
	1.1178935766220093
	1.117867112159729
	1.1178375482559204
	1.11780846118927
	1.117782473564148
	1.117756724357605
	1.1177325248718262
	1.117702603340149
	1.117675542831421
	1.1176453828811646
	1.117614507675171
	1.1175835132598877
	1.1175532341003418
	1.1175251007080078
	1.117497444152832
	1.1174745559692383
	1.1174448728561401
	1.117413878440857
	1.1173912286758423
	1.1173657178878784
	1.1173434257507324
	1.117310881614685
	1.1172876358032227
	1.1172611713409424
	1.1172322034835815
	1.1172027587890625
	1.1171720027923584
	1.1171425580978394
	1.117121934890747
	1.1170971393585205
	1.1170649528503418
	1.1170399188995361
	1.117013692855835
	1.1169772148132324
	1.1169540882110596
	1.1169254779815674
	1.116896629333496
	1.1168724298477173
	1.1168512105941772
	1.1168265342712402
	1.1167988777160645
	1.116774559020996
	1.11675226688385
	1.1167279481887817
	1.116710901260376
	1.1166882514953613
	1.1166679859161377
	1.116646409034729
	1.1166187524795532
	1.1166059970855713
	1.1165812015533447
	1.1165571212768555
	1.116529107093811
	1.1165035963058472
	1.116480827331543
	1.1164594888687134
	1.1164296865463257
	1.1164047718048096
	1.1163818836212158
	1.116358995437622
	1.1163355112075806
	1.1163098812103271
	1.1162800788879395
	1.1162627935409546
	1.1162362098693848
	1.116209864616394
	1.1161882877349854
	1.1161682605743408
	1.1161388158798218
	1.1161165237426758
	1.1160913705825806
	1.116072654724121
	1.116047739982605
	1.1160253286361694
	1.1159969568252563
	1.1159783601760864
	1.1159588098526
	1.115935206413269
	1.1159034967422485
	1.1158729791641235
	1.115849494934082
	1.1158243417739868
	1.1158051490783691
	1.1157803535461426
	1.1157443523406982
	1.115719199180603
	1.1156984567642212
	1.115678310394287
	1.115654468536377
	1.115628957748413
	1.1156010627746582
	1.1155818700790405
	1.115561842918396
	1.1155428886413574
	1.1155223846435547
	1.1155027151107788
	1.1154781579971313
	1.1154465675354004
	1.1154229640960693
	1.1154078245162964
	1.1153806447982788
	1.1153558492660522
	1.115332007408142
	1.1153066158294678
	1.115281105041504
	1.1152585744857788
	1.1152302026748657
	1.1151996850967407
	1.1151764392852783
	1.1151505708694458
	1.1151158809661865
	1.1150926351547241
	1.1150614023208618
	1.1150342226028442
	1.1150109767913818
	1.114983320236206
	1.1149638891220093
	1.11493980884552
	1.1149251461029053
	1.1148953437805176
	1.114874243736267
	1.1148601770401
	1.1148356199264526
	1.1148109436035156
	1.1147886514663696
	1.1147642135620117
	1.114732265472412
	1.1147074699401855
	1.114684820175171
	1.1146609783172607
	1.114640235900879
	1.1146156787872314
	1.1145920753479004
	1.114569902420044
	1.1145461797714233
	1.1145219802856445
	1.1145038604736328
	1.1144787073135376
	1.1144579648971558
	1.1144397258758545
	1.1144251823425293
	1.114406704902649
	1.114383578300476
	1.1143656969070435
	1.1143385171890259
	1.1143252849578857
	1.1143027544021606
	1.1142857074737549
	1.1142661571502686
	1.114243745803833
	1.11422598361969
	1.1142114400863647
	1.1141889095306396
	1.114163875579834
	1.114143967628479
	1.1141184568405151
	1.1140927076339722
	1.1140809059143066
	1.1140605211257935
	1.1140327453613281
	1.1140083074569702
	1.113991379737854
	1.1139724254608154
	1.1139487028121948
	1.113925814628601
	1.1139079332351685
	1.1138821840286255
	1.1138542890548706
	1.1138352155685425
	1.1138179302215576
	1.1137906312942505
	1.1137605905532837
	1.1137396097183228
	1.1137187480926514
	1.11370050907135
	1.1136847734451294
	1.1136648654937744
	1.1136432886123657
	1.1136215925216675
	1.1136013269424438
	1.1135801076889038
	1.1135601997375488
	1.1135461330413818
	1.113527536392212
	1.1135026216506958
	1.1134847402572632
	1.1134610176086426
	1.113446593284607
	1.1134309768676758
	1.1134142875671387
	1.113389253616333
	1.1133697032928467
	1.1133482456207275
	1.1133267879486084
	1.1133065223693848
	1.1132875680923462
	1.1132665872573853
	1.113244652748108
	1.1132254600524902
	1.1131995916366577
	1.113176703453064
	1.1131535768508911
	1.1131341457366943
	1.1131067276000977
	1.1130906343460083
	1.113070011138916
	1.1130521297454834
	1.1130298376083374
	1.1130081415176392
	1.1129871606826782
	1.1129698753356934
	1.1129405498504639
	1.1129255294799805
	1.1129037141799927
	1.1128826141357422
	1.1128671169281006
	1.1128511428833008
	1.112833023071289
	1.1128157377243042
	1.1127986907958984
	1.1127771139144897
	1.112756371498108
	1.1127291917800903
	1.1127138137817383
	1.1126865148544312
	1.1126700639724731
	1.112650752067566
	1.1126328706741333
	1.112609624862671
	1.1125925779342651
	1.1125673055648804
	1.1125560998916626
	1.1125314235687256
	1.112517237663269
	1.1124907732009888
	1.11246919631958
	1.1124505996704102
	1.1124303340911865
	1.112404227256775
	1.1123846769332886
	1.1123656034469604
	1.1123465299606323
	1.1123253107070923
	1.112302541732788
	1.1122832298278809
	1.1122746467590332
	1.1122560501098633
	1.1122387647628784
	1.1122244596481323
	1.1122018098831177
	1.112187385559082
	1.1121716499328613
	1.1121538877487183
	1.112133502960205
	1.1121176481246948
	1.1121076345443726
	1.1120848655700684
	1.1120694875717163
	1.1120500564575195
	1.1120233535766602
	1.1120026111602783
	1.1119879484176636
	1.1119705438613892
	1.1119447946548462
	1.1119211912155151
	1.111906886100769
	1.1118929386138916
	1.1118742227554321
	1.111861228942871
	1.1118484735488892
	1.111834168434143
	1.1118189096450806
	1.1118013858795166
	1.111780047416687
	1.1117608547210693
	1.1117428541183472
	1.1117247343063354
	1.111702561378479
	1.1116846799850464
	1.1116633415222168
	1.111640214920044
	1.1116185188293457
	1.1116063594818115
	1.1115883588790894
	1.1115714311599731
	1.1115598678588867
	1.1115448474884033
	1.111528754234314
	1.1115061044692993
	1.1114860773086548
	1.1114695072174072
	1.1114541292190552
	1.1114376783370972
	1.1114261150360107
	1.1114044189453125
	1.111382246017456
	1.1113698482513428
	1.1113417148590088
	1.1113258600234985
	1.111318826675415
	1.1112995147705078
	1.11127507686615
	1.1112602949142456
	1.1112462282180786
	1.1112228631973267
	1.1112018823623657
	1.1111770868301392
	1.1111515760421753
	1.1111353635787964
	1.1111174821853638
	1.1111072301864624
	1.1110979318618774
	1.1110810041427612
	1.1110655069351196
	1.111047625541687
	1.1110289096832275
	1.1110150814056396
	1.1109970808029175
	1.1109790802001953
	1.1109564304351807
	1.110938310623169
	1.1109126806259155
	1.110901951789856
	1.1108821630477905
	1.1108691692352295
	1.1108644008636475
	1.1108559370040894
	1.1108404397964478
	1.1108219623565674
	1.110807180404663
	1.1107902526855469
	1.1107739210128784
	1.1107614040374756
	1.1107515096664429
	1.1107337474822998
	1.1107172966003418
	1.1107003688812256
	1.1106936931610107
	1.1106760501861572
	1.1106595993041992
	1.1106414794921875
	1.1106237173080444
	1.1106034517288208
	1.110594391822815
	1.1105846166610718
	1.1105738878250122
	1.1105622053146362
	1.1105492115020752
	1.1105347871780396
	1.1105200052261353
	1.1105036735534668
	1.110483169555664
	1.110470175743103
	1.1104609966278076
	1.1104577779769897
	1.1104280948638916
	1.1104174852371216
	1.1104012727737427
	1.1103909015655518
	1.1103676557540894
	1.1103397607803345
	1.110320806503296
	1.1103127002716064
	1.1102935075759888
	1.1102863550186157
	1.1102739572525024
	1.1102511882781982
	1.1102373600006104
	1.110227346420288
	1.1102129220962524
	1.1101969480514526
	1.1101809740066528
	1.110162377357483
	1.110148310661316
	1.110129952430725
	1.110114574432373
	1.1100962162017822
	1.110085129737854
	1.1100736856460571
	1.1100680828094482
	1.1100507974624634
	1.11003577709198
	1.110018014907837
	1.1099919080734253
	1.109979271888733
	1.1099623441696167
	1.1099419593811035
	1.1099191904067993
	1.1099050045013428
	1.1098960638046265
	1.109880805015564
	1.1098636388778687
	1.1098415851593018
	1.109830617904663
	1.109807014465332
	1.109787940979004
	1.1097708940505981
	1.1097633838653564
	1.1097495555877686
	1.1097358465194702
	1.1097180843353271
	1.1097134351730347
	1.109697937965393
	1.1096909046173096
	1.1096805334091187
	1.1096621751785278
	1.10964834690094
	1.109626054763794
	1.1096104383468628
	1.1095973253250122
	1.1095858812332153
	1.1095699071884155
	1.1095633506774902
	1.109546422958374
	1.1095354557037354
	1.1095160245895386
	1.1095068454742432
	1.1094950437545776
	1.1094801425933838
	1.1094599962234497
	1.109440565109253
	1.109422206878662
	1.1094021797180176
	1.1093924045562744
	1.1093740463256836
	1.1093510389328003
	1.109333872795105
	1.1093173027038574
	1.1092954874038696
	1.1092745065689087
	1.109254002571106
	1.1092381477355957
	1.1092169284820557
	1.10919988155365
	1.1091910600662231
	1.1091856956481934
	1.1091651916503906
	1.109153389930725
	1.1091392040252686
	1.109127402305603
	1.1091084480285645
	1.1090970039367676
	1.109086275100708
	1.1090666055679321
	1.1090482473373413
	1.1090348958969116
	1.1090242862701416
	1.1090115308761597
	1.108996033668518
	1.1089938879013062
	1.1089730262756348
	1.1089669466018677
	1.1089595556259155
	1.1089465618133545
	1.1089329719543457
	1.1089142560958862
	1.1088982820510864
	1.10888671875
	1.108864426612854
	1.1088464260101318
	1.1088298559188843
	1.1088197231292725
	1.1088048219680786
	1.1087868213653564
	1.108770728111267
	1.1087524890899658
	1.1087400913238525
	1.1087230443954468
	1.1087108850479126
	1.1087003946304321
	1.1086993217468262
	1.1086865663528442
	1.108675241470337
	1.1086639165878296
	1.108642816543579
	1.1086291074752808
	1.108618140220642
	1.1085973978042603
	1.1085809469223022
	1.108565330505371
	1.1085641384124756
	1.1085540056228638
	1.1085354089736938
	1.1085199117660522
	1.1085060834884644
	1.1084939241409302
	1.1084741353988647
	1.1084667444229126
	1.108452320098877
	1.108443260192871
	1.1084345579147339
	1.1084232330322266
	1.1083985567092896
	1.1083887815475464
	1.108384370803833
	1.108375072479248
	1.1083626747131348
	1.1083439588546753
	1.1083327531814575
	1.108320713043213
	1.1083121299743652
	1.1082931756973267
	1.1082807779312134
	1.1082656383514404
	1.108263611793518
	1.108242154121399
	1.1082274913787842
	1.1082102060317993
	1.1081957817077637
	1.1081833839416504
	1.1081715822219849
	1.1081528663635254
	1.1081368923187256
	1.1081252098083496
	1.1081148386001587
	1.1081101894378662
	1.1080989837646484
	1.108088493347168
	1.1080782413482666
	1.1080690622329712
	1.1080456972122192
	1.1080366373062134
	1.1080225706100464
	1.1080018281936646
	1.1079808473587036
	1.1079576015472412
	1.107944130897522
	1.1079347133636475
	1.1079241037368774
	1.1079140901565552
	1.1079038381576538
	1.1078970432281494
	1.1078885793685913
	1.1078733205795288
	1.1078625917434692
	1.1078487634658813
	1.107840895652771
	1.107823371887207
	1.1078083515167236
	1.1077922582626343
	1.107782006263733
	1.1077728271484375
	1.107757568359375
	1.1077460050582886
	1.107736349105835
	1.107716679573059
	1.1077035665512085
	1.1076918840408325
	1.1076751947402954
	1.1076700687408447
	1.1076630353927612
	1.1076480150222778
	1.1076297760009766
	1.1076208353042603
	1.1076126098632812
	1.107601284980774
	1.1075937747955322
	1.107582688331604
	1.1075663566589355
	1.1075552701950073
	1.1075427532196045
	1.1075278520584106
	1.1075143814086914
	1.1075059175491333
	1.1074986457824707
	1.1074837446212769
	1.107469916343689
	1.1074670553207397
	1.1074515581130981
	1.1074419021606445
	1.1074223518371582
	1.1074063777923584
	1.107400894165039
	1.1073845624923706
	1.1073797941207886
	1.1073671579360962
	1.1073555946350098
	1.1073367595672607
	1.1073219776153564
	1.1073055267333984
	1.1072920560836792
	1.1072864532470703
	1.1072707176208496
	1.1072598695755005
	1.107254147529602
	1.1072427034378052
	1.1072237491607666
	1.1072206497192383
	1.1072087287902832
	1.107201099395752
	1.107187032699585
	1.1071794033050537
	1.1071678400039673
	1.107157588005066
	1.1071447134017944
	1.1071338653564453
	1.107121467590332
	1.1071137189865112
	1.1071045398712158
	1.1070828437805176
	1.1070698499679565
	1.1070544719696045
	1.1070517301559448
	1.1070400476455688
	1.1070283651351929
	1.1070117950439453
	1.1070020198822021
	1.1069939136505127
	1.1069730520248413
	1.106961965560913
	1.1069539785385132
	1.106938362121582
	1.1069204807281494
	1.1069121360778809
	1.1069108247756958
	1.106905460357666
	1.1068965196609497
	1.1068949699401855
	1.1068836450576782
	1.106868028640747
	1.106847882270813
	1.106834888458252
	1.1068211793899536
	1.106809377670288
	1.1068007946014404
	1.1067975759506226
	1.1067875623703003
	1.106780767440796
	1.1067655086517334
	1.1067538261413574
	1.1067448854446411
	1.1067372560501099
	1.1067249774932861
	1.1067076921463013
	1.1066889762878418
	1.1066699028015137
	1.1066645383834839
	1.1066510677337646
	1.1066447496414185
	1.1066372394561768
	1.1066213846206665
	1.1066032648086548
	1.1065915822982788
	1.1065764427185059
	1.1065630912780762
	1.1065468788146973
	1.1065318584442139
	1.1065142154693604
	1.1065014600753784
	1.106490135192871
	1.1064823865890503
	1.106471061706543
	1.1064574718475342
	1.106449842453003
	1.1064391136169434
	1.1064293384552002
	1.1064203977584839
	1.106407642364502
	1.1063988208770752
	1.1063858270645142
	1.1063714027404785
	1.1063616275787354
	1.106345295906067
	1.1063276529312134
	1.106321930885315
	1.1063108444213867
	1.1063019037246704
	1.106287956237793
	1.1062871217727661
	1.106279730796814
	1.106273889541626
	1.1062672138214111
	1.1062614917755127
	1.1062473058700562
	1.1062394380569458
	1.1062190532684326
	1.1062068939208984
	1.1062030792236328
	1.106198787689209
	1.1061879396438599
	1.1061807870864868
	1.10617196559906
	1.1061711311340332
	1.1061619520187378
	1.1061593294143677
	1.106148362159729
	1.1061371564865112
	1.1061192750930786
	1.106110692024231
	1.1061040163040161
	1.106100082397461
	1.106092929840088
	1.1060795783996582
	1.106073021888733
	1.1060631275177002
	1.1060494184494019
	1.1060386896133423
	1.106024980545044
	1.106022596359253
	1.1060081720352173
	1.105998158454895
	1.1059839725494385
	1.105973482131958
	1.105959415435791
	1.1059497594833374
	1.1059373617172241
	1.1059255599975586
	1.1059123277664185
	1.1058971881866455
	1.105887770652771
	1.1058759689331055
	1.10586416721344
	1.1058553457260132
	1.105837345123291
	1.1058303117752075
	1.1058135032653809
	1.1057997941970825
	1.1057811975479126
	1.105760931968689
	1.1057475805282593
	1.1057339906692505
	1.1057239770889282
	1.1057082414627075
	1.1056994199752808
	1.1056859493255615
	1.10568106174469
	1.1056747436523438
	1.105665922164917
	1.105652093887329
	1.1056393384933472
	1.1056268215179443
	1.1056228876113892
	1.105614423751831
	1.1056016683578491
	1.1055941581726074
	1.1055829524993896
	1.1055641174316406
	1.1055525541305542
	1.1055415868759155
	1.1055349111557007
	1.1055269241333008
	1.1055114269256592
	1.1054905652999878
	1.1054743528366089
	1.1054654121398926
	1.1054513454437256
	1.1054457426071167
	1.1054357290267944
	1.1054236888885498
	1.1054105758666992
	1.1054027080535889
	1.1053920984268188
	1.1053869724273682
	1.1053746938705444
	1.1053581237792969
	1.1053504943847656
	1.1053446531295776
	1.1053365468978882
	1.1053272485733032
	1.1053184270858765
	1.1053130626678467
	1.10529363155365
	1.1052920818328857
	1.1052849292755127
	1.1052736043930054
	1.1052615642547607
	1.1052443981170654
	1.105241060256958
	1.1052321195602417
	1.1052205562591553
	1.1052145957946777
	1.10520339012146
	1.1052067279815674
	1.10520601272583
	1.1051928997039795
	1.1051832437515259
	1.1051838397979736
	1.1051716804504395
	1.105162262916565
	1.1051491498947144
	1.1051390171051025
	1.105135202407837
]