[
	1.0798330307006836
	1.0797489881515503
	1.0796688795089722
	1.0795928239822388
	1.079492211341858
	1.0794159173965454
	1.0793297290802002
	1.0792527198791504
	1.0791831016540527
	1.0791213512420654
	1.079033374786377
	1.078953504562378
	1.078874945640564
	1.0787937641143799
	1.0787162780761719
	1.0786322355270386
	1.0785536766052246
	1.0784863233566284
	1.0783764123916626
	1.0783040523529053
	1.078224539756775
	1.0781570672988892
	1.078099012374878
	1.0780158042907715
	1.0779364109039307
	1.0778722763061523
	1.077815055847168
	1.077756404876709
	1.0776790380477905
	1.077599287033081
	1.0775401592254639
	1.0774730443954468
	1.0774015188217163
	1.0773341655731201
	1.0772364139556885
	1.0771546363830566
	1.0770820379257202
	1.077019214630127
	1.0769386291503906
	1.0768616199493408
	1.0767959356307983
	1.0767459869384766
	1.0766741037368774
	1.0766061544418335
	1.0765377283096313
	1.0764665603637695
	1.0763957500457764
	1.0763229131698608
	1.07626473903656
	1.0761967897415161
	1.0761290788650513
	1.0760606527328491
	1.0759987831115723
	1.0759308338165283
	1.0758737325668335
	1.0758004188537598
	1.075730562210083
	1.0756646394729614
	1.0756011009216309
	1.075541615486145
	1.0754790306091309
	1.075408935546875
	1.0753525495529175
	1.0752922296524048
	1.0752341747283936
	1.0751612186431885
	1.0751010179519653
	1.0750339031219482
	1.0749657154083252
	1.0748952627182007
	1.0748337507247925
	1.0747766494750977
	1.0747162103652954
	1.0746387243270874
	1.0745728015899658
	1.074508786201477
	1.074446678161621
	1.0743879079818726
	1.074324607849121
	1.0742616653442383
	1.074204444885254
	1.0741472244262695
	1.07407546043396
	1.0740076303482056
	1.0739459991455078
	1.0738847255706787
	1.0738242864608765
	1.073758602142334
	1.0737215280532837
	1.0736552476882935
	1.0735859870910645
	1.0735397338867188
	1.0734623670578003
	1.073408842086792
	1.0733625888824463
	1.0732916593551636
	1.073243260383606
	1.0731950998306274
	1.0731456279754639
	1.073089599609375
	1.0730398893356323
	1.0729799270629883
	1.0729286670684814
	1.072871208190918
	1.0728024244308472
	1.0727490186691284
	1.0727050304412842
	1.0726546049118042
	1.0725929737091064
	1.0725220441818237
	1.0724643468856812
	1.0724084377288818
	1.0723599195480347
	1.0723105669021606
	1.072239637374878
	1.0721900463104248
	1.072137475013733
	1.0720850229263306
	1.0720359086990356
	1.0719846487045288
	1.0719377994537354
	1.0718835592269897
	1.0718300342559814
	1.0717813968658447
	1.0717278718948364
	1.0716776847839355
	1.0716233253479004
	1.0715696811676025
	1.0715327262878418
	1.0714834928512573
	1.0714218616485596
	1.0713634490966797
	1.071326732635498
	1.0712838172912598
	1.0712261199951172
	1.071175217628479
	1.07113516330719
	1.0711004734039307
	1.0710636377334595
	1.0710233449935913
	1.0709747076034546
	1.070914387702942
	1.0708730220794678
	1.0708271265029907
	1.0707800388336182
	1.0707447528839111
	1.070706844329834
	1.0706541538238525
	1.0706111192703247
	1.0705815553665161
	1.070541501045227
	1.070491075515747
	1.0704588890075684
	1.0704123973846436
	1.0703736543655396
	1.070327639579773
	1.0702815055847168
	1.0702531337738037
	1.0702064037322998
	1.070164680480957
	1.0701159238815308
	1.0700626373291016
	1.070006012916565
	1.0699729919433594
	1.0699419975280762
	1.0699009895324707
	1.069863200187683
	1.0698322057724
	1.0697917938232422
	1.0697499513626099
	1.0697097778320312
	1.0696678161621094
	1.0696260929107666
	1.0695796012878418
	1.0695465803146362
	1.06951105594635
	1.0694637298583984
	1.0694286823272705
	1.0693694353103638
	1.069342851638794
	1.0693049430847168
	1.0692678689956665
	1.0692315101623535
	1.06918466091156
	1.0691450834274292
	1.0691065788269043
	1.069061517715454
	1.0690196752548218
	1.0689886808395386
	1.0689424276351929
	1.068894386291504
	1.0688542127609253
	1.0688167810440063
	1.068778395652771
	1.0687235593795776
	1.0686897039413452
	1.0686527490615845
	1.0686107873916626
	1.068581461906433
	1.0685527324676514
	1.0685147047042847
	1.0684839487075806
	1.0684555768966675
	1.0684149265289307
	1.06837797164917
	1.0683356523513794
	1.0682927370071411
	1.0682536363601685
	1.0682224035263062
	1.0681812763214111
	1.0681445598602295
	1.068118691444397
	1.0680854320526123
	1.068058967590332
	1.0680232048034668
	1.067991018295288
	1.067954659461975
	1.0679218769073486
	1.0678917169570923
	1.0678582191467285
	1.0678342580795288
	1.067787528038025
	1.067750096321106
	1.0677213668823242
	1.0676814317703247
	1.0676562786102295
	1.0676231384277344
	1.0675795078277588
	1.0675427913665771
	1.0675045251846313
	1.0674597024917603
	1.067434310913086
	1.0674030780792236
	1.0673658847808838
	1.0673421621322632
	1.0673002004623413
	1.0672667026519775
	1.0672346353530884
	1.0672061443328857
	1.067175269126892
	1.0671379566192627
	1.0671112537384033
	1.0670748949050903
	1.067054271697998
	1.0670292377471924
	1.066997766494751
	1.0669597387313843
	1.0669223070144653
	1.0668827295303345
	1.0668396949768066
	1.0668081045150757
	1.066784143447876
	1.0667494535446167
	1.0667104721069336
	1.066686749458313
	1.0666556358337402
	1.0666260719299316
	1.06659996509552
	1.0665725469589233
	1.066548466682434
	1.0665154457092285
	1.066487193107605
	1.0664503574371338
	1.0664325952529907
	1.0664101839065552
	1.0663682222366333
	1.0663352012634277
	1.0662992000579834
	1.0662751197814941
	1.0662506818771362
	1.0662225484848022
	1.0661869049072266
	1.0661661624908447
	1.0661354064941406
	1.0661091804504395
	1.0660866498947144
	1.0660592317581177
	1.0660288333892822
	1.065994143486023
	1.0659652948379517
	1.0659410953521729
	1.0659114122390747
	1.0658745765686035
	1.065858244895935
	1.065819263458252
	1.0657846927642822
	1.0657532215118408
	1.065718650817871
	1.0656908750534058
	1.0656635761260986
	1.065646767616272
	1.0656331777572632
	1.0656113624572754
	1.0655782222747803
	1.0655473470687866
	1.0655295848846436
	1.0654914379119873
	1.0654667615890503
	1.0654445886611938
	1.0654162168502808
	1.0653854608535767
	1.0653630495071411
	1.0653290748596191
	1.0653040409088135
	1.0652854442596436
	1.0652706623077393
	1.0652458667755127
	1.0652297735214233
	1.0652133226394653
	1.065186858177185
	1.0651731491088867
	1.065133810043335
	1.065106987953186
	1.0650770664215088
	1.0650545358657837
	1.0650290250778198
	1.06501305103302
	1.0649782419204712
	1.064951777458191
	1.064936637878418
	1.0649148225784302
	1.0648906230926514
	1.0648667812347412
	1.064853549003601
	1.064832091331482
	1.0648059844970703
	1.0647871494293213
	1.064767837524414
	1.0647460222244263
	1.0647190809249878
	1.064700722694397
	1.0646737813949585
	1.0646461248397827
	1.0646259784698486
	1.0646132230758667
	1.0645854473114014
	1.064566969871521
	1.0645503997802734
	1.0645391941070557
	1.0645145177841187
	1.064487099647522
	1.0644655227661133
	1.0644484758377075
	1.0644298791885376
	1.0644060373306274
	1.0643894672393799
	1.064361572265625
	1.0643537044525146
	1.0643366575241089
	1.0643255710601807
	1.0643078088760376
	1.06428062915802
	1.0642600059509277
	1.0642410516738892
	1.0642234086990356
	1.0642027854919434
	1.0641931295394897
	1.0641745328903198
	1.0641472339630127
	1.0641409158706665
	1.0641156435012817
	1.064101219177246
	1.0640729665756226
	1.064048409461975
	1.064044713973999
	1.0640398263931274
	1.0640240907669067
	1.0640051364898682
	1.063986897468567
	1.063974142074585
	1.0639592409133911
	1.0639410018920898
	1.0639313459396362
	1.06391179561615
	1.0638892650604248
	1.0638762712478638
	1.0638507604599
	1.0638413429260254
	1.0638290643692017
	1.0637991428375244
	1.0637928247451782
	1.0637768507003784
	1.063762903213501
	1.063751459121704
	1.063745379447937
	1.0637421607971191
	1.0637298822402954
	1.063722848892212
	1.0637073516845703
	1.063700795173645
	1.0636852979660034
	1.0636703968048096
	1.0636504888534546
	1.0636398792266846
	1.0636204481124878
	1.0636084079742432
	1.0635948181152344
	1.0635778903961182
	1.0635652542114258
	1.0635567903518677
	1.0635441541671753
	1.0635340213775635
	1.0635231733322144
	1.0635168552398682
	1.0635018348693848
	1.0634948015213013
	1.0634771585464478
	1.063470721244812
	1.0634580850601196
	1.0634434223175049
	1.0634385347366333
	1.0634305477142334
	1.0634143352508545
	1.0634143352508545
	1.0634098052978516
	1.063407301902771
	1.0633885860443115
	1.0633796453475952
	1.0633602142333984
	1.063347578048706
	1.0633364915847778
	1.063322901725769
	1.0633113384246826
	1.063305139541626
	1.0632959604263306
	1.0632810592651367
	1.0632703304290771
	1.0632648468017578
	1.0632538795471191
	1.0632506608963013
	1.063244342803955
	1.0632259845733643
	1.063218593597412
	1.0632151365280151
	1.0632097721099854
	1.063212275505066
	1.0632067918777466
	1.0631955862045288
	1.0631837844848633
	1.0631812810897827
	1.0631725788116455
	1.0631712675094604
	1.063161015510559
	1.0631582736968994
	1.0631606578826904
	1.0631545782089233
	1.0631529092788696
	1.063147783279419
	1.06312894821167
	1.0631238222122192
	1.0631206035614014
	1.06312096118927
	1.0631110668182373
	1.0631102323532104
	1.0631115436553955
	1.0631062984466553
	1.0631109476089478
	1.0630991458892822
	1.0630947351455688
	1.063088297843933
	1.0630831718444824
	1.0630725622177124
	1.0630536079406738
	1.0630515813827515
	1.0630624294281006
	1.063055157661438
	1.0630544424057007
	1.0630489587783813
	1.0630393028259277
	1.0630332231521606
	1.063027262687683
	1.0630229711532593
	1.0630230903625488
	1.0630258321762085
	1.063031792640686
	1.063029408454895
	1.0630422830581665
	1.0630415678024292
	1.0630435943603516
	1.0630438327789307
	1.0630371570587158
	1.063037395477295
	1.0630370378494263
	1.063028335571289
	1.0630255937576294
	1.0630245208740234
	1.0630137920379639
	1.063009262084961
	1.0630066394805908
	1.063002347946167
	1.063006043434143
	1.0629981756210327
	1.063001036643982
	1.0629936456680298
	1.0629899501800537
	1.0629974603652954
	1.0629984140396118
	1.0629897117614746
	1.062976360321045
	1.062972068786621
	1.0629740953445435
	1.0629713535308838
	1.0629743337631226
	1.0629736185073853
	1.062976598739624
	1.0629774332046509
	1.0629713535308838
	1.0629786252975464
	1.0629914999008179
	1.0629914999008179
	1.0629925727844238
	1.0629838705062866
	1.0629817247390747
	1.0629831552505493
	1.0629897117614746
	1.0629994869232178
	1.062986969947815
	1.0629762411117554
	1.0629762411117554
	1.0629653930664062
	1.0629700422286987
	1.0629628896713257
	1.0629589557647705
	1.0629528760910034
	1.062944769859314
	1.0629435777664185
	1.0629475116729736
	1.0629521608352661
	1.0629404783248901
	1.0629470348358154
	1.0629504919052124
	1.0629445314407349
	1.0629488229751587
	1.062950611114502
	1.062953233718872
	1.062954068183899
	1.0629619359970093
	1.06296968460083
	1.062962293624878
	1.0629634857177734
	1.062971830368042
	1.0629770755767822
	1.0629792213439941
	1.0629738569259644
	1.0629816055297852
	1.0629814863204956
	1.062988042831421
	1.0629769563674927
	1.0629909038543701
	1.0630085468292236
	1.0630234479904175
	1.0630325078964233
	1.0630394220352173
	1.0630464553833008
	1.0630532503128052
	1.0630558729171753
	1.0630712509155273
	1.0630700588226318
	1.063062071800232
	1.0630658864974976
	1.063056468963623
	1.063058853149414
	1.063056230545044
	1.0630539655685425
	1.0630627870559692
	1.0630630254745483
	1.0630671977996826
	1.0630853176116943
	1.063090205192566
	1.0630894899368286
	1.0630923509597778
	1.063106894493103
	1.0631152391433716
	1.0631210803985596
	1.0631223917007446
	1.0631294250488281
	1.0631321668624878
	1.0631194114685059
	1.0631293058395386
	1.0631355047225952
	1.0631451606750488
	1.0631566047668457
	1.0631705522537231
	1.063170075416565
	1.0631765127182007
	1.063186764717102
	1.0631849765777588
	1.0631942749023438
	1.0631989240646362
	1.0632097721099854
	1.0632163286209106
	1.0632243156433105
	1.0632296800613403
	1.063236951828003
	1.0632426738739014
	1.0632625818252563
	1.0632730722427368
	1.0632779598236084
	1.0632878541946411
	1.0632960796356201
	1.0633087158203125
	1.0633068084716797
	1.0633206367492676
	1.0633243322372437
	1.0633310079574585
	1.0633370876312256
	1.063344955444336
	1.0633556842803955
	1.063367247581482
	1.0633800029754639
	1.0633926391601562
	1.0634039640426636
	1.0634279251098633
	1.0634360313415527
	1.0634456872940063
	1.0634559392929077
	1.063460111618042
	1.0634634494781494
	1.063472032546997
	1.063478946685791
	1.063481330871582
	1.063484787940979
	1.0634896755218506
	1.0634969472885132
	1.0635018348693848
	1.0635138750076294
	1.0635212659835815
	1.0635319948196411
	1.0635395050048828
	1.0635515451431274
	1.063565731048584
	1.0635685920715332
	1.0635769367218018
	1.0635905265808105
	1.0635906457901
	1.0636019706726074
	1.0636121034622192
	1.063628077507019
	1.0636420249938965
	1.06364905834198
	1.0636621713638306
	1.0636764764785767
	1.063693642616272
	1.0637071132659912
	1.0637203454971313
	1.0637359619140625
	1.0637485980987549
	1.0637608766555786
	1.063761591911316
	1.0637729167938232
	1.063778281211853
	1.0637813806533813
	1.0638011693954468
	1.063806176185608
	1.0638211965560913
	1.0638407468795776
	1.0638481378555298
	1.0638600587844849
	1.0638796091079712
	1.0639017820358276
	1.0639091730117798
	1.0639047622680664
	1.063926339149475
	1.0639314651489258
	1.0639333724975586
	1.0639398097991943
	1.0639528036117554
	1.0639588832855225
	1.0639729499816895
	1.063989281654358
	1.0639965534210205
	1.064003348350525
	1.0640078783035278
	1.0640193223953247
	1.0640226602554321
	1.0640318393707275
	1.0640382766723633
	1.0640407800674438
	1.0640596151351929
	1.0640630722045898
	1.0640748739242554
	1.064086675643921
	1.0640966892242432
	1.0641053915023804
	1.06410813331604
	1.0641225576400757
	1.0641343593597412
	1.0641306638717651
	1.0641396045684814
	1.0641621351242065
	1.0641815662384033
	1.064202070236206
	1.0642141103744507
	1.0642344951629639
	1.0642452239990234
	1.0642560720443726
	1.0642688274383545
	1.0642762184143066
	1.064285397529602
	1.0642988681793213
	1.0643123388290405
	1.0643386840820312
	1.0643519163131714
	1.064374327659607
	1.0643932819366455
	1.0644073486328125
	1.0644176006317139
	1.06443190574646
	1.0644429922103882
	1.0644479990005493
	1.0644564628601074
	1.0644723176956177
	1.064481496810913
	1.0644915103912354
	1.0645047426223755
	1.064526081085205
	1.0645347833633423
	1.0645487308502197
	1.064555048942566
	1.0645755529403687
	1.064592719078064
	1.0646023750305176
	1.0646247863769531
	1.0646498203277588
	1.064669132232666
	1.0646811723709106
	1.0647032260894775
	1.0647121667861938
	1.0647248029708862
	1.0647450685501099
	1.0647481679916382
	1.0647684335708618
	1.0647847652435303
	1.06480872631073
	1.0648362636566162
	1.0648468732833862
	1.0648553371429443
	1.0648634433746338
	1.0648788213729858
	1.0649008750915527
	1.0649183988571167
	1.064936637878418
	1.0649560689926147
	1.064979076385498
	1.0650066137313843
	1.0650203227996826
	1.0650410652160645
	1.0650453567504883
	1.0650570392608643
	1.0650660991668701
	1.065078854560852
	1.0651036500930786
	1.0651205778121948
	1.0651525259017944
	1.0651789903640747
	1.0651960372924805
	1.0652152299880981
	1.0652356147766113
	1.0652525424957275
	1.0652663707733154
	1.0652918815612793
	1.065301537513733
	1.065316081047058
	1.0653400421142578
	1.0653595924377441
	1.0653774738311768
	1.0654022693634033
	1.065409541130066
	1.0654252767562866
	1.0654374361038208
	1.0654491186141968
	1.065466046333313
	1.0654780864715576
	1.0654929876327515
	1.0655204057693481
	1.0655386447906494
	1.0655444860458374
	1.0655701160430908
	1.0655854940414429
	1.0656055212020874
	1.0656239986419678
	1.065636396408081
	1.065651297569275
	1.0656681060791016
	1.0656816959381104
	1.0657140016555786
	1.0657411813735962
	1.0657585859298706
	1.0657765865325928
	1.0657939910888672
	1.065821647644043
	1.065837025642395
	1.0658512115478516
	1.0658669471740723
	1.0658812522888184
	1.0659055709838867
	1.0659242868423462
	1.065940022468567
	1.0659503936767578
	1.065970778465271
	1.065985918045044
	1.066003680229187
	1.066022276878357
	1.066037654876709
	1.0660439729690552
	1.066063642501831
	1.066089391708374
	1.0661004781723022
	1.0661202669143677
	1.066130518913269
	1.0661500692367554
	1.0661598443984985
	1.0661838054656982
	1.0662047863006592
	1.0662364959716797
	1.0662574768066406
	1.066283106803894
	1.066300392150879
	1.06631338596344
	1.0663381814956665
	1.0663567781448364
	1.0663690567016602
	1.066377878189087
	1.0664020776748657
	1.066421389579773
	1.066446304321289
	1.0664654970169067
	1.0664806365966797
	1.0665029287338257
	1.0665243864059448
	1.066540241241455
	1.0665602684020996
	1.0665806531906128
	1.066598892211914
	1.0666266679763794
	1.066656231880188
	1.066677451133728
	1.0666967630386353
	1.0667275190353394
	1.0667613744735718
	1.06678307056427
	1.0668030977249146
	1.0668301582336426
	1.0668597221374512
	1.0668904781341553
	1.0669167041778564
	1.0669243335723877
	1.0669455528259277
	1.0669655799865723
	1.0669825077056885
	1.0670039653778076
	1.0670307874679565
	1.0670491456985474
	1.0670727491378784
	1.0670908689498901
	1.0671106576919556
	1.0671277046203613
	1.0671555995941162
	1.067184329032898
	1.067204475402832
	1.0672229528427124
	1.067245364189148
	1.067277193069458
	1.0672858953475952
	1.0673058032989502
	1.0673130750656128
	1.067344069480896
	1.0673699378967285
	1.0673999786376953
	1.0674139261245728
	1.0674357414245605
	1.067457914352417
	1.0674829483032227
	1.0674980878829956
	1.067511796951294
	1.0675349235534668
	1.067554235458374
	1.067564845085144
	1.0675954818725586
	1.0676227807998657
	1.067636489868164
	1.0676559209823608
	1.0676803588867188
	1.0677074193954468
	1.0677326917648315
	1.0677567720413208
	1.0677741765975952
	1.0677869319915771
	1.0678130388259888
	1.0678433179855347
	1.0678763389587402
	1.0678880214691162
	1.0679107904434204
	1.0679336786270142
	1.067954182624817
	1.0679739713668823
	1.0679967403411865
	1.0680205821990967
	1.0680497884750366
	1.068076491355896
	1.0680955648422241
	1.0681153535842896
	1.0681401491165161
	1.068151593208313
	1.0681731700897217
	1.0681874752044678
	1.0682055950164795
	1.0682322978973389
	1.0682626962661743
	1.0682826042175293
	1.068308711051941
	1.0683376789093018
	1.068358302116394
	1.0683704614639282
	1.068396806716919
	1.0684177875518799
	1.0684340000152588
	1.0684536695480347
	1.0684715509414673
	1.068494439125061
	1.0685093402862549
	1.0685268640518188
	1.068558692932129
	1.0685867071151733
	1.0686055421829224
	1.0686360597610474
	1.068662405014038
	1.0686767101287842
	1.0687059164047241
	1.068732738494873
	1.0687445402145386
	1.0687648057937622
	1.0687894821166992
	1.0688155889511108
	1.0688382387161255
	1.0688705444335938
	1.068892002105713
	1.0689128637313843
	1.0689339637756348
	1.0689550638198853
	1.0689821243286133
	1.069010615348816
	1.0690356492996216
	1.06905996799469
	1.069070816040039
	1.0691032409667969
	1.0691344738006592
	1.069162130355835
	1.069191813468933
	1.0692224502563477
	1.0692472457885742
	1.069278597831726
	1.0693073272705078
	1.069322943687439
	1.0693403482437134
	1.0693669319152832
	1.06938636302948
	1.069413423538208
	1.0694389343261719
	1.0694580078125
	1.0694724321365356
	1.0694918632507324
	1.069522500038147
	1.0695528984069824
	1.0695728063583374
	1.069601058959961
	1.0696327686309814
	1.069655179977417
	1.0696837902069092
	1.0697113275527954
	1.069746494293213
	1.0697695016860962
	1.0697940587997437
	1.0698167085647583
	1.0698363780975342
	1.0698634386062622
	1.0698835849761963
	1.0698961019515991
	1.0699143409729004
	1.0699363946914673
	1.0699645280838013
	1.0699841976165771
	1.0700123310089111
	1.0700374841690063
	1.0700713396072388
	1.0700862407684326
	1.0701078176498413
	1.0701240301132202
	1.0701435804367065
	1.0701597929000854
	1.0701911449432373
	1.0702115297317505
	1.070241093635559
	1.0702768564224243
	1.0702954530715942
	1.070311427116394
	1.0703344345092773
	1.070353627204895
	1.0703786611557007
	1.0704017877578735
	1.0704314708709717
	1.070453405380249
	1.070482850074768
	1.070507287979126
	1.0705338716506958
	1.0705652236938477
	1.070582389831543
	1.0706111192703247
	1.0706311464309692
	1.0706638097763062
	1.0706812143325806
	1.0707069635391235
	1.0707314014434814
	1.070748209953308
	1.0707697868347168
	1.0707988739013672
	1.0708246231079102
	1.0708504915237427
	1.0708796977996826
	1.070899248123169
	1.0709177255630493
	1.070941686630249
	1.0709670782089233
	1.070995569229126
	1.07102632522583
	1.0710406303405762
	1.0710662603378296
	1.0710856914520264
	1.0711064338684082
	1.0711381435394287
	1.0711615085601807
	1.0711853504180908
	1.0712157487869263
	1.0712473392486572
	1.0712707042694092
	1.0713008642196655
	1.0713223218917847
	1.071353793144226
	1.071385145187378
	1.0714126825332642
	1.071427822113037
	1.0714563131332397
	1.0714805126190186
	1.0715084075927734
	1.0715339183807373
	1.0715584754943848
	1.0715922117233276
	1.0716147422790527
	1.0716346502304077
	1.0716630220413208
	1.0717014074325562
	1.0717164278030396
	1.0717459917068481
	1.0717697143554688
	1.0717928409576416
	1.0718084573745728
	1.0718320608139038
	1.0718408823013306
	1.0718730688095093
	1.0718928575515747
	1.0719295740127563
	1.0719507932662964
	1.0719735622406006
	1.0719939470291138
	1.0720245838165283
	1.0720486640930176
	1.0720791816711426
	1.0721068382263184
	1.072145700454712
	1.0721608400344849
	1.0721871852874756
	1.0722033977508545
	1.072229027748108
	1.072244644165039
	1.0722752809524536
	1.072296380996704
	1.0723211765289307
	1.072333812713623
	1.0723499059677124
	1.0723603963851929
	1.0723956823349
	1.0724223852157593
	1.0724403858184814
	1.0724674463272095
	1.0724964141845703
	1.072522521018982
	1.07255220413208
	1.0725651979446411
	1.072593331336975
	1.0726187229156494
	1.072645664215088
	1.0726678371429443
	1.0726898908615112
	1.072714924812317
	1.0727461576461792
	1.0727744102478027
	1.07280695438385
	1.0728367567062378
	1.0728654861450195
	1.0729097127914429
	1.072946310043335
	1.0729621648788452
	1.072995662689209
	1.0730156898498535
	1.073042869567871
	1.0730682611465454
	1.0730881690979004
	1.0731102228164673
	1.0731405019760132
	1.073167324066162
	1.0731931924819946
	1.0732171535491943
	1.0732451677322388
	1.0732687711715698
	1.0732972621917725
	1.0733211040496826
	1.073349118232727
	1.0733742713928223
	1.073411226272583
	1.0734354257583618
	1.0734658241271973
	1.0734899044036865
	1.0735267400741577
	1.0735503435134888
	1.0735684633255005
	1.0735962390899658
	1.0736300945281982
	1.073663353919983
	1.073694109916687
	1.073721170425415
	1.073758602142334
	1.073781967163086
	1.073800802230835
	1.0738247632980347
	1.0738545656204224
	1.0738739967346191
	1.0738905668258667
	1.0739226341247559
	1.0739535093307495
	1.0739660263061523
	1.074005126953125
	1.0740402936935425
	1.074057698249817
	1.074084997177124
	1.0741018056869507
	1.0741208791732788
	1.0741468667984009
	1.0741748809814453
	1.0742007493972778
	1.0742194652557373
	1.0742448568344116
	1.0742751359939575
	1.074302315711975
	1.0743423700332642
	1.0743680000305176
	1.0743948221206665
	1.0744184255599976
	1.0744450092315674
	1.074471116065979
	1.074487328529358
	1.0745295286178589
	1.074552059173584
	1.0745843648910522
	1.0746134519577026
	1.074641466140747
	1.0746574401855469
	1.0746792554855347
	1.0747135877609253
	1.074731469154358
	1.0747400522232056
	1.0747694969177246
	1.0748040676116943
	1.0748302936553955
	1.0748540163040161
	1.0748884677886963
	1.0749197006225586
	1.0749391317367554
	1.074973464012146
	1.075003981590271
	1.075026273727417
	1.0750521421432495
	1.0750985145568848
	1.0751286745071411
	1.0751570463180542
	1.075177788734436
	1.0751982927322388
	1.0752365589141846
	1.0752696990966797
	1.0752962827682495
	1.075325608253479
	1.0753437280654907
	1.0753774642944336
	1.0754165649414062
	1.0754423141479492
	1.0754597187042236
	1.0755025148391724
	1.0755324363708496
	1.0755637884140015
	1.0755946636199951
	1.0756142139434814
	1.0756421089172363
	1.075669765472412
	1.0756921768188477
	1.0757155418395996
	1.075735092163086
	1.0757478475570679
	1.075778603553772
	1.0758140087127686
	1.0758435726165771
	1.0758740901947021
	1.0759013891220093
	1.075936198234558
	1.0759705305099487
	1.0759947299957275
	1.0760128498077393
	1.0760319232940674
	1.076073408126831
	1.0761096477508545
	1.076141595840454
	1.0761600732803345
	1.0761921405792236
	1.076217532157898
	1.0762355327606201
	1.0762608051300049
	1.0762929916381836
	1.0763180255889893
	1.0763561725616455
	1.0763781070709229
	1.076405644416809
	1.076422095298767
	1.0764509439468384
	1.076465368270874
	1.0764970779418945
	1.0765249729156494
	1.0765438079833984
	1.0765628814697266
	1.0765876770019531
	1.0766221284866333
	1.076650857925415
	1.0766745805740356
	1.0767029523849487
	1.0767412185668945
	1.0767714977264404
	1.0768011808395386
	1.0768300294876099
	1.0768605470657349
	1.0768877267837524
	1.0769188404083252
	1.076945424079895
	1.0769703388214111
	1.076995611190796
	1.0770339965820312
	1.0770572423934937
	1.0770750045776367
	1.0771069526672363
	1.0771310329437256
	1.0771671533584595
	1.0771934986114502
	1.0772058963775635
	1.0772297382354736
	1.0772614479064941
	1.0772875547409058
	1.0773190259933472
	1.0773459672927856
	1.0773780345916748
	1.077404260635376
	1.077427625656128
	1.0774461030960083
	1.0774725675582886
	1.0775022506713867
	1.0775209665298462
	1.0775337219238281
	1.0775541067123413
	1.0775710344314575
	1.0775995254516602
	1.0776234865188599
	1.0776468515396118
	1.0776660442352295
	1.0776904821395874
	1.077707052230835
	1.0777339935302734
	1.0777615308761597
	1.0777971744537354
	1.0778204202651978
	1.077851414680481
	1.077877163887024
	1.0779030323028564
	1.07793128490448
	1.0779577493667603
	1.077980875968933
	1.0780059099197388
	1.0780346393585205
	1.0780527591705322
	1.0780807733535767
	1.0781009197235107
	1.0781241655349731
	1.0781446695327759
	1.0781681537628174
	1.0781928300857544
	1.078221321105957
	1.0782502889633179
	1.078269600868225
	1.078302025794983
	1.078319787979126
	1.0783522129058838
	1.0783849954605103
	1.0784226655960083
	1.078452467918396
	1.078492283821106
	1.078519344329834
	1.0785573720932007
	1.0785844326019287
	1.0786082744598389
	1.0786381959915161
	1.078660249710083
	1.0786900520324707
	1.0787261724472046
	1.0787570476531982
	1.0787893533706665
	1.07882559299469
	1.078845739364624
	1.0788772106170654
	1.0788915157318115
	1.0789079666137695
	1.0789285898208618
	1.0789567232131958
	1.0789822340011597
	1.0790034532546997
	1.0790321826934814
	1.0790632963180542
	1.0790857076644897
	1.079101800918579
	1.0791393518447876
	1.07916259765625
	1.0791940689086914
	1.079233169555664
	1.0792704820632935
	1.079298496246338
	1.0793324708938599
	1.0793668031692505
	1.0793993473052979
	1.0794286727905273
	1.079444169998169
	1.0794707536697388
	1.0794999599456787
	1.0795236825942993
	1.0795531272888184
	1.0795788764953613
	1.0796122550964355
	1.0796409845352173
	1.0796767473220825
	1.079699993133545
	1.079722285270691
	1.0797394514083862
	1.079756259918213
	1.079790472984314
	1.0798245668411255
	1.0798450708389282
	1.0798723697662354
	1.079904317855835
	1.0799267292022705
	1.0799533128738403
	1.0799881219863892
	1.0800011157989502
	1.0800386667251587
	1.080074667930603
	1.080112099647522
	1.0801373720169067
	1.0801746845245361
	1.080199122428894
	1.0802112817764282
	1.0802345275878906
	1.080262541770935
	1.0802881717681885
	1.0803054571151733
	1.0803380012512207
	1.0803779363632202
	1.0804070234298706
	1.0804240703582764
	1.080456256866455
	1.0804708003997803
	1.0804871320724487
	1.0805140733718872
	1.0805517435073853
	1.0805654525756836
	1.0805931091308594
	1.0806251764297485
	1.0806350708007812
	1.0806655883789062
	1.080685019493103
	1.0807139873504639
	1.080748200416565
	1.080771565437317
	1.0807863473892212
	1.0808154344558716
	1.0808353424072266
	1.0808664560317993
	1.0808985233306885
	1.080933690071106
	1.0809621810913086
	1.080978512763977
	1.0810075998306274
	1.0810261964797974
	1.0810550451278687
	1.0810751914978027
	1.08109450340271
	1.0811268091201782
	1.0811601877212524
	1.081191062927246
	1.081213355064392
	1.0812467336654663
	1.0812779664993286
	1.0813069343566895
	1.0813419818878174
	1.0813761949539185
	1.0813956260681152
	1.0814324617385864
	1.0814619064331055
	1.0814974308013916
	1.0815244913101196
	1.0815435647964478
	1.0815540552139282
	1.0815844535827637
	1.081617832183838
	1.081642508506775
	1.081687092781067
	1.0817102193832397
	1.0817276239395142
	1.0817588567733765
	1.0817896127700806
	1.0818259716033936
	1.0818465948104858
	1.0818685293197632
	1.0818977355957031
	1.081929326057434
	1.081945776939392
	1.0819815397262573
	1.0820039510726929
	1.082026720046997
	1.0820509195327759
	1.0820704698562622
	1.0821003913879395
	1.0821292400360107
	1.0821497440338135
	1.0821760892868042
	1.082200288772583
	1.0822265148162842
	1.0822622776031494
	1.082285761833191
	1.0823240280151367
	1.082352638244629
	1.0823676586151123
	1.0823866128921509
	1.0824106931686401
	1.0824408531188965
	1.0824739933013916
	1.0824975967407227
	1.0825278759002686
	1.0825536251068115
	1.0825661420822144
	1.082588791847229
	1.0826201438903809
	1.0826383829116821
	1.0826680660247803
	1.0826902389526367
	1.082712173461914
	1.0827337503433228
	1.0827546119689941
	1.0827888250350952
	1.0828182697296143
	1.0828384160995483
	1.0828502178192139
	1.0828864574432373
	1.0829076766967773
	1.0829366445541382
	1.0829627513885498
	1.0829942226409912
	1.0830243825912476
	1.0830470323562622
	1.083082675933838
	1.0831092596054077
	1.0831294059753418
	1.083147406578064
	1.0831753015518188
	1.083203911781311
	1.0832310914993286
	1.0832630395889282
	1.0832970142364502
	1.0833162069320679
	1.083335041999817
	1.0833561420440674
	1.083376169204712
	1.0833971500396729
	1.0834224224090576
	1.0834541320800781
	1.08347749710083
	1.083509922027588
	1.0835384130477905
	1.0835682153701782
	1.0835881233215332
	1.0836172103881836
	1.0836350917816162
	1.0836637020111084
	1.0836868286132812
	1.083714485168457
	1.0837432146072388
	1.083767056465149
	1.083796739578247
	1.0838298797607422
	1.0838451385498047
	1.0838770866394043
	1.0839147567749023
	1.0839320421218872
	1.0839658975601196
	1.0839951038360596
	1.0840104818344116
	1.0840340852737427
	1.084058165550232
	1.0840964317321777
	1.0841156244277954
	1.08414626121521
	1.0841706991195679
	1.08419668674469
	1.0842056274414062
	1.0842270851135254
	1.0842410326004028
	1.0842645168304443
	1.0842939615249634
	1.0843102931976318
	1.0843396186828613
	1.0843677520751953
	1.0844030380249023
	1.0844180583953857
	1.0844413042068481
	1.0844780206680298
	1.0845146179199219
	1.0845483541488647
	1.0845706462860107
	1.0846030712127686
	1.084608554840088
	1.0846272706985474
	1.084649682044983
	1.084679126739502
	1.0847077369689941
	1.0847378969192505
	1.0847523212432861
	1.0847781896591187
	1.0848194360733032
	1.0848419666290283
	1.0848605632781982
	1.084876537322998
	1.0848959684371948
	1.0849162340164185
	1.0849449634552002
	1.0849671363830566
	1.0849875211715698
	1.0850138664245605
	1.0850287675857544
	1.0850473642349243
	1.0850660800933838
	1.0850999355316162
	1.0851221084594727
	1.0851439237594604
	1.0851738452911377
	1.0852088928222656
	1.0852248668670654
	1.0852465629577637
	1.0852766036987305
	1.0853017568588257
	1.0853251218795776
	1.085347056388855
	1.0853657722473145
	1.0854026079177856
	1.0854259729385376
	1.0854485034942627
	1.0854682922363281
	1.0854960680007935
	1.0855227708816528
	1.085549235343933
	1.0855742692947388
	1.085578441619873
	1.0856010913848877
	1.0856289863586426
	1.0856614112854004
	1.0856873989105225
	1.085709810256958
	1.0857313871383667
	1.0857560634613037
	1.085772156715393
	1.085793375968933
	1.0858317613601685
	1.0858527421951294
	1.085873007774353
	1.085896372795105
	1.0859109163284302
	1.085931420326233
	1.0859627723693848
	1.0859838724136353
	1.08600652217865
	1.0860439538955688
	1.0860644578933716
	1.0860803127288818
	1.086104393005371
	1.0861464738845825
	1.0861724615097046
	1.0861965417861938
	1.0862083435058594
	1.0862374305725098
	1.0862669944763184
	1.086280107498169
	1.0863112211227417
	1.086344599723816
	1.0863747596740723
	1.0863978862762451
	1.0864098072052002
	1.0864336490631104
	1.0864630937576294
	1.086485743522644
	1.0865046977996826
	1.0865342617034912
	1.0865631103515625
	1.0865967273712158
	1.0866196155548096
	1.0866516828536987
	1.0866751670837402
	1.0866966247558594
	1.0867122411727905
	1.0867398977279663
	1.0867706537246704
	1.0867966413497925
	1.0868122577667236
	1.086836338043213
	1.0868536233901978
	1.0868732929229736
	1.0868971347808838
	1.0869039297103882
	1.0869299173355103
	1.0869609117507935
	1.0869855880737305
	1.0870106220245361
	1.0870403051376343
	1.087057113647461
	1.0870696306228638
	1.0871121883392334
	1.0871403217315674
	1.0871657133102417
	1.0871845483779907
	1.0872081518173218
	1.0872265100479126
	1.087247610092163
	1.0872726440429688
	1.0873116254806519
	1.0873520374298096
	1.0873841047286987
	1.0874154567718506
	1.0874381065368652
	1.0874590873718262
	1.0875056982040405
	1.0875345468521118
	1.0875587463378906
	1.0875800848007202
	1.0876061916351318
	1.0876359939575195
	1.0876652002334595
	1.0876842737197876
	1.087715983390808
	1.0877373218536377
	1.087756872177124
	1.0877925157546997
	1.0878065824508667
	1.0878382921218872
	1.0878608226776123
	1.0878950357437134
	1.0879151821136475
	1.0879465341567993
	1.087969422340393
	1.0879923105239868
	1.088019847869873
	1.0880470275878906
	1.0880684852600098
	1.088091492652893
	1.0881224870681763
	1.0881505012512207
	1.0881730318069458
	1.0881898403167725
	1.0882043838500977
	1.0882251262664795
	1.0882468223571777
	1.0882710218429565
	1.0882878303527832
	1.0883002281188965
	1.0883195400238037
	1.0883501768112183
	1.0883842706680298
	1.0884047746658325
	1.0884318351745605
	1.0884582996368408
	1.088470697402954
	1.088503122329712
	1.0885261297225952
	1.088546872138977
	1.0885623693466187
	1.0885913372039795
	1.088594913482666
	1.0886197090148926
	1.0886468887329102
	1.0886722803115845
	1.0886939764022827
	1.088729977607727
	1.088759183883667
	1.0887792110443115
	1.088797688484192
	1.0888336896896362
	1.0888561010360718
	1.088883399963379
	1.088908076286316
	1.0889378786087036
	1.0889678001403809
	1.088990569114685
	1.0890119075775146
	1.0890289545059204
	1.0890570878982544
	1.0890824794769287
	1.089123249053955
	1.0891469717025757
	1.0891810655593872
	1.0892071723937988
	1.0892319679260254
	1.0892539024353027
	1.0892784595489502
	1.0893040895462036
	1.089326024055481
	1.0893394947052002
	1.0893640518188477
	1.0893861055374146
	1.0894010066986084
	1.0894224643707275
	1.0894447565078735
	1.089461326599121
	1.0894705057144165
	1.0895015001296997
	1.089525818824768
	1.0895520448684692
	1.0895752906799316
	1.089585304260254
	1.0896142721176147
	1.0896401405334473
	1.0896611213684082
	1.0896803140640259
	1.0896949768066406
	1.0897274017333984
	1.089740514755249
	1.0897557735443115
	1.0897868871688843
	1.0898171663284302
	1.0898383855819702
	1.0898627042770386
	1.0898847579956055
	1.0899213552474976
	1.08993399143219
	1.089959740638733
	1.0899711847305298
	1.0900062322616577
	1.0900238752365112
	1.0900323390960693
	1.0900613069534302
	1.0900975465774536
	1.0901342630386353
	1.0901676416397095
	1.0901848077774048
	1.0902037620544434
	1.0902072191238403
	1.09024977684021
	1.0902681350708008
	1.0902901887893677
	1.0903246402740479
	1.090348720550537
	1.0903685092926025
	1.090406894683838
	1.0904335975646973
	1.0904661417007446
	1.090496301651001
	1.0905218124389648
	1.0905479192733765
	1.090569257736206
	1.0906015634536743
	1.0906254053115845
	1.0906529426574707
	1.0906779766082764
	1.0907092094421387
	1.09074068069458
	1.0907740592956543
	1.090802550315857
	1.0908122062683105
	1.0908321142196655
	1.090859293937683
	1.0908974409103394
	1.0909184217453003
	1.090945839881897
	1.0909720659255981
	1.091010570526123
	1.0910379886627197
	1.0910564661026
	1.0910778045654297
	1.0910909175872803
	1.0911258459091187
	1.0911407470703125
	1.0911693572998047
	1.0911996364593506
	1.0912303924560547
	1.0912425518035889
	1.091271162033081
	1.0912946462631226
	1.0913177728652954
	1.0913310050964355
	1.0913578271865845
	1.09140145778656
	1.0914300680160522
	1.0914545059204102
	1.091484785079956
	1.0915114879608154
	1.0915322303771973
	1.0915603637695312
	1.0915824174880981
	1.0915976762771606
	1.091617465019226
	1.0916473865509033
	1.0916770696640015
	1.0917034149169922
	1.0917260646820068
	1.0917410850524902
	1.0917683839797974
	1.091802954673767
	1.0918235778808594
	1.0918413400650024
	1.0918588638305664
	1.0918885469436646
	1.0919126272201538
	1.0919259786605835
	1.0919644832611084
	1.0919840335845947
	1.0920134782791138
	1.092028021812439
	1.092041015625
	1.0920677185058594
	1.0920872688293457
	1.0921128988265991
	1.0921396017074585
	1.0921549797058105
	1.0921822786331177
	1.0921989679336548
	1.0922224521636963
	1.0922589302062988
	1.0922824144363403
	1.0922988653182983
	1.092339038848877
	1.0923664569854736
	1.0923938751220703
	1.092419147491455
	1.0924509763717651
	1.092477798461914
	1.0924957990646362
	1.0925168991088867
	1.0925450325012207
	1.0925731658935547
	1.092596411705017
	1.0926328897476196
	1.092670202255249
	1.092693567276001
	1.0927345752716064
	1.0927717685699463
	1.0927976369857788
	1.0928289890289307
	1.0928505659103394
	1.0928665399551392
	1.0928832292556763
	1.0928993225097656
	1.0929242372512817
	1.0929573774337769
	1.092982530593872
	1.0930064916610718
	1.093037724494934
	1.0930593013763428
	1.0930852890014648
	1.0931113958358765
	1.0931332111358643
	1.0931601524353027
	1.0931769609451294
	1.0932024717330933
	1.0932209491729736
	1.0932544469833374
	1.0932742357254028
	1.0932997465133667
	1.0933226346969604
	1.0933531522750854
	1.0933690071105957
	1.0933935642242432
	1.0934181213378906
	1.0934488773345947
	1.0934724807739258
	1.0934983491897583
	1.0935149192810059
	1.093537449836731
	1.0935587882995605
	1.0935938358306885
	1.0936098098754883
	1.0936279296875
	1.0936524868011475
	1.0936630964279175
	1.0936938524246216
	1.0937209129333496
	1.0937495231628418
	1.093775749206543
	1.0937986373901367
	1.0938245058059692
	1.0938397645950317
	1.0938588380813599
	1.0938630104064941
	1.0939009189605713
	1.0939191579818726
	1.093953251838684
	1.0939849615097046
	1.0940172672271729
	1.0940351486206055
	1.094059705734253
	1.094091773033142
	1.0941227674484253
	1.0941500663757324
	1.0941721200942993
	1.0941786766052246
	1.094204068183899
	1.0942225456237793
	1.0942338705062866
	1.0942484140396118
	1.0942878723144531
	1.0943291187286377
	1.0943571329116821
	1.0943739414215088
	1.0944117307662964
	1.0944461822509766
	1.094472885131836
	1.0944918394088745
	1.0945117473602295
	1.0945284366607666
	1.0945476293563843
	1.0945663452148438
	1.0945974588394165
	1.094612956047058
	1.0946428775787354
	1.094672441482544
	1.0946909189224243
	1.0947068929672241
	1.0947121381759644
	1.0947449207305908
	1.0947705507278442
	1.0947943925857544
	1.0948193073272705
	1.094839334487915
	1.094868779182434
	1.0948857069015503
	1.0949053764343262
	1.0949217081069946
	1.0949527025222778
	1.0949764251708984
	1.0950113534927368
	1.0950337648391724
	1.09505033493042
	1.0950720310211182
	1.0950919389724731
	1.0951080322265625
	1.095150113105774
	1.0951780080795288
	1.0951995849609375
	1.0952204465866089
	1.095251202583313
	1.0952757596969604
	1.0952911376953125
	1.09531569480896
	1.0953378677368164
	1.0953607559204102
	1.0953755378723145
	1.095381736755371
	1.095413327217102
	1.0954368114471436
	1.0954643487930298
	1.095493197441101
	1.0955017805099487
	1.095535397529602
	1.0955592393875122
	1.0955759286880493
	1.0955924987792969
	1.0956199169158936
	1.0956510305404663
	1.0956851243972778
	1.095715045928955
	1.0957411527633667
	1.0957599878311157
	1.095779538154602
	1.095801591873169
	1.095819115638733
]