[
	1.2590385675430298
	1.2588738203048706
	1.258725643157959
	1.2585792541503906
	1.2584151029586792
	1.2582274675369263
	1.258036732673645
	1.2578574419021606
	1.2576760053634644
	1.2575087547302246
	1.2573506832122803
	1.257172703742981
	1.2569953203201294
	1.256821632385254
	1.2566426992416382
	1.256468415260315
	1.2563064098358154
	1.256135106086731
	1.2559524774551392
	1.2557876110076904
	1.2556220293045044
	1.2554548978805542
	1.2552833557128906
	1.2551285028457642
	1.2549680471420288
	1.2548184394836426
	1.2546495199203491
	1.2544918060302734
	1.2543367147445679
	1.2541762590408325
	1.2540199756622314
	1.2538609504699707
	1.2537134885787964
	1.2535417079925537
	1.2533750534057617
	1.253237247467041
	1.2530786991119385
	1.2529397010803223
	1.252785563468933
	1.2526487112045288
	1.252501368522644
	1.2523494958877563
	1.252209186553955
	1.2520663738250732
	1.2519102096557617
	1.2517521381378174
	1.2516028881072998
	1.2514723539352417
	1.2513107061386108
	1.2511508464813232
	1.25100576877594
	1.2508643865585327
	1.2507283687591553
	1.2505797147750854
	1.250440001487732
	1.250295639038086
	1.2501558065414429
	1.2500213384628296
	1.2498788833618164
	1.2497406005859375
	1.2496012449264526
	1.249457597732544
	1.2493247985839844
	1.2491942644119263
	1.249051570892334
	1.2489159107208252
	1.248790979385376
	1.2486581802368164
	1.2485225200653076
	1.2483923435211182
	1.2482610940933228
	1.2481410503387451
	1.2480089664459229
	1.247873067855835
	1.2477473020553589
	1.2476218938827515
	1.2475013732910156
	1.247383713722229
	1.2472586631774902
	1.2471321821212769
	1.2469998598098755
	1.2468878030776978
	1.246773600578308
	1.2466716766357422
	1.2465412616729736
	1.2464103698730469
	1.2463017702102661
	1.2461920976638794
	1.2460711002349854
	1.2459416389465332
	1.2458229064941406
	1.2457219362258911
	1.2456121444702148
	1.245505452156067
	1.2453997135162354
	1.2452987432479858
	1.245191216468811
	1.245082139968872
	1.244979977607727
	1.2448621988296509
	1.2447525262832642
	1.2446507215499878
	1.2445472478866577
	1.2444307804107666
	1.2443249225616455
	1.2442175149917603
	1.2441012859344482
	1.244004249572754
	1.2438923120498657
	1.2437845468521118
	1.2436790466308594
	1.2435743808746338
	1.2434451580047607
	1.2433433532714844
	1.243228554725647
	1.2431213855743408
	1.2430121898651123
	1.242891550064087
	1.2427997589111328
	1.2427057027816772
	1.2426124811172485
	1.2425178289413452
	1.2424137592315674
	1.2423274517059326
	1.2422358989715576
	1.2421371936798096
	1.2420475482940674
	1.241969108581543
	1.2418617010116577
	1.2417550086975098
	1.2416568994522095
	1.2415697574615479
	1.2414573431015015
	1.2413502931594849
	1.2412645816802979
	1.241173505783081
	1.241075873374939
	1.240993618965149
	1.2409170866012573
	1.240818977355957
	1.240726351737976
	1.2406314611434937
	1.2405418157577515
	1.2404471635818481
	1.2403544187545776
	1.2402719259262085
	1.240169644355774
	1.2400736808776855
	1.2399663925170898
	1.2398741245269775
	1.2397868633270264
	1.2397047281265259
	1.2396212816238403
	1.239530324935913
	1.2394455671310425
	1.2393579483032227
	1.2392688989639282
	1.2391798496246338
	1.2390998601913452
	1.2390259504318237
	1.2389357089996338
	1.2388391494750977
	1.2387564182281494
	1.2386670112609863
	1.2385958433151245
	1.2385157346725464
	1.2384384870529175
	1.2383581399917603
	1.2382856607437134
	1.2382014989852905
	1.2381185293197632
	1.238041877746582
	1.2379673719406128
	1.2378931045532227
	1.2378103733062744
	1.2377300262451172
	1.2376567125320435
	1.2375776767730713
	1.2375024557113647
	1.2374236583709717
	1.2373580932617188
	1.2372777462005615
	1.2371999025344849
	1.2371292114257812
	1.237055778503418
	1.2369811534881592
	1.2368990182876587
	1.2368372678756714
	1.2367632389068604
	1.2367006540298462
	1.2366334199905396
	1.2365434169769287
	1.2364696264266968
	1.236398458480835
	1.2363379001617432
	1.2362648248672485
	1.236200213432312
	1.2361392974853516
	1.236070156097412
	1.235985517501831
	1.2358969449996948
	1.2358107566833496
	1.2357468605041504
	1.2356754541397095
	1.235609769821167
	1.2355427742004395
	1.2354718446731567
	1.235404372215271
	1.2353343963623047
	1.2352705001831055
	1.2352033853530884
	1.2351442575454712
	1.2350825071334839
	1.2350102663040161
	1.2349474430084229
	1.2348899841308594
	1.2348324060440063
	1.2347685098648071
	1.2347135543823242
	1.2346463203430176
	1.2345752716064453
	1.234500527381897
	1.234440803527832
	1.2343814373016357
	1.234323263168335
	1.234265923500061
	1.2342045307159424
	1.2341523170471191
	1.2340877056121826
	1.2340354919433594
	1.2339662313461304
	1.2338950634002686
	1.233829140663147
	1.233769178390503
	1.2337148189544678
	1.2336503267288208
	1.2335841655731201
	1.2335199117660522
	1.233460545539856
	1.2334030866622925
	1.2333319187164307
	1.2332755327224731
	1.2332175970077515
	1.233156681060791
	1.2330961227416992
	1.2330322265625
	1.23296320438385
	1.2329137325286865
	1.232853889465332
	1.2327816486358643
	1.2327138185501099
	1.2326574325561523
	1.2325953245162964
	1.2325389385223389
	1.2324891090393066
	1.2324167490005493
	1.2323734760284424
	1.2323228120803833
	1.2322531938552856
	1.232192873954773
	1.2321444749832153
	1.2320891618728638
	1.2320504188537598
	1.2320005893707275
	1.231955885887146
	1.2319008111953735
	1.2318605184555054
	1.2318063974380493
	1.2317652702331543
	1.2317132949829102
	1.2316513061523438
	1.2315969467163086
	1.2315421104431152
	1.2314893007278442
	1.2314375638961792
	1.2313861846923828
	1.2313423156738281
	1.2313039302825928
	1.2312712669372559
	1.2312228679656982
	1.231162667274475
	1.231103777885437
	1.2310523986816406
	1.2309980392456055
	1.2309415340423584
	1.230893611907959
	1.2308536767959595
	1.2308012247085571
	1.2307475805282593
	1.230691909790039
	1.2306456565856934
	1.2305914163589478
	1.2305428981781006
	1.2304962873458862
	1.2304534912109375
	1.23040771484375
	1.2303649187088013
	1.2303087711334229
	1.2302712202072144
	1.2302172183990479
	1.2301729917526245
	1.2301257848739624
	1.230067491531372
	1.2300084829330444
	1.2299654483795166
	1.229927897453308
	1.2298822402954102
	1.2298274040222168
	1.2297883033752441
	1.2297463417053223
	1.22969651222229
	1.229653239250183
	1.2296113967895508
	1.22956383228302
	1.2295295000076294
	1.2294844388961792
	1.2294456958770752
	1.2294069528579712
	1.2293790578842163
	1.2293339967727661
	1.2292879819869995
	1.2292447090148926
	1.2291955947875977
	1.2291548252105713
	1.2291181087493896
	1.229070782661438
	1.2290230989456177
	1.2289750576019287
	1.2289271354675293
	1.2288800477981567
	1.2288317680358887
	1.2287830114364624
	1.2287400960922241
	1.2287064790725708
	1.228649377822876
	1.2286107540130615
	1.2285573482513428
	1.228521704673767
	1.2284901142120361
	1.2284477949142456
	1.2284066677093506
	1.2283629179000854
	1.2283148765563965
	1.2282793521881104
	1.2282463312149048
	1.2282073497772217
	1.228177785873413
	1.2281463146209717
	1.2281110286712646
	1.228075623512268
	1.2280406951904297
	1.2280064821243286
	1.2279661893844604
	1.2279380559921265
	1.2279030084609985
	1.2278687953948975
	1.2278348207473755
	1.2278039455413818
	1.2277615070343018
	1.2277252674102783
	1.2276930809020996
	1.2276467084884644
	1.2276079654693604
	1.2275642156600952
	1.22752845287323
	1.2274867296218872
	1.2274442911148071
	1.2274185419082642
	1.2273865938186646
	1.2273632287979126
	1.2273293733596802
	1.2272988557815552
	1.2272580862045288
	1.2272279262542725
	1.2271950244903564
	1.227164387702942
	1.227129340171814
	1.2270779609680176
	1.2270474433898926
	1.2270145416259766
	1.2269856929779053
	1.2269479036331177
	1.226904273033142
	1.2268750667572021
	1.2268399000167847
	1.226807713508606
	1.2267801761627197
	1.2267485857009888
	1.2267144918441772
	1.2266731262207031
	1.2266499996185303
	1.2266172170639038
	1.226578950881958
	1.2265400886535645
	1.226502776145935
	1.2264705896377563
	1.2264461517333984
	1.2264186143875122
	1.226387619972229
	1.22636878490448
	1.226332664489746
	1.2263082265853882
	1.2262663841247559
	1.226225733757019
	1.226192831993103
	1.2261677980422974
	1.2261390686035156
	1.2261099815368652
	1.2260894775390625
	1.2260679006576538
	1.226041316986084
	1.2260032892227173
	1.225974440574646
	1.2259342670440674
	1.2259132862091064
	1.22589111328125
	1.2258660793304443
	1.2258391380310059
	1.2258139848709106
	1.22577965259552
	1.225746512413025
	1.2257230281829834
	1.2256845235824585
	1.2256584167480469
	1.2256252765655518
	1.2255914211273193
	1.225558876991272
	1.225530982017517
	1.2255005836486816
	1.2254739999771118
	1.2254506349563599
	1.225415587425232
	1.2253813743591309
	1.2253563404083252
	1.225328803062439
	1.2252941131591797
	1.225268006324768
	1.2252459526062012
	1.2252215147018433
	1.2251935005187988
	1.2251768112182617
	1.2251532077789307
	1.22511887550354
	1.2250847816467285
	1.2250556945800781
	1.2250319719314575
	1.2250003814697266
	1.2249699831008911
	1.2249454259872437
	1.2249200344085693
	1.2248917818069458
	1.224859595298767
	1.2248289585113525
	1.2248001098632812
	1.2247706651687622
	1.224744200706482
	1.2247259616851807
	1.2246955633163452
	1.224671721458435
	1.224644660949707
	1.2246148586273193
	1.224587082862854
	1.2245588302612305
	1.2245210409164429
	1.224495530128479
	1.2244607210159302
	1.2244378328323364
	1.2244130373001099
	1.2243934869766235
	1.2243751287460327
	1.2243499755859375
	1.224326252937317
	1.2242980003356934
	1.224277377128601
	1.2242437601089478
	1.2242101430892944
	1.2241880893707275
	1.2241593599319458
	1.2241287231445312
	1.2241085767745972
	1.2240879535675049
	1.2240641117095947
	1.2240394353866577
	1.2240047454833984
	1.2239785194396973
	1.2239511013031006
	1.22393000125885
	1.2238969802856445
	1.2238646745681763
	1.223846197128296
	1.2238240242004395
	1.2238023281097412
	1.2237879037857056
	1.2237664461135864
	1.2237480878829956
	1.22372567653656
	1.223705530166626
	1.2236822843551636
	1.2236554622650146
	1.2236340045928955
	1.2236229181289673
	1.2235963344573975
	1.2235819101333618
	1.2235629558563232
	1.2235405445098877
	1.223507285118103
	1.2234904766082764
	1.223459005355835
	1.2234337329864502
	1.2234153747558594
	1.2233924865722656
	1.2233713865280151
	1.223345160484314
	1.2233123779296875
	1.2232975959777832
	1.2232825756072998
	1.223262071609497
	1.2232328653335571
	1.2232109308242798
	1.2231998443603516
	1.2231812477111816
	1.2231494188308716
	1.2231324911117554
	1.2231096029281616
	1.2230947017669678
	1.2230780124664307
	1.2230510711669922
	1.2230340242385864
	1.223016619682312
	1.2230002880096436
	1.2229846715927124
	1.222962498664856
	1.2229417562484741
	1.22291898727417
	1.222890853881836
	1.2228734493255615
	1.2228606939315796
	1.2228446006774902
	1.2228254079818726
	1.2228106260299683
	1.2227895259857178
	1.2227638959884644
	1.2227437496185303
	1.2227199077606201
	1.2226979732513428
	1.2226847410202026
	1.2226676940917969
	1.2226346731185913
	1.2226184606552124
	1.2226042747497559
	1.2225748300552368
	1.2225478887557983
	1.2225342988967896
	1.2225199937820435
	1.22250235080719
	1.2224818468093872
	1.2224704027175903
	1.222446322441101
	1.2224292755126953
	1.2224113941192627
	1.2223957777023315
	1.2223725318908691
	1.222347378730774
	1.222325086593628
	1.2223066091537476
	1.222293496131897
	1.2222682237625122
	1.2222645282745361
	1.2222574949264526
	1.2222386598587036
	1.2222206592559814
	1.2222040891647339
	1.2221858501434326
	1.222172498703003
	1.2221617698669434
	1.2221319675445557
	1.2221111059188843
	1.222095251083374
	1.2220776081085205
	1.2220646142959595
	1.222042202949524
	1.2220189571380615
	1.2220070362091064
	1.2219804525375366
	1.2219667434692383
	1.2219469547271729
	1.2219287157058716
	1.2219246625900269
	1.2219079732894897
	1.2218873500823975
	1.2218657732009888
	1.2218475341796875
	1.2218340635299683
	1.2218221426010132
	1.2218083143234253
	1.2217884063720703
	1.2217762470245361
	1.221751093864441
	1.2217310667037964
	1.2217042446136475
	1.221694827079773
	1.2216699123382568
	1.2216458320617676
	1.2216278314590454
	1.221614122390747
	1.2215995788574219
	1.2215863466262817
	1.2215616703033447
	1.2215514183044434
	1.221539855003357
	1.2215231657028198
	1.2215135097503662
	1.2214957475662231
	1.2214816808700562
	1.2214676141738892
	1.2214529514312744
	1.2214455604553223
	1.221435546875
	1.2214230298995972
	1.221409559249878
	1.2213975191116333
	1.2213762998580933
	1.2213497161865234
	1.2213338613510132
	1.2213094234466553
	1.2212916612625122
	1.2212793827056885
	1.2212646007537842
	1.2212547063827515
	1.2212495803833008
	1.221232295036316
	1.221215844154358
	1.2211940288543701
	1.2211812734603882
	1.2211718559265137
	1.2211637496948242
	1.22115159034729
	1.221133828163147
	1.221128225326538
	1.2211148738861084
	1.221104621887207
	1.2210891246795654
	1.221071481704712
	1.221056342124939
	1.2210423946380615
	1.2210240364074707
	1.221005916595459
	1.2209926843643188
	1.2209854125976562
	1.2209630012512207
	1.2209550142288208
	1.220947265625
	1.220934271812439
	1.2209147214889526
	1.2209023237228394
	1.2208926677703857
	1.2208819389343262
	1.220871090888977
	1.220861792564392
	1.2208536863327026
	1.2208341360092163
	1.2208269834518433
	1.2208160161972046
	1.2208062410354614
	1.2207884788513184
	1.2207839488983154
	1.2207776308059692
	1.2207624912261963
	1.2207553386688232
	1.2207406759262085
	1.2207309007644653
	1.220719814300537
	1.2206995487213135
	1.2206904888153076
	1.2206698656082153
	1.2206658124923706
	1.2206530570983887
	1.2206370830535889
	1.2206178903579712
	1.2206038236618042
	1.2205893993377686
	1.2205688953399658
	1.220553994178772
	1.220542311668396
	1.2205349206924438
	1.2205201387405396
	1.2205047607421875
	1.2204936742782593
	1.2204837799072266
	1.2204755544662476
	1.2204581499099731
	1.2204463481903076
	1.220438003540039
	1.220428228378296
	1.2204188108444214
	1.2204047441482544
	1.2203998565673828
	1.220387578010559
	1.2203806638717651
	1.2203679084777832
	1.2203577756881714
	1.2203484773635864
	1.220340371131897
	1.220333456993103
	1.2203282117843628
	1.2203176021575928
	1.2203043699264526
	1.2202882766723633
	1.2202794551849365
	1.22026789188385
	1.2202681303024292
	1.2202601432800293
	1.220246434211731
	1.2202318906784058
	1.2202239036560059
	1.2202091217041016
	1.2202013731002808
	1.220187783241272
	1.2201820611953735
	1.2201728820800781
	1.2201651334762573
	1.220165491104126
	1.220158338546753
	1.2201517820358276
	1.220147967338562
	1.2201390266418457
	1.2201354503631592
	1.2201242446899414
	1.220110535621643
	1.2200982570648193
	1.220094084739685
	1.2200862169265747
	1.2200796604156494
	1.2200710773468018
	1.2200647592544556
	1.2200475931167603
	1.220044732093811
	1.2200312614440918
	1.22002112865448
	1.2200086116790771
	1.2200027704238892
	1.2199914455413818
	1.219988465309143
	1.219977855682373
	1.2199676036834717
	1.2199629545211792
	1.2199474573135376
	1.219940185546875
	1.2199223041534424
	1.2199169397354126
	1.219908595085144
	1.2198923826217651
	1.2198809385299683
	1.2198779582977295
	1.2198718786239624
	1.219864845275879
	1.219862461090088
	1.2198491096496582
	1.2198389768600464
	1.219838261604309
	1.219841480255127
	1.219833493232727
	1.2198233604431152
	1.2198172807693481
	1.2198094129562378
	1.2198057174682617
	1.219800353050232
	1.2197988033294678
	1.219789743423462
	1.2197834253311157
	1.219774842262268
	1.2197716236114502
	1.2197647094726562
	1.2197532653808594
	1.219743251800537
	1.219740629196167
	1.2197316884994507
	1.2197179794311523
	1.2197110652923584
	1.2196917533874512
	1.2196879386901855
	1.2196847200393677
	1.219671607017517
	1.2196599245071411
	1.2196569442749023
	1.2196547985076904
	1.2196475267410278
	1.2196437120437622
	1.219637155532837
	1.2196284532546997
	1.2196232080459595
	1.2196179628372192
	1.2196111679077148
	1.2196028232574463
	1.2196018695831299
	1.2196035385131836
	1.219594955444336
	1.2195881605148315
	1.2195771932601929
	1.219574213027954
	1.2195637226104736
	1.2195569276809692
	1.2195460796356201
	1.2195417881011963
	1.2195343971252441
	1.2195255756378174
	1.2195208072662354
	1.2195121049880981
	1.219498872756958
	1.2194970846176147
	1.2194920778274536
	1.2194807529449463
	1.2194768190383911
	1.2194690704345703
	1.2194695472717285
	1.2194687128067017
	1.219469666481018
	1.2194632291793823
	1.2194573879241943
	1.219454288482666
	1.2194490432739258
	1.2194498777389526
	1.2194396257400513
	1.219435691833496
	1.219419240951538
	1.2194244861602783
	1.2194212675094604
	1.2194108963012695
	1.2194054126739502
	1.2194079160690308
	1.2194006443023682
	1.2193936109542847
	1.2193964719772339
	1.2193845510482788
	1.2193747758865356
	1.219368815422058
	1.2193619012832642
	1.2193634510040283
	1.2193551063537598
	1.219360113143921
	1.2193533182144165
	1.219346046447754
	1.2193412780761719
	1.2193448543548584
	1.2193466424942017
	1.2193368673324585
	1.2193279266357422
	1.2193177938461304
	1.2192975282669067
	1.2192966938018799
	1.2192879915237427
	1.2192970514297485
	1.2192914485931396
	1.2192838191986084
	1.2192811965942383
	1.219272494316101
	1.2192658185958862
	1.2192667722702026
	1.2192630767822266
	1.2192630767822266
	1.2192620038986206
	1.2192624807357788
	1.219261884689331
	1.2192516326904297
	1.2192466259002686
	1.2192357778549194
	1.2192363739013672
	1.21922767162323
	1.2192268371582031
	1.2192153930664062
	1.219212293624878
	1.219198226928711
	1.2191874980926514
	1.219186544418335
	1.219179630279541
	1.219177007675171
	1.219161868095398
	1.2191569805145264
	1.2191474437713623
	1.2191542387008667
	1.2191603183746338
	1.219151496887207
	1.2191437482833862
	1.2191389799118042
	1.2191386222839355
	1.2191402912139893
	1.21914541721344
	1.2191394567489624
	1.219132661819458
	1.2191247940063477
	1.2191178798675537
	1.2191089391708374
	1.2191106081008911
	1.219104528427124
	1.2190977334976196
	1.2190865278244019
	1.2190754413604736
	1.2190810441970825
	1.2190704345703125
	1.2190629243850708
	1.2190604209899902
	1.219059944152832
	1.2190600633621216
	1.2190505266189575
	1.219049096107483
	1.219042420387268
	1.2190275192260742
	1.2190290689468384
	1.219024896621704
	1.2190215587615967
	1.2190215587615967
	1.219014286994934
	1.219007134437561
	1.2190043926239014
	1.218995451927185
	1.2189915180206299
	1.2189973592758179
	1.218996524810791
	1.2190001010894775
	1.218990683555603
	1.2189891338348389
	1.2189828157424927
	1.2189724445343018
	1.218971848487854
	1.21896493434906
	1.21895170211792
	1.2189480066299438
	1.218949794769287
	1.2189428806304932
	1.2189505100250244
	1.2189486026763916
	1.2189466953277588
	1.2189371585845947
	1.218933343887329
	1.2189381122589111
	1.2189373970031738
	1.2189339399337769
	1.2189300060272217
	1.2189289331436157
	1.2189306020736694
	1.2189337015151978
	1.2189388275146484
	1.2189337015151978
	1.2189185619354248
	1.218907117843628
	1.2188974618911743
	1.2188935279846191
	1.2188962697982788
	1.2189006805419922
	1.2189019918441772
	1.21890127658844
	1.2188959121704102
	1.2188936471939087
	1.2188799381256104
	1.2188713550567627
	1.2188748121261597
	1.2188854217529297
	1.2188905477523804
	1.2188873291015625
	1.2188881635665894
	1.2188832759857178
	1.2188812494277954
	1.218881368637085
	1.2188775539398193
	1.218862771987915
	1.2188630104064941
	1.2188682556152344
	1.2188713550567627
	1.2188642024993896
	1.2188642024993896
	1.2188613414764404
	1.2188447713851929
	1.218835711479187
	1.218834400177002
	1.2188316583633423
	1.2188291549682617
	1.2188265323638916
	1.2188212871551514
	1.218824863433838
	1.218825101852417
	1.2188184261322021
	1.2188153266906738
	1.218813180923462
	1.2188010215759277
	1.2187989950180054
	1.2187913656234741
	1.218785285949707
	1.2187813520431519
	1.2187739610671997
	1.218772292137146
	1.2187703847885132
	1.2187750339508057
	1.218772053718567
	1.2187590599060059
	1.218752145767212
	1.2187458276748657
	1.2187451124191284
	1.2187434434890747
	1.218735694885254
	1.218731164932251
	1.2187213897705078
	1.2187159061431885
	1.2187141180038452
	1.2187074422836304
	1.2187079191207886
	1.2187107801437378
	1.218705654144287
	1.2186964750289917
	1.2186968326568604
	1.2186917066574097
	1.2186940908432007
	1.2186949253082275
	1.2186845541000366
	1.21867835521698
	1.2186771631240845
	1.2186707258224487
	1.218660831451416
	1.218664526939392
	1.2186551094055176
	1.2186527252197266
	1.2186450958251953
	1.218640685081482
	1.2186338901519775
	1.218637466430664
	1.2186317443847656
	1.218631386756897
	1.2186279296875
	1.2186272144317627
	1.2186254262924194
	1.2186275720596313
	1.2186249494552612
	1.2186293601989746
	1.2186204195022583
	1.2186179161071777
	1.2186195850372314
	1.2186168432235718
	1.2186145782470703
	1.2186143398284912
	1.2186100482940674
	1.218615174293518
	1.2186156511306763
	1.218611240386963
	1.2186143398284912
	1.2186251878738403
	1.218628168106079
	1.2186251878738403
	1.2186224460601807
	1.2186235189437866
	1.2186312675476074
	1.2186256647109985
	1.2186270952224731
	1.2186311483383179
	1.2186267375946045
	1.2186204195022583
	1.2186213731765747
	1.2186245918273926
	1.2186179161071777
	1.2186205387115479
	1.218615174293518
	1.2186076641082764
	1.2186051607131958
	1.2186120748519897
	1.218612790107727
	1.2186142206192017
	1.2186245918273926
	1.2186323404312134
	1.2186349630355835
	1.2186256647109985
	1.2186208963394165
	1.218615174293518
	1.2186126708984375
	1.218607783317566
	1.218610405921936
	1.2186135053634644
	1.2186073064804077
	1.2185981273651123
	1.2185964584350586
	1.2185992002487183
	1.2186003923416138
	1.218589186668396
	1.218589425086975
	1.218587875366211
	1.2185815572738647
	1.2185800075531006
	1.218579649925232
	1.2185845375061035
	1.2185790538787842
	1.2185825109481812
	1.218579888343811
	1.2185779809951782
	1.2185782194137573
	1.2185698747634888
	1.218570351600647
	1.218569278717041
	1.218567967414856
	1.2185711860656738
	1.218565583229065
	1.218563437461853
	1.2185583114624023
	1.218557596206665
	1.2185542583465576
	1.2185531854629517
	1.2185384035110474
	1.218536376953125
	1.2185307741165161
	1.2185282707214355
	1.2185297012329102
	1.2185322046279907
	1.2185355424880981
	1.2185380458831787
	1.2185336351394653
	1.2185307741165161
	1.218523383140564
	1.2185245752334595
	1.2185293436050415
	1.218530535697937
	1.2185215950012207
	1.218514323234558
	1.2185109853744507
	1.2185097932815552
	1.218503713607788
	1.2184977531433105
	1.2185049057006836
	1.2184998989105225
	1.2185008525848389
	1.2184942960739136
	1.2184957265853882
	1.218493938446045
	1.2184971570968628
	1.2184934616088867
	1.2184960842132568
	1.2185008525848389
	1.218505620956421
	1.2185062170028687
	1.2184995412826538
	1.2184935808181763
	1.2185016870498657
	1.2185050249099731
	1.2184996604919434
	1.2184972763061523
	1.218513011932373
	1.2185050249099731
	1.2185019254684448
	1.2184975147247314
	1.2184959650039673
	1.218488097190857
	1.2184975147247314
	1.2185008525848389
	1.2185070514678955
	1.2185146808624268
	1.2185064554214478
	1.2185029983520508
	1.2185046672821045
	1.2185083627700806
	1.2185068130493164
	1.2185039520263672
	1.2185052633285522
	1.2185012102127075
	1.2184889316558838
	1.2184829711914062
	1.21847665309906
	1.21847403049469
	1.2184737920761108
	1.2184723615646362
	1.218464970588684
	1.2184574604034424
	1.2184525728225708
	1.2184315919876099
	1.218432903289795
	1.2184429168701172
	1.2184468507766724
	1.2184451818466187
	1.218442440032959
	1.2184439897537231
	1.218442678451538
	1.2184373140335083
	1.2184373140335083
	1.2184348106384277
	1.218433141708374
	1.21842622756958
	1.2184360027313232
	1.2184408903121948
	1.2184443473815918
	1.218446135520935
	1.2184497117996216
	1.2184457778930664
	1.2184467315673828
	1.2184431552886963
	1.218440294265747
	1.2184538841247559
	1.2184414863586426
	1.2184470891952515
	1.2184479236602783
	1.218448281288147
	1.2184454202651978
	1.2184361219406128
	1.2184367179870605
	1.2184299230575562
	1.2184293270111084
	1.2184332609176636
	1.2184375524520874
	1.2184399366378784
	1.2184371948242188
	1.2184364795684814
	1.2184282541275024
	1.2184219360351562
	1.2184144258499146
	1.2184147834777832
	1.2184139490127563
	1.2184138298034668
	1.2184193134307861
	1.218422770500183
	1.2184187173843384
	1.2184176445007324
	1.2184187173843384
	1.2184224128723145
	1.2184205055236816
	1.2184250354766846
	1.218428373336792
	1.2184288501739502
	1.2184338569641113
	1.2184430360794067
	1.218443512916565
	1.2184487581253052
	1.2184467315673828
	1.2184416055679321
	1.2184455394744873
	1.218445062637329
	1.2184463739395142
	1.2184497117996216
	1.218442678451538
	1.218441367149353
	1.218449592590332
	1.218451976776123
	1.2184557914733887
	1.218458890914917
	1.2184693813323975
	1.218464732170105
	1.2184633016586304
	1.218457818031311
	1.218458890914917
	1.218453049659729
	1.2184492349624634
	1.2184416055679321
	1.218440294265747
	1.218445897102356
	1.2184382677078247
	1.218438744544983
	1.2184422016143799
	1.2184429168701172
	1.2184380292892456
	1.2184311151504517
	1.218427300453186
	1.2184257507324219
	1.2184185981750488
	1.2184150218963623
	1.2184139490127563
	1.2184149026870728
	1.2184170484542847
	1.21842622756958
	1.2184336185455322
	1.2184258699417114
	1.218427300453186
	1.2184394598007202
	1.2184377908706665
	1.2184498310089111
	1.2184529304504395
	1.2184499502182007
	1.218441128730774
	1.2184382677078247
	1.2184396982192993
	1.2184385061264038
	1.2184439897537231
	1.2184451818466187
	1.2184561491012573
	1.2184579372406006
	1.2184628248214722
	1.2184685468673706
	1.218470573425293
	1.2184717655181885
	1.2184756994247437
	1.2184778451919556
	1.218481183052063
	1.218483328819275
	1.2184810638427734
	1.2184809446334839
	1.2184773683547974
	1.2184780836105347
	1.218481421470642
	1.218479037284851
	1.2184817790985107
	1.218483567237854
	1.218489408493042
	1.2184827327728271
	1.2184834480285645
	1.21848726272583
	1.2184878587722778
	1.2184882164001465
	1.2184828519821167
	1.2184745073318481
	1.2184779644012451
	1.2184724807739258
	1.218477487564087
	1.2184796333312988
	1.218481183052063
	1.2184761762619019
	1.2184746265411377
	1.2184715270996094
	1.2184677124023438
	1.2184669971466064
	1.2184642553329468
	1.2184642553329468
	1.2184574604034424
	1.218457579612732
	1.2184559106826782
	1.2184579372406006
	1.218464970588684
	1.2184725999832153
	1.2184771299362183
	1.2184722423553467
	1.2184648513793945
	1.2184581756591797
	1.2184576988220215
	1.2184600830078125
	1.2184629440307617
	1.2184573411941528
	1.2184523344039917
	1.2184587717056274
	1.2184606790542603
	1.2184542417526245
	1.218454122543335
	1.218456506729126
	1.2184557914733887
	1.2184497117996216
	1.2184491157531738
	1.2184547185897827
	1.2184547185897827
	1.2184540033340454
	1.2184537649154663
	1.2184484004974365
	1.2184468507766724
	1.2184466123580933
	1.2184456586837769
	1.2184547185897827
	1.2184561491012573
	1.2184638977050781
	1.218462347984314
	1.2184683084487915
	1.2184710502624512
	1.2184765338897705
	1.218482494354248
	1.2184863090515137
	1.2184947729110718
	1.2184995412826538
	1.2185027599334717
	1.2185078859329224
	1.2185091972351074
	1.2185004949569702
	1.2184998989105225
	1.2185062170028687
	1.218509554862976
	1.218509554862976
	1.2185055017471313
	1.2184991836547852
	1.2184901237487793
	1.2184926271438599
	1.2184923887252808
	1.2184942960739136
	1.2184995412826538
	1.2184947729110718
	1.2184876203536987
	1.2184951305389404
	1.2184967994689941
	1.2185001373291016
	1.2185112237930298
	1.2185178995132446
	1.2185231447219849
	1.2185206413269043
	1.2185181379318237
	1.2185084819793701
	1.2185118198394775
	1.2185026407241821
	1.218512773513794
	1.2185133695602417
	1.2185146808624268
	1.2185128927230835
	1.2185122966766357
	1.2185131311416626
	1.2185124158859253
	1.2185215950012207
	1.2185155153274536
	1.2185213565826416
	1.2185168266296387
	1.2185167074203491
	1.218512773513794
	1.218505620956421
	1.2185063362121582
	1.2185087203979492
	1.2185126543045044
	1.2185118198394775
	1.2185096740722656
	1.2184932231903076
	1.2184957265853882
	1.2184944152832031
	1.2184995412826538
	1.2184972763061523
	1.2184933423995972
	1.2184970378875732
	1.2185029983520508
	1.2184950113296509
	1.2184911966323853
	1.2184861898422241
	1.2184957265853882
	1.2185027599334717
	1.2185145616531372
	1.2185229063034058
	1.2185239791870117
	1.218517541885376
	1.218510389328003
	1.2185032367706299
	1.218501091003418
	1.2184991836547852
	1.2184993028640747
	1.2184946537017822
	1.2184938192367554
	1.2184897661209106
	1.2184909582138062
	1.2184937000274658
	1.2184995412826538
	1.2184971570968628
	1.2185059785842896
	1.2185029983520508
	1.2185035943984985
	1.2185038328170776
	1.218510627746582
	1.2185133695602417
	1.2185122966766357
	1.2185078859329224
	1.218501091003418
	1.218498945236206
	1.218488335609436
	1.2184916734695435
	1.2184932231903076
	1.2184875011444092
	1.2184863090515137
	1.2184877395629883
	1.2184902429580688
	1.2184853553771973
	1.2184844017028809
	1.2184827327728271
	1.2184748649597168
	1.218470573425293
	1.2184696197509766
	1.2184669971466064
	1.2184665203094482
	1.2184735536575317
	1.2184758186340332
	1.2184672355651855
	1.2184633016586304
	1.2184652090072632
	1.2184737920761108
	1.2184721231460571
	1.2184683084487915
	1.2184717655181885
	1.2184772491455078
	1.2184759378433228
	1.2184691429138184
	1.2184664011001587
	1.2184722423553467
	1.2184697389602661
	1.2184656858444214
	1.218473196029663
	1.218477487564087
	1.218483567237854
	1.218485713005066
	1.2184854745864868
	1.2184854745864868
	1.218473196029663
	1.2184762954711914
	1.2184791564941406
	1.2184779644012451
	1.2184721231460571
	1.2184711694717407
	1.2184669971466064
	1.218471884727478
	1.2184762954711914
	1.218482255935669
	1.2184779644012451
	1.2184877395629883
	1.2184962034225464
	1.2184935808181763
	1.2184972763061523
	1.2185004949569702
	1.218502402305603
	1.2185055017471313
	1.2185028791427612
	1.2185051441192627
	1.2185051441192627
	1.2185094356536865
	1.218503713607788
	1.2185083627700806
	1.2185134887695312
	1.218518853187561
	1.2185242176055908
	1.2185200452804565
	1.2185122966766357
	1.2185161113739014
	1.2185102701187134
	1.2185091972351074
	1.218510389328003
	1.2185126543045044
	1.2185190916061401
	1.2185372114181519
	1.2185407876968384
	1.2185412645339966
	1.218540072441101
	1.2185438871383667
	1.218557357788086
	1.218559741973877
	1.218557596206665
	1.2185614109039307
	1.2185673713684082
	1.2185676097869873
	1.2185660600662231
	1.2185639142990112
	1.2185620069503784
	1.2185684442520142
	1.2185757160186768
	1.2185795307159424
	1.218577265739441
	1.218573808670044
	1.2185832262039185
	1.2185790538787842
	1.2185795307159424
	1.218591570854187
	1.218597412109375
	1.218599796295166
	1.2186028957366943
	1.2186224460601807
	1.218612790107727
	1.21860933303833
	1.218613862991333
	1.2186229228973389
	1.2186299562454224
	1.2186355590820312
	1.2186286449432373
	1.2186311483383179
	1.2186245918273926
	1.2186309099197388
	1.2186379432678223
	1.2186375856399536
	1.2186436653137207
	1.218651294708252
	1.2186475992202759
	1.2186377048492432
	1.2186367511749268
	1.2186393737792969
	1.2186371088027954
	1.2186380624771118
	1.2186278104782104
	1.218630313873291
	1.218631625175476
	1.218637228012085
	1.2186356782913208
	1.2186298370361328
	1.2186442613601685
	1.2186449766159058
	1.218648910522461
	1.2186545133590698
	1.2186534404754639
	1.218658208847046
	1.2186548709869385
	1.218658447265625
	1.2186594009399414
	1.2186545133590698
	1.2186462879180908
	1.218648076057434
	1.2186537981033325
	1.2186650037765503
	1.2186659574508667
	1.2186623811721802
	1.2186603546142578
	1.2186501026153564
	1.2186546325683594
	1.2186555862426758
	1.218660593032837
	1.218666672706604
	1.2186744213104248
	1.2186813354492188
	1.2186945676803589
	1.2187004089355469
	1.2187105417251587
	1.218711018562317
	1.2187200784683228
	1.2187150716781616
	1.2187175750732422
	1.2187190055847168
	1.218720555305481
	1.218729019165039
	1.2187329530715942
	1.2187470197677612
	1.2187508344650269
	1.2187532186508179
	1.2187583446502686
	1.2187483310699463
	1.2187535762786865
	1.218757152557373
	1.218761682510376
	1.2187663316726685
	1.2187641859054565
	1.218760371208191
	1.2187674045562744
	1.218762755393982
	1.2187644243240356
	1.218768835067749
	1.218764066696167
	1.2187671661376953
	1.2187669277191162
	1.218766689300537
	1.2187646627426147
	1.218765377998352
	1.218766450881958
	1.2187690734863281
	1.2187737226486206
	1.2187813520431519
	1.218780755996704
	1.2187789678573608
	1.2187753915786743
	1.218774676322937
	1.2187868356704712
	1.2187964916229248
	1.218802809715271
	1.2188167572021484
	1.2188175916671753
	1.2188162803649902
	1.2188142538070679
	1.2188202142715454
	1.218823790550232
	1.2188234329223633
	1.2188308238983154
	1.218838095664978
	1.2188323736190796
	1.2188371419906616
	1.2188345193862915
	1.218834638595581
	1.218842625617981
	1.2188464403152466
	1.2188409566879272
	1.2188317775726318
	1.2188366651535034
	1.218828797340393
	1.2188291549682617
	1.2188361883163452
	1.2188398838043213
	1.2188454866409302
	1.218841314315796
	1.2188441753387451
	1.2188501358032227
	1.2188514471054077
	1.2188574075698853
	1.2188630104064941
	1.2188538312911987
	1.2188538312911987
	1.2188525199890137
	1.2188481092453003
	1.2188498973846436
	1.218855857849121
	1.2188576459884644
	1.2188674211502075
	1.2188714742660522
	1.218867301940918
	1.218868374824524
	1.2188655138015747
	1.2188624143600464
	1.2188602685928345
	1.218869924545288
	1.2188712358474731
	1.2188739776611328
	1.2188856601715088
	1.218887448310852
	1.2188949584960938
	1.2189080715179443
	1.218915343284607
	1.218917965888977
	1.218919038772583
	1.2189174890518188
	1.2189247608184814
	1.2189364433288574
	1.2189445495605469
	1.2189503908157349
	1.2189526557922363
	1.2189431190490723
	1.2189414501190186
	1.2189528942108154
	1.2189522981643677
	1.2189544439315796
	1.2189550399780273
	1.2189582586288452
	1.2189629077911377
	1.2189618349075317
	1.2189642190933228
	1.21896493434906
	1.21897554397583
	1.2189823389053345
	1.2189793586730957
	1.2189744710922241
	1.218976378440857
	1.21898353099823
	1.2189892530441284
	1.2189910411834717
	1.218990445137024
	1.2190035581588745
	1.2190005779266357
	1.2190078496932983
	1.2190074920654297
	1.2190111875534058
	1.2190160751342773
	1.2190173864364624
	1.2190243005752563
	1.2190297842025757
	1.2190310955047607
	1.219040036201477
	1.219038724899292
	1.2190359830856323
	1.2190386056900024
	1.2190310955047607
	1.2190338373184204
	1.2190427780151367
	1.2190552949905396
	1.2190616130828857
	1.2190704345703125
	1.219070553779602
	1.2190693616867065
	1.219077229499817
	1.2190773487091064
	1.2190786600112915
	1.219085693359375
	1.2190909385681152
	1.2190920114517212
	1.2191016674041748
	1.219107985496521
	1.2191171646118164
	1.219128966331482
	1.2191290855407715
	1.2191331386566162
	1.2191439867019653
	1.219142198562622
	1.2191493511199951
	1.219148874282837
	1.2191553115844727
	1.2191561460494995
	1.2191600799560547
	1.2191493511199951
	1.2191545963287354
	1.2191593647003174
	1.2191556692123413
	1.2191590070724487
	1.2191612720489502
	1.2191643714904785
	1.2191646099090576
	1.219170093536377
	1.219165325164795
	1.219172716140747
	1.2191778421401978
	1.219180703163147
	1.2191712856292725
	1.2191781997680664
	1.2191752195358276
	1.2191786766052246
	1.2191838026046753
	1.2191869020462036
	1.2191920280456543
	1.2191898822784424
	1.2191901206970215
	1.2191908359527588
	1.2191957235336304
	1.2191977500915527
	1.219195008277893
	1.2191953659057617
	1.2191998958587646
	1.2192034721374512
	1.219211459159851
	1.2192182540893555
	1.2192153930664062
	1.2192119359970093
	1.219214916229248
	1.2192200422286987
	1.219223141670227
	1.2192354202270508
	1.2192357778549194
	1.2192325592041016
	1.2192245721817017
	1.2192285060882568
	1.2192243337631226
	1.2192262411117554
	1.2192291021347046
	1.219233512878418
	1.2192366123199463
	1.219234824180603
	1.2192411422729492
	1.2192436456680298
	1.2192484140396118
	1.2192497253417969
	1.2192492485046387
	1.2192453145980835
	1.2192503213882446
	1.2192599773406982
	1.2192661762237549
	1.2192684412002563
	1.2192676067352295
	1.219275951385498
	1.219276785850525
	1.2192763090133667
	1.219286561012268
	1.2192933559417725
	1.219303846359253
	1.2193042039871216
	1.2193089723587036
	1.2193106412887573
	1.2193138599395752
	1.2193189859390259
	1.2193189859390259
	1.219316005706787
	1.2193187475204468
	1.2193325757980347
	1.2193361520767212
	1.2193338871002197
	1.2193320989608765
	1.219343900680542
	1.2193493843078613
	1.2193442583084106
	1.2193477153778076
	1.2193533182144165
	1.2193533182144165
	1.2193522453308105
	1.2193654775619507
	1.2193588018417358
	1.2193673849105835
	1.2193635702133179
	1.2193673849105835
	1.2193752527236938
	1.2193708419799805
	1.219376564025879
	1.2193783521652222
	1.2193758487701416
	1.219381332397461
	1.2193787097930908
	1.2193845510482788
	1.2193878889083862
	1.2193901538848877
	1.219401240348816
	1.2193999290466309
	1.2194044589996338
	1.2194037437438965
	1.2194132804870605
	1.2194088697433472
	1.2194076776504517
	1.2194139957427979
	1.2194164991378784
	1.2194252014160156
	1.2194113731384277
	1.219414472579956
	1.2194164991378784
	1.2194154262542725
	1.2194089889526367
	1.219408392906189
	1.219411849975586
	1.2194167375564575
	1.2194187641143799
	1.2194279432296753
	1.2194290161132812
	1.2194170951843262
	1.2194244861602783
	1.2194318771362305
	1.2194335460662842
	1.2194408178329468
	1.2194472551345825
	1.2194570302963257
	1.2194653749465942
	1.2194656133651733
	1.2194724082946777
	1.2194775342941284
	1.219486117362976
	1.2194836139678955
	1.2194770574569702
	1.2194831371307373
	1.2194870710372925
	1.2194839715957642
	1.2194881439208984
	1.2194839715957642
	1.2194875478744507
	1.2194809913635254
	1.2194756269454956
	1.2194793224334717
	1.2194855213165283
	1.21949303150177
	1.2194947004318237
	1.2194974422454834
	1.2195037603378296
	1.2195091247558594
	1.219512701034546
	1.2195172309875488
	1.2195260524749756
	1.219534158706665
	1.2195380926132202
	1.2195404767990112
	1.2195544242858887
	1.2195580005645752
	1.2195554971694946
	1.2195656299591064
	1.2195628881454468
	1.219558596611023
	1.2195639610290527
	1.2195576429367065
	1.2195639610290527
	1.2195595502853394
	1.2195663452148438
	1.219565510749817
	1.2195700407028198
	1.2195724248886108
	1.219571590423584
	1.2195770740509033
	1.219576120376587
	1.2195689678192139
	1.2195686101913452
	1.2195775508880615
	1.2195773124694824
	1.2195838689804077
	1.2195868492126465
	1.219590663909912
	1.2195897102355957
	1.2195899486541748
	1.2195929288864136
	1.2195926904678345
	1.2195957899093628
	1.2195963859558105
	1.2195976972579956
	1.2196022272109985
	1.2196141481399536
	1.2196158170700073
	1.2196255922317505
	1.2196266651153564
	1.2196297645568848
	1.2196332216262817
	1.2196319103240967
	1.2196329832077026
	1.2196440696716309
	1.219653844833374
	1.2196623086929321
	1.2196611166000366
	1.2196705341339111
	1.2196648120880127
	1.2196669578552246
	1.219664454460144
	1.2196581363677979
	1.2196662425994873
	1.2196719646453857
	1.2196791172027588
	1.2196844816207886
	1.219682216644287
	1.219688057899475
	1.2196844816207886
	1.2196961641311646
	1.2197093963623047
	1.2197134494781494
	1.2197229862213135
	1.219726800918579
	1.219725251197815
	1.2197344303131104
	1.2197363376617432
	1.2197301387786865
	1.2197344303131104
	1.2197215557098389
	1.219725251197815
	1.2197315692901611
	1.2197465896606445
	1.2197562456130981
	1.2197601795196533
	1.2197612524032593
	1.219772458076477
	1.2197798490524292
	1.2197844982147217
	1.2197855710983276
	1.2197850942611694
	1.21978759765625
	1.21979558467865
	1.2197933197021484
	1.219801902770996
	1.219807505607605
	1.2198097705841064
	1.2198129892349243
	1.2198203802108765
	1.2198312282562256
	1.21983003616333
	1.219839334487915
	1.2198338508605957
	1.2198337316513062
	1.2198320627212524
	1.219838261604309
	1.2198302745819092
]