[
	1.2061679363250732
	1.2059129476547241
	1.2056472301483154
	1.205387830734253
	1.205126404762268
	1.2048777341842651
	1.2046200037002563
	1.2043629884719849
	1.2041112184524536
	1.203858494758606
	1.2036157846450806
	1.2033617496490479
	1.2031145095825195
	1.2028506994247437
	1.202595829963684
	1.202351450920105
	1.2020963430404663
	1.20184326171875
	1.201585292816162
	1.2013297080993652
	1.2010728120803833
	1.2008135318756104
	1.2005621194839478
	1.2003012895584106
	1.2000418901443481
	1.1997896432876587
	1.1995335817337036
	1.1992799043655396
	1.1990225315093994
	1.1987626552581787
	1.1985126733779907
	1.1982606649398804
	1.198001742362976
	1.1977516412734985
	1.1974966526031494
	1.197248935699463
	1.1970151662826538
	1.1967722177505493
	1.196528673171997
	1.1962854862213135
	1.1960391998291016
	1.1958065032958984
	1.1955623626708984
	1.1953229904174805
	1.195084810256958
	1.1948487758636475
	1.1945886611938477
	1.1943429708480835
	1.194112777709961
	1.19386887550354
	1.1936405897140503
	1.1934053897857666
	1.1931636333465576
	1.1929326057434082
	1.1926981210708618
	1.1924675703048706
	1.1922354698181152
	1.1919935941696167
	1.1917588710784912
	1.1915287971496582
	1.1912956237792969
	1.1910604238510132
	1.1908265352249146
	1.190595269203186
	1.1903676986694336
	1.190148115158081
	1.1899133920669556
	1.189677119255066
	1.1894434690475464
	1.1892155408859253
	1.1889939308166504
	1.1887669563293457
	1.1885502338409424
	1.188338279724121
	1.1881178617477417
	1.1878963708877563
	1.1876780986785889
	1.1874538660049438
	1.1872291564941406
	1.187017560005188
	1.1868016719818115
	1.1865869760513306
	1.186361312866211
	1.186155915260315
	1.1859406232833862
	1.1857140064239502
	1.1854968070983887
	1.1852763891220093
	1.1850659847259521
	1.1848478317260742
	1.1846314668655396
	1.1844255924224854
	1.184214472770691
	1.18398916721344
	1.183783769607544
	1.183574914932251
	1.183369755744934
	1.1831661462783813
	1.1829643249511719
	1.1827713251113892
	1.1825668811798096
	1.1823607683181763
	1.1821712255477905
	1.1819761991500854
	1.1817666292190552
	1.1815707683563232
	1.1813644170761108
	1.1811574697494507
	1.1809605360031128
	1.180770993232727
	1.180558681488037
	1.180365800857544
	1.1801658868789673
	1.1799651384353638
	1.17976713180542
	1.1795721054077148
	1.1793748140335083
	1.1791918277740479
	1.1790027618408203
	1.1788103580474854
	1.1786108016967773
	1.1784158945083618
	1.178223967552185
	1.178013801574707
	1.1778265237808228
	1.1776388883590698
	1.1774561405181885
	1.1772574186325073
	1.1770720481872559
	1.1768821477890015
	1.1766923666000366
	1.176515817642212
	1.1763180494308472
	1.1761343479156494
	1.1759573221206665
	1.1757845878601074
	1.1756013631820679
	1.175414800643921
	1.1752251386642456
	1.1750462055206299
	1.1748745441436768
	1.1747037172317505
	1.1745104789733887
	1.1743367910385132
	1.1741608381271362
	1.1739840507507324
	1.173802375793457
	1.1736291646957397
	1.1734422445297241
	1.17326021194458
	1.173077940940857
	1.172896385192871
	1.1727262735366821
	1.1725523471832275
	1.1723800897598267
	1.1722004413604736
	1.1720339059829712
	1.1718670129776
	1.17170250415802
	1.1715331077575684
	1.171352505683899
	1.171191930770874
	1.1710234880447388
	1.1708500385284424
	1.1706948280334473
	1.1705188751220703
	1.1703556776046753
	1.1701918840408325
	1.1700316667556763
	1.1698814630508423
	1.1697263717651367
	1.1695650815963745
	1.169408917427063
	1.1692500114440918
	1.1690796613693237
	1.168904423713684
	1.1687337160110474
	1.1685742139816284
	1.1684210300445557
	1.168270230293274
	1.168111801147461
	1.1679567098617554
	1.1678028106689453
	1.167641520500183
	1.1674730777740479
	1.1673156023025513
	1.167168140411377
	1.1670022010803223
	1.1668429374694824
	1.1666858196258545
	1.166530728340149
	1.1663557291030884
	1.1661914587020874
	1.166030764579773
	1.1658787727355957
	1.1657296419143677
	1.1655666828155518
	1.1654006242752075
	1.1652528047561646
	1.1650956869125366
	1.1649506092071533
	1.1647875308990479
	1.1646345853805542
	1.164481520652771
	1.1643297672271729
	1.1641795635223389
	1.1640312671661377
	1.1638898849487305
	1.1637436151504517
	1.1635942459106445
	1.1634488105773926
	1.163291335105896
	1.1631404161453247
	1.1629995107650757
	1.1628515720367432
	1.1627007722854614
	1.1625531911849976
	1.162388801574707
	1.1622482538223267
	1.1620981693267822
	1.1619617938995361
	1.1618183851242065
	1.1616606712341309
	1.1615207195281982
	1.161379337310791
	1.1612308025360107
	1.161089539527893
	1.1609493494033813
	1.1608086824417114
	1.160667896270752
	1.1605268716812134
	1.1603939533233643
	1.1602485179901123
	1.1601144075393677
	1.159975528717041
	1.1598200798034668
	1.1596730947494507
	1.1595335006713867
	1.1593924760818481
	1.1592514514923096
	1.1591211557388306
	1.1589953899383545
	1.158860683441162
	1.158730149269104
	1.1585909128189087
	1.1584519147872925
	1.1583234071731567
	1.1581777334213257
	1.1580463647842407
	1.1579078435897827
	1.157773733139038
	1.1576457023620605
	1.157497763633728
	1.1573634147644043
	1.1572426557540894
	1.1571203470230103
	1.1569952964782715
	1.1568659543991089
	1.1567487716674805
	1.1566104888916016
	1.15647554397583
	1.156342625617981
	1.1562261581420898
	1.1560847759246826
	1.155964732170105
	1.1558352708816528
	1.155701994895935
	1.1555663347244263
	1.1554381847381592
	1.1553118228912354
	1.1551815271377563
	1.1550488471984863
	1.1549197435379028
	1.1547884941101074
	1.1546576023101807
	1.1545236110687256
	1.154404878616333
	1.154274821281433
	1.1541492938995361
	1.1540240049362183
	1.1538894176483154
	1.1537680625915527
	1.1536509990692139
	1.1535227298736572
	1.1533960103988647
	1.1532707214355469
	1.1531561613082886
	1.1530241966247559
	1.1529006958007812
	1.1527738571166992
	1.1526525020599365
	1.1525262594223022
	1.152384877204895
	1.1522645950317383
	1.1521388292312622
	1.1520106792449951
	1.151890516281128
	1.1517728567123413
	1.1516574621200562
	1.151530385017395
	1.1514002084732056
	1.1512829065322876
	1.1511645317077637
	1.1510469913482666
	1.1509357690811157
	1.1508102416992188
	1.1506870985031128
	1.1505775451660156
	1.1504607200622559
	1.1503424644470215
	1.1502189636230469
	1.1500977277755737
	1.1499829292297363
	1.1498688459396362
	1.149757742881775
	1.1496357917785645
	1.149533748626709
	1.1494160890579224
	1.1493059396743774
	1.1491798162460327
	1.1490635871887207
	1.1489506959915161
	1.14884614944458
	1.1487271785736084
	1.1486170291900635
	1.148519515991211
	1.1483981609344482
	1.1482924222946167
	1.1481868028640747
	1.1480765342712402
	1.1479599475860596
	1.147847294807434
	1.1477408409118652
	1.1476250886917114
	1.1475218534469604
	1.1474162340164185
	1.147294282913208
	1.1471869945526123
	1.1470662355422974
	1.1469471454620361
	1.1468390226364136
	1.1467283964157104
	1.1466175317764282
	1.1464970111846924
	1.1463838815689087
	1.1462693214416504
	1.1461633443832397
	1.1460516452789307
	1.1459401845932007
	1.1458346843719482
	1.145717978477478
	1.1456108093261719
	1.1455023288726807
	1.1453983783721924
	1.1452945470809937
	1.145188808441162
	1.1450749635696411
	1.1449652910232544
	1.1448533535003662
	1.144741177558899
	1.1446367502212524
	1.1445378065109253
	1.144425868988037
	1.1443215608596802
	1.1442172527313232
	1.1441069841384888
	1.143996238708496
	1.1439011096954346
	1.1437995433807373
	1.1437007188796997
	1.1435966491699219
	1.143478274345398
	1.143379807472229
	1.143275499343872
	1.1431668996810913
	1.1430591344833374
	1.1429592370986938
	1.142863154411316
	1.142756700515747
	1.1426565647125244
	1.1425522565841675
	1.142448902130127
	1.14234459400177
	1.142245888710022
	1.1421376466751099
	1.1420286893844604
	1.1419316530227661
	1.1418324708938599
	1.1417289972305298
	1.1416393518447876
	1.1415460109710693
	1.1414438486099243
	1.1413438320159912
	1.1412454843521118
	1.1411395072937012
	1.1410322189331055
	1.1409416198730469
	1.1408454179763794
	1.1407456398010254
	1.1406466960906982
	1.1405456066131592
	1.1404457092285156
	1.1403582096099854
	1.140258550643921
	1.1401562690734863
	1.140058159828186
	1.1399580240249634
	1.1398593187332153
	1.1397719383239746
	1.1396654844284058
	1.1395632028579712
	1.1394764184951782
	1.1393847465515137
	1.1392937898635864
	1.1392017602920532
	1.1391087770462036
	1.139008641242981
	1.138904094696045
	1.1388136148452759
	1.1387221813201904
	1.1386349201202393
	1.1385456323623657
	1.1384563446044922
	1.1383565664291382
	1.138261318206787
	1.1381736993789673
	1.138070821762085
	1.1379766464233398
	1.1378791332244873
	1.1377874612808228
	1.1377021074295044
	1.1376107931137085
	1.137506127357483
	1.1374157667160034
	1.1373233795166016
	1.1372283697128296
	1.1371395587921143
	1.1370435953140259
	1.1369431018829346
	1.136849284172058
	1.1367595195770264
	1.136664628982544
	1.136575698852539
	1.1364867687225342
	1.1364026069641113
	1.136311411857605
	1.1362080574035645
	1.1361185312271118
	1.1360232830047607
	1.135940432548523
	1.1358579397201538
	1.1357704401016235
	1.135679841041565
	1.1355903148651123
	1.1354939937591553
	1.1354029178619385
	1.135308861732483
	1.1352230310440063
	1.1351370811462402
	1.1350443363189697
	1.134952187538147
	1.134860873222351
	1.1347718238830566
	1.1346782445907593
	1.1345890760421753
	1.134508490562439
	1.1344224214553833
	1.1343358755111694
	1.1342463493347168
	1.1341650485992432
	1.1340848207473755
	1.13399076461792
	1.13390052318573
	1.1338074207305908
	1.1337140798568726
	1.1336251497268677
	1.1335378885269165
	1.1334525346755981
	1.133370280265808
	1.1332937479019165
	1.1332124471664429
	1.1331290006637573
	1.133043646812439
	1.1329642534255981
	1.132883906364441
	1.1327985525131226
	1.132710576057434
	1.1326245069503784
	1.1325371265411377
	1.1324480772018433
	1.1323654651641846
	1.1322823762893677
	1.132201075553894
	1.1321113109588623
	1.1320326328277588
	1.1319516897201538
	1.1318694353103638
	1.1317826509475708
	1.1317006349563599
	1.131618857383728
	1.131540060043335
	1.1314595937728882
	1.131371021270752
	1.1312850713729858
	1.1312077045440674
	1.1311265230178833
	1.131047010421753
	1.130964994430542
	1.1308825016021729
	1.1307960748672485
	1.1307185888290405
	1.130637764930725
	1.1305480003356934
	1.130471110343933
	1.1303973197937012
	1.130320429801941
	1.1302326917648315
	1.1301445960998535
	1.1300630569458008
	1.1299861669540405
	1.1299059391021729
	1.129827618598938
	1.1297494173049927
	1.1296658515930176
	1.1295806169509888
	1.1295076608657837
	1.1294323205947876
	1.1293587684631348
	1.1292880773544312
	1.1292076110839844
	1.1291242837905884
	1.1290490627288818
	1.128968596458435
	1.1288843154907227
	1.1287950277328491
	1.1287202835083008
	1.1286433935165405
	1.128572702407837
	1.1284981966018677
	1.1284217834472656
	1.1283482313156128
	1.1282751560211182
	1.1281989812850952
	1.1281172037124634
	1.1280441284179688
	1.1279717683792114
	1.1278929710388184
	1.1278162002563477
	1.1277332305908203
	1.1276551485061646
	1.12758469581604
	1.1275079250335693
	1.1274409294128418
	1.1273646354675293
	1.127291202545166
	1.1272164583206177
	1.1271415948867798
	1.1270710229873657
	1.1269898414611816
	1.1269080638885498
	1.1268349885940552
	1.1267576217651367
	1.126681923866272
	1.1266062259674072
	1.1265183687210083
	1.1264501810073853
	1.1263726949691772
	1.1262943744659424
	1.126217007637024
	1.126144528388977
	1.1260695457458496
	1.1259931325912476
	1.1259171962738037
	1.1258457899093628
	1.125768780708313
	1.1256985664367676
	1.1256263256072998
	1.1255550384521484
	1.1254823207855225
	1.125410556793213
	1.1253424882888794
	1.1252708435058594
	1.125196099281311
	1.125129222869873
	1.1250605583190918
	1.124989628791809
	1.1249183416366577
	1.1248455047607422
	1.124772310256958
	1.1247071027755737
	1.124637246131897
	1.124564290046692
	1.124492883682251
	1.1244250535964966
	1.124354362487793
	1.1242860555648804
	1.1242210865020752
	1.124148964881897
	1.1240768432617188
	1.1240142583847046
	1.123939871788025
	1.123868703842163
	1.12379789352417
	1.123725414276123
	1.1236580610275269
	1.1235896348953247
	1.123525619506836
	1.1234586238861084
	1.1233817338943481
	1.1233196258544922
	1.1232446432113647
	1.1231772899627686
	1.1231061220169067
	1.123034954071045
	1.1229636669158936
	1.1229000091552734
	1.1228355169296265
	1.1227697134017944
	1.1227089166641235
	1.1226391792297363
	1.1225789785385132
	1.1225090026855469
	1.1224429607391357
	1.1223760843276978
	1.122309923171997
	1.1222426891326904
	1.1221789121627808
	1.1221065521240234
	1.1220474243164062
	1.1219794750213623
	1.121904730796814
	1.1218341588974
	1.121769666671753
	1.1217033863067627
	1.121631145477295
	1.1215680837631226
	1.1214975118637085
	1.1214362382888794
	1.1213738918304443
	1.1213135719299316
	1.1212443113327026
	1.1211861371994019
	1.1211254596710205
	1.1210620403289795
	1.1209921836853027
	1.1209243535995483
	1.1208605766296387
	1.120795726776123
	1.1207224130630493
	1.1206613779067993
	1.1205955743789673
	1.1205387115478516
	1.120469093322754
	1.1204133033752441
	1.1203583478927612
	1.1202982664108276
	1.1202363967895508
	1.1201682090759277
	1.1201058626174927
	1.120049238204956
	1.1199944019317627
	1.1199320554733276
	1.119869351387024
	1.119814157485962
	1.1197466850280762
	1.1196835041046143
	1.1196157932281494
	1.1195448637008667
	1.1194829940795898
	1.1194214820861816
	1.1193642616271973
	1.119300127029419
	1.1192325353622437
	1.1191792488098145
	1.1191160678863525
	1.119054913520813
	1.1189932823181152
	1.1189335584640503
	1.1188719272613525
	1.1188126802444458
	1.118748664855957
	1.1186895370483398
	1.1186347007751465
	1.1185678243637085
	1.118514060974121
	1.118451714515686
	1.1183834075927734
	1.1183276176452637
	1.1182689666748047
	1.1182136535644531
	1.1181479692459106
	1.1180835962295532
	1.1180185079574585
	1.1179542541503906
	1.1178983449935913
	1.1178396940231323
	1.1177806854248047
	1.1177221536636353
	1.1176642179489136
	1.117599606513977
	1.1175403594970703
	1.1174843311309814
	1.1174278259277344
	1.117369532585144
	1.117307424545288
	1.1172465085983276
	1.1171815395355225
	1.1171157360076904
	1.1170604228973389
	1.1170114278793335
	1.1169551610946655
	1.1168960332870483
	1.1168383359909058
	1.1167832612991333
	1.1167287826538086
	1.11667001247406
	1.116619348526001
	1.116567611694336
	1.116507887840271
	1.1164398193359375
	1.116377592086792
	1.11632239818573
	1.116273283958435
	1.1162121295928955
	1.116150975227356
	1.1161041259765625
	1.1160475015640259
	1.11598539352417
	1.1159323453903198
	1.1158733367919922
	1.1158205270767212
	1.11577308177948
	1.115721344947815
	1.1156632900238037
	1.1156073808670044
	1.115551471710205
	1.115499496459961
	1.1154347658157349
	1.1153770685195923
	1.1153209209442139
	1.1152703762054443
	1.1152091026306152
	1.1151530742645264
	1.115111231803894
	1.115044355392456
	1.1149954795837402
	1.1149439811706543
	1.114884614944458
	1.1148319244384766
	1.1147801876068115
	1.1147247552871704
	1.1146700382232666
	1.1146163940429688
	1.1145589351654053
	1.1145163774490356
	1.114459753036499
	1.114404320716858
	1.114357352256775
	1.114309310913086
	1.114258050918579
	1.1142075061798096
	1.1141561269760132
	1.1141002178192139
	1.1140468120574951
	1.113995909690857
	1.1139458417892456
	1.113891363143921
	1.1138416528701782
	1.1137973070144653
	1.113741397857666
	1.1136888265609741
	1.1136428117752075
	1.1135882139205933
	1.1135358810424805
	1.1134897470474243
	1.1134381294250488
	1.1133886575698853
	1.1133356094360352
	1.1132782697677612
	1.1132322549819946
	1.1131807565689087
	1.1131287813186646
	1.1130785942077637
	1.1130292415618896
	1.1129772663116455
	1.1129289865493774
	1.1128807067871094
	1.1128264665603638
	1.1127763986587524
	1.1127209663391113
	1.1126701831817627
	1.1126248836517334
	1.112571358680725
	1.1125152111053467
	1.1124694347381592
	1.112414836883545
	1.1123697757720947
	1.1123285293579102
	1.1122829914093018
	1.112233281135559
	1.1121923923492432
	1.1121432781219482
	1.1120964288711548
	1.1120506525039673
	1.1120078563690186
	1.1119575500488281
	1.1119052171707153
	1.1118595600128174
	1.1118061542510986
	1.1117565631866455
	1.1117074489593506
	1.1116549968719482
	1.1116081476211548
	1.1115602254867554
	1.111512303352356
	1.111465334892273
	1.1114187240600586
	1.1113675832748413
	1.1113168001174927
	1.1112654209136963
	1.1112170219421387
	1.1111738681793213
	1.1111242771148682
	1.111079454421997
	1.1110341548919678
	1.1109923124313354
	1.110935926437378
	1.1108936071395874
	1.1108473539352417
	1.1108072996139526
	1.1107597351074219
	1.1107112169265747
	1.1106631755828857
	1.1106183528900146
	1.1105751991271973
	1.11052405834198
	1.1104792356491089
	1.1104328632354736
	1.1103838682174683
	1.1103483438491821
	1.1103110313415527
	1.1102662086486816
	1.1102267503738403
	1.110176920890808
	1.110137701034546
	1.1100924015045166
	1.1100517511367798
	1.1100082397460938
	1.1099622249603271
	1.109920859336853
	1.1098763942718506
	1.1098262071609497
	1.1097769737243652
	1.1097300052642822
	1.1096808910369873
	1.1096357107162476
	1.1096045970916748
	1.1095644235610962
	1.1095225811004639
	1.1094812154769897
	1.1094309091567993
	1.1093896627426147
	1.109343409538269
	1.1093006134033203
	1.109253168106079
	1.1092064380645752
	1.1091539859771729
	1.1091033220291138
	1.1090633869171143
	1.1090165376663208
	1.1089699268341064
	1.1089245080947876
	1.108878493309021
	1.1088306903839111
	1.1087900400161743
	1.1087397336959839
	1.1086971759796143
	1.1086540222167969
	1.1086045503616333
	1.1085646152496338
	1.1085209846496582
	1.1084823608398438
	1.1084407567977905
	1.1083943843841553
	1.1083500385284424
	1.108316421508789
	1.1082706451416016
	1.108234167098999
	1.1081867218017578
	1.1081445217132568
	1.1080955266952515
	1.10805082321167
	1.1080045700073242
	1.1079643964767456
	1.1079274415969849
	1.1078890562057495
	1.107848048210144
	1.1078059673309326
	1.1077697277069092
	1.1077258586883545
	1.1076823472976685
	1.107637643814087
	1.1076041460037231
	1.1075571775436401
	1.1075139045715332
	1.1074823141098022
	1.1074453592300415
	1.1074057817459106
	1.1073641777038574
	1.1073260307312012
	1.1072818040847778
	1.1072436571121216
	1.1072039604187012
	1.1071711778640747
	1.1071339845657349
	1.107092022895813
	1.1070456504821777
	1.1070045232772827
	1.1069586277008057
	1.1069189310073853
	1.1068791151046753
	1.1068452596664429
	1.1068036556243896
	1.1067548990249634
	1.1067174673080444
	1.1066765785217285
	1.1066384315490723
	1.106595754623413
	1.106557011604309
	1.106511116027832
	1.1064682006835938
	1.1064324378967285
	1.1063941717147827
	1.1063599586486816
	1.1063218116760254
	1.106284499168396
	1.1062465906143188
	1.1062135696411133
	1.1061797142028809
	1.1061323881149292
	1.106088399887085
	1.1060482263565063
	1.106006383895874
	1.105962872505188
	1.1059179306030273
	1.1058826446533203
	1.105845332145691
	1.1058027744293213
	1.1057583093643188
	1.1057217121124268
	1.1056771278381348
	1.1056437492370605
	1.1056084632873535
	1.1055799722671509
	1.1055364608764648
	1.1054993867874146
	1.1054621934890747
	1.105425238609314
	1.1053810119628906
	1.1053502559661865
	1.1053109169006348
	1.1052721738815308
	1.1052371263504028
	1.1051956415176392
	1.1051528453826904
	1.1051121950149536
	1.1050716638565063
	1.1050336360931396
	1.1049927473068237
	1.1049613952636719
	1.1049180030822754
	1.104882001876831
	1.104841709136963
	1.1048011779785156
	1.1047664880752563
	1.1047297716140747
	1.1046926975250244
	1.1046525239944458
	1.1046119928359985
	1.1045786142349243
	1.1045408248901367
	1.1045050621032715
	1.10447359085083
	1.1044318675994873
	1.10439932346344
	1.104361653327942
	1.1043319702148438
	1.1042838096618652
	1.104245662689209
	1.1042113304138184
	1.1041749715805054
	1.1041382551193237
	1.1040972471237183
	1.104066252708435
	1.104028582572937
	1.1039940118789673
	1.103959083557129
	1.1039276123046875
	1.103898525238037
	1.1038638353347778
	1.1038352251052856
	1.1037989854812622
	1.1037535667419434
	1.1037218570709229
	1.10369074344635
	1.103650689125061
	1.1036115884780884
	1.1035782098770142
	1.103536605834961
	1.103502631187439
	1.1034661531448364
	1.1034363508224487
	1.1034003496170044
	1.1033687591552734
	1.1033351421356201
	1.103300929069519
	1.1032718420028687
	1.103237271308899
	1.1032065153121948
	1.1031711101531982
	1.1031358242034912
	1.1031025648117065
	1.1030707359313965
	1.1030354499816895
	1.1030014753341675
	1.1029735803604126
	1.1029384136199951
	1.1028995513916016
	1.102873682975769
	1.1028451919555664
	1.1028075218200684
	1.1027793884277344
	1.1027436256408691
	1.1027170419692993
	1.1026850938796997
	1.1026513576507568
	1.1026134490966797
	1.1025797128677368
	1.10254967212677
	1.1025090217590332
	1.1024750471115112
	1.1024378538131714
	1.1024017333984375
	1.1023647785186768
	1.1023359298706055
	1.1023038625717163
	1.1022746562957764
	1.1022439002990723
	1.1022112369537354
	1.102177381515503
	1.1021453142166138
	1.1021150350570679
	1.1020828485488892
	1.1020535230636597
	1.1020231246948242
	1.1019905805587769
	1.10195791721344
	1.101929783821106
	1.1019030809402466
	1.1018726825714111
	1.1018389463424683
	1.101802945137024
	1.101776123046875
	1.1017431020736694
	1.1017051935195923
	1.101677656173706
	1.1016464233398438
	1.1016041040420532
	1.1015745401382446
	1.1015368700027466
	1.1015013456344604
	1.1014728546142578
	1.101438283920288
	1.1014022827148438
	1.1013766527175903
	1.101341724395752
	1.1013102531433105
	1.1012779474258423
	1.1012517213821411
	1.1012163162231445
	1.1011805534362793
	1.1011521816253662
	1.10112464427948
	1.1010887622833252
	1.1010587215423584
	1.10102379322052
	1.1009998321533203
	1.1009678840637207
	1.1009328365325928
	1.1009016036987305
	1.1008689403533936
	1.1008334159851074
	1.1008070707321167
	1.100776195526123
	1.1007537841796875
	1.1007243394851685
	1.1006954908370972
	1.1006534099578857
	1.1006213426589966
	1.1005914211273193
	1.1005620956420898
	1.1005380153656006
	1.100504755973816
	1.1004728078842163
	1.100442886352539
	1.1004146337509155
	1.100385308265686
	1.100356936454773
	1.10032320022583
	1.100297212600708
	1.1002557277679443
	1.1002310514450073
	1.1001948118209839
	1.1001628637313843
	1.1001298427581787
	1.1000962257385254
	1.1000672578811646
	1.1000311374664307
	1.100002408027649
	1.099969506263733
	1.099942684173584
	1.0999137163162231
	1.0998857021331787
	1.099853754043579
	1.0998203754425049
	1.0997875928878784
	1.0997612476348877
	1.0997382402420044
	1.099698543548584
	1.0996583700180054
	1.0996298789978027
	1.09959876537323
	1.0995752811431885
	1.0995463132858276
	1.099511742591858
	1.0994846820831299
	1.0994526147842407
	1.0994272232055664
	1.0994011163711548
	1.0993698835372925
	1.0993342399597168
	1.099310278892517
	1.099278450012207
	1.0992475748062134
	1.0992190837860107
	1.099197506904602
	1.0991716384887695
	1.0991411209106445
	1.099112629890442
	1.0990785360336304
	1.099039912223816
	1.0990077257156372
	1.098978877067566
	1.0989471673965454
	1.0989222526550293
	1.0989012718200684
	1.0988653898239136
	1.0988377332687378
	1.0988050699234009
	1.0987842082977295
	1.0987554788589478
	1.0987285375595093
	1.0986946821212769
	1.0986692905426025
	1.098639965057373
	1.0986132621765137
	1.0985924005508423
	1.098563313484192
	1.0985338687896729
	1.0985101461410522
	1.0984779596328735
	1.0984477996826172
	1.0984187126159668
	1.0983939170837402
	1.0983664989471436
	1.098341703414917
	1.0983082056045532
	1.098275065422058
	1.0982489585876465
	1.0982252359390259
	1.0981968641281128
	1.0981745719909668
	1.098147988319397
	1.0981168746948242
	1.098089337348938
	1.0980595350265503
	1.0980278253555298
	1.0980020761489868
	1.0979738235473633
	1.0979396104812622
	1.0979138612747192
	1.0978842973709106
	1.0978567600250244
	1.0978323221206665
	1.097806692123413
	1.0977692604064941
	1.0977396965026855
	1.0977081060409546
	1.097676396369934
	1.0976566076278687
	1.0976324081420898
	1.0976029634475708
	1.0975786447525024
	1.097550392150879
	1.0975202322006226
	1.0974839925765991
	1.0974606275558472
	1.097435712814331
	1.0974079370498657
	1.0973726511001587
	1.0973471403121948
	1.097306489944458
	1.0972827672958374
	1.0972554683685303
	1.0972247123718262
	1.0972000360488892
	1.0971766710281372
	1.0971548557281494
	1.0971310138702393
	1.0971121788024902
	1.0970871448516846
	1.0970593690872192
	1.097030520439148
	1.0970083475112915
	1.096985936164856
	1.0969538688659668
	1.0969271659851074
	1.0969072580337524
	1.0968793630599976
	1.0968570709228516
	1.096827745437622
	1.0968002080917358
	1.0967711210250854
	1.0967425107955933
	1.0967155694961548
	1.096686601638794
	1.0966652631759644
	1.096643328666687
	1.0966218709945679
	1.09658682346344
	1.0965572595596313
	1.096535325050354
	1.096505045890808
	1.0964735746383667
	1.096441626548767
	1.0964148044586182
	1.0963821411132812
	1.0963541269302368
	1.0963226556777954
	1.096287488937378
	1.096269130706787
	1.0962460041046143
	1.096216082572937
	1.0961887836456299
	1.0961624383926392
	1.0961350202560425
	1.0961028337478638
	1.0960783958435059
	1.0960513353347778
	1.0960243940353394
	1.0960038900375366
	1.095973253250122
	1.095944881439209
	1.0959091186523438
	1.095880389213562
	1.0958518981933594
	1.0958293676376343
	1.0958064794540405
	1.0957854986190796
	1.0957520008087158
	1.0957225561141968
	1.0956926345825195
	1.0956652164459229
	1.095638632774353
	1.0956107378005981
	1.095583438873291
	1.0955469608306885
	1.0955246686935425
	1.09549880027771
	1.0954774618148804
	1.0954440832138062
	1.095416784286499
	1.0953904390335083
	1.0953601598739624
	1.0953311920166016
	1.0952998399734497
	1.095274567604065
	1.095242977142334
	1.0952097177505493
	1.095183253288269
	1.0951600074768066
	1.0951344966888428
	1.095108985900879
	1.0950894355773926
	1.0950654745101929
	1.095041036605835
	1.095016360282898
	1.0949804782867432
	1.0949530601501465
	1.0949276685714722
	1.094908595085144
	1.094883680343628
	1.0948539972305298
	1.094832420349121
	1.0948148965835571
	1.0947904586791992
	1.0947697162628174
	1.09474778175354
	1.094719648361206
	1.0946956872940063
	1.0946673154830933
	1.0946428775787354
	1.0946121215820312
	1.0945926904678345
	1.094574213027954
	1.0945549011230469
	1.0945287942886353
	1.094508171081543
	1.0944889783859253
	1.0944594144821167
	1.0944315195083618
	1.094406008720398
	1.0943834781646729
	1.0943586826324463
	1.094330072402954
	1.0943104028701782
	1.0942933559417725
	1.0942717790603638
	1.0942524671554565
	1.0942332744598389
	1.0942047834396362
	1.0941768884658813
	1.0941516160964966
	1.0941298007965088
	1.094092845916748
	1.0940619707107544
	1.0940438508987427
	1.0940167903900146
	1.0939946174621582
	1.093970537185669
	1.093944787979126
	1.0939213037490845
	1.0938928127288818
	1.0938681364059448
	1.0938457250595093
	1.0938187837600708
	1.0937952995300293
	1.0937682390213013
	1.0937438011169434
	1.0937203168869019
	1.093690276145935
	1.0936617851257324
	1.0936377048492432
	1.0936139822006226
	1.0935845375061035
	1.0935524702072144
	1.0935328006744385
	1.093508005142212
	1.0934873819351196
	1.09346342086792
	1.093437671661377
	1.0934133529663086
	1.0933856964111328
	1.0933560132980347
	1.0933351516723633
	1.0933152437210083
	1.0932972431182861
	1.0932672023773193
	1.0932461023330688
	1.093211054801941
	1.09317946434021
	1.0931557416915894
	1.0931333303451538
	1.0931044816970825
	1.0930767059326172
	1.093056321144104
	1.0930306911468506
	1.0930030345916748
	1.0929791927337646
	1.092956781387329
	1.0929381847381592
	1.0929217338562012
	1.092900037765503
	1.092875361442566
	1.0928524732589722
	1.092829942703247
	1.0928068161010742
	1.0927852392196655
	1.0927594900131226
	1.0927282571792603
	1.0927064418792725
	1.0926849842071533
	1.0926638841629028
	1.092640995979309
	1.0926176309585571
	1.0925997495651245
	1.0925782918930054
	1.092551589012146
	1.0925315618515015
	1.0925058126449585
	1.0924897193908691
	1.092466115951538
	1.0924407243728638
	1.0924053192138672
	1.092378854751587
	1.0923619270324707
	1.0923457145690918
	1.092319369316101
	1.0922964811325073
	1.0922812223434448
	1.0922571420669556
	1.0922271013259888
	1.0922017097473145
	1.092180609703064
	1.092151403427124
	1.0921282768249512
	1.0921066999435425
	1.092082142829895
	1.0920542478561401
	1.0920336246490479
	1.0920181274414062
	1.0919928550720215
	1.0919772386550903
	1.0919395685195923
	1.0919216871261597
	1.091896414756775
	1.0918772220611572
	1.0918525457382202
	1.0918208360671997
	1.0918042659759521
	1.0917762517929077
	1.0917448997497559
	1.0917226076126099
	1.0917065143585205
	1.091683268547058
	1.0916690826416016
	1.0916342735290527
	1.0916112661361694
	1.0915926694869995
	1.0915699005126953
	1.0915511846542358
	1.0915266275405884
	1.0915039777755737
	1.0914855003356934
	1.091467022895813
	1.0914502143859863
	1.0914299488067627
	1.0914106369018555
	1.0913877487182617
	1.0913712978363037
	1.091352939605713
	1.0913301706314087
	1.091304063796997
	1.091280460357666
	1.091249942779541
	1.0912302732467651
	1.0912010669708252
	1.0911790132522583
	1.0911623239517212
	1.0911438465118408
	1.091123104095459
	1.0910979509353638
	1.091079831123352
	1.0910604000091553
	1.0910416841506958
	1.0910192728042603
	1.0910004377365112
	1.0909780263900757
	1.0909487009048462
	1.0909206867218018
	1.0909048318862915
	1.090880036354065
	1.0908620357513428
	1.090843915939331
	1.0908135175704956
	1.0907881259918213
	1.0907717943191528
	1.0907466411590576
	1.0907337665557861
	1.0907137393951416
	1.0906931161880493
	1.090666651725769
	1.0906533002853394
	1.0906364917755127
	1.0906175374984741
	1.0906013250350952
	1.0905873775482178
	1.0905686616897583
	1.0905554294586182
	1.0905290842056274
	1.0905009508132935
	1.0904792547225952
	1.0904607772827148
	1.0904392004013062
	1.0904206037521362
	1.0903935432434082
	1.0903691053390503
	1.090348482131958
	1.0903266668319702
	1.090314269065857
	1.0902878046035767
	1.0902653932571411
	1.0902403593063354
	1.090218424797058
	1.090196132659912
	1.0901713371276855
	1.0901544094085693
	1.0901274681091309
	1.090110421180725
	1.0900908708572388
	1.0900723934173584
	1.0900473594665527
	1.0900284051895142
	1.090011477470398
	1.0899980068206787
	1.0899767875671387
	1.0899537801742554
	1.0899326801300049
	1.0899161100387573
	1.0898991823196411
	1.08987557888031
	1.0898544788360596
	1.089830756187439
	1.089803695678711
	1.0897841453552246
	1.0897575616836548
	1.0897388458251953
	1.0897250175476074
	1.0897090435028076
	1.0896881818771362
	1.089665412902832
	1.0896472930908203
	1.0896296501159668
	1.0896048545837402
	1.089594841003418
	1.0895780324935913
	1.0895596742630005
	1.0895456075668335
	1.089523196220398
	1.089505910873413
	1.0894830226898193
	1.0894702672958374
	1.0894439220428467
	1.0894261598587036
	1.0894029140472412
	1.0893809795379639
	1.089359164237976
	1.089340090751648
	1.0893172025680542
	1.0892976522445679
	1.0892771482467651
	1.0892513990402222
	1.0892330408096313
	1.0892176628112793
	1.0891985893249512
	1.0891835689544678
	1.089160442352295
	1.0891427993774414
	1.0891283750534058
	1.0891057252883911
	1.089087724685669
	1.0890716314315796
	1.0890411138534546
	1.0890228748321533
	1.0890065431594849
	1.0889865159988403
	1.0889610052108765
	1.0889463424682617
	1.088927984237671
	1.0889040231704712
	1.0888787508010864
	1.088857889175415
	1.0888383388519287
	1.088816523551941
	1.0887978076934814
	1.0887778997421265
	1.0887619256973267
	1.0887434482574463
	1.0887178182601929
	1.088701605796814
	1.0886820554733276
	1.0886642932891846
	1.0886398553848267
	1.088619589805603
	1.0885893106460571
	1.0885729789733887
	1.0885579586029053
	1.088546633720398
	1.0885319709777832
	1.088511347770691
	1.0884913206100464
	1.0884698629379272
	1.0884459018707275
	1.0884240865707397
	1.0884041786193848
	1.0883879661560059
	1.088373064994812
	1.0883499383926392
	1.0883303880691528
	1.0883152484893799
	1.0882924795150757
	1.0882816314697266
	1.0882668495178223
	1.0882455110549927
	1.0882189273834229
	1.0881986618041992
	1.0881844758987427
	1.0881736278533936
	1.0881491899490356
	1.0881235599517822
	1.0881081819534302
	1.0880825519561768
	1.0880624055862427
	1.0880433320999146
	1.0880266427993774
	1.0880095958709717
	1.0879956483840942
	1.0879669189453125
	1.087955117225647
	1.087925672531128
	1.087907075881958
	1.0878901481628418
	1.0878674983978271
	1.0878490209579468
	1.087825059890747
	1.0878024101257324
	1.0877888202667236
	1.0877697467803955
	1.087744116783142
	1.0877223014831543
	1.0877032279968262
	1.0876790285110474
	1.0876613855361938
	1.087644338607788
	1.08761465549469
	1.0875941514968872
	1.087578535079956
	1.0875600576400757
	1.087546944618225
	1.0875234603881836
	1.0875025987625122
	1.0874885320663452
	1.087479591369629
	1.0874663591384888
	1.0874497890472412
	1.087438702583313
	1.0874171257019043
	1.0873934030532837
	1.0873711109161377
	1.0873528718948364
	1.087339997291565
	1.0873197317123413
	1.0873032808303833
	1.0872904062271118
	1.0872658491134644
	1.08724844455719
	1.087221384048462
	1.087207555770874
	1.0871901512145996
	1.0871703624725342
	1.087156891822815
	1.0871349573135376
	1.0871206521987915
	1.0871005058288574
	1.0870782136917114
	1.0870620012283325
	1.087042212486267
	1.0870227813720703
	1.0870048999786377
	1.0869901180267334
	1.086976408958435
	1.0869596004486084
	1.0869348049163818
	1.0869239568710327
	1.0868980884552002
	1.086879014968872
	1.0868539810180664
	1.0868273973464966
	1.0868068933486938
	1.086791753768921
	1.0867738723754883
	1.086753010749817
	1.0867290496826172
	1.0867105722427368
	1.0866951942443848
	1.086667776107788
	1.086655616760254
	1.0866349935531616
	1.086617112159729
	1.0866011381149292
	1.0865808725357056
	1.0865565538406372
	1.0865401029586792
	1.08652663230896
	1.0865012407302856
	1.0864845514297485
	1.0864742994308472
	1.0864530801773071
	1.0864306688308716
	1.0864230394363403
	1.08640718460083
	1.0863946676254272
	1.086387038230896
	1.0863800048828125
	1.0863621234893799
	1.0863455533981323
	1.086334228515625
	1.086314082145691
	1.0862958431243896
	1.0862815380096436
	1.0862596035003662
	1.0862395763397217
	1.0862221717834473
	1.0862069129943848
	1.0861854553222656
	1.0861656665802002
	1.0861529111862183
	1.0861374139785767
	1.086122989654541
	1.0861057043075562
	1.0860944986343384
	1.0860753059387207
	1.0860570669174194
	1.0860456228256226
	1.086028814315796
	1.0860145092010498
	1.0860066413879395
	1.0859882831573486
	1.0859712362289429
	1.0859556198120117
	1.085942268371582
	1.0859286785125732
	1.0859087705612183
	1.0858923196792603
	1.0858734846115112
	1.0858639478683472
	1.0858491659164429
	1.0858372449874878
	1.0858200788497925
	1.0858074426651
	1.0857998132705688
	1.0857782363891602
	1.0857609510421753
	1.0857374668121338
	1.085726022720337
	1.0857161283493042
	1.085699200630188
	1.0856804847717285
	1.0856637954711914
	1.0856410264968872
	1.0856260061264038
	1.0856114625930786
	1.0856001377105713
	1.085583209991455
	1.085567593574524
	1.085548996925354
	1.0855334997177124
	1.085523009300232
	1.0855059623718262
	1.0854939222335815
	1.0854812860488892
	1.0854735374450684
	1.08545982837677
	1.0854495763778687
	1.0854426622390747
	1.0854225158691406
	1.0854082107543945
	1.0853946208953857
	1.0853807926177979
	1.0853755474090576
	1.0853664875030518
	1.0853540897369385
	1.0853347778320312
	1.0853211879730225
	1.0853025913238525
	1.085292935371399
	1.0852771997451782
	1.0852646827697754
	1.0852446556091309
	1.0852285623550415
	1.0852168798446655
	1.0851993560791016
	1.085185170173645
	1.085176706314087
	1.0851621627807617
	1.085151195526123
	1.0851383209228516
	1.0851153135299683
	1.0851030349731445
	1.0850818157196045
	1.085066318511963
	1.0850476026535034
	1.0850292444229126
	1.0850133895874023
	1.0849990844726562
	1.0849820375442505
	1.0849603414535522
	1.084949016571045
	1.08492910861969
	1.0849134922027588
	1.0849062204360962
	1.0848942995071411
	1.0848839282989502
	1.084868311882019
	1.084854006767273
	1.0848366022109985
	1.0848138332366943
	1.084796667098999
	1.0847856998443604
	1.0847748517990112
	1.0847647190093994
	1.0847493410110474
	1.0847387313842773
	1.0847185850143433
	1.0847017765045166
	1.084681510925293
	1.0846680402755737
	1.0846515893936157
	1.0846333503723145
	1.0846223831176758
	1.0846068859100342
	1.0846003293991089
	1.084577202796936
	1.0845656394958496
	1.0845553874969482
	1.0845494270324707
	1.0845357179641724
	1.0845211744308472
	1.0845105648040771
	1.084499478340149
	1.0844933986663818
	1.084482192993164
	1.0844675302505493
	1.0844554901123047
	1.08444344997406
	1.0844324827194214
	1.0844165086746216
	1.0844120979309082
	1.0843979120254517
	1.0843720436096191
	1.0843538045883179
	1.0843374729156494
	1.0843204259872437
	1.0843100547790527
	1.0843013525009155
	1.0842928886413574
	1.0842769145965576
	1.0842643976211548
	1.0842552185058594
	1.08423912525177
	1.084220290184021
	1.0842026472091675
	1.0841917991638184
	1.0841811895370483
	1.084172248840332
	1.0841565132141113
	1.0841419696807861
	1.0841296911239624
	1.0841200351715088
	1.0841091871261597
	1.084086537361145
	1.0840764045715332
	1.0840646028518677
	1.0840562582015991
	1.0840510129928589
	1.0840420722961426
	1.0840243101119995
	1.0840119123458862
	1.0839992761611938
	1.0839763879776
	1.083959698677063
	1.083946943283081
	1.0839329957962036
	1.0839241743087769
	1.0839108228683472
	1.0838996171951294
	1.083886742591858
	1.0838837623596191
	1.0838686227798462
	1.083852767944336
	1.0838426351547241
	1.083835482597351
	1.083821415901184
	1.0838111639022827
	1.0837934017181396
	1.0837815999984741
	1.0837725400924683
	1.0837547779083252
	1.0837398767471313
	1.0837262868881226
	1.0837180614471436
	1.0837022066116333
	1.0836880207061768
	1.0836727619171143
	1.0836591720581055
	1.0836440324783325
	1.083624005317688
	1.0836106538772583
	1.0835976600646973
	1.0835901498794556
	1.0835739374160767
	1.083558201789856
	1.083541989326477
	1.0835274457931519
	1.0835115909576416
	1.083497166633606
	1.08347749710083
	1.0834641456604004
	1.0834544897079468
	1.0834487676620483
	1.0834336280822754
	1.0834206342697144
	1.083410382270813
	1.0833972692489624
	1.0833858251571655
	1.083368182182312
	1.0833549499511719
	1.083338737487793
	1.0833156108856201
	1.0833052396774292
	1.0832860469818115
	1.083270788192749
	1.0832511186599731
	1.083243489265442
	1.0832343101501465
	1.083227515220642
	1.0832123756408691
	1.0831990242004395
	1.0831931829452515
	1.0831835269927979
	1.0831714868545532
	1.0831618309020996
	1.0831562280654907
	1.0831403732299805
	1.0831297636032104
	1.0831189155578613
	1.0831108093261719
	1.0830975770950317
	1.0830838680267334
	1.083066463470459
	1.0830566883087158
	1.0830446481704712
	1.0830354690551758
	1.0830092430114746
	1.0829999446868896
	1.0829814672470093
	1.082967758178711
	1.0829578638076782
	1.0829483270645142
	1.0829375982284546
	1.0829272270202637
	1.0829195976257324
	1.0829023122787476
	1.0828860998153687
	1.082875370979309
	1.0828670263290405
	1.0828582048416138
	1.0828464031219482
	1.0828325748443604
	1.082820177078247
	1.0828114748001099
	1.0827986001968384
	1.0827943086624146
	1.0827795267105103
	1.0827614068984985
	1.082745909690857
	1.0827305316925049
	1.082722544670105
	1.0827085971832275
	1.0827014446258545
	1.0826904773712158
	1.0826849937438965
	1.0826835632324219
	1.0826674699783325
	1.0826609134674072
	1.0826563835144043
	1.0826473236083984
	1.0826395750045776
	1.0826270580291748
	1.0826170444488525
	1.082615613937378
	1.0826042890548706
	1.0825865268707275
	1.0825716257095337
	1.0825618505477905
	1.0825563669204712
	1.0825469493865967
	1.0825361013412476
	1.082526445388794
	1.0825181007385254
	1.0825122594833374
	1.082497477531433
	1.0824819803237915
	1.0824748277664185
	1.0824668407440186
	1.0824644565582275
	1.0824676752090454
	1.0824604034423828
	1.0824438333511353
	1.082430362701416
]