[
	0.941863477230072
	0.9416190981864929
	0.9413754343986511
	0.9411547780036926
	0.9408987760543823
	0.9406917095184326
	0.940493106842041
	0.9402455687522888
	0.9399953484535217
	0.9397201538085938
	0.9395180344581604
	0.9393328428268433
	0.9391131401062012
	0.9388749003410339
	0.9386400580406189
	0.9384284019470215
	0.938194215297699
	0.9380341172218323
	0.937807023525238
	0.9376043081283569
	0.9374198913574219
	0.9372321367263794
	0.9370080828666687
	0.9367858171463013
	0.9365975856781006
	0.9363734126091003
	0.9361433386802673
	0.935917854309082
	0.9357038736343384
	0.9354711174964905
	0.935271143913269
	0.9350879788398743
	0.9348834156990051
	0.9346457123756409
	0.9344759583473206
	0.9342516660690308
	0.934035062789917
	0.9338648319244385
	0.9336938858032227
	0.9335179328918457
	0.9333298206329346
	0.9331201910972595
	0.9329251050949097
	0.9327101111412048
	0.932517409324646
	0.9323382377624512
	0.9321193695068359
	0.9319227933883667
	0.9317331314086914
	0.9315385222434998
	0.9313318133354187
	0.9311273694038391
	0.930955708026886
	0.9307759404182434
	0.9305859804153442
	0.9303866028785706
	0.9302138090133667
	0.9300354719161987
	0.9298739433288574
	0.9297047853469849
	0.9295304417610168
	0.9293658137321472
	0.9292128682136536
	0.9290180802345276
	0.9288512468338013
	0.9286656975746155
	0.9284597039222717
	0.9282543659210205
	0.9280557036399841
	0.9278786778450012
	0.9276911020278931
	0.927513599395752
	0.9273125529289246
	0.927130937576294
	0.9269553422927856
	0.9267501831054688
	0.9265743494033813
	0.9264249801635742
	0.9262315630912781
	0.9260369539260864
	0.9258496761322021
	0.9256675243377686
	0.9254847168922424
	0.9253161549568176
	0.9251027703285217
	0.9249109625816345
	0.9247696995735168
	0.9246214032173157
	0.9244645237922668
	0.924290120601654
	0.9240731596946716
	0.9238870143890381
	0.9236930012702942
	0.9235345721244812
	0.9233517646789551
	0.9231874346733093
	0.923005998134613
	0.9228319525718689
	0.9226508140563965
	0.9225246906280518
	0.9223722815513611
	0.9221952557563782
	0.9220351576805115
	0.9218481779098511
	0.9216495156288147
	0.9215049743652344
	0.9213213324546814
	0.9211565852165222
	0.9209703803062439
	0.92080157995224
	0.9206540584564209
	0.9205094575881958
	0.9203265309333801
	0.9201539754867554
	0.9199749231338501
	0.919816255569458
	0.9196596741676331
	0.9195038676261902
	0.9193268418312073
	0.919156551361084
	0.9189838171005249
	0.9188339114189148
	0.9186791181564331
	0.9185236692428589
	0.9183546304702759
	0.9181949496269226
	0.9180155396461487
	0.9178329110145569
	0.9176756143569946
	0.9175018668174744
	0.9173456430435181
	0.9171604514122009
	0.9170196056365967
	0.9168699979782104
	0.9167288541793823
	0.9165982007980347
	0.9164348840713501
	0.9162676334381104
	0.9160985350608826
	0.9159479737281799
	0.9157956838607788
	0.9156225323677063
	0.9154558181762695
	0.9152802228927612
	0.9151240587234497
	0.9149434566497803
	0.9148006439208984
	0.9146270751953125
	0.914449155330658
	0.914284884929657
	0.9141378402709961
	0.913987934589386
	0.9138477444648743
	0.913692831993103
	0.9135239124298096
	0.9133641123771667
	0.9131996035575867
	0.9130270481109619
	0.912902295589447
	0.9127548933029175
	0.9125865697860718
	0.9124278426170349
	0.9122580885887146
	0.9121123552322388
	0.9119725823402405
	0.9118548631668091
	0.9117034077644348
	0.9115456342697144
	0.9113824963569641
	0.9112228155136108
	0.9110967516899109
	0.9109334349632263
	0.9107740521430969
	0.910631537437439
	0.9104734063148499
	0.9103294610977173
	0.9101528525352478
	0.910031259059906
	0.9099009037017822
	0.9097399711608887
	0.9095903635025024
	0.909437894821167
	0.9093285202980042
	0.9091924428939819
	0.9090369939804077
	0.9088999629020691
	0.908733069896698
	0.9085996150970459
	0.9084810614585876
	0.9083119034767151
	0.908167839050293
	0.9080244302749634
	0.9078855514526367
	0.9077402949333191
	0.9075958132743835
	0.9074575901031494
	0.9072939157485962
	0.9071550369262695
	0.9070112109184265
	0.9068734049797058
	0.906711995601654
	0.9065871238708496
	0.906451940536499
	0.9062919616699219
	0.9061570763587952
	0.9060196280479431
	0.9058837294578552
	0.9057279229164124
	0.9055985808372498
	0.9054418802261353
	0.9053303003311157
	0.9051831960678101
	0.905055046081543
	0.9049512147903442
	0.9048202037811279
	0.9046951532363892
	0.9045668840408325
	0.9044130444526672
	0.9042713642120361
	0.9041749238967896
	0.9040241837501526
	0.9038962721824646
	0.903745174407959
	0.9035751819610596
	0.9034407138824463
	0.9033221006393433
	0.9031888842582703
	0.9030532836914062
	0.9029415249824524
	0.9027802348136902
	0.9026124477386475
	0.902503252029419
	0.9023562669754028
	0.9022358655929565
	0.9021129608154297
	0.901985228061676
	0.9018297791481018
	0.9017006158828735
	0.9015955328941345
	0.9014759063720703
	0.9013517498970032
	0.9012158513069153
	0.9010851383209229
	0.9009578824043274
	0.9008294343948364
	0.9006927609443665
	0.900557816028595
	0.9004138112068176
	0.9002867341041565
	0.9001442193984985
	0.8999925851821899
	0.8998608589172363
	0.8997399210929871
	0.899590790271759
	0.8994327187538147
	0.8993242979049683
	0.8992171883583069
	0.8990614414215088
	0.8989035487174988
	0.8988202214241028
	0.8986866474151611
	0.8985585570335388
	0.898421585559845
	0.8982999920845032
	0.8981643319129944
	0.8980388641357422
	0.8978865742683411
	0.8977901935577393
	0.8976722955703735
	0.8975481390953064
	0.8974077701568604
	0.8972626328468323
	0.8971424102783203
	0.897037148475647
	0.8968972563743591
	0.89676833152771
	0.8966400027275085
	0.8964898586273193
	0.8963484168052673
	0.8962117433547974
	0.896095335483551
	0.8959661722183228
	0.8958329558372498
	0.8957179188728333
	0.8955749869346619
	0.8954443335533142
	0.895361602306366
	0.8952166438102722
	0.8951258659362793
	0.8950000405311584
	0.8948767185211182
	0.8947586417198181
	0.8946148157119751
	0.8944939970970154
	0.8943836092948914
	0.8942482471466064
	0.894134521484375
	0.8940162658691406
	0.8939031362533569
	0.8937743902206421
	0.8936426639556885
	0.8935672640800476
	0.8934463858604431
	0.8933377861976624
	0.8932338953018188
	0.8931119441986084
	0.8929944038391113
	0.8928813338279724
	0.8927762508392334
	0.892641544342041
	0.8925169110298157
	0.8923831582069397
	0.8922567963600159
	0.8921402096748352
	0.8920011520385742
	0.8918788433074951
	0.8917568325996399
	0.8916612863540649
	0.8915421962738037
	0.8914057016372681
	0.8912922739982605
	0.891158938407898
	0.8910610675811768
	0.8909787535667419
	0.8908640146255493
	0.8907372355461121
	0.8906282782554626
	0.8904850482940674
	0.8903892040252686
	0.8902888298034668
	0.8901805877685547
	0.8900648355484009
	0.8899431824684143
	0.8898387551307678
	0.8897165656089783
	0.889598548412323
	0.8894782662391663
	0.8893833756446838
	0.8892648816108704
	0.889151930809021
	0.8890459537506104
	0.8889370560646057
	0.8888038396835327
	0.8886860609054565
	0.8885558843612671
	0.8884438872337341
	0.8883610963821411
	0.8882392048835754
	0.8881158232688904
	0.8880020976066589
	0.8878737688064575
	0.8877541422843933
	0.8876410126686096
	0.8875329494476318
	0.8874344825744629
	0.8873082399368286
	0.88720703125
	0.8871206641197205
	0.8870154619216919
	0.8869134783744812
	0.8867886066436768
	0.886663019657135
	0.8865762948989868
	0.886462390422821
	0.8863191604614258
	0.8862283229827881
	0.8861329555511475
	0.8860161304473877
	0.8858949542045593
	0.8857767581939697
	0.8856891393661499
	0.885580837726593
	0.8854600787162781
	0.8853623867034912
	0.8852423429489136
	0.8851383328437805
	0.8850283622741699
	0.8849300742149353
	0.8848324418067932
	0.8847152590751648
	0.8846017122268677
	0.8845165371894836
	0.8844250440597534
	0.884323239326477
	0.8841996788978577
	0.8840872049331665
	0.8840135335922241
	0.8839207291603088
	0.8838223814964294
	0.8837115168571472
	0.8835855722427368
	0.8834773898124695
	0.883347749710083
	0.883259654045105
	0.8831687569618225
	0.8830742835998535
	0.8829709887504578
	0.8828592896461487
	0.8827553391456604
	0.8826379776000977
	0.8825249671936035
	0.8824186325073242
	0.882325291633606
	0.8821959495544434
	0.8820706605911255
	0.8819554448127747
	0.8818438053131104
	0.8817407488822937
	0.8816347122192383
	0.8815083503723145
	0.881409764289856
	0.8812956213951111
	0.8811809420585632
	0.8810682892799377
	0.8809680342674255
	0.8808785080909729
	0.8807712197303772
	0.8806601762771606
	0.8805558681488037
	0.8804394602775574
	0.8803191781044006
	0.8802136778831482
	0.8800962567329407
	0.8799917697906494
	0.8798819780349731
	0.8797943592071533
	0.8796870708465576
	0.8795790076255798
	0.8794770836830139
	0.8793691992759705
	0.8792820572853088
	0.8791601657867432
	0.8790469765663147
	0.8789355158805847
	0.8788256049156189
	0.8787355422973633
	0.8785955905914307
	0.8784880638122559
	0.8783762454986572
	0.8782733082771301
	0.878168523311615
	0.8780530691146851
	0.877955436706543
	0.8778426051139832
	0.8777419328689575
	0.8776260018348694
	0.8775047659873962
	0.8773837685585022
	0.8772905468940735
	0.8772258162498474
	0.8771240711212158
	0.8770164847373962
	0.8769235014915466
	0.8768194317817688
	0.8767145276069641
	0.8766193389892578
	0.8765214085578918
	0.8764211535453796
	0.8763342499732971
	0.8762226700782776
	0.8761174082756042
	0.8760135173797607
	0.8759319186210632
	0.8758183717727661
	0.8757197260856628
	0.8756192922592163
	0.8755004405975342
	0.8754221200942993
	0.8753121495246887
	0.8751881122589111
	0.8751161694526672
	0.8749945163726807
	0.8748977184295654
	0.8747965097427368
	0.8746975660324097
	0.874601423740387
	0.874500572681427
	0.8743749260902405
	0.8742761611938477
	0.8741944432258606
	0.8740940093994141
	0.8740110397338867
	0.8738839030265808
	0.8737841844558716
	0.8736929893493652
	0.8736125230789185
	0.8735215067863464
	0.8734005093574524
	0.8733065724372864
	0.8732000589370728
	0.8731123208999634
	0.8730368614196777
	0.8729522228240967
	0.8728361129760742
	0.87272709608078
	0.8726039528846741
	0.872510552406311
	0.8723995089530945
	0.8723152875900269
	0.872209370136261
	0.8721266388893127
	0.8720297813415527
	0.8719408512115479
	0.8718684315681458
	0.8717751502990723
	0.8716898560523987
	0.8715901970863342
	0.871494710445404
	0.8714264035224915
	0.8713189363479614
	0.871228039264679
	0.8711240291595459
	0.8710289597511292
	0.8709360361099243
	0.8708312511444092
	0.870736300945282
	0.8706288933753967
	0.8705319762229919
	0.8704256415367126
	0.8703404664993286
	0.8702334761619568
	0.8701560497283936
	0.8700600862503052
	0.8699360489845276
	0.8698307275772095
	0.8697421550750732
	0.8696491718292236
	0.869566023349762
	0.8694708347320557
	0.8693830966949463
	0.8692755699157715
	0.8691813945770264
	0.8690884113311768
	0.8689895272254944
	0.8688836693763733
	0.868767261505127
	0.8686779141426086
	0.8685829639434814
	0.8685023188591003
	0.8684107065200806
	0.8683329224586487
	0.8682478070259094
	0.8681417107582092
	0.8680477142333984
	0.867953360080719
	0.8678500652313232
	0.8677635192871094
	0.867673933506012
	0.867567241191864
	0.8674916625022888
	0.8673988580703735
	0.8672868013381958
	0.8672043681144714
	0.8671006560325623
	0.8669995069503784
	0.866890549659729
	0.8667905926704407
	0.8666900992393494
	0.8666055798530579
	0.866504430770874
	0.8663948774337769
	0.8662974238395691
	0.8661795854568481
	0.8660627007484436
	0.8659614324569702
	0.8658615946769714
	0.8657752871513367
	0.865683376789093
	0.8655886650085449
	0.8655019998550415
	0.8654100298881531
	0.8653073906898499
	0.865208089351654
	0.8651255369186401
	0.8650468587875366
	0.8649833798408508
	0.8648932576179504
	0.8647933602333069
	0.8647167682647705
	0.8646567463874817
	0.8645719289779663
	0.8644824028015137
	0.8644053339958191
	0.8643195033073425
	0.8642463684082031
	0.8641459345817566
	0.8640467524528503
	0.8639600276947021
	0.8638814091682434
	0.8638110160827637
	0.8637159466743469
	0.8636514544487
	0.863545298576355
	0.863442063331604
	0.8633776903152466
	0.8632978200912476
	0.8632094264030457
	0.8631109595298767
	0.8630042672157288
	0.86290442943573
	0.8628255724906921
	0.8627491593360901
	0.8626492619514465
	0.8625601530075073
	0.862456738948822
	0.86238032579422
	0.8622819185256958
	0.8621894121170044
	0.8620782494544983
	0.8619893789291382
	0.8619024157524109
	0.8618203997612
	0.8617554903030396
	0.8616501092910767
	0.8615744113922119
	0.8614953756332397
	0.8613860011100769
	0.861298143863678
	0.8612157106399536
	0.8611125946044922
	0.8610370755195618
	0.8609444499015808
	0.8608388304710388
	0.8607419729232788
	0.8606531620025635
	0.8605455756187439
	0.8604373931884766
	0.8603700399398804
	0.8602926731109619
	0.8602195382118225
	0.860146164894104
	0.8600665926933289
	0.8599797487258911
	0.8598810434341431
	0.8597919940948486
	0.8597036004066467
	0.8595943450927734
	0.8594821691513062
	0.8594040274620056
	0.8593382239341736
	0.8592453598976135
	0.8591396808624268
	0.8590443730354309
	0.8589432835578918
	0.8588656783103943
	0.8587824702262878
	0.8586944341659546
	0.8586016297340393
	0.8585240840911865
	0.8584357500076294
	0.8583579063415527
	0.8582822680473328
	0.8581928014755249
	0.8581227660179138
	0.858038604259491
	0.8579729199409485
	0.8578816652297974
	0.8578053712844849
	0.8577447533607483
	0.8576478958129883
	0.8575697541236877
	0.8574870824813843
	0.8574317693710327
	0.8573431372642517
	0.8572651743888855
	0.857170820236206
	0.8570960164070129
	0.8569924831390381
	0.8569188714027405
	0.8568156957626343
	0.8567322492599487
	0.8566337823867798
	0.8565470576286316
	0.856475830078125
	0.8564108610153198
	0.8563340902328491
	0.8562585711479187
	0.8561785221099854
	0.8560998439788818
	0.8560324907302856
	0.8559644222259521
	0.8558838963508606
	0.8558027148246765
	0.8557079434394836
	0.8556131720542908
	0.8555192947387695
	0.8554335832595825
	0.8553319573402405
	0.8552442789077759
	0.855154275894165
	0.8550559282302856
	0.8549772500991821
	0.8548955917358398
	0.854829728603363
	0.8547381162643433
	0.8546659350395203
	0.8545815944671631
	0.8544977307319641
	0.8544060587882996
	0.8543120622634888
	0.8542399406433105
	0.8541576266288757
	0.8540661334991455
	0.8539844751358032
	0.8539228439331055
	0.853840708732605
	0.8537496328353882
	0.8536684513092041
	0.8535835146903992
	0.8534759283065796
	0.8533981442451477
	0.8533176779747009
	0.853213906288147
	0.8531252145767212
	0.8530474305152893
	0.8529720306396484
	0.852882981300354
	0.8527989387512207
	0.8527185320854187
	0.8526493906974792
	0.8525707721710205
	0.8524920344352722
	0.8524065613746643
	0.8523306846618652
	0.8522560000419617
	0.8521691560745239
	0.8520768880844116
	0.8520098328590393
	0.8519220352172852
	0.8518365621566772
	0.851758599281311
	0.8516801595687866
	0.8516034483909607
	0.8515142202377319
	0.8514352440834045
	0.8513571619987488
	0.8512598276138306
	0.8511766791343689
	0.8510935306549072
	0.8510046601295471
	0.8509438633918762
	0.8508511781692505
	0.8507756590843201
	0.850694477558136
	0.8505987524986267
	0.8504940271377563
	0.8504364490509033
	0.8503594398498535
	0.8502828478813171
	0.8501977920532227
	0.8501308560371399
	0.8500545024871826
	0.8499755263328552
	0.8499019742012024
	0.8498315811157227
	0.8497846722602844
	0.8496982455253601
	0.8496219515800476
	0.8495340347290039
	0.8494347333908081
	0.8493665456771851
	0.8493061661720276
	0.8492157459259033
	0.8491470217704773
	0.8490742444992065
	0.8489847183227539
	0.8489220142364502
	0.8488326072692871
	0.8487516641616821
	0.8486655354499817
	0.848588764667511
	0.848514974117279
	0.8484431505203247
	0.8483624458312988
	0.8482904434204102
	0.8482071757316589
	0.8481621146202087
	0.8480778932571411
	0.8480055332183838
	0.8479256629943848
	0.8478531837463379
	0.8477667570114136
	0.8476861715316772
	0.8476166129112244
	0.8475398421287537
	0.8474578261375427
	0.8473884463310242
	0.8473319411277771
	0.8472558259963989
	0.8471854329109192
	0.847102165222168
	0.8470268845558167
	0.8469593524932861
	0.8469046950340271
	0.8468425273895264
	0.8467636108398438
	0.8466886281967163
	0.8466057777404785
	0.8465109467506409
	0.84645015001297
	0.8463756442070007
	0.8463245630264282
	0.8462539315223694
	0.8461673259735107
	0.8461021184921265
	0.8460592031478882
	0.8459742069244385
	0.8458991050720215
	0.8458107113838196
	0.8457356691360474
	0.8456372618675232
	0.8455630540847778
	0.8454912304878235
	0.8454234600067139
	0.8453562259674072
	0.8452775478363037
	0.8452377915382385
	0.845182478427887
	0.8451173305511475
	0.8450467586517334
	0.8449717164039612
	0.8449071049690247
	0.8448376059532166
	0.8447636961936951
	0.8446972966194153
	0.8446226119995117
	0.8445525765419006
	0.8444629907608032
	0.8443966507911682
	0.84432452917099
	0.8442387580871582
	0.8441733121871948
	0.844080924987793
	0.8440051078796387
	0.8439354300498962
	0.843855619430542
	0.8437767624855042
	0.8437143564224243
	0.8436294198036194
	0.8435543179512024
	0.8434933423995972
	0.8434339165687561
	0.8433687090873718
	0.8433035016059875
	0.8432420492172241
	0.8431827425956726
	0.8431161642074585
	0.8430349826812744
	0.8429547548294067
	0.8428905010223389
	0.8428221344947815
	0.8427439332008362
	0.8426573276519775
	0.8425835967063904
	0.8425078988075256
	0.842426061630249
	0.8423599004745483
	0.8422921895980835
	0.8422372341156006
	0.8421645164489746
	0.8420943021774292
	0.842031717300415
	0.8419715166091919
	0.841881275177002
	0.8418185114860535
	0.841741144657135
	0.8416869044303894
	0.841611385345459
	0.8415406942367554
	0.8414633870124817
	0.841386079788208
	0.8413247466087341
	0.8412495255470276
	0.8411779999732971
	0.8411003351211548
	0.8410493731498718
	0.8409789204597473
	0.8409172296524048
	0.840860903263092
	0.8408188223838806
	0.8407464623451233
	0.8406774401664734
	0.8406252861022949
	0.8405707478523254
	0.8405081629753113
	0.8404627442359924
	0.840404748916626
	0.8403304219245911
	0.8402706384658813
	0.8402118682861328
	0.8401354551315308
	0.840067982673645
	0.8399913907051086
	0.8399358987808228
	0.8398794531822205
	0.8398265838623047
	0.8397594690322876
	0.8397068381309509
	0.8396421670913696
	0.8395875096321106
	0.8395267128944397
	0.8394553661346436
	0.8393871188163757
	0.8393173813819885
	0.8392390608787537
	0.8391711711883545
	0.8390973806381226
	0.8390316963195801
	0.8389607071876526
	0.8388980031013489
	0.838846743106842
	0.8387840390205383
	0.8387237787246704
	0.8386661410331726
	0.8385971188545227
	0.8385409116744995
	0.8384805917739868
	0.838412344455719
	0.8383423089981079
	0.8382824063301086
	0.8382284641265869
	0.838153600692749
	0.8380793929100037
	0.8380168080329895
	0.8379489183425903
	0.8378764986991882
	0.8378046154975891
	0.8377469778060913
	0.8376781344413757
	0.8376247882843018
	0.8375374674797058
	0.8374835252761841
	0.8374110460281372
	0.8373468518257141
	0.8372981548309326
	0.8372313380241394
	0.8371649980545044
	0.8370885848999023
	0.8370312452316284
	0.83694988489151
	0.8368992209434509
	0.8368470668792725
	0.8367875814437866
	0.8367306590080261
	0.8366672992706299
	0.836611270904541
	0.8365346789360046
	0.8364850282669067
	0.8364275693893433
	0.8363765478134155
	0.8363021016120911
	0.8362513780593872
	0.8361815214157104
	0.8361126184463501
	0.8360458612442017
	0.8359880447387695
	0.8359359502792358
	0.8358813524246216
	0.8358357548713684
	0.8357611298561096
	0.8356896042823792
	0.8356131315231323
	0.8355634808540344
	0.8355106115341187
	0.8354486227035522
	0.8353922963142395
	0.8353370428085327
	0.8352680206298828
	0.8352049589157104
	0.8351255655288696
	0.8350844383239746
	0.8350209593772888
	0.8349584937095642
	0.8348819017410278
	0.8348093628883362
	0.8347413539886475
	0.834664523601532
	0.8346111178398132
	0.834576427936554
	0.8345120549201965
	0.834457516670227
	0.8343990445137024
	0.8343332409858704
	0.8342840671539307
	0.8342368006706238
	0.834198534488678
	0.8341265320777893
	0.8340710997581482
	0.8340150713920593
	0.8339700698852539
	0.8339144587516785
	0.833853542804718
	0.8338220715522766
	0.8337688446044922
	0.8337110280990601
	0.8336358070373535
	0.8335749506950378
	0.8335110545158386
	0.8334502577781677
	0.8334009051322937
	0.833346426486969
	0.8332843780517578
	0.833221435546875
	0.8331741094589233
	0.8331109881401062
	0.8330549001693726
	0.8329896330833435
	0.8329304456710815
	0.8328656554222107
	0.8328136801719666
	0.8327624797821045
	0.8327102065086365
	0.8326629400253296
	0.8326221704483032
	0.8325744867324829
	0.8325252532958984
	0.8324620723724365
	0.8324399590492249
	0.8323777914047241
	0.832318127155304
	0.8322529196739197
	0.8321976065635681
	0.832135021686554
	0.8320630192756653
	0.8320062756538391
	0.8319530487060547
	0.8319051861763
	0.8318503499031067
	0.8317886590957642
	0.8317092657089233
	0.8316546678543091
	0.8315944075584412
	0.831537127494812
	0.8314729928970337
	0.8314259648323059
	0.8313509225845337
	0.8313007950782776
	0.8312615752220154
	0.8312071561813354
	0.8311471939086914
	0.8310858011245728
	0.8310276865959167
	0.8309661149978638
	0.830939531326294
	0.8308894634246826
	0.8308261036872864
	0.830762505531311
	0.8307018876075745
	0.8306451439857483
	0.8305855989456177
	0.8305459022521973
	0.8304750323295593
	0.8304107785224915
	0.8303576111793518
	0.8303009867668152
	0.830260157585144
	0.8301984667778015
	0.8301387429237366
	0.830075204372406
	0.8300148844718933
	0.8299432396888733
	0.8298962712287903
	0.8298359513282776
	0.8297882676124573
	0.8297309279441833
	0.8296610116958618
	0.8296124935150146
	0.8295588493347168
	0.8295152187347412
	0.8294495940208435
	0.8294062614440918
	0.8293476700782776
	0.8293015360832214
	0.8292505741119385
	0.8292056322097778
	0.8291654586791992
	0.8291227221488953
	0.829071581363678
	0.8290038108825684
	0.8289387226104736
	0.8288721442222595
	0.8288090229034424
	0.8287606239318848
	0.8287017345428467
	0.8286455869674683
	0.8285894989967346
	0.8285355567932129
	0.8284766674041748
	0.8284136652946472
	0.8283469676971436
	0.82830411195755
	0.8282442092895508
	0.8281871676445007
	0.8281260132789612
	0.8280516266822815
	0.8279871344566345
	0.8279382586479187
	0.8278893828392029
	0.8278548717498779
	0.8278169631958008
	0.8277606964111328
	0.8277201056480408
	0.8276758790016174
	0.827624499797821
	0.8275673389434814
	0.8275195956230164
	0.8274725675582886
	0.8274221420288086
	0.8273664712905884
	0.8273095488548279
	0.8272642493247986
	0.8271979689598083
	0.8271445035934448
	0.8270899653434753
	0.8270347714424133
	0.8269802331924438
	0.8269184231758118
	0.8268713355064392
	0.8268200159072876
	0.8267671465873718
	0.8267014026641846
	0.8266498446464539
	0.8266034722328186
	0.8265621066093445
	0.826522707939148
	0.8264788389205933
	0.8264245986938477
	0.8263733983039856
	0.8263295292854309
	0.8262965083122253
	0.8262397646903992
	0.8262091279029846
	0.8261551260948181
	0.8260858654975891
	0.8260293006896973
	0.8259836435317993
	0.825944185256958
	0.8259011507034302
	0.8258504867553711
	0.825785756111145
	0.8257454037666321
	0.8257040977478027
	0.8256619572639465
	0.825609564781189
	0.8255663514137268
	0.8255183696746826
	0.8254638314247131
	0.8254040479660034
	0.8253534436225891
	0.8253117203712463
	0.8252654075622559
	0.8252004384994507
	0.8251537084579468
	0.8251031637191772
	0.8250647187232971
	0.8250184059143066
	0.8249785900115967
	0.8249223232269287
	0.8248648047447205
	0.824832022190094
	0.824791431427002
	0.8247345089912415
	0.8246839642524719
	0.8246355056762695
	0.8245804905891418
	0.8245320320129395
	0.8244870901107788
	0.8244358897209167
	0.8243939280509949
	0.8243451714515686
	0.8242893815040588
	0.8242490887641907
	0.8241971135139465
	0.8241443037986755
	0.8240960836410522
	0.8240443468093872
	0.8239967226982117
	0.8239554762840271
	0.8239139318466187
	0.8238735795021057
	0.8238304257392883
	0.82378089427948
	0.8237254023551941
	0.8236667513847351
	0.8236245512962341
	0.823586642742157
	0.8235439658164978
	0.8235031366348267
	0.8234683275222778
	0.8234179019927979
	0.8233630061149597
	0.8233145475387573
	0.8232592940330505
	0.8232261538505554
	0.8231819868087769
	0.8231351971626282
	0.8230893015861511
	0.8230360150337219
	0.8230039477348328
	0.8229523301124573
	0.8229016065597534
	0.8228508234024048
	0.8228038549423218
	0.8227636218070984
	0.8227192759513855
	0.822687566280365
	0.8226429224014282
	0.8226175308227539
	0.8225727677345276
	0.8225346803665161
	0.8224863409996033
	0.8224452137947083
	0.8223932385444641
	0.8223500847816467
	0.8223123550415039
	0.8222717046737671
	0.8222177028656006
	0.8221686482429504
	0.8221245408058167
	0.8220901489257812
	0.8220539689064026
	0.8220195174217224
	0.8219682574272156
	0.8219200968742371
	0.8218719959259033
	0.8218253254890442
	0.8217750787734985
	0.821723461151123
	0.8216703534126282
	0.8216132521629333
	0.8215839862823486
	0.8215444684028625
	0.8215019702911377
	0.8214418888092041
	0.8213999271392822
	0.8213522434234619
	0.8213063478469849
	0.8212582468986511
	0.821212887763977
	0.8211765289306641
	0.8211350440979004
	0.8210930228233337
	0.8210393786430359
	0.8209976553916931
	0.8209477663040161
	0.8209165930747986
	0.8208686113357544
	0.820820689201355
	0.8207481503486633
	0.8207119107246399
	0.8206794857978821
	0.8206244111061096
	0.8205793499946594
	0.8205433487892151
	0.8204986453056335
	0.8204616904258728
	0.8204134702682495
	0.8203715085983276
	0.8203356266021729
	0.8202868700027466
	0.8202486038208008
	0.8202013373374939
	0.8201529383659363
	0.8201239705085754
	0.820075511932373
	0.8200179934501648
	0.8199774622917175
	0.8199520111083984
	0.8199156522750854
	0.819862425327301
	0.8198204636573792
	0.8197751045227051
	0.8197336792945862
	0.8196866512298584
	0.8196431398391724
	0.8196014165878296
	0.8195597529411316
	0.8195210695266724
	0.8194733262062073
	0.8194299340248108
	0.8193832635879517
	0.8193376064300537
	0.8192998766899109
	0.8192605972290039
	0.8192258477210999
	0.8191829323768616
	0.8191255331039429
	0.8190867304801941
	0.8190446496009827
	0.8190100193023682
	0.8189844489097595
	0.8189432621002197
	0.8189001083374023
	0.8188440203666687
	0.8188038468360901
	0.8187794089317322
	0.8187439441680908
	0.8187063932418823
	0.8186725974082947
	0.8186378479003906
	0.8185973167419434
	0.8185573816299438
	0.818524956703186
	0.818480908870697
	0.8184302449226379
	0.8183911442756653
	0.8183737993240356
	0.818329930305481
	0.8182922601699829
	0.8182607293128967
	0.8182311654090881
	0.818195104598999
	0.8181495666503906
	0.8181053400039673
	0.8180657029151917
	0.8180239200592041
	0.8179736137390137
	0.8179206848144531
	0.8178768157958984
	0.8178324699401855
	0.81778484582901
	0.8177384734153748
	0.817703902721405
	0.8176504373550415
	0.8176063299179077
	0.8175544738769531
	0.8175163865089417
	0.8174886703491211
	0.8174493908882141
	0.8174175024032593
	0.8173662424087524
	0.8173105716705322
	0.8172824382781982
	0.8172376155853271
	0.8172019124031067
	0.8171722292900085
	0.8171294331550598
	0.8170788884162903
	0.8170514106750488
	0.8170074820518494
	0.8169617652893066
	0.8169228434562683
	0.816882848739624
	0.8168473243713379
	0.8168104887008667
	0.8167805075645447
	0.8167358040809631
	0.8166913390159607
	0.8166555762290955
	0.8166124224662781
	0.8165873289108276
	0.8165595531463623
	0.8165225982666016
	0.816489577293396
	0.8164659738540649
	0.8164324760437012
	0.8164068460464478
	0.8163761496543884
	0.8163366317749023
	0.8162999153137207
	0.8162477612495422
	0.8162063956260681
	0.8161746859550476
	0.816129744052887
	0.8161010146141052
	0.816078245639801
	0.8160353899002075
	0.8159974813461304
	0.8159759640693665
	0.8159336447715759
	0.8159058094024658
	0.8158706426620483
	0.8158249855041504
	0.8158019781112671
	0.8157557845115662
	0.8157182335853577
	0.8156911730766296
	0.8156484365463257
	0.8156086802482605
	0.8155837655067444
	0.8155511617660522
	0.8155041337013245
	0.8154678344726562
	0.8154324889183044
	0.8154028654098511
	0.8153659105300903
	0.8153278827667236
	0.8152987957000732
	0.8152518272399902
	0.815218448638916
	0.8151800036430359
	0.8151456713676453
	0.8151174783706665
	0.8150804042816162
	0.815040647983551
	0.8149969577789307
	0.8149551749229431
	0.8149248957633972
	0.8148902058601379
	0.8148497343063354
	0.8148055076599121
	0.8147721290588379
	0.8147340416908264
	0.8146923780441284
	0.8146409392356873
	0.8146241903305054
	0.8145833015441895
	0.8145382404327393
	0.8145034313201904
	0.8144712448120117
	0.8144276142120361
	0.8143978714942932
	0.8143677115440369
	0.8143227696418762
	0.8142746090888977
	0.8142385482788086
	0.8141997456550598
	0.8141489028930664
	0.8141061067581177
	0.8140774965286255
	0.8140285015106201
	0.8139874339103699
	0.8139565587043762
	0.8139185905456543
	0.8138810992240906
	0.8138548731803894
	0.8138360381126404
	0.813804030418396
	0.8137742877006531
	0.813730001449585
	0.8136862516403198
	0.8136577010154724
	0.8136318922042847
	0.8135965466499329
	0.8135700821876526
	0.8135331869125366
	0.8134942650794983
	0.8134642839431763
	0.8134323358535767
	0.8133987188339233
	0.8133527040481567
	0.8133115172386169
	0.81327885389328
	0.8132378458976746
	0.8132058382034302
	0.8131676912307739
	0.8131245374679565
	0.8130961656570435
	0.8130553960800171
	0.8130162954330444
	0.8129859566688538
	0.8129513263702393
	0.812915563583374
	0.8128870129585266
	0.8128466010093689
	0.8128045201301575
	0.8127670288085938
	0.8127425312995911
	0.8127079010009766
	0.8126695156097412
	0.8126480579376221
	0.8126300573348999
	0.8125867247581482
	0.8125491142272949
	0.8125220537185669
	0.8124955892562866
	0.8124582767486572
	0.8124308586120605
	0.812396228313446
	0.8123669624328613
	0.8123235106468201
	0.8122735023498535
	0.8122420310974121
	0.8122138381004333
	0.812190055847168
	0.812177836894989
	0.8121494054794312
	0.8121162056922913
	0.8120720982551575
	0.8120471239089966
	0.8120222687721252
	0.8119900226593018
	0.8119749426841736
	0.8119469881057739
	0.8119127154350281
	0.8118689656257629
	0.8118274211883545
	0.8117934465408325
	0.8117650151252747
	0.81173175573349
	0.8116956353187561
	0.8116763830184937
	0.811644971370697
	0.81160968542099
	0.8115707039833069
	0.8115430474281311
	0.8115077018737793
	0.8114694952964783
	0.8114498257637024
	0.8114274144172668
	0.8114010691642761
	0.8113734126091003
	0.8113245964050293
	0.8112968802452087
	0.8112624287605286
	0.811240017414093
	0.8112109899520874
	0.8111808896064758
	0.8111460208892822
	0.8111145496368408
	0.8110830187797546
	0.8110539317131042
	0.8110377192497253
	0.8110048174858093
	0.8109740018844604
	0.8109416961669922
	0.8109174966812134
	0.8108891248703003
	0.8108638525009155
	0.8108290433883667
	0.8107916712760925
	0.8107609748840332
	0.8107355237007141
	0.8107231259346008
	0.8106910586357117
	0.8106726408004761
	0.810651957988739
	0.81062251329422
	0.8106216192245483
	0.8105868101119995
	0.8105607628822327
	0.8105223774909973
	0.8105042576789856
	0.8104638457298279
	0.8104462027549744
	0.8104108572006226
	0.8103719353675842
	0.8103417158126831
	0.8102920055389404
	0.810259997844696
	0.8102417588233948
	0.8102338314056396
	0.8102100491523743
	0.8101813793182373
	0.8101593255996704
	0.8101370334625244
	0.8100989460945129
	0.8100676536560059
	0.8100395798683167
	0.8100234866142273
	0.8099971413612366
	0.8099621534347534
	0.8099280595779419
	0.809901237487793
	0.8098697066307068
	0.80983966588974
	0.8098030090332031
	0.8097831606864929
	0.8097519874572754
	0.8097131848335266
	0.8096857070922852
	0.809657096862793
	0.809636652469635
	0.8096116781234741
	0.8095776438713074
	0.8095346689224243
	0.809514045715332
	0.8094888925552368
	0.8094646334648132
	0.8094410300254822
	0.8094144463539124
	0.8093932271003723
	0.8093705773353577
	0.8093409538269043
	0.8093187808990479
	0.8092791438102722
	0.8092477321624756
	0.8092215061187744
	0.8091882467269897
	0.8091586828231812
	0.8091468214988708
	0.8091211915016174
	0.809100329875946
	0.8090670704841614
	0.8090556263923645
	0.8090323805809021
	0.8090053200721741
	0.8089870810508728
	0.8089673519134521
	0.8089373707771301
	0.808903157711029
	0.8088648319244385
	0.8088456392288208
	0.8088194131851196
	0.8087950944900513
	0.8087642192840576
	0.8087404370307922
	0.8087073564529419
	0.8086888790130615
	0.8086760640144348
	0.8086495399475098
	0.8086239099502563
	0.8085872530937195
	0.8085706830024719
	0.8085346221923828
	0.8085205554962158
	0.8084983825683594
	0.8084719181060791
	0.8084487318992615
	0.8084254860877991
	0.8084022998809814
	0.8083789944648743
	0.8083584904670715
	0.8083307147026062
	0.8083027005195618
	0.8082752823829651
	0.8082660436630249
	0.8082371950149536
	0.8082127571105957
	0.8081892728805542
	0.8081643581390381
	0.8081430792808533
	0.8081147074699402
	0.8080815672874451
	0.8080624341964722
	0.8080306649208069
	0.8079969882965088
	0.807973325252533
	0.8079463839530945
	0.8079286217689514
	0.8079048991203308
	0.8078852295875549
	0.8078517317771912
	0.8078346252441406
	0.8078152537345886
	0.8077899217605591
	0.8077552318572998
	0.807720422744751
	0.8076987266540527
	0.8076746463775635
	0.8076547384262085
	0.8076338768005371
	0.8076141476631165
	0.8075754642486572
	0.8075673580169678
	0.807553231716156
	0.8075396418571472
	0.8075155019760132
	0.8074898719787598
	0.8074697852134705
	0.8074524998664856
	0.807425856590271
	0.8073946237564087
	0.8073832392692566
	0.8073676228523254
	0.8073382377624512
	0.8073296546936035
	0.8073071837425232
	0.8072917461395264
	0.8072664141654968
	0.8072461485862732
	0.8072375059127808
	0.807223916053772
	0.8072012662887573
	0.8071883916854858
	0.8071609139442444
	0.8071413636207581
	0.807121753692627
	0.8071067333221436
	0.8070827722549438
	0.8070701360702515
	0.8070514798164368
	0.8070258498191833
	0.806994616985321
	0.806984007358551
	0.806972324848175
	0.8069397807121277
	0.806914210319519
	0.8068858981132507
	0.8068632483482361
	0.8068446516990662
	0.8068362474441528
	0.8068133592605591
	0.8068063855171204
	0.8067886233329773
	0.8067695498466492
	0.8067584037780762
	0.8067288994789124
	0.8067157864570618
	0.80670565366745
	0.8066853284835815
	0.8066624402999878
	0.8066412210464478
	0.806609570980072
	0.8065939545631409
	0.8065869808197021
	0.8065823316574097
	0.8065666556358337
	0.806541383266449
	0.8065254092216492
	0.8064990639686584
	0.806477427482605
	0.8064624667167664
	0.806453287601471
	0.8064315319061279
	0.8064086437225342
	0.8063806295394897
	0.8063611388206482
	0.8063550591468811
	0.8063289523124695
	0.8063040375709534
	0.8062718510627747
	0.8062406778335571
	0.806216299533844
	0.8061876893043518
	0.8061792850494385
	0.8061615824699402
	0.8061426281929016
	0.8061346411705017
	0.8061290383338928
	0.8061060309410095
	0.8060899972915649
	0.8060733079910278
	0.8060397505760193
	0.8060239553451538
	0.8060064911842346
	0.8059793710708618
	0.8059559464454651
	0.8059331178665161
	0.8059226274490356
	0.8059037327766418
	0.8058767914772034
	0.8058737516403198
	0.8058395385742188
	0.8058127164840698
	0.8057935833930969
	0.805766761302948
	0.8057519793510437
	0.80573570728302
	0.8057242035865784
	0.8057022094726562
	0.8056946992874146
	0.8056714534759521
	0.8056530952453613
	0.8056318759918213
	0.8056182265281677
	0.8055976033210754
	0.8055915832519531
	0.8055704832077026
	0.8055427670478821
	0.8055272102355957
	0.805513322353363
	0.8054794073104858
	0.8054620623588562
	0.8054472804069519
	0.8054338693618774
	0.8054191470146179
	0.8054043054580688
	0.8053823113441467
	0.8053652048110962
	0.8053367137908936
	0.8053228855133057
	0.8053202629089355
	0.805293619632721
	0.8052791953086853
	0.8052480816841125
	0.8052313327789307
	0.8052151203155518
	0.805187463760376
	0.8051777482032776
	0.8051623702049255
	0.8051510453224182
	0.8051366209983826
	0.8051174283027649
	0.8051031827926636
	0.8050826191902161
	0.8050655126571655
	0.8050405979156494
	0.8050246238708496
	0.8050025105476379
	0.8049850463867188
	0.8049643039703369
	0.8049544095993042
	0.8049353361129761
	0.8049071431159973
	0.8048979043960571
	0.8048625588417053
	0.8048378825187683
	0.8048241138458252
	0.8048016428947449
	0.8047841787338257
	0.8047640323638916
	0.8047538995742798
	0.8047385215759277
	0.804726243019104
	0.8047038316726685
	0.8046846985816956
	0.8046698570251465
	0.8046581149101257
	0.8046401143074036
	0.8046409487724304
	0.8046295046806335
	0.8046053647994995
	0.8045889139175415
	0.8045806884765625
	0.8045656681060791
	0.8045434355735779
	0.8045251369476318
	0.8045020699501038
	0.804480791091919
	0.8044590950012207
	0.8044455647468567
	0.8044317960739136
	0.8044117093086243
	0.8043920993804932
	0.8043646216392517
	0.8043393492698669
	0.8043268322944641
	0.8043035864830017
	0.804284930229187
	0.8042678236961365
	0.8042404651641846
	0.8042184710502625
	0.8042041659355164
	0.8041905164718628
	0.8041797280311584
	0.8041747212409973
	0.8041529059410095
	0.8041393160820007
	0.8041155338287354
	0.8040919303894043
	0.804088294506073
	0.8040621280670166
	0.804047703742981
	0.8040350675582886
	0.8040083646774292
	0.8040070533752441
	0.8039931058883667
	0.8039829730987549
	0.8039674162864685
	0.8039467334747314
	0.8039385080337524
	0.8039358854293823
	0.8039188981056213
	0.8039014339447021
	0.8038755059242249
	0.8038579225540161
	0.803839921951294
	0.803811252117157
	0.8037972450256348
	0.8037828803062439
	0.8037639856338501
	0.8037505745887756
	0.8037392497062683
	0.8037171959877014
	0.8037010431289673
	0.8036904335021973
	0.8036897778511047
	0.8036751747131348
	0.8036587238311768
	0.803627610206604
	0.803608238697052
	0.803592324256897
	0.8035799264907837
	0.8035691380500793
	0.8035557270050049
	0.803536593914032
	0.803514301776886
	0.8034991025924683
	0.8034791350364685
	0.8034514784812927
	0.8034243583679199
	0.8033985495567322
	0.8033757209777832
	0.8033602237701416
	0.8033465147018433
	0.8033316135406494
	0.8033180236816406
	0.8033002614974976
	0.8032823204994202
	0.8032767176628113
	0.8032697439193726
	0.8032693862915039
	0.8032529354095459
	0.8032441139221191
	0.8032447099685669
	0.8032183647155762
	0.8032030463218689
	0.8031923770904541
	0.8031754493713379
	0.8031786680221558
	0.8031632900238037
	0.8031594157218933
	0.8031485080718994
	0.8031262755393982
	0.803126335144043
	0.8031048774719238
	0.8030929565429688
	0.8030730485916138
	0.8030591607093811
	0.8030441999435425
	0.8030287623405457
	0.8030205965042114
	0.8030110597610474
	0.8029937148094177
	0.8029809594154358
	0.8029799461364746
	0.802956759929657
	0.8029654622077942
	0.8029568791389465
	0.8029556274414062
	0.8029390573501587
	0.802931010723114
	0.8029164671897888
	0.8029100894927979
	0.8029047250747681
	0.8028891682624817
	0.8028748035430908
	0.8028562664985657
	0.802839994430542
	0.8028234243392944
	0.802807092666626
	0.8027940988540649
	0.8027750849723816
	0.8027649521827698
	0.8027485013008118
	0.8027197122573853
	0.8027040362358093
	0.8026910424232483
	0.802682638168335
	0.8026704788208008
	0.802653431892395
	0.8026400208473206
	0.8026189208030701
	0.8026057481765747
	0.8025921583175659
	0.8025846481323242
	0.8025770783424377
	0.8025726675987244
	0.802553117275238
	0.8025363683700562
	0.802519679069519
	0.8025262951850891
	0.8025256395339966
	0.8025021553039551
	0.8024884462356567
	0.8024789690971375
	0.8024582266807556
	0.8024622797966003
	0.8024473190307617
	0.8024163842201233
	0.8024001717567444
	0.8023777008056641
	0.8023683428764343
	0.8023647665977478
	0.8023458123207092
	0.8023281097412109
	0.8023229837417603
	0.8023010492324829
	0.802291750907898
	0.802283763885498
	0.8022697567939758
	0.8022528290748596
	0.8022394180297852
	0.802223265171051
	0.8022068738937378
	0.8021981716156006
	0.80218505859375
	0.8021814227104187
	0.8021682500839233
	0.8021541833877563
	0.8021482825279236
	0.8021314740180969
	0.8021135330200195
	0.8020982146263123
	0.8020909428596497
	0.8020795583724976
	0.8020653128623962
	0.802058219909668
	0.802043080329895
	0.8020434975624084
	0.802031934261322
	0.802008330821991
	0.8019927740097046
	0.8019881844520569
	0.8019747734069824
	0.8019726872444153
	0.8019542098045349
	0.8019425868988037
	0.8019316792488098
	0.801930844783783
	0.8019223213195801
	0.8019093871116638
	0.8018935322761536
	0.8018746376037598
	0.801861047744751
	0.8018485307693481
	0.8018355369567871
	0.8018186092376709
	0.8018056750297546
]