[
	0.9733971357345581
	0.9733005166053772
	0.9732272624969482
	0.9731038808822632
	0.973012387752533
	0.9729307889938354
	0.972846508026123
	0.9727587699890137
	0.9726637005805969
	0.972585141658783
	0.9724591374397278
	0.9723811745643616
	0.9722580909729004
	0.9721285700798035
	0.9720461368560791
	0.9719775915145874
	0.9719019532203674
	0.9717812538146973
	0.9717100858688354
	0.9716174602508545
	0.9715341329574585
	0.9714635014533997
	0.9713848829269409
	0.9713115692138672
	0.971246600151062
	0.9711722731590271
	0.9710895419120789
	0.9710058569908142
	0.9708836078643799
	0.9708091616630554
	0.9706752896308899
	0.9705963134765625
	0.9705392718315125
	0.9704517126083374
	0.9703748822212219
	0.9703146815299988
	0.970245361328125
	0.9701442122459412
	0.9700735211372375
	0.9700093269348145
	0.9699325561523438
	0.9698708653450012
	0.969787061214447
	0.9697094559669495
	0.9695833325386047
	0.9695065021514893
	0.9694031476974487
	0.9692937731742859
	0.9692174792289734
	0.9691445231437683
	0.9690749049186707
	0.9689724445343018
	0.9688760042190552
	0.9687659740447998
	0.9686703681945801
	0.968573808670044
	0.9684739112854004
	0.9683817028999329
	0.9682890176773071
	0.9681795239448547
	0.9680870771408081
	0.9679827094078064
	0.9678720235824585
	0.9677693247795105
	0.9676611423492432
	0.9675702452659607
	0.9674829840660095
	0.9673792123794556
	0.9672874212265015
	0.9671851992607117
	0.9670730233192444
	0.9669845104217529
	0.9668930172920227
	0.9667841196060181
	0.9667237997055054
	0.966625988483429
	0.9665421843528748
	0.9664707183837891
	0.9663853645324707
	0.9663277268409729
	0.9662373661994934
	0.9661809802055359
	0.9661006331443787
	0.966016411781311
	0.9659284949302673
	0.9658325910568237
	0.9657653570175171
	0.9657086730003357
	0.9656470417976379
	0.965559184551239
	0.9654756784439087
	0.9654184579849243
	0.965369701385498
	0.9652817845344543
	0.9652158617973328
	0.9651665091514587
	0.9650890827178955
	0.9650039076805115
	0.9649279117584229
	0.9648577570915222
	0.9647740125656128
	0.9646824598312378
	0.9646186232566833
	0.9645377397537231
	0.9644724726676941
	0.9644190073013306
	0.964336633682251
	0.9642575979232788
	0.9641935229301453
	0.9641509056091309
	0.9640920162200928
	0.9640436172485352
	0.9639834761619568
	0.96390300989151
	0.9638635516166687
	0.9638124704360962
	0.9637240171432495
	0.963650643825531
	0.9635650515556335
	0.9634925723075867
	0.9634251594543457
	0.9633790254592896
	0.9633259773254395
	0.9632844924926758
	0.9632420539855957
	0.9631912112236023
	0.9631224870681763
	0.9630556702613831
	0.9629787802696228
	0.9629068970680237
	0.9628594517707825
	0.96281898021698
	0.9627400636672974
	0.9626632332801819
	0.9626165628433228
	0.9625751376152039
	0.9625375866889954
	0.962500810623169
	0.9624632596969604
	0.9623903632164001
	0.9623130559921265
	0.9622488021850586
	0.9621990919113159
	0.9621248245239258
	0.9620615839958191
	0.9619977474212646
	0.9619223475456238
	0.96186763048172
	0.9618120193481445
	0.9617717266082764
	0.961709201335907
	0.9616639018058777
	0.9616053700447083
	0.9615437984466553
	0.9614778757095337
	0.9614383578300476
	0.9613706469535828
	0.9613248109817505
	0.961291491985321
	0.9612353444099426
	0.9611898064613342
	0.9611210227012634
	0.9610639810562134
	0.9610196948051453
	0.9609732627868652
	0.9609190225601196
	0.9608538150787354
	0.9607683420181274
	0.9607141613960266
	0.9606621265411377
	0.9606238603591919
	0.9605575799942017
	0.9604936838150024
	0.9604572653770447
	0.9603920578956604
	0.9603283405303955
	0.9602708220481873
	0.9602185487747192
	0.9601572155952454
	0.9601054787635803
	0.9600870609283447
	0.9600448608398438
	0.9600050449371338
	0.9599482417106628
	0.959915280342102
	0.9598784446716309
	0.959820568561554
	0.9597690105438232
	0.9597189426422119
	0.9596723914146423
	0.9596221446990967
	0.9595884680747986
	0.9595522284507751
	0.9595157504081726
	0.9594642519950867
	0.9593998193740845
	0.9593349099159241
	0.9592784643173218
	0.9592168927192688
	0.9591579437255859
	0.959088146686554
	0.9590274095535278
	0.9589855670928955
	0.958939790725708
	0.958893358707428
	0.9588409066200256
	0.9588041305541992
	0.9587650895118713
	0.9587210416793823
	0.9586872458457947
	0.9586567878723145
	0.9586071372032166
	0.958577573299408
	0.9585220217704773
	0.9584745168685913
	0.9584206938743591
	0.9583734273910522
	0.958317756652832
	0.9582625031471252
	0.9582116603851318
	0.9581507444381714
	0.9580846428871155
	0.9580540060997009
	0.9580172300338745
	0.9579813480377197
	0.9579234719276428
	0.9578773379325867
	0.9578176140785217
	0.9577780961990356
	0.9577434062957764
	0.9576765298843384
	0.957618772983551
	0.9575566649436951
	0.9575324058532715
	0.9574863910675049
	0.9574662446975708
	0.9574247598648071
	0.9573794007301331
	0.9573371410369873
	0.957295835018158
	0.9572467803955078
	0.957192063331604
	0.9571530818939209
	0.9571021795272827
	0.9570499062538147
	0.9570257663726807
	0.9569780230522156
	0.9569581151008606
	0.9569221138954163
	0.9568687677383423
	0.9568118453025818
	0.956771194934845
	0.9567321538925171
	0.9566875696182251
	0.9566614627838135
	0.9566180109977722
	0.9565930962562561
	0.9565556645393372
	0.9565033912658691
	0.9564670920372009
	0.9564454555511475
	0.9564296007156372
	0.9563930034637451
	0.9563848376274109
	0.956349790096283
	0.9563121795654297
	0.9562802910804749
	0.9562348127365112
	0.9561977386474609
	0.9561703205108643
	0.9561288356781006
	0.9560925960540771
	0.9560483694076538
	0.9560145735740662
	0.955978274345398
	0.9559305906295776
	0.9558899402618408
	0.9558602571487427
	0.955828845500946
	0.9557877779006958
	0.9557390213012695
	0.9556826949119568
	0.9556571841239929
	0.9556176066398621
	0.9555745124816895
	0.9555408358573914
	0.9555108547210693
	0.9554681181907654
	0.9554301500320435
	0.9553926587104797
	0.9553518891334534
	0.9553201794624329
	0.9552866220474243
	0.9552527070045471
	0.9552178978919983
	0.9551822543144226
	0.9551534056663513
	0.9551168084144592
	0.9550950527191162
	0.9550704956054688
	0.9550317525863647
	0.9550061821937561
	0.9549658298492432
	0.9549421072006226
	0.9549117088317871
	0.9548901915550232
	0.9548490643501282
	0.9548225402832031
	0.95477694272995
	0.9547557234764099
	0.9547415375709534
	0.9547098875045776
	0.9546728134155273
	0.9546378254890442
	0.9546116590499878
	0.9545838832855225
	0.9545497298240662
	0.9545173645019531
	0.9544877409934998
	0.9544637799263
	0.9544375538825989
	0.9544086456298828
	0.9543921947479248
	0.954365611076355
	0.9543399214744568
	0.9543020129203796
	0.954276442527771
	0.9542462825775146
	0.9542271494865417
	0.9541968703269958
	0.9541640281677246
	0.9541143178939819
	0.9540808796882629
	0.9540426135063171
	0.9540046453475952
	0.9539819359779358
	0.9539552330970764
	0.9539299607276917
	0.9539118409156799
	0.9538949131965637
	0.9538736939430237
	0.9538454413414001
	0.9538211822509766
	0.9537909626960754
	0.9537501335144043
	0.9537328481674194
	0.9537037014961243
	0.9536888003349304
	0.9536592364311218
	0.9536266922950745
	0.9535879492759705
	0.9535620808601379
	0.9535294771194458
	0.953505277633667
	0.9534765481948853
	0.9534586071968079
	0.9534313082695007
	0.9533998966217041
	0.9533883333206177
	0.9533618092536926
	0.9533383846282959
	0.9533259272575378
	0.953295886516571
	0.9532788991928101
	0.9532501697540283
	0.953234851360321
	0.9532058835029602
	0.9531734585762024
	0.9531440138816833
	0.9531302452087402
	0.9531048536300659
	0.9530823230743408
	0.9530601501464844
	0.9530391097068787
	0.9530190229415894
	0.9530007839202881
	0.9529730677604675
	0.9529577493667603
	0.9529343843460083
	0.9529115557670593
	0.9528911709785461
	0.9528773427009583
	0.9528347849845886
	0.9528199434280396
	0.9527841806411743
	0.9527751207351685
	0.9527463316917419
	0.9527369141578674
	0.9527080059051514
	0.9526962637901306
	0.9526675939559937
	0.9526527523994446
	0.952635645866394
	0.9526038765907288
	0.9526019096374512
	0.9525777101516724
	0.9525771141052246
	0.9525508284568787
	0.9525269269943237
	0.9525182843208313
	0.9524911642074585
	0.9524809122085571
	0.9524690508842468
	0.9524396657943726
	0.952423095703125
	0.9524102807044983
	0.9523909687995911
	0.952379047870636
	0.9523622393608093
	0.9523478150367737
	0.9523336887359619
	0.9523152709007263
	0.9522863626480103
	0.9522587060928345
	0.9522521495819092
	0.9522376656532288
	0.952214241027832
	0.9522044062614441
	0.9522110223770142
	0.9521942734718323
	0.9521756172180176
	0.9521787762641907
	0.9521578550338745
	0.9521499276161194
	0.9521307945251465
	0.9521274566650391
	0.9521030783653259
	0.9520938396453857
	0.9520822763442993
	0.9520698189735413
	0.9520660042762756
	0.952042818069458
	0.9520322680473328
	0.9520120620727539
	0.9519941806793213
	0.9519813656806946
	0.9519657492637634
	0.9519473910331726
	0.9519422054290771
	0.9519165754318237
	0.9519026279449463
	0.9518911242485046
	0.9518744349479675
	0.9518605470657349
	0.951838493347168
	0.9518243074417114
	0.9518146514892578
	0.9517985582351685
	0.9517754912376404
	0.9517744779586792
	0.95176100730896
	0.9517516493797302
	0.9517381191253662
	0.9517205357551575
	0.9517122507095337
	0.9517024755477905
	0.9516866207122803
	0.9516704082489014
	0.9516593813896179
	0.9516514539718628
	0.9516412615776062
	0.9516375660896301
	0.9516178965568542
	0.9515870213508606
	0.9515756964683533
	0.9515627026557922
	0.9515528082847595
	0.9515454769134521
	0.9515153169631958
	0.9515004754066467
	0.9514914155006409
	0.9514789581298828
	0.9514610171318054
	0.9514444470405579
	0.951431930065155
	0.9514133334159851
	0.9514023661613464
	0.9513925909996033
	0.9513834714889526
	0.9513787031173706
	0.9513709545135498
	0.9513598084449768
	0.9513546228408813
	0.9513352513313293
	0.9513299465179443
	0.9513346552848816
	0.9513291716575623
	0.95130854845047
	0.951300859451294
	0.9512939453125
	0.9512861967086792
	0.9512900710105896
	0.9512832164764404
	0.9512758851051331
	0.9512699842453003
	0.9512545466423035
	0.9512504935264587
	0.9512391090393066
	0.951229989528656
	0.9512283802032471
	0.9512154459953308
	0.9511986970901489
	0.9511922597885132
	0.9511902332305908
	0.9511743783950806
	0.9511666297912598
	0.9511532783508301
	0.9511474370956421
	0.9511485695838928
	0.9511286616325378
	0.9511210918426514
	0.9511227607727051
	0.9511114954948425
	0.951097309589386
	0.9510913491249084
	0.9510740637779236
	0.9510577917098999
	0.951041579246521
	0.9510322213172913
	0.9510242342948914
	0.9510130286216736
	0.9509926438331604
	0.9509769082069397
	0.950972855091095
	0.9509668946266174
	0.9509546756744385
	0.9509420394897461
	0.9509289264678955
	0.9509272575378418
	0.9509310126304626
	0.9509240388870239
	0.9509163498878479
	0.9509058594703674
	0.9509028792381287
	0.950907289981842
	0.950907826423645
	0.9509099721908569
	0.9509038329124451
	0.9508945345878601
	0.9508963823318481
	0.9508886933326721
	0.9508791565895081
	0.9508771896362305
	0.9508670568466187
	0.9508588314056396
	0.95086270570755
	0.9508519172668457
	0.9508362412452698
	0.95082688331604
	0.9508315324783325
	0.9508284330368042
	0.9508346915245056
	0.950835108757019
	0.9508261680603027
	0.9508019089698792
	0.9507878422737122
	0.9507920145988464
	0.9507992267608643
	0.950787365436554
	0.9507920742034912
	0.9507807493209839
	0.9507825970649719
	0.9507876634597778
	0.9507873058319092
	0.9507842659950256
	0.950768768787384
	0.950769305229187
	0.9507700204849243
	0.9507737159729004
	0.9507620334625244
	0.9507576823234558
	0.9507549405097961
	0.9507489204406738
	0.9507426023483276
	0.9507364630699158
	0.9507285952568054
	0.9507348537445068
	0.9507274031639099
	0.9507215619087219
	0.9507222771644592
	0.950719952583313
	0.9507142305374146
	0.950707733631134
	0.9506974220275879
	0.9507089257240295
	0.9507142901420593
	0.9507125020027161
	0.9507142901420593
	0.9507038593292236
	0.9507022500038147
	0.9507007002830505
	0.9506926536560059
	0.9506906867027283
	0.9506732821464539
	0.9506868124008179
	0.9507001638412476
	0.9507058262825012
	0.9507085680961609
	0.9507037997245789
	0.9506897330284119
	0.950692355632782
	0.950695812702179
	0.9507003426551819
	0.9507048726081848
	0.950706958770752
	0.9506963491439819
	0.9506916999816895
	0.9506884813308716
	0.950684666633606
	0.9506844282150269
	0.9506731033325195
	0.9506847858428955
	0.9506821036338806
	0.9506804347038269
	0.950680673122406
	0.9506779313087463
	0.9506623148918152
	0.9506456255912781
	0.9506466388702393
	0.9506381750106812
	0.9506370425224304
	0.9506397247314453
	0.9506427645683289
	0.9506428837776184
	0.95063316822052
	0.9506260752677917
	0.9506272077560425
	0.9506263136863708
	0.9506264925003052
	0.9506275057792664
	0.9506338834762573
	0.9506279826164246
	0.9506511092185974
	0.9506506323814392
	0.9506482481956482
	0.9506442546844482
	0.9506389498710632
	0.9506382346153259
	0.9506440758705139
	0.9506399035453796
	0.9506571888923645
	0.950657069683075
	0.9506592750549316
	0.9506593942642212
	0.9506577849388123
	0.9506614804267883
	0.950663685798645
	0.9506639242172241
	0.9506605267524719
	0.9506523609161377
	0.9506465792655945
	0.9506476521492004
	0.9506553411483765
	0.9506537318229675
	0.9506564736366272
	0.9506593942642212
	0.9506621956825256
	0.9506698250770569
	0.9506762623786926
	0.9506815075874329
	0.9506710767745972
	0.9506635665893555
	0.9506677985191345
	0.9506712555885315
	0.9506673216819763
	0.950675368309021
	0.9506712555885315
	0.9506742358207703
	0.9506690502166748
	0.9506778120994568
	0.9506769180297852
	0.9506727457046509
	0.9506874680519104
	0.9506940245628357
	0.950690746307373
	0.950695276260376
	0.9506905674934387
	0.9506774544715881
	0.9506732225418091
	0.9506663680076599
	0.9506772756576538
	0.9506996870040894
	0.9507049918174744
	0.9507197141647339
	0.9507153630256653
	0.9507225155830383
	0.9507420659065247
	0.9507426023483276
	0.9507485032081604
	0.9507477879524231
	0.9507617950439453
	0.9507759213447571
	0.9507815837860107
	0.9507824778556824
	0.9507813453674316
	0.9507849216461182
	0.9507849812507629
	0.9507836699485779
	0.9508010149002075
	0.9508141875267029
	0.9508232474327087
	0.9508382081985474
	0.9508371949195862
	0.9508543610572815
	0.9508455395698547
	0.9508592486381531
	0.950855016708374
	0.9508435130119324
	0.9508553743362427
	0.95084148645401
	0.9508523941040039
	0.9508527517318726
	0.9508548378944397
	0.9508630037307739
	0.9508668184280396
	0.9508656859397888
	0.9508641362190247
	0.9508733153343201
	0.9508678317070007
	0.9508708715438843
	0.9508872032165527
	0.950901210308075
	0.9509091377258301
	0.9509055018424988
	0.9509261250495911
	0.9509387612342834
	0.9509570598602295
	0.9509563446044922
	0.9509536623954773
	0.9509561657905579
	0.950956404209137
	0.9509631395339966
	0.9509618878364563
	0.9509554505348206
	0.9509667754173279
	0.9509703516960144
	0.9509758353233337
	0.9509799480438232
	0.9509996771812439
	0.9510050415992737
	0.9510173797607422
	0.9510118961334229
	0.9510226845741272
	0.9510229825973511
	0.9510260820388794
	0.9510352611541748
	0.9510485529899597
	0.9510689973831177
	0.9510688781738281
	0.9510762691497803
	0.9510878324508667
	0.9510902166366577
	0.9511070847511292
	0.951117753982544
	0.9511292576789856
	0.9511327147483826
	0.9511544108390808
	0.9511598944664001
	0.9511744379997253
	0.9511802792549133
	0.9511958360671997
	0.9511922597885132
	0.9511968493461609
	0.9512040019035339
	0.951205313205719
	0.95121830701828
	0.9512251615524292
	0.9512256979942322
	0.9512282013893127
	0.9512380957603455
	0.9512600898742676
	0.9512665271759033
	0.9512656331062317
	0.9512724876403809
	0.9512757062911987
	0.9512729048728943
	0.9512954950332642
	0.9513082504272461
	0.9513108730316162
	0.9513227939605713
	0.951316773891449
	0.951331377029419
	0.9513363838195801
	0.9513415098190308
	0.95135498046875
	0.9513736367225647
	0.9513803124427795
	0.9513837099075317
	0.9513890743255615
	0.9513984322547913
	0.9514185190200806
	0.9514263868331909
	0.9514380693435669
	0.9514411091804504
	0.9514526724815369
	0.9514569044113159
	0.9514633417129517
	0.9514626860618591
	0.9514635801315308
	0.9514681100845337
	0.9514779448509216
	0.9514886140823364
	0.9514949321746826
	0.9515022039413452
	0.9515207409858704
	0.9515295624732971
	0.9515380263328552
	0.9515340328216553
	0.9515491724014282
	0.9515524506568909
	0.9515535831451416
	0.9515599012374878
	0.9515615701675415
	0.9515588283538818
	0.9515765309333801
	0.9515936970710754
	0.9516004920005798
	0.9516062140464783
	0.9516057372093201
	0.951616644859314
	0.9516156911849976
	0.9516286849975586
	0.9516393542289734
	0.951647162437439
	0.9516444206237793
	0.9516646265983582
	0.9516739845275879
	0.951675534248352
	0.9516838192939758
	0.9516956210136414
	0.9517188668251038
	0.9517233371734619
	0.9517350196838379
	0.9517473578453064
	0.9517562389373779
	0.9517709612846375
	0.9517889618873596
	0.9518001079559326
	0.9518188238143921
	0.9518333673477173
	0.9518406391143799
	0.951870322227478
	0.9518926739692688
	0.9518991708755493
	0.951910674571991
	0.9519392251968384
	0.9519420862197876
	0.9519503116607666
	0.9519574046134949
	0.9519756436347961
	0.9519734978675842
	0.9519774317741394
	0.9519819021224976
	0.9519940614700317
	0.9519997239112854
	0.9520075917243958
	0.9520134925842285
	0.9520337581634521
	0.9520492553710938
	0.9520732164382935
	0.9520847797393799
	0.9520823359489441
	0.9520965218544006
	0.9521087408065796
	0.95211261510849
	0.9521323442459106
	0.9521442651748657
	0.9521471858024597
	0.9521465301513672
	0.952162504196167
	0.9521703720092773
	0.9521811604499817
	0.9522027969360352
	0.9522208571434021
	0.9522280693054199
	0.9522342085838318
	0.9522412419319153
	0.952251136302948
	0.9522671103477478
	0.9522770643234253
	0.9522857069969177
	0.9523037672042847
	0.9523156881332397
	0.9523332118988037
	0.9523433446884155
	0.9523517489433289
	0.9523615837097168
	0.9523667693138123
	0.9523797631263733
	0.9523934721946716
	0.952389121055603
	0.9523974061012268
	0.9524087905883789
	0.9524262547492981
	0.9524480104446411
	0.9524626731872559
	0.9524813294410706
	0.9525014758110046
	0.9525130391120911
	0.9525352716445923
	0.9525426626205444
	0.9525542855262756
	0.952570915222168
	0.9525745511054993
	0.9525796175003052
	0.9526038765907288
	0.9526073336601257
	0.9526246190071106
	0.9526388645172119
	0.95265793800354
	0.9526743292808533
	0.9526830911636353
	0.9526984095573425
	0.9527091383934021
	0.952720046043396
	0.9527286291122437
	0.9527357220649719
	0.9527402520179749
	0.9527546763420105
	0.9527682065963745
	0.9527746438980103
	0.9527778029441833
	0.9527952671051025
	0.9528180360794067
	0.9528288841247559
	0.952828049659729
	0.9528406262397766
	0.9528591632843018
	0.9528710246086121
	0.9528923034667969
	0.9529011845588684
	0.9529126286506653
	0.9529256820678711
	0.9529369473457336
	0.952949047088623
	0.9529592990875244
	0.9529781341552734
	0.9529772400856018
	0.952984631061554
	0.9529902338981628
	0.953004002571106
	0.9530169367790222
	0.9530180096626282
	0.9530209898948669
	0.9530261754989624
	0.9530267715454102
	0.9530357122421265
	0.9530418515205383
	0.9530556797981262
	0.9530631899833679
	0.953068733215332
	0.9530762434005737
	0.953087329864502
	0.9531073570251465
	0.9531212449073792
	0.9531313180923462
	0.9531444311141968
	0.9531534910202026
	0.953163206577301
	0.9531747102737427
	0.9531880021095276
	0.9532011151313782
	0.9532280564308167
	0.9532443881034851
	0.9532580375671387
	0.9532737135887146
	0.9532775282859802
	0.9533083438873291
	0.9533261656761169
	0.9533550143241882
	0.9533726572990417
	0.9533822536468506
	0.9533979892730713
	0.9534038305282593
	0.9534134268760681
	0.9534346461296082
	0.9534496665000916
	0.9534700512886047
	0.9534754753112793
	0.9534837007522583
	0.9535074830055237
	0.9535224437713623
	0.9535319805145264
	0.9535466432571411
	0.9535614252090454
	0.953593909740448
	0.9536126852035522
	0.9536328911781311
	0.9536476135253906
	0.9536753296852112
	0.9536899924278259
	0.9537046551704407
	0.9537152647972107
	0.9537276029586792
	0.9537500143051147
	0.9537678360939026
	0.953779935836792
	0.9537938833236694
	0.9538052678108215
	0.9538235068321228
	0.9538244009017944
	0.9538351893424988
	0.9538443684577942
	0.9538503289222717
	0.9538577795028687
	0.9538695216178894
	0.9538803100585938
	0.9538893103599548
	0.9539110064506531
	0.9539164304733276
	0.9539350867271423
	0.9539559483528137
	0.9539652466773987
	0.9539800882339478
	0.9539972543716431
	0.9540101289749146
	0.9540278315544128
	0.9540365934371948
	0.9540547728538513
	0.9540712833404541
	0.9540829062461853
	0.9541029930114746
	0.9541086554527283
	0.9541281461715698
	0.9541513919830322
	0.9541733264923096
	0.9541959762573242
	0.9542044997215271
	0.9542215466499329
	0.9542451500892639
	0.9542611837387085
	0.954265832901001
	0.9542821645736694
	0.9542855620384216
	0.9542946219444275
	0.9543081521987915
	0.9543159008026123
	0.9543358087539673
	0.9543535113334656
	0.9543663859367371
	0.9543976187705994
	0.9544187784194946
	0.9544269442558289
	0.9544364213943481
	0.9544427394866943
	0.9544647336006165
	0.9544765949249268
	0.9544934034347534
	0.9545011520385742
	0.9545140266418457
	0.9545313119888306
	0.954551100730896
	0.9545780420303345
	0.9545851945877075
	0.9546076655387878
	0.9546321630477905
	0.954651415348053
	0.9546493291854858
	0.9546623826026917
	0.9546732902526855
	0.9546880125999451
	0.954693615436554
	0.9547103643417358
	0.9547190070152283
	0.9547251462936401
	0.9547584056854248
	0.9547847509384155
	0.9548061490058899
	0.9548109769821167
	0.9548345804214478
	0.9548501372337341
	0.9548701643943787
	0.954885721206665
	0.9548981785774231
	0.9549147486686707
	0.9549266695976257
	0.9549444317817688
	0.9549493789672852
	0.9549686908721924
	0.9549869894981384
	0.9550086259841919
	0.955034077167511
	0.9550598859786987
	0.9550802111625671
	0.9551083445549011
	0.9551189541816711
	0.9551222920417786
	0.9551321268081665
	0.9551488757133484
	0.9551600217819214
	0.9551743865013123
	0.9551849961280823
	0.955211877822876
	0.9552222490310669
	0.9552450776100159
	0.9552651643753052
	0.9552811980247498
	0.955295741558075
	0.955312967300415
	0.955324649810791
	0.9553397297859192
	0.9553699493408203
	0.9553972482681274
	0.9554118514060974
	0.9554281234741211
	0.955441951751709
	0.9554486870765686
	0.9554668068885803
	0.9554784893989563
	0.9554919600486755
	0.9555102586746216
	0.9555321931838989
	0.9555349946022034
	0.9555544853210449
	0.955570638179779
	0.9555850625038147
	0.955586314201355
	0.9555944204330444
	0.9555999040603638
	0.9556254148483276
	0.9556400775909424
	0.9556569457054138
	0.955670952796936
	0.9556893706321716
	0.9556978940963745
	0.9557165503501892
	0.9557332992553711
	0.9557567238807678
	0.955776572227478
	0.9557915329933167
	0.9558075666427612
	0.9558183550834656
	0.9558367133140564
	0.9558473825454712
	0.955859899520874
	0.955873429775238
	0.9558963179588318
	0.9559095501899719
	0.9559248685836792
	0.9559400677680969
	0.9559642672538757
	0.9559870362281799
	0.956001341342926
	0.956007719039917
	0.9560267925262451
	0.9560461044311523
	0.9560574889183044
	0.9560694098472595
	0.9560893774032593
	0.9561119079589844
	0.9561265110969543
	0.9561458826065063
	0.956157922744751
	0.9561722278594971
	0.9561982154846191
	0.9562121033668518
	0.9562349319458008
	0.9562625288963318
	0.9562833905220032
	0.9562885761260986
	0.9563117027282715
	0.9563162922859192
	0.9563420414924622
	0.9563571214675903
	0.9563667178153992
	0.956392765045166
	0.9564084410667419
	0.9564224481582642
	0.9564332365989685
	0.956450343132019
	0.956473708152771
	0.9564820528030396
	0.9565118551254272
	0.9565232396125793
	0.9565290808677673
	0.9565401673316956
	0.9565460681915283
	0.9565722942352295
	0.9565808773040771
	0.9565904140472412
	0.9566147327423096
	0.9566306471824646
	0.956651508808136
	0.9566714763641357
	0.9566877484321594
	0.9567040205001831
	0.9567129015922546
	0.9567331075668335
	0.9567387700080872
	0.9567382335662842
	0.956746518611908
	0.9567654132843018
	0.956778883934021
	0.9568007588386536
	0.9568134546279907
	0.956825315952301
	0.9568523168563843
	0.9568669199943542
	0.9568774700164795
	0.9569036960601807
	0.9569181799888611
	0.9569347500801086
	0.9569348096847534
	0.9569567441940308
	0.9569609761238098
	0.9569668769836426
	0.9569866061210632
	0.9570050835609436
	0.9570281505584717
	0.9570527076721191
	0.9570741057395935
	0.9570959210395813
	0.9571162462234497
	0.9571259617805481
	0.9571347832679749
	0.9571511149406433
	0.9571653008460999
	0.9571736454963684
	0.9571923613548279
	0.9572045207023621
	0.9572257399559021
	0.9572393298149109
	0.9572605490684509
	0.9572734236717224
	0.9572843909263611
	0.957299530506134
	0.957312285900116
	0.9573213458061218
	0.9573435187339783
	0.9573589563369751
	0.9573760032653809
	0.9573858380317688
	0.9574012160301208
	0.9574169516563416
	0.9574354887008667
	0.9574533104896545
	0.9574723243713379
	0.9574988484382629
	0.9575212597846985
	0.9575414657592773
	0.9575561881065369
	0.9575855731964111
	0.9576043486595154
	0.9576343894004822
	0.9576628804206848
	0.9576901197433472
	0.9577012062072754
	0.957726776599884
	0.9577542543411255
	0.9577785730361938
	0.9577857851982117
	0.9578081965446472
	0.9578145742416382
	0.9578155279159546
	0.957819402217865
	0.957840085029602
	0.9578617811203003
	0.9578701257705688
	0.9578769207000732
	0.9578973054885864
	0.9579033255577087
	0.9579181671142578
	0.9579271674156189
	0.9579426050186157
	0.9579653739929199
	0.957981288433075
	0.9580025672912598
	0.9580095410346985
	0.9580228328704834
	0.9580358862876892
	0.9580563902854919
	0.958090603351593
	0.9581094980239868
	0.9581236243247986
	0.9581447243690491
	0.9581494331359863
	0.9581669569015503
	0.9581883549690247
	0.9582129716873169
	0.9582250714302063
	0.958247184753418
	0.958268940448761
	0.9582927823066711
	0.9583066701889038
	0.9583274126052856
	0.9583330750465393
	0.9583502411842346
	0.9583632946014404
	0.9583854079246521
	0.9583946466445923
	0.9584118723869324
	0.9584301710128784
	0.9584460854530334
	0.9584702849388123
	0.9584792256355286
	0.958500862121582
	0.95851731300354
	0.9585341215133667
	0.9585498571395874
	0.9585669636726379
	0.9585847854614258
	0.9586091637611389
	0.9586332440376282
	0.9586542844772339
	0.9586731791496277
	0.9586872458457947
	0.9587075114250183
	0.9587273001670837
	0.9587451219558716
	0.9587801694869995
	0.9587855339050293
	0.9587981700897217
	0.9588150382041931
	0.9588209986686707
	0.9588415622711182
	0.9588600397109985
	0.9588807225227356
	0.9588909149169922
	0.9589170217514038
	0.9589217305183411
	0.958939254283905
	0.9589576125144958
	0.9589806795120239
	0.9590138792991638
	0.9590246081352234
	0.9590446352958679
	0.9590647220611572
	0.9590939283370972
	0.9591123461723328
	0.9591338038444519
	0.9591449499130249
	0.9591670632362366
	0.9591820240020752
	0.9591950178146362
	0.9592063426971436
	0.9592203497886658
	0.9592431783676147
	0.9592606425285339
	0.9592816829681396
	0.9592856168746948
	0.9593114852905273
	0.9593299627304077
	0.9593366384506226
	0.959351658821106
	0.9593793153762817
	0.95939701795578
	0.9594143629074097
	0.9594264030456543
	0.9594446420669556
	0.9594650268554688
	0.9594869613647461
	0.9595041275024414
	0.959517776966095
	0.9595361351966858
	0.9595572352409363
	0.959576427936554
	0.959594190120697
	0.9596075415611267
	0.9596312642097473
	0.9596602916717529
	0.9596779942512512
	0.9597038626670837
	0.959729790687561
	0.9597325325012207
	0.9597420692443848
	0.9597653150558472
	0.9597693085670471
	0.9597872495651245
	0.9597915410995483
	0.9598036408424377
	0.9598225355148315
	0.9598281383514404
	0.9598459601402283
	0.9598652720451355
	0.9598889350891113
	0.959908127784729
	0.9599243998527527
	0.9599338173866272
	0.9599415063858032
	0.9599595665931702
	0.9599622488021851
	0.9599729776382446
	0.959995687007904
	0.9600118398666382
	0.9600269198417664
	0.9600370526313782
	0.9600511789321899
	0.9600602388381958
	0.9600715637207031
	0.9600865840911865
	0.9601014256477356
	0.9601251482963562
	0.960135281085968
	0.9601469039916992
	0.9601664543151855
	0.9602002501487732
	0.9602125287055969
	0.9602385759353638
	0.9602405428886414
	0.960259735584259
	0.9602757096290588
	0.9602909684181213
	0.9603112936019897
	0.960321843624115
	0.9603353142738342
	0.9603508710861206
	0.9603731036186218
	0.9603906273841858
	0.9604166150093079
	0.9604212045669556
	0.9604458808898926
	0.9604530930519104
	0.9604655504226685
	0.9604800343513489
	0.9604964852333069
	0.9605191946029663
	0.9605398178100586
	0.9605653882026672
	0.9605811238288879
	0.9606080055236816
	0.9606194496154785
	0.9606285095214844
	0.9606552124023438
	0.9606736898422241
	0.9607113003730774
	0.960730254650116
	0.9607459902763367
	0.9607572555541992
	0.9607788324356079
	0.960781991481781
	0.9608045220375061
	0.9608113169670105
	0.9608284831047058
	0.960841953754425
	0.9608579874038696
	0.9608823657035828
	0.9608950614929199
	0.9609070420265198
	0.9609249234199524
	0.9609373211860657
	0.9609622359275818
	0.9609911441802979
	0.961011528968811
	0.961033821105957
	0.9610481858253479
	0.9610564112663269
	0.9610649347305298
	0.9610886573791504
	0.9611098766326904
	0.9611274003982544
	0.9611430764198303
	0.9611603021621704
	0.9611733555793762
	0.961186945438385
	0.9612100720405579
	0.9612281322479248
	0.9612517356872559
	0.9612755179405212
	0.9612846970558167
	0.9613080024719238
	0.9613245725631714
	0.9613359570503235
	0.9613606333732605
	0.9613854885101318
	0.9614074230194092
	0.9614185094833374
	0.9614351391792297
	0.9614325165748596
	0.9614549875259399
	0.9614741206169128
	0.9614886045455933
	0.9615093469619751
	0.9615282416343689
	0.9615366458892822
	0.961552083492279
	0.9615758657455444
	0.9615921378135681
	0.9616205096244812
	0.9616463780403137
	0.9616621136665344
	0.9616778492927551
	0.9616947770118713
	0.9617037773132324
	0.9617300629615784
	0.9617587327957153
	0.9617770910263062
	0.9618087410926819
	0.9618292450904846
	0.9618465304374695
	0.9618625044822693
	0.9618905782699585
	0.9619120955467224
	0.9619269371032715
	0.9619465470314026
	0.961970865726471
	0.9619796276092529
	0.9619942903518677
	0.9620129466056824
	0.9620224833488464
	0.962041974067688
	0.9620611667633057
	0.9620808362960815
	0.9621054530143738
	0.9621227979660034
	0.9621434211730957
	0.9621523022651672
	0.9621744155883789
	0.9621847867965698
	0.962212860584259
	0.9622361660003662
	0.9622594714164734
	0.962270975112915
	0.9622893929481506
	0.9623076319694519
	0.9623180627822876
	0.9623315930366516
	0.962333083152771
	0.9623605012893677
	0.9623762965202332
	0.9623953700065613
	0.9624242782592773
	0.9624345898628235
	0.9624527096748352
	0.9624579548835754
	0.9624741077423096
	0.962493360042572
	0.9625094532966614
	0.9625231623649597
	0.9625349044799805
	0.9625435471534729
	0.9625604748725891
	0.9625699520111084
	0.9625846147537231
	0.9626013040542603
	0.9626202583312988
	0.9626409411430359
	0.9626553058624268
	0.9626752734184265
	0.9627026319503784
	0.9627199769020081
	0.9627453088760376
	0.9627647995948792
	0.9627806544303894
	0.9628016352653503
	0.9628239274024963
	0.9628458023071289
	0.9628658294677734
	0.9628826975822449
	0.9629080891609192
	0.962925136089325
	0.9629427790641785
	0.9629581570625305
	0.9629715085029602
	0.9629907011985779
	0.9630103707313538
	0.9630386829376221
	0.9630559086799622
	0.9630768299102783
	0.9630852937698364
	0.9630952477455139
	0.9631159901618958
	0.963135302066803
	0.9631533026695251
	0.9631629586219788
	0.9631996154785156
	0.9632154107093811
	0.9632358551025391
	0.9632567763328552
	0.9632692337036133
	0.9632877707481384
	0.9633073806762695
	0.9633329510688782
	0.9633480310440063
	0.9633663892745972
	0.9633833169937134
	0.9633962512016296
	0.9634119272232056
	0.9634326100349426
	0.9634547829627991
	0.9634723663330078
	0.9634893536567688
	0.9635111689567566
	0.9635282754898071
	0.9635503888130188
	0.9635645151138306
	0.963577389717102
	0.9635956883430481
	0.9636217951774597
	0.9636389017105103
	0.9636613726615906
	0.9636873006820679
	0.9637052416801453
	0.9637194275856018
	0.9637497067451477
	0.9637665152549744
	0.9637852311134338
	0.9638031125068665
	0.9638127088546753
	0.9638288021087646
	0.9638496041297913
	0.9638683795928955
	0.9638903737068176
	0.9639042615890503
	0.96392822265625
	0.9639453291893005
	0.9639666676521301
	0.9639758467674255
	0.963994562625885
	0.9640160799026489
	0.9640443921089172
	0.9640604853630066
	0.9640935063362122
	0.9641063809394836
	0.9641146659851074
	0.9641323089599609
	0.9641517996788025
	0.9641658663749695
	0.9641793370246887
	0.964195191860199
	0.9642207026481628
	0.9642437696456909
	0.964259922504425
	0.9642745852470398
	0.964290976524353
	0.9642989039421082
	0.9643138647079468
	0.9643372297286987
	0.9643511176109314
	0.9643728137016296
	0.9643896818161011
	0.9643983840942383
	0.9644228219985962
	0.964451253414154
	0.9644821882247925
	0.9645092487335205
	0.9645228981971741
	0.96453857421875
	0.9645671844482422
	0.9645887613296509
	0.964609682559967
	0.9646396636962891
	0.9646600484848022
	0.9646819829940796
	0.9646945595741272
	0.9647076725959778
	0.9647325873374939
	0.9647431969642639
	0.9647600650787354
	0.9647793173789978
	0.964794933795929
	0.9648043513298035
	0.964828610420227
	0.9648527503013611
	0.9648703336715698
	0.9648799300193787
	0.9648998379707336
	0.9649119973182678
	0.9649285674095154
	0.9649465084075928
	0.9649612903594971
	0.9649882912635803
	0.9650080800056458
	0.9650287628173828
	0.965050995349884
	0.9650682210922241
	0.9650840163230896
	0.9650902152061462
	0.9651052951812744
	0.9651299118995667
	0.965157151222229
	0.9651709794998169
	0.9651796817779541
	0.9652037620544434
	0.9652230739593506
	0.9652421474456787
	0.9652528166770935
	0.9652680158615112
	0.9652926325798035
	0.9653053283691406
	0.9653164148330688
	0.9653257131576538
	0.9653522968292236
	0.9653588533401489
	0.9653818607330322
	0.9653847217559814
	0.9654042720794678
	0.9654211401939392
	0.96544349193573
	0.9654659032821655
	0.9654788970947266
	0.9654965400695801
	0.9655193090438843
	0.9655426740646362
	0.9655669331550598
	0.9655858874320984
	0.9656057953834534
	0.9656331539154053
	0.9656521081924438
	0.9656625986099243
	0.9656928777694702
	0.9657050371170044
	0.9657248258590698
	0.9657377600669861
	0.9657536149024963
	0.9657710790634155
	0.9657796621322632
	0.9657942056655884
	0.9658156633377075
	0.9658386707305908
	0.9658641815185547
	0.9658796191215515
	0.9658957719802856
	0.9659167528152466
	0.9659423232078552
	0.9659687876701355
	0.9659891724586487
	0.9660109281539917
	0.9660204648971558
	0.9660449028015137
	0.9660717248916626
	0.9660995602607727
	0.9661132097244263
	0.9661410450935364
	0.9661551713943481
	0.966160237789154
	0.9661808609962463
	0.9662021398544312
	0.966219961643219
	0.9662296772003174
	0.9662501215934753
	0.9662631154060364
	0.966281533241272
	0.9663006067276001
	0.9663263559341431
	0.9663465023040771
	0.96636962890625
	0.9663856625556946
	0.9664024114608765
	0.9664199948310852
	0.966436505317688
	0.9664537906646729
	0.9664661288261414
	0.9664825797080994
	0.9664883613586426
	0.9665019512176514
	0.9665185213088989
	0.9665417671203613
	0.9665508270263672
	0.9665676355361938
	0.9665821194648743
	0.9666094183921814
	0.9666283130645752
	0.9666494131088257
	0.9666702151298523
	0.9666886925697327
	0.9666996002197266
	0.9667258858680725
	0.9667450189590454
	0.9667500257492065
	0.9667626619338989
	0.9667755365371704
	0.9667961001396179
	0.9668154120445251
	0.9668270349502563
	0.9668537378311157
	0.9668848514556885
	0.96690434217453
	0.9669148921966553
	0.9669416546821594
	0.966957688331604
	0.9669857621192932
	0.9670034646987915
	0.9670226573944092
	0.9670419692993164
	0.9670648574829102
	0.9670867323875427
	0.9671022891998291
	0.9671222567558289
	0.9671471118927002
	0.9671673774719238
	0.9671926498413086
	0.9672176837921143
	0.967230498790741
	0.9672495722770691
	0.9672673940658569
	0.9672918915748596
	0.9672974944114685
	0.9673107862472534
	0.9673377871513367
	0.9673545956611633
	0.967376172542572
	0.9673992395401001
	0.967417299747467
	0.9674431681632996
	0.9674561619758606
	0.9674757122993469
	0.9674997925758362
	0.9675132632255554
	0.9675303101539612
	0.9675620198249817
	0.9675755500793457
	0.9675882458686829
	0.9676080346107483
	0.9676298499107361
	0.9676477313041687
	0.9676514267921448
	0.9676662087440491
	0.9676802158355713
	0.967700719833374
	0.9677203297615051
	0.9677324295043945
	0.96775883436203
	0.9677834510803223
	0.9678075909614563
	0.9678373336791992
	0.9678455591201782
	0.9678727984428406
	0.9678964614868164
	0.9679145812988281
	0.967921257019043
	0.9679335355758667
	0.9679520726203918
	0.9679645299911499
	0.9679827690124512
	0.968000054359436
	0.9680108428001404
	0.9680273532867432
	0.9680530428886414
	0.9680670499801636
	0.9680947065353394
	0.9681199193000793
	0.9681397080421448
	0.9681618809700012
	0.9681861996650696
	0.9682008028030396
	0.9682226777076721
	0.9682313203811646
	0.9682406783103943
	0.9682587385177612
	0.9682859778404236
	0.9683036208152771
	0.9683154225349426
	0.968334436416626
	0.9683480262756348
	0.9683609008789062
	0.9683817028999329
	0.9684029221534729
	0.9684173464775085
	0.9684352278709412
	0.9684516787528992
	0.968478798866272
	0.9684842824935913
	0.9685031771659851
	0.9685326814651489
	0.9685493111610413
	0.9685671925544739
	0.9685746431350708
	0.9685879945755005
	0.9686076641082764
	0.9686287641525269
	0.968645453453064
	0.9686687588691711
	0.9686903953552246
	0.9687068462371826
	0.9687157869338989
	0.9687429666519165
	0.9687744379043579
	0.9688015580177307
	0.968823254108429
	0.968830943107605
	0.9688498973846436
	0.9688706994056702
	0.9688872694969177
	0.968910813331604
	0.9689111709594727
	0.9689284563064575
	0.9689467549324036
	0.9689714312553406
	0.9689908623695374
	0.9690035581588745
	0.9690210819244385
	0.9690292477607727
	0.9690353870391846
	0.9690527319908142
	0.9690698981285095
	0.9690863490104675
	0.9691049456596375
	0.9691175818443298
	0.9691455960273743
	0.9691662788391113
	0.9691931009292603
	0.9692206382751465
	0.9692395329475403
	0.9692547917366028
	0.9692749977111816
	0.9692792296409607
	0.9692915081977844
	0.9692994952201843
	0.9693202376365662
	0.9693366885185242
	0.9693588614463806
	0.9693735241889954
	0.9694008231163025
	0.9694148302078247
	0.9694423675537109
	0.9694606065750122
	0.9694834351539612
	0.9695149660110474
	0.9695362448692322
	0.9695427417755127
	0.9695537686347961
	0.9695767760276794
	0.9695941805839539
	0.9696053266525269
	0.9696252942085266
	0.9696495532989502
	0.9696767330169678
	0.9697015881538391
	0.9697242975234985
	0.9697510004043579
	0.9697666764259338
	0.9697843194007874
	0.9698023796081543
	0.9698166847229004
	0.9698283076286316
	0.9698562622070312
	0.9698769450187683
	0.969890832901001
	0.9699145555496216
	0.9699375629425049
	0.9699647426605225
	0.969982385635376
	0.9699963331222534
	0.9700181484222412
	0.9700395464897156
	0.9700601100921631
	0.9700755476951599
	0.9701025485992432
	0.9701218008995056
	0.9701343178749084
	0.9701440930366516
	0.970158040523529
	0.9701705574989319
	0.9701977372169495
	0.9702142477035522
	0.9702385067939758
	0.9702549576759338
	0.9702684879302979
	0.970284104347229
	0.970298707485199
	0.9703119993209839
	0.9703127145767212
	0.9703166484832764
	0.9703333377838135
	0.9703640341758728
	0.9703839421272278
	0.9704053401947021
	0.9704152345657349
	0.9704362750053406
	0.9704571962356567
	0.9704763293266296
	0.9705033302307129
	0.970526933670044
	0.970548689365387
	0.9705705642700195
	0.970587968826294
	0.9706114530563354
	0.9706377983093262
	0.9706422090530396
	0.9706616401672363
	0.9706858396530151
	0.9706994295120239
	0.9707227945327759
	0.9707431793212891
	0.9707530736923218
	0.9707710146903992
	0.9707875847816467
	0.9708017110824585
	0.9708237051963806
	0.9708415865898132
	0.9708568453788757
	0.9708709120750427
	0.9708924293518066
	0.9709079265594482
	0.9709215760231018
	0.9709379076957703
	0.9709529280662537
	0.9709680080413818
	0.9709939956665039
	0.9710249900817871
	0.9710376262664795
	0.9710553884506226
	0.971070408821106
	0.971091628074646
	0.9711118936538696
	0.9711281657218933
	0.9711401462554932
	0.9711528420448303
	0.9711627960205078
	0.9711818695068359
]