[
	1.2615196704864502
	1.2612000703811646
	1.2608897686004639
	1.2605732679367065
	1.2602548599243164
	1.2599493265151978
	1.259629249572754
	1.2593095302581787
	1.2589904069900513
	1.2586671113967896
	1.2583485841751099
	1.2580279111862183
	1.25771963596344
	1.2574033737182617
	1.2570761442184448
	1.2567614316940308
	1.2564436197280884
	1.2561310529708862
	1.2558144330978394
	1.2554973363876343
	1.2551827430725098
	1.2548691034317017
	1.2545465230941772
	1.2542234659194946
	1.2538994550704956
	1.25357985496521
	1.2532621622085571
	1.2529512643814087
	1.252641201019287
	1.2523261308670044
	1.2520146369934082
	1.251699447631836
	1.251387357711792
	1.251081943511963
	1.2507696151733398
	1.2504688501358032
	1.2501587867736816
	1.2498434782028198
	1.2495343685150146
	1.2492245435714722
	1.2489237785339355
	1.2486318349838257
	1.2483266592025757
	1.248021125793457
	1.2477154731750488
	1.2474113702774048
	1.247104525566101
	1.246797800064087
	1.246495008468628
	1.2461909055709839
	1.245887041091919
	1.2455863952636719
	1.2452987432479858
	1.2450016736984253
	1.244704246520996
	1.2444026470184326
	1.2441002130508423
	1.2437962293624878
	1.2434881925582886
	1.2431848049163818
	1.2428852319717407
	1.2425875663757324
	1.2422897815704346
	1.2420005798339844
	1.2417107820510864
	1.2414034605026245
	1.24110746383667
	1.2408185005187988
	1.2405306100845337
	1.2402303218841553
	1.2399414777755737
	1.2396477460861206
	1.2393707036972046
	1.2390828132629395
	1.2387980222702026
	1.2385154962539673
	1.2382304668426514
	1.2379367351531982
	1.2376644611358643
	1.2373780012130737
	1.2370953559875488
	1.2368066310882568
	1.2365143299102783
	1.2362372875213623
	1.2359658479690552
	1.235662817955017
	1.2353883981704712
	1.235116958618164
	1.2348374128341675
	1.2345606088638306
	1.23428475856781
	1.2340035438537598
	1.2337298393249512
	1.2334576845169067
	1.2331738471984863
	1.232896327972412
	1.2326254844665527
	1.232369303703308
	1.2320910692214966
	1.2318224906921387
	1.2315443754196167
	1.2312791347503662
	1.231016755104065
	1.230750560760498
	1.2304904460906982
	1.2302448749542236
	1.2299857139587402
	1.2297128438949585
	1.2294542789459229
	1.22919499874115
	1.228926658630371
	1.2286665439605713
	1.228406310081482
	1.2281441688537598
	1.2278870344161987
	1.2276304960250854
	1.2273718118667603
	1.2271180152893066
	1.22687828540802
	1.2266291379928589
	1.2263753414154053
	1.2261250019073486
	1.2258950471878052
	1.2256407737731934
	1.2254066467285156
	1.225159764289856
	1.2249118089675903
	1.2246609926223755
	1.224420428276062
	1.22416353225708
	1.2239168882369995
	1.2236626148223877
	1.2234094142913818
	1.2231699228286743
	1.2229337692260742
	1.22270667552948
	1.2224730253219604
	1.2222275733947754
	1.221989631652832
	1.2217484712600708
	1.2215163707733154
	1.221283197402954
	1.2210413217544556
	1.2207990884780884
	1.2205504179000854
	1.220310926437378
	1.22007155418396
	1.2198532819747925
	1.2196203470230103
	1.2193872928619385
	1.2191439867019653
	1.2189093828201294
	1.2186944484710693
	1.218456745147705
	1.218222737312317
	1.2179839611053467
	1.2177444696426392
	1.2175123691558838
	1.217292070388794
	1.2170628309249878
	1.2168198823928833
	1.21660315990448
	1.2163549661636353
	1.2161355018615723
	1.2159210443496704
	1.2156932353973389
	1.2154698371887207
	1.2152581214904785
	1.2150448560714722
	1.214824914932251
	1.2146120071411133
	1.2143985033035278
	1.2141743898391724
	1.2139666080474854
	1.2137532234191895
	1.2135051488876343
	1.2132816314697266
	1.2130612134933472
	1.212844967842102
	1.212638258934021
	1.2124158143997192
	1.2121968269348145
	1.2119919061660767
	1.2117804288864136
	1.2115631103515625
	1.2113451957702637
	1.211138129234314
	1.2109143733978271
	1.2106984853744507
	1.210482120513916
	1.2102665901184082
	1.2100327014923096
	1.2098151445388794
	1.2096028327941895
	1.2093923091888428
	1.2091903686523438
	1.2089639902114868
	1.2087475061416626
	1.2085309028625488
	1.20832359790802
	1.2081080675125122
	1.207895278930664
	1.2077010869979858
	1.2074819803237915
	1.207282543182373
	1.2070658206939697
	1.2068569660186768
	1.206660270690918
	1.2064540386199951
	1.2062406539916992
	1.2060483694076538
	1.2058370113372803
	1.2056299448013306
	1.205431580543518
	1.2052311897277832
	1.205039143562317
	1.2048311233520508
	1.2046141624450684
	1.2044082880020142
	1.204206109046936
	1.2040157318115234
	1.2038156986236572
	1.203607201576233
	1.2034149169921875
	1.2032142877578735
	1.2030152082443237
	1.2028127908706665
	1.2026045322418213
	1.2024095058441162
	1.2022106647491455
	1.2020161151885986
	1.2018247842788696
	1.20162832736969
	1.2014315128326416
	1.2012426853179932
	1.201045274734497
	1.2008485794067383
	1.2006396055221558
	1.200435757637024
	1.2002367973327637
	1.200051188468933
	1.1998634338378906
	1.1996748447418213
	1.1994951963424683
	1.199304223060608
	1.1991018056869507
	1.1989189386367798
	1.1987179517745972
	1.1985304355621338
	1.1983429193496704
	1.1981581449508667
	1.1979665756225586
	1.1977726221084595
	1.1975857019424438
	1.197403073310852
	1.1972261667251587
	1.1970404386520386
	1.1968568563461304
	1.1966873407363892
	1.196495532989502
	1.1963077783584595
	1.196119785308838
	1.195942759513855
	1.195751428604126
	1.1955723762512207
	1.1953859329223633
	1.1952029466629028
	1.1950205564498901
	1.1948423385620117
	1.1946688890457153
	1.1944814920425415
	1.1943014860153198
	1.19412362575531
	1.1939458847045898
	1.1937671899795532
	1.19359290599823
	1.1934117078781128
	1.1932342052459717
	1.193053960800171
	1.1928722858428955
	1.1926852464675903
	1.192514419555664
	1.1923305988311768
	1.1921552419662476
	1.1919777393341064
	1.191796064376831
	1.1916329860687256
	1.1914606094360352
	1.1912789344787598
	1.191102147102356
	1.1909266710281372
	1.1907392740249634
	1.1905502080917358
	1.1903756856918335
	1.1902064085006714
	1.1900194883346558
	1.1898504495620728
	1.1896765232086182
	1.1895091533660889
	1.189328908920288
	1.189157485961914
	1.188979983329773
	1.1887999773025513
	1.1886301040649414
	1.1884607076644897
	1.1882832050323486
	1.1880993843078613
	1.1879405975341797
	1.1877719163894653
	1.187605619430542
	1.1874213218688965
	1.187253475189209
	1.187088131904602
	1.186924695968628
	1.186749815940857
	1.1865713596343994
	1.1864123344421387
	1.1862483024597168
	1.1860864162445068
	1.185908317565918
	1.1857523918151855
	1.1855907440185547
	1.185429334640503
	1.1852586269378662
	1.1851015090942383
	1.1849499940872192
	1.184772253036499
	1.1846078634262085
	1.1844455003738403
	1.1842854022979736
	1.1841243505477905
	1.183962106704712
	1.1838129758834839
	1.1836460828781128
	1.1834914684295654
	1.18332839012146
	1.183152437210083
	1.1829944849014282
	1.1828274726867676
	1.1826664209365845
	1.1825090646743774
	1.1823432445526123
	1.1821900606155396
	1.1820180416107178
	1.1818652153015137
	1.1817090511322021
	1.1815625429153442
	1.1814038753509521
	1.1812465190887451
	1.181086778640747
	1.1809266805648804
	1.1807626485824585
	1.180592656135559
	1.180435061454773
	1.1802682876586914
	1.1801084280014038
	1.1799477338790894
	1.179787278175354
	1.1796255111694336
	1.1794664859771729
	1.1793057918548584
	1.1791496276855469
	1.1789885759353638
	1.1788341999053955
	1.1786824464797974
	1.1785247325897217
	1.1783699989318848
	1.1782093048095703
	1.178051471710205
	1.1778974533081055
	1.1777458190917969
	1.1775826215744019
	1.1774332523345947
	1.1772773265838623
	1.1771105527877808
	1.1769468784332275
	1.1767891645431519
	1.1766339540481567
	1.1764715909957886
	1.1763240098953247
	1.1761711835861206
	1.1760163307189941
	1.1758557558059692
	1.1757053136825562
	1.1755489110946655
	1.1753923892974854
	1.1752415895462036
	1.1750924587249756
	1.174946904182434
	1.1747969388961792
	1.1746454238891602
	1.1744942665100098
	1.1743428707122803
	1.1741969585418701
	1.1740418672561646
	1.1738919019699097
	1.1737596988677979
	1.1736034154891968
	1.1734492778778076
	1.1732953786849976
	1.1731351613998413
	1.1729824542999268
	1.1728345155715942
	1.172698974609375
	1.172550082206726
	1.1723967790603638
	1.1722471714019775
	1.1720993518829346
	1.171952486038208
	1.1717896461486816
	1.171644926071167
	1.17149817943573
	1.1713578701019287
	1.1712218523025513
	1.1710737943649292
	1.1709290742874146
	1.1707775592803955
	1.170633316040039
	1.1704944372177124
	1.1703482866287231
	1.170212984085083
	1.1700752973556519
	1.1699230670928955
	1.1697726249694824
	1.1696256399154663
	1.1694903373718262
	1.169341802597046
	1.169190526008606
	1.1690402030944824
	1.1688979864120483
	1.1687575578689575
	1.1686121225357056
	1.168458342552185
	1.1683205366134644
	1.1681832075119019
	1.1680361032485962
	1.1678979396820068
	1.1677531003952026
	1.1676098108291626
	1.1674602031707764
	1.1673195362091064
	1.1671698093414307
	1.1670225858688354
	1.166880488395691
	1.1667449474334717
	1.1666024923324585
	1.1664624214172363
	1.16631281375885
	1.1661638021469116
	1.166024923324585
	1.165889859199524
	1.165747880935669
	1.1656032800674438
	1.1654622554779053
	1.1653167009353638
	1.1651793718338013
	1.1650440692901611
	1.1649041175842285
	1.164765477180481
	1.1646356582641602
	1.164489507675171
	1.1643415689468384
	1.1642073392868042
	1.1640675067901611
	1.1639277935028076
	1.1637914180755615
	1.163655161857605
	1.163528323173523
	1.1633919477462769
	1.1632570028305054
	1.1631232500076294
	1.1629759073257446
	1.1628378629684448
	1.1626900434494019
	1.1625505685806274
	1.162414312362671
	1.1622763872146606
	1.1621311902999878
	1.1619954109191895
	1.1618561744689941
	1.16172194480896
	1.1615926027297974
	1.161454677581787
	1.1613287925720215
	1.1611908674240112
	1.1610479354858398
	1.1609138250350952
	1.1607794761657715
	1.1606346368789673
	1.16050124168396
	1.160362720489502
	1.160234808921814
	1.1601052284240723
	1.1599713563919067
	1.1598351001739502
	1.1597055196762085
	1.159576177597046
	1.1594349145889282
	1.1593016386032104
	1.1591650247573853
	1.159031867980957
	1.1588901281356812
	1.158751368522644
	1.1586121320724487
	1.158484935760498
	1.1583523750305176
	1.1582177877426147
	1.1580820083618164
	1.1579456329345703
	1.1578094959259033
	1.1576776504516602
	1.1575413942337036
	1.157403826713562
	1.1572686433792114
	1.1571415662765503
	1.1570117473602295
	1.156877875328064
	1.1567448377609253
	1.1566067934036255
	1.1564795970916748
	1.1563405990600586
	1.156201720237732
	1.1560744047164917
	1.1559371948242188
	1.1558035612106323
	1.1556706428527832
	1.1555430889129639
	1.1554169654846191
	1.155288815498352
	1.1551587581634521
	1.1550236940383911
	1.1549038887023926
	1.1547704935073853
	1.1546299457550049
	1.1544967889785767
	1.154366135597229
	1.154239535331726
	1.154110312461853
	1.1539795398712158
	1.1538537740707397
	1.1537165641784668
	1.1535924673080444
	1.153459906578064
	1.1533300876617432
	1.1532094478607178
	1.1530883312225342
	1.1529605388641357
	1.1528288125991821
	1.1526954174041748
	1.1525638103485107
	1.1524438858032227
	1.1523116827011108
	1.152182936668396
	1.152060627937317
	1.1519408226013184
	1.1518093347549438
	1.1516845226287842
	1.1515581607818604
	1.1514244079589844
	1.1512937545776367
	1.1511683464050293
	1.1510339975357056
	1.1509164571762085
	1.1507890224456787
	1.1506555080413818
	1.150529384613037
	1.1504045724868774
	1.150284767150879
	1.1501636505126953
	1.150038480758667
	1.1499111652374268
	1.1497851610183716
	1.1496670246124268
	1.1495550870895386
	1.149431586265564
	1.1493092775344849
	1.1491867303848267
	1.1490603685379028
	1.14894437789917
	1.1488264799118042
	1.1487038135528564
	1.1485772132873535
	1.148454189300537
	1.1483373641967773
	1.1482186317443848
	1.1481009721755981
	1.147995114326477
	1.147870421409607
	1.147756576538086
	1.147639513015747
	1.1475220918655396
	1.147398829460144
	1.1472715139389038
	1.1471443176269531
	1.1470260620117188
	1.146907925605774
	1.146785020828247
	1.146664023399353
	1.1465405225753784
	1.1464201211929321
	1.146297574043274
	1.1461700201034546
	1.146045446395874
	1.1459193229675293
	1.1458053588867188
	1.1456811428070068
	1.145564317703247
	1.1454472541809082
	1.1453166007995605
	1.1451945304870605
	1.1450769901275635
	1.1449648141860962
	1.144842267036438
	1.14472496509552
	1.1446021795272827
	1.1444796323776245
	1.1443616151809692
	1.144248604774475
	1.144135594367981
	1.1440167427062988
	1.1438933610916138
	1.1437695026397705
	1.1436551809310913
	1.1435385942459106
	1.1434231996536255
	1.1433064937591553
	1.143181562423706
	1.1430549621582031
	1.142942190170288
	1.1428250074386597
	1.1427046060562134
	1.1425797939300537
	1.1424694061279297
	1.1423554420471191
	1.1422432661056519
	1.1421325206756592
	1.142014741897583
	1.1418964862823486
	1.1417772769927979
	1.1416594982147217
	1.1415376663208008
	1.141420841217041
	1.1413041353225708
	1.141188144683838
	1.141067624092102
	1.1409504413604736
	1.1408350467681885
	1.1407172679901123
	1.1405950784683228
	1.14048171043396
	1.1403719186782837
	1.140255331993103
	1.1401419639587402
	1.1400331258773804
	1.1399247646331787
	1.13981294631958
	1.1396955251693726
	1.139575481414795
	1.139461636543274
	1.1393598318099976
	1.1392475366592407
	1.13913094997406
	1.1390222311019897
	1.1389145851135254
	1.1387908458709717
	1.1386786699295044
	1.138571858406067
	1.1384541988372803
	1.1383391618728638
	1.1382274627685547
	1.138128638267517
	1.1380122900009155
	1.1378968954086304
	1.1377887725830078
	1.1376763582229614
	1.1375608444213867
	1.137455701828003
	1.137349009513855
	1.1372426748275757
	1.1371324062347412
	1.137017011642456
	1.1369026899337769
	1.1367905139923096
	1.136670470237732
	1.1365703344345093
	1.1364489793777466
	1.1363260746002197
	1.1362189054489136
	1.1361035108566284
	1.1359939575195312
	1.1358803510665894
	1.1357587575912476
	1.1356441974639893
	1.1355316638946533
	1.1354169845581055
	1.135306477546692
	1.1352050304412842
	1.1350971460342407
	1.1349815130233765
	1.1348673105239868
	1.1347604990005493
	1.1346596479415894
	1.1345518827438354
	1.134448528289795
	1.1343411207199097
	1.1342331171035767
	1.1341203451156616
	1.1340147256851196
	1.1339014768600464
	1.1337974071502686
	1.1336866617202759
	1.133564829826355
	1.1334582567214966
	1.1333391666412354
	1.1332296133041382
	1.1331262588500977
	1.1330273151397705
	1.1329158544540405
	1.1328076124191284
	1.1326920986175537
	1.1325746774673462
	1.1324676275253296
	1.1323609352111816
	1.132259488105774
	1.1321555376052856
	1.1320457458496094
	1.1319361925125122
	1.13182532787323
	1.1317232847213745
	1.1316159963607788
	1.1315090656280518
	1.1314011812210083
	1.1312960386276245
	1.1311900615692139
	1.131080985069275
	1.1309685707092285
	1.1308550834655762
	1.1307493448257446
	1.1306447982788086
	1.1305413246154785
	1.1304441690444946
	1.1303390264511108
	1.1302285194396973
	1.130126714706421
	1.130019187927246
	1.1299153566360474
	1.1298097372055054
	1.1297014951705933
	1.129599690437317
	1.1294946670532227
	1.1293959617614746
	1.129294514656067
	1.129185438156128
	1.129077434539795
	1.1289825439453125
	1.128882884979248
	1.1287785768508911
	1.1286805868148804
	1.1285747289657593
	1.1284795999526978
	1.128375768661499
	1.1282731294631958
	1.1281671524047852
	1.1280604600906372
	1.1279577016830444
	1.127854347229004
	1.1277507543563843
	1.1276476383209229
	1.1275418996810913
	1.1274324655532837
	1.1273407936096191
	1.1272461414337158
	1.127140998840332
	1.1270314455032349
	1.1269323825836182
	1.1268236637115479
	1.1267188787460327
	1.1266098022460938
	1.1265084743499756
	1.1264050006866455
	1.1262997388839722
	1.126206398010254
	1.1261104345321655
	1.1260136365890503
	1.1259183883666992
	1.1258175373077393
	1.1257179975509644
	1.1256177425384521
	1.125516653060913
	1.1254048347473145
	1.125311255455017
	1.1252052783966064
	1.1251097917556763
	1.1250174045562744
	1.1249150037765503
	1.1248178482055664
	1.1247252225875854
	1.1246280670166016
	1.1245335340499878
	1.1244360208511353
	1.1243306398391724
	1.1242347955703735
	1.1241402626037598
	1.124043345451355
	1.1239368915557861
	1.1238406896591187
	1.1237434148788452
	1.123647689819336
	1.1235474348068237
	1.1234511137008667
	1.1233513355255127
	1.123246669769287
	1.1231526136398315
	1.1230603456497192
	1.1229666471481323
	1.1228713989257812
	1.122768759727478
	1.1226645708084106
	1.1225618124008179
	1.1224652528762817
	1.1223710775375366
	1.122277021408081
	1.1221779584884644
	1.1220831871032715
	1.1219911575317383
	1.1218886375427246
	1.1217865943908691
	1.1216901540756226
	1.12160062789917
	1.1215076446533203
	1.1214070320129395
	1.1213144063949585
	1.1212214231491089
	1.1211276054382324
	1.121030330657959
	1.1209346055984497
	1.1208387613296509
	1.1207516193389893
	1.1206576824188232
	1.120563268661499
	1.1204674243927002
	1.1203774213790894
	1.1202853918075562
	1.1201918125152588
	1.1201013326644897
	1.1200114488601685
	1.1199127435684204
	1.1198196411132812
	1.1197164058685303
	1.1196235418319702
	1.1195327043533325
	1.1194403171539307
	1.1193442344665527
	1.1192506551742554
	1.1191532611846924
	1.119057297706604
	1.1189682483673096
	1.1188764572143555
	1.1187844276428223
	1.1186944246292114
	1.1186003684997559
	1.11850905418396
	1.118417501449585
	1.1183198690414429
	1.118220567703247
	1.1181212663650513
	1.118025541305542
	1.1179307699203491
	1.117842674255371
	1.1177436113357544
	1.1176533699035645
	1.1175581216812134
	1.117470383644104
	1.117379069328308
	1.117287039756775
	1.1171923875808716
	1.1171026229858398
	1.117004156112671
	1.116904616355896
	1.1168092489242554
	1.1167137622833252
	1.1166173219680786
	1.1165271997451782
	1.1164339780807495
	1.1163415908813477
	1.1162481307983398
	1.1161547899246216
	1.1160657405853271
	1.115963339805603
	1.1158711910247803
	1.1157842874526978
	1.1156896352767944
	1.1155949831008911
	1.115509033203125
	1.1154180765151978
	1.1153271198272705
	1.115234613418579
	1.1151463985443115
	1.1150572299957275
	1.1149632930755615
	1.1148749589920044
	1.1147819757461548
	1.114689826965332
	1.1145951747894287
	1.114511251449585
	1.1144261360168457
	1.1143382787704468
	1.1142497062683105
	1.1141633987426758
	1.1140718460083008
	1.1139775514602661
	1.1138828992843628
	1.1137937307357788
	1.113694667816162
	1.1136058568954468
	1.1135154962539673
	1.1134216785430908
	1.113333821296692
	1.1132444143295288
	1.113157033920288
	1.1130738258361816
	1.112989902496338
	1.1128976345062256
	1.1128015518188477
	1.1127182245254517
	1.1126253604888916
	1.1125404834747314
	1.1124507188796997
	1.1123683452606201
	1.1122783422470093
	1.1121913194656372
	1.1121069192886353
	1.112012267112732
	1.1119263172149658
	1.1118417978286743
	1.1117572784423828
	1.1116663217544556
	1.1115809679031372
	1.1114901304244995
	1.1113983392715454
	1.1113102436065674
	1.1112174987792969
	1.1111299991607666
	1.1110408306121826
	1.1109493970870972
	1.1108611822128296
	1.1107773780822754
	1.1106947660446167
	1.1106069087982178
	1.1105194091796875
	1.1104233264923096
	1.1103397607803345
	1.110253095626831
	1.1101666688919067
	1.1100772619247437
	1.1099873781204224
	1.1099013090133667
	1.109814167022705
	1.1097267866134644
	1.1096327304840088
	1.1095473766326904
	1.1094633340835571
	1.109374761581421
	1.1092846393585205
	1.1091912984848022
	1.109112024307251
	1.1090214252471924
	1.1089398860931396
	1.1088545322418213
	1.1087692975997925
	1.1086739301681519
	1.1085901260375977
	1.1085017919540405
	1.1084136962890625
	1.108330249786377
	1.1082477569580078
	1.1081621646881104
	1.1080718040466309
	1.1079899072647095
	1.1079106330871582
	1.107823371887207
	1.1077321767807007
	1.1076457500457764
	1.1075540781021118
	1.107470989227295
	1.1073840856552124
	1.1073079109191895
	1.107221007347107
	1.1071271896362305
	1.1070486307144165
	1.10696542263031
	1.1068817377090454
	1.1067897081375122
	1.1067107915878296
	1.1066309213638306
	1.1065512895584106
	1.1064690351486206
	1.1063921451568604
	1.1063114404678345
	1.1062250137329102
	1.1061371564865112
	1.1060540676116943
	1.1059671640396118
	1.1058807373046875
	1.1057965755462646
	1.1057096719741821
	1.1056280136108398
	1.1055500507354736
	1.1054692268371582
	1.105387806892395
	1.105306625366211
	1.1052320003509521
	1.1051467657089233
	1.1050667762756348
	1.1049909591674805
	1.1049147844314575
	1.1048378944396973
	1.1047613620758057
	1.1046879291534424
	1.1045993566513062
	1.1045202016830444
	1.1044331789016724
	1.1043453216552734
	1.104261875152588
	1.1041860580444336
	1.1041043996810913
	1.104021430015564
	1.1039373874664307
	1.103861689567566
	1.103782296180725
	1.103700041770935
	1.10361909866333
	1.1035374402999878
	1.1034590005874634
	1.1033787727355957
	1.1032942533493042
	1.103220820426941
	1.1031416654586792
	1.1030628681182861
	1.1029764413833618
	1.102893352508545
	1.102811574935913
	1.1027354001998901
	1.1026486158370972
	1.1025677919387817
	1.1024941205978394
	1.1024143695831299
	1.102333426475525
	1.1022578477859497
	1.102177619934082
	1.1020995378494263
	1.1020246744155884
	1.1019493341445923
	1.101875901222229
	1.1017941236495972
	1.101717233657837
	1.1016409397125244
	1.1015667915344238
	1.1014949083328247
	1.101415991783142
	1.1013323068618774
	1.1012617349624634
	1.1011821031570435
	1.1011042594909668
	1.101026177406311
	1.1009490489959717
	1.100875735282898
	1.100795865058899
	1.1007126569747925
	1.1006267070770264
	1.1005470752716064
	1.1004611253738403
	1.1003811359405518
	1.1003047227859497
	1.1002273559570312
	1.1001495122909546
	1.1000797748565674
	1.1000044345855713
	1.0999239683151245
	1.0998461246490479
	1.0997611284255981
	1.099686861038208
	1.099604606628418
	1.0995302200317383
	1.0994576215744019
	1.0993810892105103
	1.0993088483810425
	1.099233627319336
	1.0991579294204712
	1.099080204963684
	1.0990043878555298
	1.09892737865448
	1.0988538265228271
	1.0987852811813354
	1.0987107753753662
	1.0986379384994507
	1.0985616445541382
	1.0984915494918823
	1.0984143018722534
	1.098338007926941
	1.0982635021209717
	1.0981935262680054
	1.0981168746948242
	1.098046898841858
	1.0979759693145752
	1.0979044437408447
	1.0978291034698486
	1.0977487564086914
	1.0976746082305908
	1.0975992679595947
	1.0975288152694702
	1.097454309463501
	1.0973762273788452
	1.0972968339920044
	1.097222924232483
	1.0971488952636719
	1.0970789194107056
	1.096996545791626
	1.0969129800796509
	1.0968314409255981
	1.0967522859573364
	1.0966798067092896
	1.0966110229492188
	1.096542239189148
	1.0964677333831787
	1.096398949623108
	1.0963249206542969
	1.096250057220459
	1.0961689949035645
	1.096101999282837
	1.0960289239883423
	1.095963478088379
	1.095885992050171
	1.0958175659179688
	1.0957313776016235
	1.0956639051437378
	1.0955811738967896
	1.09550940990448
	1.095438838005066
	1.0953608751296997
	1.0952922105789185
	1.0952222347259521
	1.0951509475708008
	1.0950748920440674
	1.0950063467025757
	1.0949323177337646
	1.0948615074157715
	1.0947893857955933
	1.0947171449661255
	1.0946539640426636
	1.094576120376587
	1.0945014953613281
	1.094434380531311
	1.0943665504455566
	1.094294786453247
	1.0942283868789673
	1.0941511392593384
	1.094082236289978
	1.094008207321167
	1.0939399003982544
	1.0938637256622314
	1.093787431716919
	1.0937174558639526
	1.0936518907546997
	1.0935808420181274
	1.0935029983520508
	1.093437910079956
	1.0933715105056763
	1.0932965278625488
	1.0932221412658691
	1.093156337738037
	1.0930863618850708
	1.0930145978927612
	1.0929406881332397
	1.0928750038146973
	1.09280264377594
	1.0927282571792603
	1.0926587581634521
	1.092586636543274
	1.0925148725509644
	1.0924429893493652
	1.0923728942871094
	1.0923060178756714
	1.0922380685806274
	1.0921727418899536
	1.0921059846878052
	1.0920436382293701
	1.0919628143310547
	1.0918996334075928
	1.0918301343917847
	1.091762900352478
	1.0916954278945923
	1.0916274785995483
	1.0915580987930298
	1.0914864540100098
	1.0914229154586792
	1.0913519859313965
	1.0912832021713257
	1.0912171602249146
	1.0911617279052734
	1.0910983085632324
	1.0910333395004272
	1.0909667015075684
	1.0908989906311035
	1.090833306312561
	1.090760588645935
	1.0906891822814941
	1.0906248092651367
	1.0905606746673584
	1.0904860496520996
	1.0904135704040527
	1.090343713760376
	1.0902743339538574
	1.0902055501937866
	1.0901280641555786
	1.0900603532791138
	1.0899907350540161
	1.089927315711975
	1.0898600816726685
	1.0897939205169678
	1.0897291898727417
	1.0896564722061157
	1.0895901918411255
	1.0895229578018188
	1.0894569158554077
	1.08938467502594
	1.0893151760101318
	1.0892460346221924
	1.0891854763031006
	1.0891194343566895
	1.0890480279922485
	1.0889745950698853
	1.0889030694961548
	1.0888248682022095
	1.0887521505355835
	1.0886837244033813
	1.0886142253875732
	1.088537335395813
	1.0884745121002197
	1.0884017944335938
	1.0883371829986572
	1.0882676839828491
	1.0882033109664917
	1.0881403684616089
	1.0880727767944336
	1.0880035161972046
	1.0879424810409546
	1.0878788232803345
	1.0878099203109741
	1.0877467393875122
	1.087683081626892
	1.0876152515411377
	1.0875457525253296
	1.0874773263931274
	1.0874192714691162
	1.0873525142669678
	1.087288498878479
	1.0872290134429932
	1.0871583223342896
	1.087092638015747
	1.0870333909988403
	1.0869784355163574
	1.0869159698486328
	1.0868443250656128
	1.0867807865142822
	1.0867167711257935
	1.086657166481018
	1.0865920782089233
	1.0865228176116943
	1.0864583253860474
	1.0863940715789795
	1.086334228515625
	1.086268424987793
	1.0862016677856445
	1.086134910583496
	1.086073637008667
	1.0860120058059692
	1.0859475135803223
	1.0858848094940186
	1.0858229398727417
	1.0857552289962769
	1.0856928825378418
	1.0856214761734009
	1.0855576992034912
	1.085494041442871
	1.0854336023330688
	1.0853688716888428
	1.0853015184402466
	1.085240125656128
	1.0851750373840332
	1.0851144790649414
	1.0850510597229004
	1.0849864482879639
	1.0849237442016602
	1.0848629474639893
	1.0848021507263184
	1.0847411155700684
	1.084680438041687
	1.0846222639083862
	1.0845625400543213
	1.0844955444335938
	1.0844329595565796
	1.0843677520751953
	1.0843007564544678
	1.0842403173446655
	1.0841747522354126
	1.0841162204742432
	1.0840604305267334
	1.0839977264404297
	1.0839307308197021
	1.0838651657104492
	1.0837985277175903
	1.0837289094924927
	1.0836710929870605
	1.0836073160171509
	1.083552360534668
	1.0834932327270508
	1.0834306478500366
	1.0833699703216553
	1.0833085775375366
	1.0832538604736328
	1.0831868648529053
	1.0831233263015747
	1.083062767982483
	1.0830016136169434
	1.0829466581344604
	1.082885503768921
	1.0828245878219604
	1.0827609300613403
	1.082698941230774
	1.0826404094696045
	1.0825759172439575
	1.0825200080871582
	1.0824540853500366
	1.0823934078216553
	1.0823291540145874
	1.0822705030441284
	1.0822097063064575
	1.0821551084518433
	1.0821003913879395
	1.0820311307907104
	1.081965446472168
	1.0819072723388672
	1.0818557739257812
	1.0817995071411133
	1.0817397832870483
	1.0816764831542969
	1.0816154479980469
	1.0815505981445312
	1.0814872980117798
	1.081431269645691
	1.0813788175582886
	1.0813230276107788
	1.0812581777572632
	1.0811972618103027
	1.0811386108398438
	1.0810805559158325
	1.0810213088989258
	1.080957293510437
	1.0808981657028198
	1.0808415412902832
	1.0807886123657227
	1.080729365348816
	1.0806678533554077
	1.0806214809417725
	1.080560326576233
	1.0805072784423828
	1.0804411172866821
	1.0803812742233276
	1.0803278684616089
	1.0802700519561768
	1.0802077054977417
	1.0801494121551514
	1.0800895690917969
	1.0800286531448364
	1.0799700021743774
	1.0799168348312378
	1.0798602104187012
	1.0797967910766602
	1.0797351598739624
	1.0796774625778198
	1.0796210765838623
	1.0795693397521973
	1.0795221328735352
	1.0794645547866821
	1.079412817955017
	1.079351544380188
	1.0792872905731201
	1.0792261362075806
	1.0791702270507812
	1.0791175365447998
	1.0790581703186035
	1.079003095626831
	1.078946828842163
	1.0788910388946533
	1.0788301229476929
	1.0787811279296875
	1.0787304639816284
	1.078676462173462
	1.0786186456680298
	1.078560471534729
	1.0785019397735596
	1.0784446001052856
	1.0783873796463013
	1.0783253908157349
	1.078277587890625
	1.0782268047332764
	1.078169345855713
	1.0781090259552002
	1.0780460834503174
	1.0779924392700195
	1.0779318809509277
	1.0778758525848389
	1.0778188705444336
	1.0777696371078491
	1.077712893486023
	1.077661395072937
	1.0775959491729736
	1.0775409936904907
	1.077484369277954
	1.0774345397949219
	1.0773874521255493
	1.0773310661315918
	1.0772737264633179
	1.077224850654602
	1.077170491218567
	1.077109694480896
	1.0770522356033325
	1.0769952535629272
	1.0769391059875488
	1.076887845993042
	1.076837420463562
	1.076778769493103
	1.0767232179641724
	1.0766608715057373
	1.0766066312789917
	1.0765589475631714
	1.0765141248703003
	1.0764597654342651
	1.076403021812439
	1.0763516426086426
	1.0762965679168701
	1.0762442350387573
	1.0761924982070923
	1.0761382579803467
	1.0760794878005981
	1.076028823852539
	1.075973629951477
	1.0759220123291016
	1.0758590698242188
	1.0757967233657837
	1.0757417678833008
	1.0756916999816895
	1.0756382942199707
	1.0755767822265625
	1.0755254030227661
	1.0754752159118652
	1.075430989265442
	1.0753756761550903
	1.0753173828125
	1.0752588510513306
	1.0752086639404297
	1.075157880783081
	1.0751051902770996
	1.0750612020492554
	1.0750095844268799
	1.0749568939208984
	1.0748982429504395
	1.0748484134674072
	1.0747931003570557
	1.0747437477111816
	1.0746899843215942
	1.0746443271636963
	1.0745936632156372
	1.0745372772216797
	1.074479579925537
	1.0744292736053467
	1.07437264919281
	1.074318289756775
	1.074267029762268
	1.0742162466049194
	1.0741581916809082
	1.0741021633148193
	1.0740528106689453
	1.07399320602417
	1.0739392042160034
	1.0738862752914429
	1.073835015296936
	1.073777675628662
	1.0737197399139404
	1.0736638307571411
	1.0736050605773926
	1.073554515838623
	1.0735015869140625
	1.0734484195709229
	1.0733973979949951
	1.0733449459075928
	1.0732945203781128
	1.0732405185699463
	1.0731885433197021
	1.0731298923492432
	1.0730681419372559
	1.0730167627334595
	1.0729637145996094
	1.0729140043258667
	1.0728622674942017
	1.0728119611740112
	1.072752833366394
	1.0727031230926514
	1.072651982307434
	1.0726028680801392
	1.0725481510162354
	1.0724985599517822
	1.072446584701538
	1.072391390800476
	1.0723379850387573
	1.0722897052764893
	1.0722383260726929
	1.0721851587295532
	1.0721402168273926
	1.0720964670181274
	1.0720491409301758
	1.0719993114471436
	1.0719494819641113
	1.071901798248291
	1.0718482732772827
	1.0717936754226685
	1.0717365741729736
	1.071681261062622
	1.071627140045166
	1.0715793371200562
	1.0715376138687134
	1.0714857578277588
	1.071441650390625
	1.0713882446289062
	1.071345567703247
	1.0712918043136597
	1.0712450742721558
	1.07119619846344
	1.0711438655853271
	1.0710903406143188
	1.0710394382476807
	1.0709840059280396
	1.0709350109100342
	1.0708787441253662
	1.0708258152008057
	1.070778489112854
	1.0707342624664307
	1.0706863403320312
	1.070628046989441
	1.0705790519714355
	1.0705281496047974
	1.0704764127731323
	1.0704247951507568
	1.0703802108764648
	1.0703288316726685
	1.0702767372131348
	1.0702255964279175
	1.070176362991333
	1.0701314210891724
	1.0700798034667969
	1.070028305053711
	1.069972276687622
	1.069919228553772
	1.0698788166046143
	1.0698224306106567
	1.0697752237319946
	1.0697298049926758
	1.069682240486145
	1.0696245431900024
	1.0695858001708984
	1.0695390701293945
	1.0694911479949951
	1.0694481134414673
	1.0693943500518799
	1.069347858428955
	1.0693068504333496
	1.0692614316940308
	1.0692176818847656
	1.069166660308838
	1.0691215991973877
	1.0690720081329346
	1.069018840789795
	1.0689719915390015
	1.0689328908920288
	1.0688868761062622
	1.068831205368042
	1.0687856674194336
	1.0687322616577148
	1.0686854124069214
	1.0686378479003906
	1.068580985069275
	1.0685330629348755
	1.0684841871261597
	1.0684272050857544
	1.06839120388031
	1.0683456659317017
	1.0682928562164307
	1.0682435035705566
	1.0681859254837036
	1.0681356191635132
	1.0680866241455078
	1.0680370330810547
	1.0679868459701538
	1.0679372549057007
	1.0678812265396118
	1.0678375959396362
	1.0677976608276367
	1.067752480506897
	1.0677019357681274
	1.0676519870758057
	1.0676079988479614
	1.067558765411377
	1.067516565322876
	1.0674681663513184
	1.0674219131469727
	1.0673778057098389
	1.0673284530639648
	1.067274570465088
	1.0672324895858765
	1.06718909740448
	1.067146897315979
	1.067096471786499
	1.067049503326416
	1.0670039653778076
	1.0669515132904053
	1.0669101476669312
	1.0668615102767944
	1.0668120384216309
	1.0667632818222046
	1.0667184591293335
	1.0666638612747192
	1.0666182041168213
	1.0665761232376099
	1.0665299892425537
	1.066481351852417
	1.0664325952529907
	1.0663959980010986
	1.066349983215332
	1.066309928894043
	1.0662611722946167
	1.0662139654159546
	1.0661693811416626
	1.0661247968673706
	1.066080093383789
	1.066039800643921
	1.0659923553466797
	1.0659444332122803
	1.065900206565857
	1.0658584833145142
	1.0658197402954102
	1.0657771825790405
	1.065736174583435
	1.065687894821167
	1.0656375885009766
	1.0655944347381592
	1.0655471086502075
	1.065497636795044
	1.0654574632644653
	1.0654096603393555
	1.06536865234375
	1.065321922302246
	1.0652743577957153
	1.065234661102295
	1.0651942491531372
	1.0651570558547974
	1.0651066303253174
	1.0650651454925537
	1.0650238990783691
	1.0649739503860474
	1.0649257898330688
	1.0648865699768066
	1.0648337602615356
	1.0647927522659302
	1.0647468566894531
	1.0647059679031372
	1.0646636486053467
	1.0646084547042847
	1.064559817314148
	1.0645225048065186
	1.0644816160202026
	1.0644354820251465
	1.0644010305404663
	1.0643514394760132
	1.064307451248169
	1.0642642974853516
	1.0642099380493164
	1.0641671419143677
	1.0641218423843384
	1.0640827417373657
	1.0640430450439453
	1.0640034675598145
	1.0639610290527344
	1.0639220476150513
	1.0638798475265503
	1.0638378858566284
	1.0637927055358887
	1.0637507438659668
	1.0637097358703613
	1.063664436340332
	1.0636122226715088
	1.0635707378387451
	1.0635279417037964
	1.063491702079773
	1.0634444952011108
	1.0633959770202637
	1.0633533000946045
	1.0633074045181274
	1.0632610321044922
	1.063219666481018
	1.0631803274154663
	1.063143014907837
	1.0630968809127808
	1.0630584955215454
	1.0630171298980713
	1.0629818439483643
	1.0629476308822632
	1.0629011392593384
	1.0628539323806763
	1.0628067255020142
	1.0627620220184326
	1.0627163648605347
	1.0626766681671143
	1.0626330375671387
	1.0625848770141602
	1.0625413656234741
	1.0624947547912598
	1.0624510049819946
	1.0624058246612549
	1.0623658895492554
	1.0623267889022827
	1.0622812509536743
	1.062238335609436
	1.0621939897537231
	1.0621557235717773
	1.0621047019958496
	1.062066912651062
	1.062025785446167
	1.061977744102478
	1.0619372129440308
	1.0618971586227417
	1.0618573427200317
	1.0618137121200562
	1.0617684125900269
	1.0617270469665527
	1.061689853668213
	1.061655044555664
	1.0616153478622437
	1.0615743398666382
	1.06153404712677
	1.0614873170852661
	1.061444878578186
	1.0613993406295776
	1.0613526105880737
	1.0613139867782593
	1.0612750053405762
	1.061234951019287
	1.061190128326416
	1.061153769493103
	1.0611112117767334
	1.0610740184783936
	1.0610331296920776
	1.0609886646270752
	1.0609495639801025
	1.0609161853790283
	1.0608738660812378
	1.0608346462249756
	1.060795783996582
	1.0607588291168213
	1.060707926750183
	1.060670018196106
	1.0606318712234497
	1.0605945587158203
	1.0605536699295044
	1.0605086088180542
	1.0604602098464966
	1.0604244470596313
	1.0603816509246826
	1.0603448152542114
	1.060309886932373
	1.0602744817733765
	1.0602288246154785
	1.0601928234100342
	1.0601571798324585
	1.0601142644882202
	1.0600746870040894
	1.0600374937057495
	1.0599960088729858
	1.0599498748779297
	1.0599045753479004
	1.0598543882369995
	1.059821367263794
	1.0597805976867676
	1.0597422122955322
	1.0597058534622192
	1.0596634149551392
	1.059622049331665
	1.0595786571502686
	1.0595486164093018
	1.0595084428787231
	1.0594699382781982
	1.0594333410263062
	1.0593993663787842
	1.0593613386154175
	1.0593230724334717
	1.059277892112732
	1.0592339038848877
	1.0591925382614136
	1.0591548681259155
	1.0591174364089966
	1.059083104133606
	1.0590379238128662
	1.0590013265609741
	1.0589666366577148
	1.05893075466156
	1.0588949918746948
	1.0588610172271729
	1.0588185787200928
	1.058775782585144
	1.0587385892868042
	1.0586998462677002
	1.0586673021316528
	1.0586268901824951
	1.0585891008377075
	1.0585529804229736
	1.0585124492645264
	1.0584743022918701
	1.058435082435608
	1.058403491973877
	1.0583677291870117
	1.0583240985870361
	1.0582749843597412
	1.058232069015503
	1.0582001209259033
	1.0581638813018799
	1.0581296682357788
	1.0580939054489136
	1.0580577850341797
	1.0580244064331055
	1.0579782724380493
	1.0579378604888916
	1.0578943490982056
	1.057854413986206
	1.057811975479126
	1.057774305343628
	1.0577377080917358
	1.0577030181884766
	1.0576621294021606
	1.057618260383606
	1.0575815439224243
	1.0575461387634277
	1.0575149059295654
	1.0574817657470703
	1.0574406385421753
	1.0574073791503906
	1.0573744773864746
	1.0573369264602661
	1.0573012828826904
	1.057265281677246
	1.0572235584259033
	1.0571801662445068
	1.05714750289917
	1.0571192502975464
	1.0570755004882812
	1.0570327043533325
	1.0569989681243896
	1.056961178779602
	1.0569216012954712
	1.0568894147872925
	1.0568475723266602
	1.0568093061447144
	1.0567737817764282
	1.0567361116409302
	1.056707501411438
	1.0566701889038086
	1.0566372871398926
	1.0565961599349976
	1.0565667152404785
	1.0565290451049805
	1.056491732597351
	1.0564478635787964
	1.0564132928848267
	1.0563783645629883
	1.0563385486602783
	1.0563006401062012
	1.0562702417373657
	1.0562307834625244
	1.0561952590942383
	1.0561537742614746
	1.0561199188232422
	1.0560905933380127
	1.0560517311096191
	1.0560195446014404
	1.055977463722229
	1.0559486150741577
	1.0559135675430298
	1.0558842420578003
	1.055846929550171
	1.0558093786239624
	1.0557711124420166
	1.0557396411895752
	1.0557039976119995
	1.0556703805923462
	1.0556354522705078
	1.0555932521820068
	1.0555551052093506
	1.0555229187011719
	1.0554834604263306
	1.0554498434066772
	1.055421233177185
	1.055393099784851
	1.055355191230774
	1.0553185939788818
	1.0552830696105957
	1.055246353149414
	1.0552163124084473
	1.0551713705062866
	1.0551316738128662
	1.0550987720489502
	1.0550522804260254
	1.0550119876861572
	1.0549771785736084
	1.0549460649490356
	1.054906964302063
	1.0548702478408813
	1.0548396110534668
	1.0548051595687866
	1.0547736883163452
	1.0547326803207397
	1.054692268371582
	1.0546534061431885
	1.0546152591705322
	1.0545806884765625
	1.0545474290847778
	1.0545138120651245
	1.0544754266738892
	1.054441213607788
	1.054408073425293
	1.0543782711029053
	1.0543406009674072
	1.0543112754821777
	1.054269790649414
	1.054237961769104
	1.054203748703003
	1.0541648864746094
	1.0541276931762695
	1.0540945529937744
	1.0540564060211182
	1.054026484489441
	1.0539932250976562
	1.053959846496582
	1.0539151430130005
	1.0538769960403442
	1.0538476705551147
	1.0538119077682495
	1.053773045539856
	1.0537371635437012
	1.0537042617797852
	1.0536754131317139
	1.0536375045776367
	1.053604006767273
	1.0535697937011719
	1.053545355796814
	1.053510069847107
	1.0534751415252686
	1.0534420013427734
	1.0534114837646484
	1.0533770322799683
	1.0533419847488403
	1.053313970565796
	1.0532724857330322
	1.0532346963882446
	1.0531984567642212
	1.0531666278839111
	1.0531282424926758
	1.0530954599380493
	1.0530589818954468
	1.053019642829895
	1.0529825687408447
	1.0529475212097168
	1.052917718887329
	1.05288565158844
	1.0528504848480225
	1.0528115034103394
	1.052788496017456
	1.052753210067749
	1.0527204275131226
	1.0526851415634155
	1.052651286125183
	1.0526193380355835
	1.052592396736145
	1.0525603294372559
	1.0525310039520264
	1.052501916885376
	1.0524715185165405
	1.052441954612732
	1.052414894104004
	1.052385926246643
	1.052349328994751
	1.0523159503936768
]