[
	1.2266756296157837
	1.2264275550842285
	1.22617769241333
	1.225931167602539
	1.2256762981414795
	1.2254197597503662
	1.2251659631729126
	1.2249162197113037
	1.2246747016906738
	1.2244280576705933
	1.2242019176483154
	1.223966360092163
	1.2237184047698975
	1.2234822511672974
	1.2232447862625122
	1.222999930381775
	1.2227686643600464
	1.2225096225738525
	1.2222819328308105
	1.2220289707183838
	1.2217885255813599
	1.2215312719345093
	1.2212995290756226
	1.2210745811462402
	1.2208369970321655
	1.2206132411956787
	1.220372200012207
	1.2201411724090576
	1.219895839691162
	1.219667911529541
	1.2194461822509766
	1.219220757484436
	1.2189985513687134
	1.218774676322937
	1.2185364961624146
	1.2183160781860352
	1.2180763483047485
	1.217847228050232
	1.2176334857940674
	1.217422366142273
	1.2172077894210815
	1.216997504234314
	1.2167795896530151
	1.216566562652588
	1.2163608074188232
	1.2161445617675781
	1.215928316116333
	1.2157224416732788
	1.2155002355575562
	1.2152931690216064
	1.215078592300415
	1.2148710489273071
	1.2146563529968262
	1.2144501209259033
	1.2142409086227417
	1.2140276432037354
	1.213789939880371
	1.2135651111602783
	1.213360071182251
	1.213151454925537
	1.2129459381103516
	1.2127439975738525
	1.2125120162963867
	1.2123149633407593
	1.212119221687317
	1.2119112014770508
	1.211700677871704
	1.2115023136138916
	1.2112832069396973
	1.2110874652862549
	1.210893154144287
	1.2106993198394775
	1.2104755640029907
	1.2102824449539185
	1.2100797891616821
	1.2098830938339233
	1.2096600532531738
	1.2094638347625732
	1.2092671394348145
	1.209059238433838
	1.2088543176651
	1.208664059638977
	1.208451747894287
	1.2082536220550537
	1.2080638408660889
	1.207869291305542
	1.207686185836792
	1.207495093345642
	1.2073005437850952
	1.2071210145950317
	1.2069356441497803
	1.2067575454711914
	1.2065770626068115
	1.2063874006271362
	1.2061736583709717
	1.2059937715530396
	1.2058063745498657
	1.2056200504302979
	1.2054429054260254
	1.2052562236785889
	1.205076813697815
	1.2048927545547485
	1.204709529876709
	1.2045106887817383
	1.2043260335922241
	1.2041404247283936
	1.2039486169815063
	1.2037687301635742
	1.2035868167877197
	1.2034097909927368
	1.203228235244751
	1.2030354738235474
	1.2028536796569824
	1.20267915725708
	1.202500581741333
	1.2023255825042725
	1.2021503448486328
	1.2019699811935425
	1.2017978429794312
	1.2016273736953735
	1.2014490365982056
	1.2012698650360107
	1.2010918855667114
	1.200908899307251
	1.2007311582565308
	1.2005568742752075
	1.2003870010375977
	1.200212001800537
	1.2000384330749512
	1.199876070022583
	1.1997113227844238
	1.1995457410812378
	1.1993801593780518
	1.1992067098617554
	1.199032187461853
	1.1988612413406372
	1.1986970901489258
	1.1985350847244263
	1.1983611583709717
	1.1981940269470215
	1.1980221271514893
	1.1978590488433838
	1.1977041959762573
	1.197537899017334
	1.197374701499939
	1.197209119796753
	1.1970508098602295
	1.1968841552734375
	1.1967263221740723
	1.1965761184692383
	1.1964150667190552
	1.1962565183639526
	1.1961060762405396
	1.1959376335144043
	1.195784091949463
	1.195627212524414
	1.1954671144485474
	1.1953083276748657
	1.195132851600647
	1.1949578523635864
	1.1947987079620361
	1.1946371793746948
	1.1944823265075684
	1.1943153142929077
	1.1941618919372559
	1.1940137147903442
	1.1938486099243164
	1.1936978101730347
	1.1935243606567383
	1.1933783292770386
	1.1932249069213867
	1.1930707693099976
	1.1929124593734741
	1.1927647590637207
	1.192612886428833
	1.1924598217010498
	1.1923167705535889
	1.1921724081039429
	1.1920127868652344
	1.1918493509292603
	1.191692590713501
	1.1915364265441895
	1.1913875341415405
	1.1912317276000977
	1.1910803318023682
	1.1909152269363403
	1.1907645463943481
	1.1906150579452515
	1.1904683113098145
	1.1903172731399536
	1.190150260925293
	1.189997911453247
	1.189840316772461
	1.1896878480911255
	1.1895383596420288
	1.18938410282135
	1.1892331838607788
	1.1890897750854492
	1.188950777053833
	1.1888121366500854
	1.1886698007583618
	1.1885199546813965
	1.1883716583251953
	1.1882174015045166
	1.1880791187286377
	1.1879284381866455
	1.1877946853637695
	1.1876475811004639
	1.1875035762786865
	1.1873542070388794
	1.1872037649154663
	1.187052845954895
	1.186902642250061
	1.1867594718933105
	1.1866185665130615
	1.186478853225708
	1.1863338947296143
	1.186191201210022
	1.1860427856445312
	1.1858991384506226
	1.1857613325119019
	1.1856274604797363
	1.1854803562164307
	1.185347557067871
	1.1852037906646729
	1.1850591897964478
	1.184911847114563
	1.184772253036499
	1.1846376657485962
	1.1844996213912964
	1.1843494176864624
	1.1842089891433716
	1.1840695142745972
	1.1839333772659302
	1.1837999820709229
	1.1836642026901245
	1.1835185289382935
	1.1833903789520264
	1.1832517385482788
	1.1831103563308716
	1.1829673051834106
	1.182828664779663
	1.1826858520507812
	1.1825488805770874
	1.1824193000793457
	1.1822808980941772
	1.182146430015564
	1.182011604309082
	1.1818760633468628
	1.1817338466644287
	1.1816130876541138
	1.181479811668396
	1.1813446283340454
	1.1812065839767456
	1.1810697317123413
	1.1809226274490356
	1.180784821510315
	1.1806508302688599
	1.1805129051208496
	1.1803747415542603
	1.1802464723587036
	1.1801056861877441
	1.1799696683883667
	1.1798166036605835
	1.1796870231628418
	1.1795517206192017
	1.1794098615646362
	1.179264783859253
	1.1791328191757202
	1.1789993047714233
	1.1788666248321533
	1.178725242614746
	1.1786032915115356
	1.178480625152588
	1.1783641576766968
	1.178236722946167
	1.1781078577041626
	1.1779818534851074
	1.1778594255447388
	1.1777287721633911
	1.1775965690612793
	1.1774561405181885
	1.1773332357406616
	1.1771990060806274
	1.1770626306533813
	1.176928997039795
	1.1767992973327637
	1.1766737699508667
	1.176545262336731
	1.176413893699646
	1.1762882471084595
	1.1761696338653564
	1.1760388612747192
	1.175912618637085
	1.175783634185791
	1.175667643547058
	1.1755470037460327
	1.1754318475723267
	1.1753004789352417
	1.175179123878479
	1.1750565767288208
	1.174935221672058
	1.1748135089874268
	1.1746888160705566
	1.174558401107788
	1.174437165260315
	1.1743125915527344
	1.1741894483566284
	1.1740648746490479
	1.17393958568573
	1.173816204071045
	1.1736842393875122
	1.1735635995864868
	1.1734336614608765
	1.1733057498931885
	1.17318594455719
	1.173064112663269
	1.1729358434677124
	1.1728192567825317
	1.1726977825164795
	1.1725761890411377
	1.172447919845581
	1.172314167022705
	1.1721916198730469
	1.1720679998397827
	1.171945333480835
	1.1718193292617798
	1.1716890335083008
	1.171567678451538
	1.1714602708816528
	1.171339511871338
	1.171213984489441
	1.1710989475250244
	1.1709809303283691
	1.170863151550293
	1.1707419157028198
	1.1706241369247437
	1.170506477355957
	1.1703888177871704
	1.1702687740325928
	1.1701523065567017
	1.1700398921966553
	1.1699261665344238
	1.1698147058486938
	1.1696865558624268
	1.1695733070373535
	1.1694515943527222
	1.169337511062622
	1.1692209243774414
	1.1690946817398071
	1.168981671333313
	1.1688621044158936
	1.168737769126892
	1.168621301651001
	1.1684976816177368
	1.168387770652771
	1.1682761907577515
	1.1681545972824097
	1.168039321899414
	1.1679197549819946
	1.1677942276000977
	1.1676788330078125
	1.1675578355789185
	1.1674469709396362
	1.167317509651184
	1.1671944856643677
	1.1670825481414795
	1.1669626235961914
	1.1668493747711182
	1.1667311191558838
	1.16660737991333
	1.1664907932281494
	1.1663721799850464
	1.1662577390670776
	1.1661516427993774
	1.166033148765564
	1.165916085243225
	1.1658047437667847
	1.1656858921051025
	1.1655725240707397
	1.1654607057571411
	1.1653399467468262
	1.1652204990386963
	1.1651123762130737
	1.1650093793869019
	1.1648937463760376
	1.1647816896438599
	1.164671778678894
	1.164561152458191
	1.1644532680511475
	1.1643365621566772
	1.1642106771469116
	1.1640915870666504
	1.1639853715896606
	1.1638766527175903
	1.1637588739395142
	1.1636428833007812
	1.1635347604751587
	1.163404941558838
	1.1632816791534424
	1.1631765365600586
	1.1630661487579346
	1.1629550457000732
	1.1628479957580566
	1.162737250328064
	1.1626251935958862
	1.1625155210494995
	1.1624003648757935
	1.162287950515747
	1.1621818542480469
	1.1620686054229736
	1.1619755029678345
	1.1618642807006836
	1.1617599725723267
	1.1616435050964355
	1.1615325212478638
	1.1614184379577637
	1.1613075733184814
	1.16120183467865
	1.1610952615737915
	1.1609786748886108
	1.1608772277832031
	1.1607677936553955
	1.1606532335281372
	1.1605424880981445
	1.160429835319519
	1.160322904586792
	1.1602141857147217
	1.1601110696792603
	1.1600040197372437
	1.159894347190857
	1.1597903966903687
	1.15968656539917
	1.1595878601074219
	1.1594884395599365
	1.159374713897705
	1.1592732667922974
	1.1591675281524658
	1.1590697765350342
	1.1589688062667847
	1.1588547229766846
	1.1587529182434082
	1.1586453914642334
	1.1585355997085571
	1.158421516418457
	1.1583161354064941
	1.1582125425338745
	1.158106803894043
	1.1579986810684204
	1.1578874588012695
	1.1577789783477783
	1.1576690673828125
	1.1575684547424316
	1.1574642658233643
	1.1573623418807983
	1.1572599411010742
	1.157152771949768
	1.157047986984253
	1.1569377183914185
	1.1568291187286377
	1.156731367111206
	1.1566287279129028
	1.1565282344818115
	1.1564300060272217
	1.156333565711975
	1.156240463256836
	1.1561309099197388
	1.1560249328613281
	1.1559206247329712
	1.155820608139038
	1.1557164192199707
	1.1556193828582764
	1.155523657798767
	1.155424952507019
	1.1553303003311157
	1.1552318334579468
	1.1551328897476196
	1.155037522315979
	1.1549322605133057
	1.1548240184783936
	1.1547268629074097
	1.1546200513839722
	1.1545108556747437
	1.154402256011963
	1.1543115377426147
	1.1542131900787354
	1.1541138887405396
	1.1540178060531616
	1.1539236307144165
	1.1538255214691162
	1.153731346130371
	1.1536319255828857
	1.1535401344299316
	1.153430700302124
	1.1533335447311401
	1.1532297134399414
	1.1531323194503784
	1.153043508529663
	1.152943730354309
	1.1528500318527222
	1.1527562141418457
	1.1526600122451782
	1.1525641679763794
	1.1524673700332642
	1.1523715257644653
	1.15227472782135
	1.152171015739441
	1.1520731449127197
	1.1519720554351807
	1.15188467502594
	1.1517895460128784
	1.1516889333724976
	1.1515936851501465
	1.151497483253479
	1.1514025926589966
	1.1513077020645142
	1.1512123346328735
	1.151118278503418
	1.1510181427001953
	1.1509195566177368
	1.1508231163024902
	1.1507245302200317
	1.1506273746490479
	1.1505126953125
	1.1503994464874268
	1.1503089666366577
	1.1502127647399902
	1.1501153707504272
	1.150018334388733
	1.1499260663986206
	1.1498304605484009
	1.1497323513031006
	1.149632453918457
	1.1495407819747925
	1.1494429111480713
	1.1493514776229858
	1.149263620376587
	1.149156928062439
	1.1490617990493774
	1.1489665508270264
	1.1488709449768066
	1.1487754583358765
	1.148681640625
	1.1485750675201416
	1.148471713066101
	1.1483752727508545
	1.1482843160629272
	1.148194432258606
	1.148101568222046
	1.1480133533477783
	1.1479153633117676
	1.1478214263916016
	1.1477266550064087
	1.1476383209228516
	1.1475448608398438
	1.1474539041519165
	1.1473572254180908
	1.147258996963501
	1.1471648216247559
	1.1470733880996704
	1.1469730138778687
	1.146885871887207
	1.146806001663208
	1.1467108726501465
	1.1466184854507446
	1.1465202569961548
	1.1464289426803589
	1.1463305950164795
	1.1462347507476807
	1.146140694618225
	1.1460540294647217
	1.1459577083587646
	1.1458721160888672
	1.1457877159118652
	1.1456904411315918
	1.1455938816070557
	1.1455135345458984
	1.1454178094863892
	1.145339012145996
	1.145229458808899
	1.1451300382614136
	1.1450365781784058
	1.1449501514434814
	1.144862413406372
	1.1447768211364746
	1.144686222076416
	1.1445921659469604
	1.1445050239562988
	1.1444134712219238
	1.1443226337432861
	1.1442370414733887
	1.1441515684127808
	1.1440722942352295
	1.1439783573150635
	1.1438827514648438
	1.1437801122665405
	1.1436916589736938
	1.143601894378662
	1.1435167789459229
	1.1434211730957031
	1.1433360576629639
	1.1432483196258545
	1.1431652307510376
	1.1430668830871582
	1.1429804563522339
	1.1428837776184082
	1.142783522605896
	1.1426942348480225
	1.1426050662994385
	1.1425178050994873
	1.142430305480957
	1.1423448324203491
	1.1422582864761353
	1.1421730518341064
	1.1420857906341553
	1.1420040130615234
	1.1419224739074707
	1.1418417692184448
	1.141760230064392
	1.141677975654602
	1.1415847539901733
	1.141495943069458
	1.141409158706665
	1.1413294076919556
	1.1412396430969238
	1.1411606073379517
	1.1410785913467407
	1.1409966945648193
	1.1409152746200562
	1.1408271789550781
	1.1407363414764404
	1.1406571865081787
	1.1405755281448364
	1.1405003070831299
	1.1404216289520264
	1.1403379440307617
	1.1402558088302612
	1.1401770114898682
	1.1400961875915527
	1.1400179862976074
	1.1399410963058472
	1.1398640871047974
	1.1397875547409058
	1.1397068500518799
	1.1396262645721436
	1.1395480632781982
	1.1394587755203247
	1.1393827199935913
	1.1392931938171387
	1.1392128467559814
	1.1391289234161377
	1.139046549797058
	1.1389623880386353
	1.138877034187317
	1.138795256614685
	1.1387207508087158
	1.13863205909729
	1.138564109802246
	1.1384804248809814
	1.138403058052063
	1.1383190155029297
	1.1382427215576172
	1.1381618976593018
	1.138081669807434
	1.1379928588867188
	1.1379146575927734
	1.1378347873687744
	1.1377609968185425
	1.1376752853393555
	1.1375839710235596
	1.1375136375427246
	1.137442708015442
	1.137368083000183
	1.137285590171814
	1.1372028589248657
	1.137123942375183
	1.13704252243042
	1.136969804763794
	1.1368920803070068
	1.1368104219436646
	1.1367316246032715
	1.136652946472168
	1.1365803480148315
	1.1364965438842773
	1.1364163160324097
	1.136337399482727
	1.1362632513046265
	1.1361874341964722
	1.1361135244369507
	1.1360344886779785
	1.1359593868255615
	1.1358808279037476
	1.135804533958435
	1.1357237100601196
	1.1356455087661743
	1.1355681419372559
	1.1354827880859375
	1.1354068517684937
	1.1353256702423096
	1.135251760482788
	1.1351758241653442
	1.1350972652435303
	1.1350197792053223
	1.1349424123764038
	1.1348637342453003
	1.134787917137146
	1.1347137689590454
	1.1346365213394165
	1.1345751285552979
	1.1345024108886719
	1.1344282627105713
	1.1343648433685303
	1.1342921257019043
	1.1342235803604126
	1.1341534852981567
	1.1340796947479248
	1.1340092420578003
	1.1339268684387207
	1.13385808467865
	1.1337698698043823
	1.1336860656738281
	1.133610725402832
	1.133540391921997
	1.1334595680236816
	1.1333916187286377
	1.133310079574585
	1.1332353353500366
	1.1331650018692017
	1.133086919784546
	1.1330088376998901
	1.1329271793365479
	1.13284170627594
	1.1327663660049438
	1.1327009201049805
	1.1326220035552979
	1.1325489282608032
	1.1324793100357056
	1.1324119567871094
	1.1323446035385132
	1.1322675943374634
	1.1321896314620972
	1.1321206092834473
	1.1320455074310303
	1.1319793462753296
	1.1319042444229126
	1.1318341493606567
	1.1317691802978516
	1.1316938400268555
	1.1316200494766235
	1.1315484046936035
	1.1314783096313477
	1.131403923034668
	1.1313284635543823
	1.131261944770813
	1.1311852931976318
	1.1311094760894775
	1.1310356855392456
	1.1309659481048584
	1.1308947801589966
	1.1308256387710571
	1.130753517150879
	1.1306874752044678
	1.1306194067001343
	1.1305538415908813
	1.1304807662963867
	1.130414605140686
	1.1303439140319824
	1.1302733421325684
	1.1302011013031006
	1.1301379203796387
	1.1300665140151978
	1.1299962997436523
	1.1299309730529785
	1.129859447479248
	1.1297906637191772
	1.129725456237793
	1.1296579837799072
	1.1295809745788574
	1.1295171976089478
	1.1294491291046143
	1.1293829679489136
	1.1293145418167114
	1.12925124168396
	1.1291838884353638
	1.129105567932129
	1.1290441751480103
	1.128976583480835
	1.128907322883606
	1.1288431882858276
	1.1287777423858643
	1.128714680671692
	1.1286484003067017
	1.1285909414291382
	1.128522515296936
	1.1284552812576294
	1.1283987760543823
	1.128333330154419
	1.1282669305801392
	1.1282027959823608
	1.1281321048736572
	1.1280721426010132
	1.1280031204223633
	1.1279314756393433
	1.127860426902771
	1.127797245979309
	1.1277343034744263
	1.127661943435669
	1.1275919675827026
	1.127523422241211
	1.1274563074111938
	1.1273877620697021
	1.1273211240768433
	1.1272608041763306
	1.127195119857788
	1.1271297931671143
	1.1270655393600464
	1.1269969940185547
	1.1269277334213257
	1.1268596649169922
	1.1268011331558228
	1.1267403364181519
	1.1266711950302124
	1.126603126525879
	1.1265400648117065
	1.1264671087265015
	1.1264026165008545
	1.1263331174850464
	1.1262695789337158
	1.1262145042419434
	1.126145601272583
	1.126084804534912
	1.126025676727295
	1.1259679794311523
	1.1259032487869263
	1.1258388757705688
	1.1257765293121338
	1.1257108449935913
	1.1256515979766846
	1.1255868673324585
	1.1255178451538086
	1.125459909439087
	1.1254053115844727
	1.125346064567566
	1.1252877712249756
	1.1252284049987793
	1.1251764297485352
	1.1251165866851807
	1.1250536441802979
	1.1249974966049194
	1.1249372959136963
	1.1248724460601807
	1.1248118877410889
	1.1247385740280151
	1.1246683597564697
	1.124605417251587
	1.1245532035827637
	1.1244856119155884
	1.1244255304336548
	1.1243664026260376
	1.1242972612380981
	1.124231219291687
	1.1241661310195923
	1.124102234840393
	1.1240413188934326
	1.1239885091781616
	1.1239264011383057
	1.1238627433776855
	1.123809814453125
	1.1237387657165527
	1.1236802339553833
	1.1236261129379272
	1.123565435409546
	1.1235042810440063
	1.123442530632019
	1.1233890056610107
	1.123334288597107
	1.123274326324463
	1.1232125759124756
	1.123149037361145
	1.123094081878662
	1.1230429410934448
	1.1229734420776367
	1.1229130029678345
	1.122854471206665
	1.1227877140045166
	1.122728705406189
	1.1226673126220703
	1.1226121187210083
	1.12254798412323
	1.122488260269165
	1.122433066368103
	1.1223738193511963
	1.1223154067993164
	1.122251272201538
	1.1221864223480225
	1.122127890586853
	1.1220682859420776
	1.1220176219940186
	1.1219590902328491
	1.1219046115875244
	1.1218472719192505
	1.121796727180481
	1.1217352151870728
	1.121662974357605
	1.1216058731079102
	1.1215442419052124
	1.1214884519577026
	1.1214340925216675
	1.1213775873184204
	1.1213138103485107
	1.1212507486343384
	1.121188759803772
	1.121137022972107
	1.1210750341415405
	1.121020793914795
	1.120964765548706
	1.120906114578247
	1.1208484172821045
	1.1207886934280396
	1.120732069015503
	1.1206783056259155
	1.120624303817749
	1.1205675601959229
	1.1205096244812012
	1.1204614639282227
	1.1204113960266113
	1.120352864265442
	1.1202925443649292
	1.1202398538589478
	1.120179295539856
	1.1201218366622925
	1.120064616203308
	1.1200188398361206
	1.1199628114700317
	1.119903564453125
	1.119854211807251
	1.1198028326034546
	1.1197534799575806
	1.1197043657302856
	1.11964750289917
	1.1195844411849976
	1.1195356845855713
	1.1194919347763062
	1.119428277015686
	1.1193795204162598
	1.1193236112594604
	1.1192655563354492
	1.119215965270996
	1.1191625595092773
	1.1191058158874512
	1.1190458536148071
	1.1189959049224854
	1.1189416646957397
	1.1188907623291016
	1.1188355684280396
	1.1187806129455566
	1.1187306642532349
	1.118673324584961
	1.1186208724975586
	1.1185599565505981
	1.1184998750686646
	1.1184537410736084
	1.1184029579162598
	1.1183542013168335
	1.1182968616485596
	1.11824369430542
	1.118188738822937
	1.1181386709213257
	1.1180899143218994
	1.1180419921875
	1.1179869174957275
	1.1179395914077759
	1.1178876161575317
	1.1178323030471802
	1.1177902221679688
	1.1177380084991455
	1.1176925897598267
	1.117644190788269
	1.1175910234451294
	1.117542028427124
	1.1174887418746948
	1.1174378395080566
	1.1173789501190186
	1.1173264980316162
	1.1172765493392944
	1.1172215938568115
	1.1171702146530151
	1.1171246767044067
	1.1170730590820312
	1.117023229598999
	1.1169681549072266
	1.1169193983078003
	1.1168673038482666
	1.116819977760315
	1.1167701482772827
	1.116719126701355
	1.1166701316833496
	1.1166205406188965
	1.1165682077407837
	1.1165211200714111
	1.1164758205413818
	1.1164236068725586
	1.1163617372512817
	1.1163065433502197
	1.1162493228912354
	1.116195559501648
	1.116140365600586
	1.116085171699524
	1.1160396337509155
	1.115994930267334
	1.1159429550170898
	1.1158928871154785
	1.1158483028411865
	1.115802526473999
	1.1157543659210205
	1.1156996488571167
	1.1156502962112427
	1.1155978441238403
	1.1155462265014648
	1.1154900789260864
	1.1154392957687378
	1.115386724472046
	1.1153390407562256
	1.1152878999710083
	1.1152327060699463
	1.115186095237732
	1.1151373386383057
	1.1150922775268555
	1.1150392293930054
	1.1149877309799194
	1.1149368286132812
	1.1148836612701416
	1.1148265600204468
	1.1147725582122803
	1.1147223711013794
	1.1146767139434814
	1.1146316528320312
	1.1145823001861572
	1.1145362854003906
	1.1144938468933105
	1.1144421100616455
	1.1143873929977417
	1.1143357753753662
	1.1142868995666504
	1.1142419576644897
	1.114192247390747
	1.1141377687454224
	1.1140902042388916
	1.1140347719192505
	1.1139814853668213
	1.1139384508132935
	1.1138954162597656
	1.113851547241211
	1.1138032674789429
	1.113748550415039
	1.113702416419983
	1.1136571168899536
	1.1136020421981812
	1.113552451133728
	1.113505482673645
	1.1134557723999023
	1.113406777381897
	1.1133533716201782
	1.1133060455322266
	1.1132631301879883
	1.1132084131240845
	1.1131649017333984
	1.1131196022033691
	1.11306631565094
	1.1130225658416748
	1.1129714250564575
	1.1129149198532104
	1.1128686666488647
	1.1128249168395996
	1.112782597541809
	1.1127383708953857
	1.112685203552246
	1.1126413345336914
	1.112597942352295
	1.1125541925430298
	1.112505555152893
	1.1124674081802368
	1.1124187707901
	1.1123731136322021
	1.1123270988464355
	1.112282633781433
	1.1122342348098755
	1.112192153930664
	1.11214280128479
	1.1120965480804443
	1.112047791481018
	1.112002968788147
	1.1119552850723267
	1.1119064092636108
	1.1118613481521606
	1.1118162870407104
	1.1117717027664185
	1.1117281913757324
	1.111680507659912
	1.1116344928741455
	1.1115901470184326
	1.1115350723266602
	1.1114904880523682
	1.1114500761032104
	1.1114027500152588
	1.1113637685775757
	1.111321210861206
	1.1112722158432007
	1.1112229824066162
	1.1111739873886108
	1.1111234426498413
	1.1110841035842896
	1.1110339164733887
	1.1110029220581055
	1.1109590530395508
	1.1109117269515991
	1.1108732223510742
	1.1108314990997314
	1.1107922792434692
	1.1107436418533325
	1.1107021570205688
	1.110655426979065
	1.110610842704773
	1.1105750799179077
	1.110516905784607
	1.1104732751846313
	1.1104305982589722
	1.11038339138031
	1.1103311777114868
	1.1102818250656128
	1.1102453470230103
	1.110202670097351
	1.1101640462875366
	1.110116720199585
	1.11006760597229
	1.1100249290466309
	1.1099836826324463
	1.1099351644515991
	1.109891653060913
	1.1098471879959106
	1.1098028421401978
	1.109763264656067
	1.1097162961959839
	1.1096796989440918
	1.109635829925537
	1.1095927953720093
	1.1095497608184814
	1.1095080375671387
	1.1094611883163452
	1.1094262599945068
	1.109383463859558
	1.1093339920043945
	1.1092873811721802
	1.109249472618103
	1.1092015504837036
	1.109167218208313
	1.1091290712356567
	1.1090874671936035
	1.1090450286865234
	1.1090079545974731
	1.1089627742767334
	1.1089305877685547
	1.108884572982788
	1.1088427305221558
	1.1088041067123413
	1.1087604761123657
	1.1087207794189453
	1.108676791191101
	1.1086353063583374
	1.108593225479126
	1.1085500717163086
	1.1085028648376465
	1.1084569692611694
	1.1084187030792236
	1.1083762645721436
	1.108339548110962
	1.1082944869995117
	1.1082510948181152
	1.1082125902175903
	1.1081702709197998
	1.1081198453903198
	1.1080856323242188
	1.1080498695373535
	1.1080081462860107
	1.1079683303833008
	1.1079245805740356
	1.107884407043457
	1.1078462600708008
	1.107813835144043
	1.1077814102172852
	1.1077394485473633
	1.1076948642730713
	1.1076580286026
	1.107614278793335
	1.1075763702392578
	1.1075366735458374
	1.1074934005737305
	1.1074504852294922
	1.107413649559021
	1.1073788404464722
	1.1073427200317383
	1.1073025465011597
	1.1072639226913452
	1.1072250604629517
	1.1071863174438477
	1.1071431636810303
	1.1071040630340576
	1.1070648431777954
	1.1070243120193481
	1.1069823503494263
	1.1069436073303223
	1.106911063194275
	1.1068668365478516
	1.1068291664123535
	1.1067875623703003
	1.1067456007003784
	1.106704592704773
	1.1066523790359497
	1.1066123247146606
	1.106576681137085
	1.1065412759780884
	1.1065033674240112
	1.1064651012420654
	1.1064188480377197
	1.106382966041565
	1.1063529253005981
	1.106313705444336
	1.1062792539596558
	1.106245994567871
	1.1062132120132446
	1.1061750650405884
	1.1061428785324097
	1.1061023473739624
	1.1060711145401
	1.1060304641723633
	1.1059901714324951
	1.1059561967849731
	1.105920433998108
	1.1058789491653442
	1.1058381795883179
	1.1058015823364258
	1.1057579517364502
	1.105716347694397
	1.1056817770004272
	1.10565185546875
	1.1056126356124878
	1.105581283569336
	1.1055397987365723
	1.10550057888031
	1.1054739952087402
	1.1054375171661377
	1.105402946472168
	1.105369210243225
	1.105326771736145
	1.1052864789962769
	1.1052534580230713
	1.1052170991897583
	1.1051816940307617
	1.1051466464996338
	1.1051204204559326
	1.1050788164138794
	1.1050406694412231
	1.1050059795379639
	1.104970932006836
	1.10493803024292
	1.104892373085022
	1.104859471321106
	1.1048259735107422
	1.1047855615615845
	1.104749083518982
	1.1047149896621704
	1.104684829711914
	1.104648470878601
	1.104612946510315
	1.1045749187469482
	1.1045361757278442
	1.1045007705688477
	1.1044602394104004
	1.104427456855774
	1.1044015884399414
	1.1043615341186523
	1.104326844215393
	1.10429048538208
	1.1042628288269043
	1.1042184829711914
	1.104182243347168
	1.1041476726531982
	1.1041127443313599
	1.1040767431259155
	1.1040412187576294
	1.1040115356445312
	1.1039669513702393
	1.103926181793213
	1.1038860082626343
	1.103852391242981
	1.1038063764572144
	1.1037688255310059
	1.1037347316741943
	1.1036957502365112
	1.103655219078064
	1.1036230325698853
	1.1035865545272827
	1.1035513877868652
	1.1035133600234985
	1.1034793853759766
	1.1034481525421143
	1.1034106016159058
	1.1033762693405151
	1.103339433670044
	1.1033021211624146
	1.1032564640045166
	1.103214144706726
	1.1031742095947266
	1.1031427383422852
	1.1031111478805542
	1.1030793190002441
	1.103041648864746
	1.1030070781707764
	1.1029750108718872
	1.1029428243637085
	1.1029129028320312
	1.1028810739517212
	1.1028496026992798
	1.1028122901916504
	1.1027791500091553
	1.1027449369430542
	1.1027146577835083
	1.1026825904846191
	1.102654218673706
	1.1026126146316528
	1.102579116821289
	1.1025454998016357
	1.1025065183639526
	1.1024773120880127
	1.1024434566497803
	1.1024112701416016
	1.102380394935608
	1.1023460626602173
	1.102315068244934
	1.1022858619689941
	1.1022553443908691
	1.1022214889526367
	1.1021896600723267
	1.1021450757980347
	1.1021085977554321
	1.1020803451538086
	1.1020458936691284
	1.1020089387893677
	1.10197913646698
	1.1019487380981445
	1.101906418800354
	1.1018691062927246
	1.1018375158309937
	1.1018019914627075
	1.101767659187317
	1.1017425060272217
	1.1017104387283325
	1.101671814918518
	1.10164213180542
	1.1016101837158203
	1.101568579673767
	1.1015368700027466
	1.101499319076538
	1.1014633178710938
	1.1014336347579956
	1.1013996601104736
	1.1013717651367188
	1.1013448238372803
	1.101303219795227
	1.1012732982635498
	1.101238489151001
	1.1012039184570312
	1.101172924041748
	1.1011449098587036
	1.1011004447937012
	1.101069450378418
	1.1010396480560303
	1.10100519657135
	1.1009689569473267
	1.1009386777877808
	1.100904941558838
	1.1008669137954712
	1.1008285284042358
	1.1007938385009766
	1.100760579109192
	1.1007264852523804
	1.1006869077682495
	1.1006561517715454
	1.1006170511245728
	1.1005802154541016
	1.1005505323410034
	1.100524663925171
	1.1004916429519653
	1.1004561185836792
	1.1004247665405273
	1.1003971099853516
	1.100366473197937
	1.1003353595733643
	1.1002987623214722
	1.100266933441162
	1.1002331972122192
	1.1002005338668823
	1.1001721620559692
	1.1001355648040771
	1.1001055240631104
	1.1000745296478271
	1.1000481843948364
	1.1000146865844727
	1.099984884262085
	1.099948525428772
	1.0999164581298828
	1.0998798608779907
	1.0998409986495972
	1.0998084545135498
	1.0997741222381592
	1.0997415781021118
	1.0997073650360107
	1.0996780395507812
	1.0996466875076294
	1.0996123552322388
	1.0995780229568481
	1.09954035282135
	1.0995023250579834
	1.0994720458984375
	1.0994422435760498
	1.099406123161316
	1.0993715524673462
	1.0993446111679077
	1.0993096828460693
	1.0992763042449951
	1.0992435216903687
	1.0992053747177124
	1.0991778373718262
	1.0991514921188354
	1.0991219282150269
	1.0990880727767944
	1.0990642309188843
	1.0990322828292847
	1.0989997386932373
	1.098968267440796
	1.0989362001419067
	1.0988998413085938
	1.0988645553588867
	1.098837971687317
	1.0988080501556396
	1.0987813472747803
	1.0987422466278076
	1.0987160205841064
	1.098684310913086
	1.0986552238464355
	1.098621129989624
	1.0985829830169678
	1.0985519886016846
	1.0985225439071655
	1.0984843969345093
	1.0984501838684082
	1.098415732383728
	1.0983840227127075
	1.098351240158081
	1.0983235836029053
	1.0982939004898071
	1.0982670783996582
	1.0982379913330078
	1.0982035398483276
	1.0981686115264893
	1.098143219947815
	1.0981146097183228
	1.0980831384658813
	1.0980520248413086
	1.098021388053894
	1.0979962348937988
	1.0979688167572021
	1.097935438156128
	1.097910761833191
	1.0978829860687256
	1.0978469848632812
	1.0978165864944458
	1.0977890491485596
	1.097753882408142
	1.0977253913879395
	1.0976955890655518
	1.0976684093475342
	1.0976369380950928
	1.0976015329360962
	1.0975738763809204
	1.0975430011749268
	1.0975182056427002
	1.0974900722503662
	1.0974609851837158
	1.0974395275115967
	1.097410798072815
	1.0973918437957764
	1.0973646640777588
	1.0973315238952637
	1.0973001718521118
	1.0972721576690674
	1.0972410440444946
	1.0972176790237427
	1.0971893072128296
	1.0971592664718628
	1.0971276760101318
	1.0971043109893799
	1.0970748662948608
	1.0970537662506104
	1.0970300436019897
	1.0970103740692139
	1.096980094909668
	1.0969558954238892
	1.0969263315200806
	1.0969007015228271
	1.0968732833862305
	1.0968413352966309
	1.0968190431594849
	1.0967870950698853
	1.0967553853988647
	1.0967210531234741
	1.0966978073120117
	1.096670150756836
	1.09663987159729
	1.0966148376464844
	1.0965819358825684
	1.0965501070022583
	1.096515417098999
	1.0964895486831665
	1.096455454826355
	1.096429705619812
	1.0963969230651855
	1.0963640213012695
	1.0963406562805176
	1.0963114500045776
	1.0962810516357422
	1.0962555408477783
	1.0962251424789429
	1.0961965322494507
	1.0961666107177734
	1.0961464643478394
	1.0961158275604248
	1.0960924625396729
	1.096068024635315
	1.0960432291030884
	1.096014380455017
	1.0959861278533936
	1.0959534645080566
	1.0959275960922241
	1.0958995819091797
	1.095869541168213
	1.0958424806594849
	1.0958129167556763
	1.095786690711975
	1.0957566499710083
	1.095725417137146
	1.0956950187683105
	1.0956705808639526
	1.0956437587738037
	1.0956138372421265
	1.0955809354782104
	1.095552921295166
	1.0955309867858887
	1.0955016613006592
	1.0954772233963013
	1.095451831817627
	1.0954161882400513
	1.0953887701034546
	1.0953664779663086
	1.0953344106674194
	1.0953046083450317
	1.0952779054641724
	1.0952448844909668
	1.095219612121582
	1.095196008682251
	1.0951652526855469
	1.0951316356658936
	1.0951075553894043
	1.095078468322754
	1.0950576066970825
	1.095030665397644
	1.0950003862380981
	1.0949718952178955
	1.0949443578720093
	1.0949218273162842
	1.0948909521102905
	1.094860315322876
	1.0948271751403809
	1.0947983264923096
	1.0947705507278442
	1.0947479009628296
	1.0947279930114746
	1.0946961641311646
	1.0946743488311768
	1.0946440696716309
	1.094618558883667
	1.0945959091186523
	1.0945760011672974
	1.0945417881011963
	1.09451425075531
	1.0944857597351074
	1.0944546461105347
	1.094428300857544
	1.094403624534607
	1.0943794250488281
	1.0943516492843628
	1.0943248271942139
	1.0943008661270142
	1.0942808389663696
	1.0942567586898804
	1.0942338705062866
	1.0942102670669556
	1.0941839218139648
	1.0941623449325562
	1.0941392183303833
	1.0941137075424194
	1.0940883159637451
	1.0940628051757812
	1.0940344333648682
	1.0940033197402954
	1.0939751863479614
	1.0939470529556274
	1.0939199924468994
	1.0938822031021118
	1.093851923942566
	1.0938247442245483
	1.0937964916229248
	1.093770980834961
	1.0937492847442627
	1.093721866607666
	1.0936963558197021
	1.0936720371246338
	1.0936471223831177
	1.0936219692230225
	1.0935951471328735
	1.0935685634613037
	1.093542456626892
	1.093516230583191
	1.093487024307251
	1.0934652090072632
	1.093441367149353
	1.093403935432434
	1.093371868133545
	1.0933442115783691
	1.0933167934417725
	1.0932961702346802
	1.0932706594467163
	1.0932434797286987
	1.093212604522705
	1.093191385269165
	1.0931614637374878
	1.0931400060653687
	1.0931191444396973
	1.0930964946746826
	1.0930737257003784
	1.0930463075637817
	1.0930209159851074
	1.0929938554763794
	1.0929733514785767
	1.092946171760559
	1.0929211378097534
	1.092889666557312
	1.092869520187378
	1.0928406715393066
	1.0928176641464233
	1.0927889347076416
	1.0927611589431763
	1.092734932899475
	1.0927079916000366
	1.0926847457885742
	1.0926578044891357
	1.092639446258545
	1.0926129817962646
	1.0925824642181396
	1.0925592184066772
	1.0925308465957642
	1.0925073623657227
	1.0924828052520752
	1.092460036277771
	1.0924354791641235
	1.0924062728881836
	1.0923820734024048
	1.0923550128936768
	1.0923364162445068
	1.0923080444335938
	1.0922831296920776
	1.0922627449035645
	1.0922417640686035
	1.092214584350586
	1.0921945571899414
	1.092175006866455
	1.092151403427124
	1.0921305418014526
	1.0921117067337036
	1.0920796394348145
	1.092059850692749
	1.0920300483703613
	1.0920079946517944
	1.0919841527938843
	1.0919628143310547
	1.091939091682434
	1.0919135808944702
	1.0918883085250854
	1.0918701887130737
	1.0918432474136353
	1.0918159484863281
	1.0917869806289673
	1.0917658805847168
	1.0917387008666992
	1.0917131900787354
	1.091696858406067
	1.0916708707809448
	1.091646671295166
	1.0916248559951782
	1.0916004180908203
	1.0915794372558594
	1.0915536880493164
	1.0915254354476929
	1.0915076732635498
	1.0914897918701172
	1.0914639234542847
	1.0914342403411865
	1.0914156436920166
	1.0913947820663452
	1.0913736820220947
	1.0913468599319458
	1.091318130493164
	1.0912915468215942
	1.0912712812423706
	1.0912439823150635
	1.0912189483642578
	1.091203212738037
	1.0911765098571777
	1.0911556482315063
	1.0911338329315186
	1.0911061763763428
	1.0910817384719849
	1.0910571813583374
	1.0910342931747437
	1.0910075902938843
	1.090989112854004
	1.0909678936004639
	1.0909488201141357
	1.090924620628357
	1.0909044742584229
	1.090883493423462
	1.090864658355713
	1.0908410549163818
	1.0908211469650269
	1.090795874595642
	1.0907725095748901
	1.0907511711120605
	1.0907331705093384
	1.0907113552093506
	1.0906881093978882
	1.0906614065170288
	1.0906363725662231
	1.0906070470809937
	1.0905840396881104
	1.0905557870864868
	1.0905389785766602
	1.0905191898345947
	1.0904951095581055
	1.090469479560852
	1.0904443264007568
	1.090424656867981
	1.0904052257537842
	1.0903897285461426
	1.0903651714324951
	1.0903433561325073
	1.0903198719024658
	1.0903042554855347
	1.0902825593948364
	1.0902587175369263
	1.0902420282363892
	1.0902199745178223
	1.0901954174041748
	1.0901689529418945
	1.0901473760604858
	1.090122103691101
	1.0901061296463013
	1.090086579322815
	1.0900704860687256
	1.090052604675293
	1.0900328159332275
	1.0900119543075562
	1.0899876356124878
	1.0899702310562134
	1.0899502038955688
	1.0899332761764526
	1.0899182558059692
	1.0899009704589844
	1.0898860692977905
	1.0898648500442505
	1.0898454189300537
	1.0898330211639404
	1.0898122787475586
	1.0897938013076782
	1.0897727012634277
	1.0897576808929443
	1.0897351503372192
	1.0897148847579956
	1.0896904468536377
	1.0896742343902588
	1.0896533727645874
	1.0896328687667847
	1.08961021900177
	1.0895885229110718
	1.089571237564087
	1.089545488357544
	1.0895200967788696
	1.089495301246643
	1.089476466178894
	1.0894547700881958
	1.089431881904602
	1.089406967163086
	1.0893925428390503
	1.0893768072128296
	1.0893608331680298
	1.0893391370773315
	1.0893211364746094
	1.0892980098724365
	1.0892812013626099
	1.0892711877822876
	1.0892521142959595
	1.0892285108566284
	1.0891977548599243
	1.0891749858856201
	1.0891553163528442
	1.0891352891921997
	1.0891152620315552
	1.089093804359436
	1.089068055152893
	1.0890547037124634
	1.0890321731567383
	1.089015245437622
	1.0889934301376343
	1.088971734046936
	1.0889486074447632
	1.0889322757720947
	1.0889108180999756
	1.0888975858688354
	1.0888755321502686
	1.088862657546997
	1.0888431072235107
	1.0888203382492065
	1.0888025760650635
	1.0887864828109741
	1.0887675285339355
	1.0887502431869507
	1.0887341499328613
	1.088712453842163
	1.0886974334716797
	1.0886869430541992
	1.0886688232421875
	1.0886530876159668
	1.0886372327804565
	1.0886186361312866
	1.0886032581329346
	1.0885803699493408
	1.088565468788147
	1.0885461568832397
	1.0885306596755981
	1.0885145664215088
	1.0884878635406494
	1.0884627103805542
	1.0884476900100708
	1.088424801826477
	1.0884127616882324
	1.088394284248352
	1.0883713960647583
	1.0883550643920898
	1.0883305072784424
	1.0883164405822754
	1.0882933139801025
	1.0882806777954102
	1.0882643461227417
	1.0882492065429688
	1.0882292985916138
	1.0882126092910767
	1.0881940126419067
	1.0881788730621338
	1.0881601572036743
	1.0881348848342896
	1.0881198644638062
	1.0881003141403198
	1.0880831480026245
	1.0880688428878784
	1.0880488157272339
	1.088027834892273
	1.088005781173706
	1.0879898071289062
	1.0879719257354736
	1.0879533290863037
	1.0879312753677368
	1.087913155555725
	1.0878915786743164
	1.0878726243972778
	1.0878552198410034
	1.0878350734710693
	1.0878186225891113
	1.0877994298934937
	1.0877844095230103
	1.0877605676651
	1.0877381563186646
	1.0877217054367065
	1.0877087116241455
	1.0876874923706055
	1.0876697301864624
	1.0876541137695312
	1.087632656097412
	1.087620496749878
	1.087593913078308
	1.0875829458236694
	1.0875673294067383
	1.0875468254089355
	1.0875250101089478
	1.0875165462493896
	1.0874890089035034
	1.0874756574630737
	1.0874494314193726
	1.0874347686767578
	1.0874171257019043
	1.087396502494812
	1.0873703956604004
	1.0873547792434692
	1.0873347520828247
	1.0873134136199951
	1.087300419807434
	1.0872817039489746
	1.0872671604156494
	1.0872466564178467
	1.0872284173965454
	1.0872139930725098
	1.087206482887268
	1.0871814489364624
	1.0871659517288208
	1.0871477127075195
	1.087126612663269
	1.087109923362732
	1.0871027708053589
	1.0870890617370605
	1.0870697498321533
	1.0870521068572998
	1.0870321989059448
	1.087012529373169
	1.0870022773742676
	1.086985468864441
	1.086971640586853
	1.0869529247283936
	1.086946725845337
	1.0869288444519043
	1.086916208267212
	1.0868990421295166
	1.0868791341781616
	1.086861491203308
	1.0868475437164307
	1.0868371725082397
	1.0868186950683594
	1.0867969989776611
	1.0867751836776733
	1.0867507457733154
	1.0867303609848022
	1.0867143869400024
	1.0866973400115967
	1.0866800546646118
	1.0866619348526
	1.0866433382034302
	1.0866303443908691
	1.0866079330444336
	1.0865914821624756
	1.0865778923034668
	1.0865639448165894
	1.0865470170974731
	1.0865347385406494
	1.0865150690078735
	1.0864977836608887
	1.0864790678024292
	1.0864691734313965
	1.0864516496658325
	1.0864365100860596
	1.0864275693893433
	1.0864148139953613
	1.0864028930664062
	1.0863922834396362
	1.0863733291625977
	1.0863525867462158
	1.0863343477249146
	1.0863209962844849
	1.0863128900527954
	1.0863031148910522
	1.0862834453582764
	1.0862693786621094
	1.0862481594085693
	1.0862257480621338
	1.0862140655517578
	1.0862053632736206
	1.0862001180648804
	1.0861797332763672
	1.0861607789993286
	1.0861512422561646
	1.0861432552337646
	1.0861248970031738
	1.0861152410507202
	1.0861051082611084
]