[
	0.7496065497398376
	0.7494866251945496
	0.7493687272071838
	0.749243974685669
	0.7491018176078796
	0.7489689588546753
	0.7488411068916321
	0.7487069368362427
	0.7485737800598145
	0.7484445571899414
	0.7483200430870056
	0.7481970191001892
	0.7480738162994385
	0.7479411363601685
	0.7478155493736267
	0.7476872801780701
	0.7475529313087463
	0.7474427223205566
	0.7473246455192566
	0.7472241520881653
	0.7471064925193787
	0.7469857931137085
	0.7468645572662354
	0.7467469573020935
	0.7466306686401367
	0.7465023994445801
	0.7463898062705994
	0.7462781667709351
	0.7461607456207275
	0.7460415959358215
	0.745929479598999
	0.7458140254020691
	0.7457003593444824
	0.7455867528915405
	0.7454694509506226
	0.7453481554985046
	0.7452369332313538
	0.745112419128418
	0.7450026869773865
	0.7448808550834656
	0.7447693943977356
	0.7446580529212952
	0.7445566058158875
	0.7444364428520203
	0.7443315982818604
	0.7442222237586975
	0.7441218495368958
	0.7440112829208374
	0.7438995838165283
	0.7437878847122192
	0.7436751127243042
	0.7435624599456787
	0.7434417009353638
	0.7433221936225891
	0.7432201504707336
	0.7431121468544006
	0.7430171966552734
	0.742896318435669
	0.7427858710289001
	0.742668867111206
	0.7425673007965088
	0.7424578070640564
	0.7423675656318665
	0.7422513365745544
	0.7421546578407288
	0.7420409917831421
	0.7419493794441223
	0.7418649792671204
	0.7417676448822021
	0.74164879322052
	0.7415469884872437
	0.7414547204971313
	0.741352379322052
	0.7412546873092651
	0.741156816482544
	0.7410579323768616
	0.7409656643867493
	0.7408661246299744
	0.7407652139663696
	0.7406631112098694
	0.7405714392662048
	0.7404817938804626
	0.740376353263855
	0.7402737140655518
	0.7401917576789856
	0.7400961518287659
	0.7399999499320984
	0.7399068474769592
	0.7398147583007812
	0.7397118210792542
	0.7396198511123657
	0.7395164966583252
	0.7394194602966309
	0.7393295764923096
	0.7392407655715942
	0.7391366958618164
	0.7390305995941162
	0.7389419078826904
	0.7388472557067871
	0.7387650609016418
	0.7386763691902161
	0.7385899424552917
	0.7385074496269226
	0.738405704498291
	0.7383214831352234
	0.7382282018661499
	0.7381376624107361
	0.7380516529083252
	0.7379503846168518
	0.7378512620925903
	0.7377691268920898
	0.737690806388855
	0.73760986328125
	0.7375305891036987
	0.7374435663223267
	0.7373673319816589
	0.7372781038284302
	0.737187385559082
	0.737098217010498
	0.7370029091835022
	0.7369163036346436
	0.7368193864822388
	0.7367381453514099
	0.7366530299186707
	0.7365629076957703
	0.7364791035652161
	0.7363930940628052
	0.7363098859786987
	0.7362274527549744
	0.7361516952514648
	0.7360581159591675
	0.7359769940376282
	0.7359009385108948
	0.7358115315437317
	0.735730767250061
	0.7356489300727844
	0.7355687022209167
	0.7354884743690491
	0.7354029417037964
	0.7353115677833557
	0.735217809677124
	0.7351376414299011
	0.7350562810897827
	0.7349715232849121
	0.7348901629447937
	0.7348089218139648
	0.7347256541252136
	0.734644889831543
	0.7345680594444275
	0.7344856262207031
	0.7344093918800354
	0.734324038028717
	0.7342402935028076
	0.7341494560241699
	0.73406982421875
	0.7340023517608643
	0.73392254114151
	0.7338447570800781
	0.7337701916694641
	0.7336969375610352
	0.7336071133613586
	0.7335211038589478
	0.7334258556365967
	0.7333361506462097
	0.733269453048706
	0.7331990003585815
	0.7331167459487915
	0.7330448031425476
	0.7329617142677307
	0.732891321182251
	0.7328209280967712
	0.7327399253845215
	0.7326638102531433
	0.7325901985168457
	0.7325083017349243
	0.7324300408363342
	0.7323585152626038
	0.7322911620140076
	0.7322145104408264
	0.7321458458900452
	0.732068657875061
	0.731996476650238
	0.7319257855415344
	0.7318621277809143
	0.7317884564399719
	0.7317094802856445
	0.7316343784332275
	0.7315642833709717
	0.7314866781234741
	0.7314066290855408
	0.7313283085823059
	0.7312483191490173
	0.7311842441558838
	0.7311100363731384
	0.7310208082199097
	0.7309450507164001
	0.730869472026825
	0.730803906917572
	0.7307408452033997
	0.7306740880012512
	0.7305951118469238
	0.7305344939231873
	0.7304636240005493
	0.7303950190544128
	0.730322003364563
	0.7302474975585938
	0.7301817536354065
	0.7301090955734253
	0.7300369143486023
	0.7299675941467285
	0.7298959493637085
	0.729826033115387
	0.7297595143318176
	0.729679524898529
	0.7296059131622314
	0.7295395731925964
	0.7294651865959167
	0.7294003367424011
	0.7293303608894348
	0.7292646169662476
	0.729191780090332
	0.7291315197944641
	0.7290600538253784
	0.7289882898330688
	0.7289170026779175
	0.7288540601730347
	0.7287914156913757
	0.7287273406982422
	0.7286588549613953
	0.7285950779914856
	0.7285352349281311
	0.7284622192382812
	0.7283778190612793
	0.7283138036727905
	0.7282422780990601
	0.7281738519668579
	0.7281039953231812
	0.7280452251434326
	0.727979838848114
	0.7279165387153625
	0.7278531789779663
	0.7277860641479492
	0.727713942527771
	0.7276496291160583
	0.7275846600532532
	0.7275182008743286
	0.7274451851844788
	0.7273817658424377
	0.7273194789886475
	0.7272573113441467
	0.7271933555603027
	0.7271378040313721
	0.7270727157592773
	0.7269998788833618
	0.7269478440284729
	0.7268831729888916
	0.7268087267875671
	0.7267533540725708
	0.7266887426376343
	0.7266107201576233
	0.726544976234436
	0.7264950275421143
	0.7264370322227478
	0.7263754606246948
	0.7263072729110718
	0.726253092288971
	0.7261992692947388
	0.7261561751365662
	0.7261035442352295
	0.7260470390319824
	0.7259846329689026
	0.7259268164634705
	0.7258700728416443
	0.725808322429657
	0.7257442474365234
	0.7256770730018616
	0.7256174683570862
	0.7255612015724182
	0.7254977822303772
	0.7254319787025452
	0.7253762483596802
	0.7253060936927795
	0.7252444624900818
	0.7251813411712646
	0.7251280546188354
	0.7250722050666809
	0.7250131964683533
	0.7249562740325928
	0.7249122262001038
	0.7248562574386597
	0.7247955799102783
	0.7247435450553894
	0.7247026562690735
	0.7246410846710205
	0.7245761752128601
	0.7245131731033325
	0.7244563698768616
	0.724397599697113
	0.7243372797966003
	0.7242717146873474
	0.7242105007171631
	0.7241553664207458
	0.7240814566612244
	0.7240285277366638
	0.7239630222320557
	0.7238935828208923
	0.7238366603851318
	0.7237786650657654
	0.7237251400947571
	0.7236673831939697
	0.7236182689666748
	0.7235589027404785
	0.7235058546066284
	0.7234373688697815
	0.723388135433197
	0.7233392596244812
	0.7232833504676819
	0.7232228517532349
	0.7231636047363281
	0.7231067419052124
	0.7230510115623474
	0.7230064272880554
	0.7229518294334412
	0.7228941917419434
	0.7228407263755798
	0.722784698009491
	0.7227317690849304
	0.7226643562316895
	0.722599446773529
	0.7225427627563477
	0.7224965691566467
	0.72243332862854
	0.7223767042160034
	0.7223191857337952
	0.7222706079483032
	0.722220242023468
	0.7221671938896179
	0.722117006778717
	0.7220636606216431
	0.7220156192779541
	0.7219691872596741
	0.7219123840332031
	0.7218583822250366
	0.7218063473701477
	0.721756100654602
	0.7217126488685608
	0.7216587662696838
	0.7216094136238098
	0.7215639352798462
	0.7215155363082886
	0.7214624881744385
	0.721416711807251
	0.7213762998580933
	0.7213287353515625
	0.7212727665901184
	0.7212170958518982
	0.7211582064628601
	0.7211060523986816
	0.7210536003112793
	0.7209932208061218
	0.7209399342536926
	0.7208861708641052
	0.7208408117294312
	0.7207907438278198
	0.7207460999488831
	0.7207005620002747
	0.7206506133079529
	0.720611035823822
	0.7205454111099243
	0.7204964756965637
	0.7204383611679077
	0.7203923463821411
	0.720336377620697
	0.7202894687652588
	0.7202325463294983
	0.7201693654060364
	0.7201182842254639
	0.7200803756713867
	0.7200324535369873
	0.7199890613555908
	0.7199330925941467
	0.7198857665061951
	0.7198330760002136
	0.7197868227958679
	0.7197402119636536
	0.719685435295105
	0.7196348309516907
	0.7195907831192017
	0.7195435166358948
	0.7194957137107849
	0.7194435596466064
	0.7193947434425354
	0.719344973564148
	0.7192868590354919
	0.7192339897155762
	0.7191771268844604
	0.719128429889679
	0.7190732359886169
	0.7190173864364624
	0.7189681529998779
	0.7189157605171204
	0.7188648581504822
	0.7188053727149963
	0.7187595963478088
	0.7187085151672363
	0.7186586260795593
	0.718601644039154
	0.7185523509979248
	0.718502938747406
	0.7184680700302124
	0.7184226512908936
	0.7183768153190613
	0.7183216214179993
	0.7182779312133789
	0.7182275056838989
	0.7181828618049622
	0.7181376218795776
	0.7180905342102051
	0.7180541157722473
	0.7180098295211792
	0.7179502248764038
	0.7179094552993774
	0.7178590893745422
	0.7178194522857666
	0.7177641987800598
	0.7177190184593201
	0.7176722884178162
	0.7176278233528137
	0.7175714373588562
	0.7175377607345581
	0.7174986004829407
	0.7174575328826904
	0.7174173593521118
	0.7173730134963989
	0.7173303961753845
	0.7172838449478149
	0.7172383666038513
	0.7171926498413086
	0.7171408534049988
	0.7170906066894531
	0.7170543670654297
	0.7170156836509705
	0.716973066329956
	0.7169226408004761
	0.7168840765953064
	0.7168426513671875
	0.7167882919311523
	0.7167453765869141
	0.7166836857795715
	0.7166374921798706
	0.7165929675102234
	0.7165448069572449
	0.7164958715438843
	0.7164480686187744
	0.7164056897163391
	0.7163669466972351
	0.7163187265396118
	0.7162743210792542
	0.7162300944328308
	0.7161853313446045
	0.716139554977417
	0.7160947322845459
	0.7160559296607971
	0.7160160541534424
	0.7159805297851562
	0.7159329056739807
	0.715886116027832
	0.7158423066139221
	0.7157925367355347
	0.7157448530197144
	0.7157078385353088
	0.7156763076782227
	0.7156299352645874
	0.71559077501297
	0.7155429124832153
	0.7154985666275024
	0.7154543995857239
	0.7154111862182617
	0.7153729796409607
	0.7153216004371643
	0.7152708172798157
	0.7152361869812012
	0.7151920199394226
	0.7151510715484619
	0.715112566947937
	0.7150739431381226
	0.7150394916534424
	0.7149938344955444
	0.7149547338485718
	0.7149164080619812
	0.7148745656013489
	0.7148378491401672
	0.7148035764694214
	0.7147663831710815
	0.7147359251976013
	0.7146889567375183
	0.7146486043930054
	0.7146221399307251
	0.7145892381668091
	0.7145460844039917
	0.7145043611526489
	0.7144534587860107
	0.7144163250923157
	0.7143857479095459
	0.7143489122390747
	0.7143089175224304
	0.7142658829689026
	0.7142246961593628
	0.7141817808151245
	0.714146077632904
	0.7141122221946716
	0.7140805721282959
	0.7140384316444397
	0.7139909267425537
	0.7139513492584229
	0.7139082551002502
	0.7138580679893494
	0.7138122320175171
	0.7137738466262817
	0.7137473225593567
	0.7137124538421631
	0.7136704921722412
	0.7136291265487671
	0.7135957479476929
	0.7135497331619263
	0.7135056257247925
	0.7134580612182617
	0.7134169936180115
	0.7133714556694031
	0.713334858417511
	0.7133017778396606
	0.7132648825645447
	0.7132294774055481
	0.7131832242012024
	0.7131444811820984
	0.7130918502807617
	0.7130593657493591
	0.7130094170570374
	0.712974488735199
	0.7129483222961426
	0.7129154801368713
	0.7128779292106628
	0.7128398418426514
	0.7127966284751892
	0.7127699255943298
	0.7127313613891602
	0.71269291639328
	0.712668776512146
	0.7126319408416748
	0.7126045227050781
	0.7125699520111084
	0.7125345468521118
	0.712494969367981
	0.7124529480934143
	0.7124127745628357
	0.712374210357666
	0.7123361229896545
	0.7122911810874939
	0.7122606635093689
	0.7122308611869812
	0.7121942639350891
	0.7121578454971313
	0.7121211290359497
	0.7120897769927979
	0.7120519280433655
	0.7120177745819092
	0.7119892835617065
	0.711948812007904
	0.711918294429779
	0.7118896842002869
	0.711859405040741
	0.7118334174156189
	0.7117982506752014
	0.711770236492157
	0.7117412090301514
	0.7117118835449219
	0.7116653323173523
	0.7116400003433228
	0.7116042971611023
	0.7115815877914429
	0.7115440964698792
	0.7115035653114319
	0.7114710807800293
	0.7114412784576416
	0.711418092250824
	0.7113967537879944
	0.7113662362098694
	0.7113410234451294
	0.7113135457038879
	0.7112773060798645
	0.711240291595459
	0.7112107276916504
	0.711175262928009
	0.7111303806304932
	0.7110995054244995
	0.711065411567688
	0.7110319137573242
	0.7110044956207275
	0.7109609842300415
	0.7109168171882629
	0.7108845114707947
	0.7108523845672607
	0.7108094096183777
	0.7107691168785095
	0.7107376456260681
	0.710704505443573
	0.7106689810752869
	0.7106304168701172
	0.7106040120124817
	0.7105742692947388
	0.7105451226234436
	0.7105132937431335
	0.7104730010032654
	0.7104340195655823
	0.7104114890098572
	0.7103791832923889
	0.710344672203064
	0.7103015184402466
	0.7102651596069336
	0.7102343440055847
	0.710212767124176
	0.7101731896400452
	0.7101316452026367
	0.7101052403450012
	0.710077702999115
	0.7100409269332886
	0.7100014686584473
	0.7099850177764893
	0.7099443674087524
	0.7099066972732544
	0.7098778486251831
	0.7098461985588074
	0.7098143100738525
	0.7097852230072021
	0.7097610235214233
	0.7097240090370178
	0.7096944451332092
	0.7096561193466187
	0.7096399664878845
	0.7096109390258789
	0.7095808982849121
	0.7095392942428589
	0.7095122337341309
	0.7094841003417969
	0.7094500660896301
	0.7094297409057617
	0.7094022631645203
	0.7093784213066101
	0.709338903427124
	0.7093117237091064
	0.7092812657356262
	0.7092595100402832
	0.7092316150665283
	0.7091924548149109
	0.7091684937477112
	0.7091383934020996
	0.7091054916381836
	0.7090803384780884
	0.7090533971786499
	0.7090159058570862
	0.7089815735816956
	0.7089464664459229
	0.708918571472168
	0.7088907957077026
	0.708858072757721
	0.7088284492492676
	0.7088037133216858
	0.7087643146514893
	0.7087295055389404
	0.7086923718452454
	0.7086626887321472
	0.70864337682724
	0.7086132764816284
	0.7085867524147034
	0.7085611820220947
	0.7085344791412354
	0.7085052728652954
	0.7084709405899048
	0.7084511518478394
	0.7084264159202576
	0.7083925604820251
	0.7083601355552673
	0.708329975605011
	0.7082927823066711
	0.7082703113555908
	0.7082358598709106
	0.7082006931304932
	0.7081701755523682
	0.708135187625885
	0.7081010937690735
	0.7080754637718201
	0.7080441117286682
	0.7080195546150208
	0.7079923152923584
	0.7079594135284424
	0.7079402804374695
	0.7079110741615295
	0.7078906297683716
	0.7078580260276794
	0.7078322768211365
	0.7078070640563965
	0.7077797055244446
	0.7077523469924927
	0.7077139616012573
	0.7076908946037292
	0.7076497077941895
	0.7076201438903809
	0.7075989246368408
	0.7075725793838501
	0.707542896270752
	0.7075180411338806
	0.7074901461601257
	0.707461953163147
	0.7074331045150757
	0.7074169516563416
	0.7073953151702881
	0.7073736786842346
	0.7073580622673035
	0.7073425650596619
	0.7073202133178711
	0.7072975039482117
	0.7072733640670776
	0.7072466015815735
	0.7072152495384216
	0.7071958184242249
	0.7071685194969177
	0.7071443200111389
	0.707105278968811
	0.7070764303207397
	0.707047164440155
	0.7070137858390808
	0.7069967985153198
	0.7069899439811707
	0.7069613933563232
	0.7069480419158936
	0.7069230675697327
	0.7068978548049927
	0.706875741481781
	0.706865131855011
	0.7068437933921814
	0.7068176865577698
	0.706791341304779
	0.7067628502845764
	0.7067399621009827
	0.7067139744758606
	0.7066892385482788
	0.706662654876709
	0.7066444158554077
	0.7066174149513245
	0.7066003680229187
	0.706577718257904
	0.7065535187721252
	0.7065278887748718
	0.7064952850341797
	0.7064758539199829
	0.7064468264579773
	0.7064285278320312
	0.7064082622528076
	0.7063872814178467
	0.7063540816307068
	0.7063406109809875
	0.7063215374946594
	0.7063068747520447
	0.7062879204750061
	0.7062717080116272
	0.7062482833862305
	0.7062288522720337
	0.706204891204834
	0.7061780691146851
	0.7061629295349121
	0.706146776676178
	0.7061229348182678
	0.7061071991920471
	0.7060827016830444
	0.7060627937316895
	0.7060242295265198
	0.70600426197052
	0.7059802412986755
	0.705966055393219
	0.7059507369995117
	0.7059321403503418
	0.705913782119751
	0.7058899998664856
	0.7058696746826172
	0.7058431506156921
	0.705826461315155
	0.7058126330375671
	0.7058004140853882
	0.7057820558547974
	0.705754816532135
	0.7057371139526367
	0.7057146430015564
	0.7056981921195984
	0.7056692242622375
	0.7056479454040527
	0.7056246995925903
	0.7056065797805786
	0.7055865526199341
	0.7055677771568298
	0.70554119348526
	0.7055241465568542
	0.7054985165596008
	0.7054848670959473
	0.7054654955863953
	0.7054400444030762
	0.7054299116134644
	0.7054136991500854
	0.7053903341293335
	0.7053573131561279
	0.7053327560424805
	0.7053146958351135
	0.7052919268608093
	0.7052729725837708
	0.705249547958374
	0.705223023891449
	0.7052133083343506
	0.7051939368247986
	0.7051741480827332
	0.7051540017127991
	0.7051355242729187
	0.7051127552986145
	0.7050965428352356
	0.7050731182098389
	0.7050648331642151
	0.7050401568412781
	0.705012321472168
	0.7049872279167175
	0.704973042011261
	0.7049562931060791
	0.7049352526664734
	0.7049176692962646
	0.7049015164375305
	0.7048909068107605
	0.7048730850219727
	0.7048457264900208
	0.7048285603523254
	0.7048074007034302
	0.7047898769378662
	0.704775869846344
	0.704760730266571
	0.704743504524231
	0.7047277688980103
	0.7047074437141418
	0.7046898007392883
	0.7046800255775452
	0.7046583890914917
	0.7046445608139038
	0.7046282291412354
	0.704616904258728
	0.7045983672142029
	0.7045794129371643
	0.7045558094978333
	0.7045323252677917
	0.7045167088508606
	0.7044918537139893
	0.7044689655303955
	0.7044594287872314
	0.7044476270675659
	0.7044374942779541
	0.70441073179245
	0.7043991684913635
	0.7043712735176086
	0.7043587565422058
	0.7043352127075195
	0.7043145298957825
	0.7043051719665527
	0.7042932510375977
	0.7042776346206665
	0.7042590975761414
	0.7042427062988281
	0.704220175743103
	0.7042012810707092
	0.7041855454444885
	0.7041597962379456
	0.7041482329368591
	0.704131007194519
	0.7041195631027222
	0.7041080594062805
	0.7040899991989136
	0.7040735483169556
	0.7040624022483826
	0.7040393948554993
	0.7040157318115234
	0.704004168510437
	0.7039852738380432
	0.7039777040481567
	0.7039574384689331
	0.7039361596107483
	0.7039213180541992
	0.7039058804512024
	0.7038851380348206
	0.7038698196411133
	0.703855574131012
	0.7038447856903076
	0.7038315534591675
	0.7038047313690186
	0.7038067579269409
	0.7037973999977112
	0.7037873864173889
	0.7037710547447205
	0.7037540674209595
	0.7037486433982849
	0.7037363648414612
	0.703724205493927
	0.7037156224250793
	0.7036982178688049
	0.7036794424057007
	0.703662633895874
	0.7036516666412354
	0.7036327123641968
	0.7036173343658447
	0.7036073803901672
	0.7036106586456299
	0.7036066651344299
	0.7035925984382629
	0.7035734057426453
	0.7035626769065857
	0.703542947769165
	0.7035195231437683
	0.703510582447052
	0.7035037875175476
	0.703495442867279
	0.7034829258918762
	0.7034691572189331
	0.7034523487091064
	0.70343017578125
	0.703419029712677
	0.7033985257148743
	0.7033770084381104
	0.703359067440033
	0.7033476829528809
	0.7033361196517944
	0.7033159136772156
	0.7032886743545532
	0.7032781839370728
	0.7032633423805237
	0.7032462358474731
	0.703243613243103
	0.7032321095466614
	0.7032235264778137
	0.7032181620597839
	0.7032029032707214
	0.7031852006912231
	0.703170895576477
	0.7031638026237488
	0.7031474709510803
	0.7031281590461731
	0.7031261324882507
	0.703110933303833
	0.7030957937240601
	0.7030894160270691
	0.7030832171440125
	0.7030748128890991
	0.7030616402626038
	0.7030534148216248
	0.7030331492424011
	0.7030267119407654
	0.7030044198036194
	0.7029871940612793
	0.7029826641082764
	0.7029612064361572
	0.7029427289962769
	0.7029309868812561
	0.7029183506965637
	0.7029059529304504
	0.7028996348381042
	0.702884316444397
	0.7028663754463196
	0.7028608322143555
	0.7028355002403259
	0.702815592288971
	0.7028026580810547
	0.7027957439422607
	0.7027820348739624
	0.7027719020843506
	0.7027541399002075
	0.7027474641799927
	0.7027401328086853
	0.702730119228363
	0.7027172446250916
	0.702716052532196
	0.7027161121368408
	0.7027043700218201
	0.7026936411857605
	0.7026770710945129
	0.7026671767234802
	0.7026551961898804
	0.7026509046554565
	0.7026394605636597
	0.7026191353797913
	0.7026155591011047
	0.7026029229164124
	0.7025944590568542
	0.7025794386863708
	0.7025778889656067
	0.7025766372680664
	0.7025704979896545
	0.7025562524795532
	0.7025558948516846
	0.7025455832481384
	0.7025343775749207
	0.7025206685066223
	0.7025039792060852
	0.7024906873703003
	0.7024701833724976
	0.7024518251419067
	0.7024410963058472
	0.7024229764938354
	0.7024164199829102
	0.7024074792861938
	0.7024046778678894
	0.7023955583572388
	0.7023787498474121
	0.7023770809173584
	0.7023608684539795
	0.7023477554321289
	0.7023420333862305
	0.7023241519927979
	0.7023208141326904
	0.7023081183433533
	0.7022932171821594
	0.7022920846939087
	0.7022814750671387
	0.7022628784179688
	0.7022573351860046
	0.7022436261177063
	0.7022319436073303
	0.7022267580032349
	0.7022154927253723
	0.7021927237510681
	0.7021840810775757
	0.7021722793579102
	0.702157199382782
	0.7021470665931702
	0.7021328806877136
	0.7021233439445496
	0.7021141052246094
	0.7021054625511169
	0.7020886540412903
	0.7020723819732666
	0.702061653137207
	0.7020524144172668
	0.7020455002784729
	0.70203697681427
	0.7020304203033447
	0.7020213007926941
	0.7020056247711182
	0.7019855976104736
	0.7019772529602051
	0.7019637227058411
	0.7019574642181396
	0.7019408941268921
	0.7019273638725281
	0.7019222974777222
	0.7019186615943909
	0.7019134163856506
	0.7019039988517761
	0.7018955945968628
	0.7018806338310242
	0.7018663883209229
	0.7018469572067261
	0.7018424272537231
	0.7018265128135681
	0.7018061280250549
	0.7017971277236938
	0.7017928957939148
	0.7017827033996582
	0.701772928237915
	0.7017662525177002
	0.7017560005187988
	0.7017520070075989
	0.7017409801483154
	0.7017355561256409
	0.7017297744750977
	0.7017196416854858
	0.7017027139663696
	0.7016953229904175
	0.7016887664794922
	0.7016801238059998
	0.7016733884811401
	0.7016623616218567
	0.7016555666923523
	0.7016521692276001
	0.7016413807868958
	0.7016318440437317
	0.7016230821609497
	0.701612651348114
	0.7016057372093201
	0.7016007304191589
	0.7015892863273621
	0.7015841603279114
	0.7015597820281982
	0.7015488743782043
	0.701533317565918
	0.7015259861946106
	0.7015087008476257
	0.7014985680580139
	0.7014994025230408
	0.7014891505241394
	0.7014825344085693
	0.7014685273170471
	0.7014645934104919
	0.7014549374580383
	0.7014459371566772
	0.7014322876930237
	0.7014183402061462
	0.7014120817184448
	0.7013954520225525
	0.701383113861084
	0.701373815536499
	0.7013706564903259
	0.7013593912124634
	0.7013545036315918
	0.7013386487960815
	0.7013372778892517
	0.7013264298439026
	0.7013223767280579
	0.7013189196586609
	0.7013078331947327
	0.701303243637085
	0.701297402381897
	0.7012835741043091
	0.7012811899185181
	0.7012667655944824
	0.7012626528739929
	0.7012553811073303
	0.7012429237365723
	0.7012407779693604
	0.7012350559234619
	0.7012293338775635
	0.7012246251106262
	0.7012094259262085
	0.7011945247650146
	0.701192319393158
	0.7011786103248596
	0.7011680006980896
	0.701156497001648
	0.7011436223983765
	0.7011281251907349
	0.7011303305625916
	0.7011303901672363
	0.7011256814002991
	0.7011067867279053
	0.7011131048202515
	0.70110684633255
	0.7011014819145203
	0.701099693775177
	0.7010897994041443
	0.7010831832885742
	0.701082706451416
	0.7010806202888489
	0.7010815143585205
	0.7010774612426758
	0.7010766863822937
	0.7010726928710938
	0.7010661363601685
	0.7010633945465088
	0.7010549902915955
	0.7010450959205627
	0.701035737991333
	0.7010248303413391
	0.7010205388069153
	0.70101398229599
	0.7010058760643005
	0.7010011076927185
	0.7010008096694946
	0.7010065913200378
	0.7009986042976379
	0.7009977102279663
	0.7009904384613037
	0.7009700536727905
	0.7009680867195129
	0.7009669542312622
	0.7009607553482056
	0.7009575366973877
	0.7009481191635132
	0.7009426951408386
	0.7009347677230835
	0.7009266018867493
	0.7009260654449463
	0.7009151577949524
	0.7009042501449585
	0.7008986473083496
	0.7008929252624512
	0.7008898258209229
	0.7008950710296631
	0.7008982300758362
	0.7008863091468811
	0.7008830308914185
	0.7008710503578186
	0.7008733749389648
	0.7008591294288635
	0.7008577585220337
	0.7008646130561829
	0.700861930847168
	0.70085608959198
	0.7008582353591919
	0.7008451819419861
	0.7008411288261414
	0.7008385062217712
	0.7008363008499146
	0.7008209824562073
	0.7008171081542969
	0.7008109092712402
	0.7008041143417358
	0.7008092403411865
	0.700804591178894
	0.7008013725280762
	0.700793445110321
	0.7007906436920166
	0.7007783651351929
	0.7007721662521362
	0.7007656693458557
	0.700759768486023
	0.7007578015327454
	0.7007663249969482
	0.7007555961608887
	0.7007536292076111
	0.700747013092041
	0.7007326483726501
	0.7007222771644592
	0.7007284164428711
	0.7007228136062622
	0.7007263898849487
	0.7007178664207458
	0.7007144689559937
	0.7007084488868713
	0.700705885887146
	0.7006943821907043
	0.7006917595863342
	0.7006889581680298
	0.7006783485412598
	0.7006670236587524
	0.7006638646125793
	0.700660765171051
	0.7006525993347168
	0.7006374001502991
	0.7006275057792664
	0.7006205916404724
	0.7006039619445801
	0.7006013989448547
	0.7005918025970459
	0.7005853652954102
	0.7005873322486877
	0.7005811333656311
	0.700567364692688
	0.7005559206008911
	0.700553834438324
	0.700554370880127
	0.7005560398101807
	0.7005534172058105
	0.7005503177642822
	0.7005439400672913
	0.7005480527877808
	0.7005372047424316
	0.7005316615104675
	0.7005326747894287
	0.7005274891853333
	0.7005333304405212
	0.7005330324172974
	0.7005252838134766
	0.7005199790000916
	0.7005229592323303
	0.7005180716514587
	0.7005091905593872
	0.7005085349082947
	0.7005047798156738
	0.700498640537262
	0.7004908323287964
	0.7004768252372742
	0.700472354888916
	0.7004818320274353
	0.7004773616790771
	0.7004761099815369
	0.7004724740982056
	0.7004644870758057
	0.7004604935646057
	0.7004529237747192
	0.7004516124725342
	0.7004497647285461
	0.700439989566803
	0.7004367113113403
	0.7004265189170837
	0.7004299163818359
	0.70042884349823
	0.7004252076148987
	0.7004180550575256
	0.7004036903381348
	0.7003960013389587
	0.7003936767578125
	0.7003912925720215
	0.7003918290138245
	0.7003802061080933
	0.7003819942474365
	0.7003810405731201
	0.7003641724586487
	0.7003652453422546
	0.7003622055053711
	0.7003526091575623
	0.7003524303436279
	0.7003442645072937
	0.7003369331359863
	0.7003330588340759
	0.7003327012062073
	0.7003264427185059
	0.7003133893013
	0.7003074288368225
	0.7002972960472107
	0.7002935409545898
	0.7002893090248108
	0.7002841830253601
	0.7002785205841064
	0.7002614736557007
	0.7002583146095276
	0.7002601027488708
	0.7002489566802979
	0.7002415060997009
	0.7002353072166443
	0.7002310752868652
	0.7002219557762146
	0.7002173662185669
	0.7002144455909729
	0.7002149820327759
	0.700212836265564
	0.7002092599868774
	0.7002072334289551
	0.7002134323120117
	0.7002167105674744
	0.7002162337303162
	0.7002214193344116
	0.700215756893158
	0.7002116441726685
	0.7002089619636536
	0.7002056241035461
	0.7002080678939819
	0.7002058625221252
	0.7001994252204895
	0.7001949548721313
	0.7001916170120239
	0.700185239315033
	0.7001848816871643
	0.7001831531524658
	0.7001771926879883
	0.7001757621765137
	0.7001614570617676
	0.700154185295105
	0.7001465559005737
	0.7001448273658752
	0.7001411318778992
	0.7001491785049438
	0.700154721736908
	0.7001489996910095
	0.7001502513885498
	0.7001404762268066
	0.7001534700393677
	0.7001439929008484
	0.7001456022262573
	0.7001469135284424
	0.7001525163650513
	0.7001453638076782
	0.7001442909240723
	0.7001392245292664
	0.7001364231109619
	0.7001286745071411
	0.7001251578330994
	0.7001169323921204
	0.7001120448112488
	0.7001106142997742
	0.700107216835022
	0.700096607208252
	0.7001022696495056
	0.7001189589500427
	0.7001218795776367
	0.7001166343688965
	0.7001385688781738
	0.7001378536224365
	0.7001367807388306
	0.7001338005065918
	0.7001305222511292
	0.7001161575317383
	0.7001124024391174
	0.7001113891601562
	0.7001039385795593
	0.7000860571861267
	0.7000899910926819
	0.7000882625579834
	0.7000859379768372
	0.7000839114189148
	0.7000821232795715
	0.7000846266746521
	0.7000901699066162
	0.7000775337219238
	0.7000813484191895
	0.7000762820243835
	0.700072169303894
	0.7000767588615417
	0.7000733017921448
	0.7000697255134583
	0.7000760436058044
	0.7000793218612671
	0.7000719308853149
	0.7000697255134583
	0.700071394443512
	0.7000654935836792
	0.7000601887702942
	0.7000571489334106
	0.7000542283058167
	0.7000452876091003
	0.7000381350517273
	0.7000351548194885
	0.7000311017036438
	0.7000353336334229
	0.7000409364700317
	0.7000367045402527
	0.700035810470581
	0.7000305652618408
	0.7000270485877991
	0.7000276446342468
	0.7000216841697693
	0.7000170350074768
	0.7000109553337097
	0.7000126838684082
	0.7000152468681335
	0.7000240087509155
	0.700020432472229
	0.7000144124031067
	0.7000166773796082
	0.7000119686126709
	0.7000133991241455
	0.7000016570091248
	0.7000066637992859
	0.700014591217041
	0.7000095248222351
	0.7000094652175903
	0.7000245451927185
	0.7000254988670349
	0.700020968914032
	0.7000132203102112
	0.7000147700309753
	0.7000163793563843
	0.7000150084495544
	0.7000221014022827
	0.7000152468681335
	0.7000144124031067
	0.7000112533569336
	0.7000117897987366
	0.7000070810317993
	0.7000067234039307
	0.7000066041946411
	0.7000016570091248
	0.6999948024749756
	0.6999952793121338
	0.7000000476837158
	0.6999923586845398
	0.699995219707489
	0.6999852061271667
	0.699992299079895
	0.6999927163124084
	0.6999868154525757
	0.6999872922897339
	0.699985682964325
	0.6999809741973877
	0.6999759674072266
	0.699975848197937
	0.6999737024307251
	0.6999692320823669
	0.6999680399894714
	0.6999674439430237
	0.6999719738960266
	0.6999674439430237
	0.6999647617340088
	0.6999614834785461
	0.6999574899673462
	0.6999589204788208
	0.6999595761299133
	0.6999534964561462
	0.6999507546424866
	0.6999495625495911
	0.6999430060386658
	0.6999364495277405
	0.699927806854248
	0.6999257206916809
	0.699929416179657
	0.6999302506446838
	0.6999277472496033
	0.6999320387840271
	0.6999316215515137
	0.6999372243881226
	0.6999290585517883
	0.6999219655990601
	0.6999284029006958
	0.6999347805976868
	0.6999325752258301
	0.6999369859695435
	0.6999417543411255
	0.6999467015266418
	0.6999507546424866
	0.6999512910842896
	0.699959933757782
	0.6999597549438477
	0.6999584436416626
	0.6999663710594177
	0.6999683976173401
	0.6999630928039551
	0.699955403804779
	0.6999453902244568
	0.6999423503875732
	0.6999360918998718
	0.6999281048774719
	0.6999261379241943
	0.6999229192733765
	0.6999222636222839
	0.699924111366272
	0.699920117855072
	0.6999179720878601
	0.699918270111084
	0.6999208927154541
	0.69992595911026
	0.6999291181564331
	0.6999354362487793
	0.6999368667602539
	0.6999458074569702
	0.6999629139900208
	0.6999671459197998
	0.69996577501297
	0.699958324432373
	0.6999645233154297
	0.6999613642692566
	0.6999492645263672
	0.6999498009681702
	0.6999434232711792
	0.6999436020851135
	0.6999398469924927
	0.6999335289001465
	0.6999285817146301
	0.6999271512031555
	0.6999266743659973
	0.6999238133430481
	0.6999284029006958
	0.6999349594116211
	0.6999395489692688
	0.6999379396438599
	0.6999374032020569
	0.6999328136444092
	0.6999282240867615
	0.6999326348304749
	0.699935793876648
	0.6999285221099854
	0.6999339461326599
	0.6999351978302002
	0.6999344229698181
	0.6999261379241943
	0.6999215483665466
	0.699918806552887
	0.6999152898788452
	0.6999378204345703
	0.6999372243881226
	0.6999393105506897
	0.6999405026435852
	0.6999486684799194
	0.6999401450157166
	0.6999461054801941
	0.6999531984329224
	0.6999498009681702
	0.6999550461769104
	0.6999590992927551
	0.6999595761299133
	0.6999623775482178
	0.6999615430831909
	0.6999602317810059
	0.6999610662460327
	0.6999595165252686
	0.699958860874176
	0.6999608874320984
	0.6999587416648865
	0.6999586224555969
	0.6999613046646118
	0.6999654173851013
	0.6999676823616028
	0.6999682784080505
	0.6999627351760864
	0.6999696493148804
	0.6999737024307251
	0.6999760270118713
	0.6999884843826294
	0.6999838948249817
	0.6999863982200623
	0.6999800801277161
	0.6999853253364563
	0.6999759078025818
	0.6999742984771729
	0.6999763250350952
	0.6999730467796326
	0.6999689340591431
	0.6999685764312744
	0.6999691128730774
	0.6999751329421997
	0.6999737024307251
	0.6999738216400146
	0.6999696493148804
	0.6999727487564087
	0.699963390827179
	0.6999695301055908
	0.6999908089637756
	0.6999911069869995
	0.7000018954277039
	0.7000073790550232
	0.7000112533569336
	0.7000155448913574
	0.7000177502632141
	0.7000159621238708
	0.7000236511230469
	0.7000176310539246
	0.7000243663787842
	0.7000296711921692
	0.7000356316566467
	0.7000373005867004
	0.7000386714935303
	0.7000377178192139
	0.7000382542610168
	0.7000373005867004
	0.700033962726593
	0.7000411152839661
	0.7000395059585571
	0.7000353336334229
	0.7000382542610168
	0.700042188167572
	0.7000355124473572
	0.7000396251678467
	0.700034499168396
	0.700039267539978
	0.7000398635864258
	0.7000348567962646
	0.7000293135643005
	0.7000272274017334
	0.7000253200531006
	0.7000249624252319
	0.7000269293785095
	0.7000238299369812
	0.700031578540802
	0.7000359296798706
	0.7000383138656616
	0.7000305652618408
	0.7000387907028198
	0.7000427842140198
	0.7000364065170288
	0.7000357508659363
	0.7000370025634766
	0.7000394463539124
	0.7000465393066406
	0.7000452280044556
	0.700051486492157
	0.7000579833984375
	0.7000638246536255
	0.7000623345375061
	0.700057864189148
	0.7000528573989868
	0.7000538110733032
	0.700060248374939
	0.7000578045845032
	0.7000524997711182
	0.7000594139099121
	0.7000595927238464
	0.7000548243522644
	0.7000537514686584
	0.7000521421432495
	0.7000535726547241
	0.7000626921653748
	0.70005863904953
	0.70005863904953
	0.7000599503517151
	0.7000545859336853
	0.7000517845153809
	0.7000505924224854
	0.7000535726547241
	0.7000517845153809
	0.7000541090965271
	0.7000593543052673
	0.700068473815918
	0.7000630497932434
	0.7000637650489807
	0.7000594735145569
	0.7000555396080017
	0.7000575065612793
	0.7000600695610046
	0.7000585198402405
	0.7000526189804077
	0.7000542879104614
	0.7000625133514404
	0.7000618577003479
	0.7000543475151062
	0.7000503540039062
	0.7000551819801331
	0.7000590562820435
	0.7000659108161926
	0.7000712752342224
	0.7000827789306641
	0.7000885009765625
	0.7000816464424133
	0.70008784532547
	0.7000959515571594
	0.7000917792320251
	0.7000907063484192
	0.7000985741615295
	0.7000964879989624
	0.7000989317893982
	0.7001020908355713
	0.7001028060913086
	0.700101912021637
	0.7001053690910339
	0.7001076340675354
	0.7000992298126221
	0.7000951766967773
	0.700089156627655
	0.7000918984413147
	0.700099527835846
	0.7001013159751892
	0.7001038193702698
	0.7001060247421265
	0.7001044154167175
	0.7001074552536011
	0.7001044750213623
	0.700108528137207
	0.7001044750213623
	0.7001011967658997
	0.7001045346260071
	0.700111448764801
	0.7001232504844666
	0.7001251578330994
	0.7001294493675232
	0.7001340985298157
	0.700131356716156
	0.700127899646759
	0.7001268267631531
	0.7001205086708069
	0.700123131275177
	0.7001228928565979
	0.7001351714134216
	0.7001340985298157
	0.7001421451568604
	0.7001442313194275
	0.7001535892486572
	0.7001519203186035
	0.7001484632492065
	0.7001507878303528
	0.7001574635505676
	0.7001688480377197
	0.7001656889915466
	0.7001736164093018
	0.7001793384552002
	0.7001844048500061
	0.7001864910125732
	0.7001863121986389
	0.7001855969429016
	0.700187623500824
	0.7001968622207642
	0.7002051472663879
	0.7002037167549133
	0.700205385684967
	0.7002150416374207
	0.7002120018005371
	0.7002131342887878
	0.7002137899398804
	0.7002137899398804
	0.7002050876617432
	0.7002055048942566
	0.7002041339874268
	0.7002003788948059
	0.7001994252204895
	0.7002071738243103
	0.7002074718475342
	0.7002090215682983
	0.7002066969871521
	0.7002115249633789
	0.7002267837524414
	0.7002320289611816
	0.7002497911453247
	0.70025634765625
	0.7002676129341125
	0.7002601027488708
	0.7002594470977783
	0.7002661228179932
	0.7002723813056946
	0.7002711296081543
	0.7002677321434021
	0.70027095079422
	0.7002719640731812
	0.70026695728302
	0.7002658247947693
	0.7002683877944946
	0.7002661824226379
	0.7002715468406677
	0.7002782225608826
	0.7002757787704468
	0.7002749443054199
	0.7002676129341125
	0.7002629637718201
	0.7002729773521423
	0.7002726793289185
	0.7002847790718079
	0.7002890110015869
	0.7002877593040466
	0.7002897262573242
	0.700294017791748
	0.7003057599067688
	0.7003083825111389
	0.7003082036972046
	0.7003224492073059
	0.7003306150436401
	0.7003306746482849
	0.7003355026245117
	0.700337827205658
	0.700340747833252
	0.7003366351127625
	0.7003376483917236
	0.7003487944602966
	0.7003524303436279
	0.7003540992736816
	0.7003503441810608
	0.7003534436225891
	0.7003569006919861
	0.7003539800643921
	0.7003517746925354
	0.7003499269485474
	0.7003517150878906
	0.7003559470176697
	0.7003570199012756
	0.700359046459198
	0.7003576159477234
	0.7003653049468994
	0.7003645300865173
	0.7003731727600098
	0.7003781199455261
	0.7003805041313171
	0.7003864049911499
	0.7003818154335022
	0.7003844380378723
	0.7003868818283081
	0.7003889679908752
	0.7003912925720215
	0.700395941734314
	0.7003936171531677
	0.7003951668739319
	0.7003966569900513
	0.7004023790359497
	0.7004038691520691
	0.7004101872444153
	0.700411319732666
	0.700417697429657
	0.7004241347312927
	0.7004283666610718
	0.7004327178001404
	0.7004357576370239
	0.7004335522651672
	0.7004388570785522
	0.7004398703575134
	0.7004340291023254
	0.7004408836364746
	0.7004356384277344
	0.7004399299621582
	0.7004444003105164
	0.7004439234733582
	0.7004518508911133
	0.7004546523094177
	0.7004558444023132
	0.7004780769348145
	0.7004861235618591
	0.7004909515380859
	0.7004944682121277
	0.7004984617233276
	0.7005045413970947
	0.700512707233429
	0.7005172371864319
	0.7005217671394348
	0.7005168795585632
	0.7005287408828735
	0.7005437612533569
	0.7005490660667419
	0.7005499601364136
	0.7005500793457031
	0.7005549073219299
	0.7005618810653687
	0.7005663514137268
	0.7005669474601746
	0.7005733847618103
	0.70057612657547
	0.7005797624588013
	0.7005792260169983
	0.7005851864814758
	0.7005857229232788
	0.700588047504425
	0.7005811929702759
	0.700580358505249
	0.7005802392959595
	0.7005776762962341
	0.7005813717842102
	0.7005883455276489
	0.7005923390388489
	0.7006076574325562
	0.700603723526001
	0.7006068825721741
	0.7006043791770935
	0.7005953788757324
	0.7006057500839233
	0.7006056904792786
	0.7006059288978577
	0.7006136178970337
	0.7006183862686157
	0.7006104588508606
	0.7006115317344666
	0.7006179094314575
	0.7006221413612366
	0.7006279230117798
	0.7006278038024902
	0.7006327509880066
	0.7006401419639587
	0.7006431818008423
	0.7006451487541199
	0.7006416320800781
	0.7006440162658691
	0.7006544470787048
	0.7006646990776062
	0.7006718516349792
	0.700670599937439
	0.7006813883781433
	0.7006939053535461
	0.7006914615631104
	0.7007008790969849
	0.7007060647010803
	0.7007027268409729
	0.7007038593292236
	0.7007060050964355
	0.7007141709327698
	0.7007216215133667
	0.7007262706756592
	0.7007305026054382
	0.7007283568382263
	0.7007445693016052
	0.7007507681846619
	0.7007635831832886
	0.700764536857605
	0.7007613778114319
	0.700766384601593
	0.7007632255554199
	0.7007663249969482
	0.7007801532745361
	0.7007867693901062
	0.700788676738739
	0.7007933259010315
	0.7007959485054016
	0.7007930874824524
	0.7007951736450195
	0.7008025646209717
	0.700799286365509
	0.7008043527603149
	0.7008059620857239
	0.7008094191551208
	0.7008163928985596
	0.7008244395256042
	0.7008237838745117
	0.7008301615715027
	0.7008390426635742
	0.7008438110351562
	0.7008529305458069
	0.700858473777771
	0.700862467288971
	0.7008629441261292
	0.7008596658706665
	0.7008634209632874
	0.7008625864982605
	0.7008662223815918
	0.7008673548698425
	0.7008721232414246
	0.700866162776947
	0.7008652091026306
	0.7008822560310364
	0.7008883953094482
	0.7008864283561707
	0.700892448425293
	0.7009001970291138
	0.7009045481681824
	0.7009143233299255
	0.7009169459342957
	0.7009106874465942
	0.7009174227714539
	0.7009120583534241
	0.700912356376648
	0.7009132504463196
	0.7009195685386658
	0.7009223103523254
	0.700920581817627
	0.700925886631012
	0.7009218335151672
	0.7009218335151672
	0.7009269595146179
	0.7009164690971375
	0.7009161114692688
	0.7009165287017822
	0.7009292244911194
	0.7009325623512268
]