[
	1.0998414754867554
	1.0995986461639404
	1.0993436574935913
	1.0990935564041138
	1.0988352298736572
	1.0985881090164185
	1.098326325416565
	1.0980595350265503
	1.0977988243103027
	1.0975316762924194
	1.0972857475280762
	1.097041130065918
	1.096802830696106
	1.096551537513733
	1.0962952375411987
	1.0960463285446167
	1.0957938432693481
	1.095558524131775
	1.095319390296936
	1.0950781106948853
	1.0948262214660645
	1.0945903062820435
	1.0943549871444702
	1.0941253900527954
	1.0938743352890015
	1.0936270952224731
	1.093380331993103
	1.093138337135315
	1.0929092168807983
	1.0926729440689087
	1.0924402475357056
	1.0921993255615234
	1.0919643640518188
	1.091734528541565
	1.0915038585662842
	1.0912749767303467
	1.0910394191741943
	1.0908068418502808
	1.0905826091766357
	1.0903371572494507
	1.090104103088379
	1.0898654460906982
	1.089646339416504
	1.0894125699996948
	1.0891920328140259
	1.0889579057693481
	1.0887495279312134
	1.0885285139083862
	1.0883086919784546
	1.088074803352356
	1.0878533124923706
	1.087630271911621
	1.087399959564209
	1.0871775150299072
	1.0869641304016113
	1.086741328239441
	1.086523175239563
	1.0862990617752075
	1.0860909223556519
	1.085877776145935
	1.0856642723083496
	1.0854471921920776
	1.085234522819519
	1.0850156545639038
	1.0848113298416138
	1.0845848321914673
	1.0843703746795654
	1.0841805934906006
	1.0839685201644897
	1.0837432146072388
	1.0835314989089966
	1.083320140838623
	1.0831117630004883
	1.0829001665115356
	1.0826973915100098
	1.0824939012527466
	1.0822937488555908
	1.0820801258087158
	1.0818743705749512
	1.0816755294799805
	1.0814924240112305
	1.0813095569610596
	1.0811047554016113
	1.0809049606323242
	1.0807079076766968
	1.0805096626281738
	1.080309271812439
	1.0801020860671997
	1.0799064636230469
	1.0797029733657837
	1.0795036554336548
	1.0793061256408691
	1.0790977478027344
	1.0789210796356201
	1.0787310600280762
	1.0785341262817383
	1.0783309936523438
	1.0781378746032715
	1.0779445171356201
	1.0777579545974731
	1.0775761604309082
	1.077366590499878
	1.0771681070327759
	1.0769697427749634
	1.076784372329712
	1.0765867233276367
	1.0763932466506958
	1.076209545135498
	1.0760194063186646
	1.0758366584777832
	1.0756635665893555
	1.0754867792129517
	1.0753132104873657
	1.0751314163208008
	1.0749431848526
	1.0747865438461304
	1.0746018886566162
	1.074401617050171
	1.0742207765579224
	1.0740549564361572
	1.0738837718963623
	1.0736877918243408
	1.073512315750122
	1.0733270645141602
	1.07313871383667
	1.0729663372039795
	1.0727810859680176
	1.072586178779602
	1.0724139213562012
	1.0722451210021973
	1.0720524787902832
	1.071882724761963
	1.0717206001281738
	1.0715385675430298
	1.0713658332824707
	1.0711848735809326
	1.071012020111084
	1.0708211660385132
	1.07064950466156
	1.0704708099365234
	1.0702909231185913
	1.0701203346252441
	1.0699501037597656
	1.069779634475708
	1.0696215629577637
	1.0694377422332764
	1.0692710876464844
	1.0691066980361938
	1.06892991065979
	1.068743109703064
	1.0685889720916748
	1.06842041015625
	1.0682470798492432
	1.0680698156356812
	1.0679184198379517
	1.0677666664123535
	1.0675938129425049
	1.0674339532852173
	1.0672786235809326
	1.067118525505066
	1.0669406652450562
	1.0667736530303955
	1.066591501235962
	1.0664114952087402
	1.0662630796432495
	1.0661062002182007
	1.065943717956543
	1.065790057182312
	1.0656293630599976
	1.0654774904251099
	1.0653140544891357
	1.065139889717102
	1.0649839639663696
	1.064810037612915
	1.06464421749115
	1.0644680261611938
	1.0643168687820435
	1.0641615390777588
	1.0640060901641846
	1.0638580322265625
	1.063694715499878
	1.0635408163070679
	1.06337571144104
	1.063231110572815
	1.0630754232406616
	1.062910556793213
	1.0627484321594238
	1.062610387802124
	1.0624439716339111
	1.0622961521148682
	1.0621346235275269
	1.0619720220565796
	1.0618109703063965
	1.061650276184082
	1.0614837408065796
	1.0613247156143188
	1.0611727237701416
	1.0610250234603882
	1.0608844757080078
	1.060738444328308
	1.0605868101119995
	1.0604467391967773
	1.0602960586547852
	1.060145378112793
	1.0599926710128784
	1.05984628200531
	1.059693694114685
	1.0595489740371704
	1.059401512145996
	1.0592436790466309
	1.0590870380401611
	1.0589396953582764
	1.05878746509552
	1.0586374998092651
	1.0584921836853027
	1.058342695236206
	1.0581964254379272
	1.058053731918335
	1.0579081773757935
	1.0577657222747803
	1.057612419128418
	1.0574805736541748
	1.0573313236236572
	1.0571725368499756
	1.0570249557495117
	1.0569006204605103
	1.056770920753479
	1.056626796722412
	1.0564830303192139
	1.0563548803329468
	1.0562127828598022
	1.0560492277145386
	1.055894136428833
	1.0557609796524048
	1.05561363697052
	1.0554697513580322
	1.055335521697998
	1.0551981925964355
	1.0550562143325806
	1.0549266338348389
	1.0547912120819092
	1.0546523332595825
	1.0545122623443604
	1.0543729066848755
	1.0542411804199219
	1.054102897644043
	1.0539590120315552
	1.0538355112075806
	1.0536983013153076
	1.0535554885864258
	1.0534182786941528
	1.0532830953598022
	1.053157091140747
	1.0530149936676025
	1.052886962890625
	1.052756428718567
	1.0526156425476074
	1.0524953603744507
	1.0523520708084106
	1.0522056818008423
	1.0520740747451782
	1.0519498586654663
	1.051817774772644
	1.051683783531189
	1.0515466928482056
	1.051422357559204
	1.0512869358062744
	1.051171064376831
	1.051056146621704
	1.050933599472046
	1.0508081912994385
	1.0506876707077026
	1.0505660772323608
	1.0504344701766968
	1.0503199100494385
	1.0501971244812012
	1.050062894821167
	1.0499347448349
	1.0497945547103882
	1.0496665239334106
	1.049543857574463
	1.0494105815887451
	1.0492831468582153
	1.0491459369659424
	1.049023151397705
	1.0489003658294678
	1.0487655401229858
	1.048636794090271
	1.0485228300094604
	1.0484005212783813
	1.0482730865478516
	1.0481517314910889
	1.048051118850708
	1.047925591468811
	1.0478010177612305
	1.047672152519226
	1.0475444793701172
	1.0474108457565308
	1.047289490699768
	1.0471562147140503
	1.0470292568206787
	1.0469069480895996
	1.0467686653137207
	1.0466455221176147
	1.046515941619873
	1.0463815927505493
	1.0462515354156494
	1.0461268424987793
	1.046014428138733
	1.0459039211273193
	1.045781135559082
	1.0456595420837402
	1.045542597770691
	1.0454144477844238
	1.0453062057495117
	1.0451894998550415
	1.0450644493103027
	1.0449402332305908
	1.044823408126831
	1.0447078943252563
	1.0445843935012817
	1.0444661378860474
	1.0443425178527832
	1.044223666191101
	1.0441139936447144
	1.0439945459365845
	1.043876051902771
	1.0437371730804443
	1.0436097383499146
	1.0434843301773071
	1.0433759689331055
	1.0432465076446533
	1.0431383848190308
	1.043021321296692
	1.0429153442382812
	1.0427942276000977
	1.0426747798919678
	1.0425620079040527
	1.0424429178237915
	1.0423327684402466
	1.0422183275222778
	1.0421013832092285
	1.0419814586639404
	1.0418767929077148
	1.0417702198028564
	1.0416574478149414
	1.0415489673614502
	1.0414373874664307
	1.0413322448730469
	1.0412229299545288
	1.041108250617981
	1.0410064458847046
	1.0408985614776611
	1.040793538093567
	1.0406792163848877
	1.0405597686767578
	1.0404449701309204
	1.0403366088867188
	1.0402294397354126
	1.040110468864441
	1.0399999618530273
	1.0398813486099243
	1.0397719144821167
	1.0396629571914673
	1.0395714044570923
	1.0394610166549683
	1.0393563508987427
	1.0392557382583618
	1.0391395092010498
	1.039023995399475
	1.0389140844345093
	1.0388096570968628
	1.0386979579925537
	1.0385987758636475
	1.0384743213653564
	1.038355827331543
	1.0382533073425293
	1.0381567478179932
	1.0380550622940063
	1.0379472970962524
	1.037829875946045
	1.0377222299575806
	1.0376229286193848
	1.03751802444458
	1.0374218225479126
	1.0373079776763916
	1.0372003316879272
	1.037100076675415
	1.0370054244995117
	1.0368965864181519
	1.036787748336792
	1.0366804599761963
	1.0365703105926514
	1.0364625453948975
	1.0363492965698242
	1.036238193511963
	1.0361305475234985
	1.036023497581482
	1.0359123945236206
	1.0357897281646729
	1.0356779098510742
	1.035563349723816
	1.0354416370391846
	1.0353394746780396
	1.035225510597229
	1.0351163148880005
	1.0350159406661987
	1.0349197387695312
	1.0348211526870728
	1.0347317457199097
	1.0346397161483765
	1.0345375537872314
	1.034433126449585
	1.0343400239944458
	1.034238338470459
	1.0341376066207886
	1.0340330600738525
	1.0339349508285522
	1.0338350534439087
	1.0337426662445068
	1.0336272716522217
	1.0335346460342407
	1.0334272384643555
	1.0333397388458252
	1.033239722251892
	1.0331236124038696
	1.0330228805541992
	1.03292715549469
	1.0328184366226196
	1.0327374935150146
	1.0326404571533203
	1.032543659210205
	1.0324437618255615
	1.0323486328125
	1.032247543334961
	1.0321530103683472
	1.032061219215393
	1.0319679975509644
	1.0318690538406372
	1.0317714214324951
	1.0316799879074097
	1.0315896272659302
	1.0314897298812866
	1.0313947200775146
	1.0313117504119873
	1.0312213897705078
	1.0311167240142822
	1.0310221910476685
	1.0309168100357056
	1.0308246612548828
	1.0307384729385376
	1.0306460857391357
	1.030547022819519
	1.030440330505371
	1.0303432941436768
	1.0302484035491943
	1.0301508903503418
	1.0300618410110474
	1.02996826171875
	1.0298758745193481
	1.0297831296920776
	1.02968430519104
	1.0295970439910889
	1.0295133590698242
	1.0294232368469238
	1.0293289422988892
	1.029235601425171
	1.0291534662246704
	1.0290554761886597
	1.0289620161056519
	1.0288790464401245
	1.028796911239624
	1.0286933183670044
	1.0286070108413696
	1.0285124778747559
	1.0284206867218018
	1.0283396244049072
	1.0282479524612427
	1.0281651020050049
	1.0280622243881226
	1.02796471118927
	1.0278793573379517
	1.0277862548828125
	1.027696967124939
	1.0276167392730713
	1.0275286436080933
	1.0274394750595093
	1.0273444652557373
	1.0272475481033325
	1.0271586179733276
	1.027061104774475
	1.0269695520401
	1.0268837213516235
	1.0267961025238037
	1.0267243385314941
	1.0266339778900146
	1.0265496969223022
	1.026473045349121
	1.0263952016830444
	1.0262998342514038
	1.0262162685394287
	1.0261212587356567
	1.0260412693023682
	1.0259531736373901
	1.0258678197860718
	1.0257784128189087
	1.0256861448287964
	1.0255992412567139
	1.0255180597305298
	1.025435209274292
	1.0253534317016602
	1.0252797603607178
	1.0251965522766113
	1.025113821029663
	1.0250223875045776
	1.0249450206756592
	1.0248570442199707
	1.0247701406478882
	1.0246901512145996
	1.024633765220642
	1.0245610475540161
	1.0244827270507812
	1.0243937969207764
	1.0243154764175415
	1.024219036102295
	1.0241316556930542
	1.0240427255630493
	1.0239602327346802
	1.023864507675171
	1.023776888847351
	1.0236854553222656
	1.0235925912857056
	1.0235079526901245
	1.0234163999557495
	1.023327112197876
	1.023232340812683
	1.023154616355896
	1.0230642557144165
	1.0229884386062622
	1.022910237312317
	1.022835612297058
	1.0227597951889038
	1.022679090499878
	1.022589921951294
	1.0225121974945068
	1.0224308967590332
	1.0223394632339478
	1.022274374961853
	1.0221971273422241
	1.0221174955368042
	1.0220311880111694
	1.021948218345642
	1.0218619108200073
	1.0217790603637695
	1.0217005014419556
	1.021621823310852
	1.0215398073196411
	1.0214391946792603
	1.021371603012085
	1.0212996006011963
	1.0212149620056152
	1.021127700805664
	1.0210328102111816
	1.020959734916687
	1.0208871364593506
	1.0208247900009155
	1.0207502841949463
	1.020666480064392
	1.0205947160720825
	1.0205309391021729
	1.020460844039917
	1.0203901529312134
	1.0203088521957397
	1.020233392715454
	1.0201619863510132
	1.0200905799865723
	1.0200058221817017
	1.0199320316314697
	1.0198640823364258
	1.0197910070419312
	1.0197128057479858
	1.0196213722229004
	1.0195503234863281
	1.0194741487503052
	1.019403338432312
	1.0193349123001099
	1.0192557573318481
	1.0191917419433594
	1.019120693206787
	1.0190435647964478
	1.0189645290374756
	1.0188974142074585
	1.0188204050064087
	1.0187404155731201
	1.0186594724655151
	1.0185872316360474
	1.018513560295105
	1.018451452255249
	1.018376111984253
	1.0183035135269165
	1.0182299613952637
	1.0181490182876587
	1.018078327178955
	1.017993688583374
	1.0179263353347778
	1.0178624391555786
	1.0177909135818481
	1.0177161693572998
	1.017662763595581
	1.017586350440979
	1.0175230503082275
	1.0174522399902344
	1.0173782110214233
	1.017303705215454
	1.0172457695007324
	1.0171828269958496
	1.0171042680740356
	1.01701819896698
	1.0169466733932495
	1.0168720483779907
	1.0168081521987915
	1.0167316198349
	1.0166536569595337
	1.0165950059890747
	1.016527533531189
	1.0164568424224854
	1.0163886547088623
	1.0163342952728271
	1.0162620544433594
	1.016188383102417
	1.0161226987838745
	1.0160470008850098
	1.015971064567566
	1.0159062147140503
	1.0158427953720093
	1.0157687664031982
	1.0157002210617065
	1.0156360864639282
	1.0155789852142334
	1.0155082941055298
	1.015444040298462
	1.0153652429580688
	1.0153038501739502
	1.0152397155761719
	1.0151749849319458
	1.015114188194275
	1.015048861503601
	1.0149871110916138
	1.0149091482162476
	1.0148484706878662
	1.0147899389266968
	1.0147258043289185
	1.0146538019180298
	1.01458740234375
	1.0145201683044434
	1.0144546031951904
	1.014392614364624
	1.0143431425094604
	1.0142766237258911
	1.0142089128494263
	1.0141476392745972
	1.0140794515609741
	1.014013648033142
	1.0139479637145996
	1.0138863325119019
	1.0138174295425415
	1.013766884803772
	1.0136908292770386
	1.0136247873306274
	1.0135475397109985
	1.013473391532898
	1.0134224891662598
	1.0133554935455322
	1.0132906436920166
	1.0132198333740234
	1.013158917427063
	1.013093113899231
	1.013029932975769
	1.0129716396331787
	1.0129194259643555
	1.0128594636917114
	1.012791633605957
	1.012715220451355
	1.0126540660858154
	1.0125987529754639
	1.0125387907028198
	1.0124762058258057
	1.0124168395996094
	1.012349247932434
	1.012281894683838
	1.012216567993164
	1.0121504068374634
	1.0120917558670044
	1.0120290517807007
	1.0119677782058716
	1.0119078159332275
	1.0118467807769775
	1.0117963552474976
	1.0117299556732178
	1.011661171913147
	1.0115978717803955
	1.0115430355072021
	1.0114727020263672
	1.0113970041275024
	1.0113548040390015
	1.0112720727920532
	1.0112025737762451
	1.0111523866653442
	1.0110856294631958
	1.0110151767730713
	1.0109590291976929
	1.0109047889709473
	1.0108370780944824
	1.0107746124267578
	1.0107214450836182
	1.010676622390747
	1.0106205940246582
	1.0105708837509155
	1.0105257034301758
	1.0104659795761108
	1.0104106664657593
	1.010354995727539
	1.0103005170822144
	1.010239839553833
	1.0101852416992188
	1.0101265907287598
	1.010069489479065
	1.0099962949752808
	1.0099332332611084
	1.0098785161972046
	1.009819507598877
	1.0097813606262207
	1.0097440481185913
	1.0096874237060547
	1.0096435546875
	1.0095899105072021
	1.0095335245132446
	1.009489893913269
	1.0094436407089233
	1.0093889236450195
	1.0093317031860352
	1.0092816352844238
	1.0092272758483887
	1.0091674327850342
	1.0091131925582886
	1.0090662240982056
	1.0090100765228271
	1.0089614391326904
	1.008901596069336
	1.0088393688201904
	1.0087851285934448
	1.0087306499481201
	1.0086746215820312
	1.008609652519226
	1.0085574388504028
	1.0085039138793945
	1.008465051651001
	1.0084158182144165
	1.0083526372909546
	1.0083047151565552
	1.0082629919052124
	1.0082205533981323
	1.0081787109375
	1.0081342458724976
	1.008093237876892
	1.0080441236495972
	1.0080015659332275
	1.0079545974731445
	1.0078940391540527
	1.0078554153442383
	1.0078089237213135
	1.0077670812606812
	1.007712960243225
	1.0076580047607422
	1.0076066255569458
	1.0075452327728271
	1.0075039863586426
	1.0074578523635864
	1.0074142217636108
	1.0073670148849487
	1.0073260068893433
	1.0072768926620483
	1.0072250366210938
	1.0071767568588257
	1.0071213245391846
	1.0070784091949463
	1.0070345401763916
	1.0070006847381592
	1.006955623626709
	1.006904125213623
	1.0068539381027222
	1.0068036317825317
	1.0067585706710815
	1.0067005157470703
	1.0066579580307007
	1.006616473197937
	1.0065789222717285
	1.0065383911132812
	1.0064903497695923
	1.0064438581466675
	1.0064032077789307
	1.0063471794128418
	1.0063046216964722
	1.0062588453292847
	1.0062028169631958
	1.0061633586883545
	1.0061103105545044
	1.0060681104660034
	1.0060092210769653
	1.0059622526168823
	1.0059236288070679
	1.0058759450912476
	1.005834937095642
	1.005797266960144
	1.0057454109191895
	1.005711555480957
	1.0056605339050293
	1.0056172609329224
	1.00557541847229
	1.0055241584777832
	1.0054826736450195
	1.005439281463623
	1.005392074584961
	1.0053579807281494
	1.005308747291565
	1.0052670240402222
	1.005222201347351
	1.005178451538086
	1.0051370859146118
	1.0050930976867676
	1.0050554275512695
	1.0050047636032104
	1.0049562454223633
	1.0049152374267578
	1.0048679113388062
	1.0048210620880127
	1.0047719478607178
	1.0047268867492676
	1.0046743154525757
	1.0046337842941284
	1.004593014717102
	1.0045461654663086
	1.004502773284912
	1.0044652223587036
	1.0044240951538086
	1.0043765306472778
	1.0043447017669678
	1.0043103694915771
	1.0042767524719238
	1.0042388439178467
	1.0042015314102173
	1.0041581392288208
	1.0041059255599976
	1.0040749311447144
	1.0040355920791626
	1.0039973258972168
	1.0039645433425903
	1.0039260387420654
	1.0038831233978271
	1.0038353204727173
	1.0037949085235596
	1.00375497341156
	1.0037178993225098
	1.0036773681640625
	1.0036356449127197
	1.003600835800171
	1.003562092781067
	1.0035139322280884
	1.0034723281860352
	1.003434419631958
	1.003385066986084
	1.0033522844314575
	1.003308653831482
	1.0032601356506348
	1.0032323598861694
	1.003190517425537
	1.0031684637069702
	1.0031391382217407
	1.003108263015747
	1.0030765533447266
	1.0030441284179688
	1.0030103921890259
	1.0029631853103638
	1.0029224157333374
	1.0028876066207886
	1.002859115600586
	1.0028181076049805
	1.0027869939804077
	1.0027446746826172
	1.0027108192443848
	1.0026620626449585
	1.0026136636734009
	1.0025825500488281
	1.002546787261963
	1.002524495124817
	1.0024845600128174
	1.0024597644805908
	1.0024281740188599
	1.002392053604126
	1.0023458003997803
	1.0023059844970703
	1.0022779703140259
	1.0022475719451904
	1.0022135972976685
	1.0021851062774658
	1.0021483898162842
	1.0021101236343384
	1.0020712614059448
	1.0020384788513184
	1.0019949674606323
	1.0019611120224
	1.0019375085830688
	1.0019166469573975
	1.00188410282135
	1.0018467903137207
	1.0018068552017212
	1.0017787218093872
	1.001747727394104
	1.001700520515442
	1.0016674995422363
	1.0016456842422485
	1.0016204118728638
	1.0015920400619507
	1.0015538930892944
	1.0015130043029785
	1.001487374305725
	1.0014536380767822
	1.0014212131500244
	1.0013911724090576
	1.0013607740402222
	1.0013306140899658
	1.001305341720581
	1.001265287399292
	1.001226782798767
	1.001190185546875
	1.0011610984802246
	1.0011199712753296
	1.0010950565338135
	1.0010608434677124
	1.0010300874710083
	1.0010091066360474
	1.0009758472442627
	1.0009372234344482
	1.0009022951126099
	1.0008714199066162
	1.0008360147476196
	1.0007981061935425
	1.0007696151733398
	1.0007407665252686
	1.000709056854248
	1.0006791353225708
	1.0006544589996338
	1.000627875328064
	1.0005921125411987
	1.000560998916626
	1.0005215406417847
	1.0004887580871582
	1.0004498958587646
	1.0004143714904785
	1.0003901720046997
	1.000359058380127
	1.0003242492675781
	1.0002870559692383
	1.0002542734146118
	1.000231385231018
	1.000212550163269
	1.0001782178878784
	1.0001424551010132
	1.000114917755127
	1.0000666379928589
	1.000034213066101
	1.0000008344650269
	0.999982476234436
	0.9999486804008484
	0.9999204277992249
	0.9998831748962402
	0.9998641610145569
	0.9998440146446228
	0.9998147487640381
	0.9997841715812683
	0.9997671246528625
	0.9997397065162659
	0.9997060298919678
	0.9996841549873352
	0.9996544122695923
	0.999623715877533
	0.9995957016944885
	0.9995664358139038
	0.9995402693748474
	0.9994930624961853
	0.9994686841964722
	0.9994294047355652
	0.9993990063667297
	0.9993693232536316
	0.9993407726287842
	0.9993156790733337
	0.9992921948432922
	0.9992652535438538
	0.9992406964302063
	0.999213457107544
	0.9991858601570129
	0.9991503953933716
	0.9991172552108765
	0.9990803599357605
	0.9990532994270325
	0.9990187287330627
	0.9989891052246094
	0.9989574551582336
	0.9989314079284668
	0.9988985061645508
	0.9988703727722168
	0.9988446235656738
	0.9988198280334473
	0.9988020658493042
	0.9987694621086121
	0.9987410306930542
	0.9987169504165649
	0.9986830949783325
	0.9986608624458313
	0.998630702495575
	0.998603343963623
	0.9985857605934143
	0.9985587000846863
	0.998528003692627
	0.9985056519508362
	0.998479425907135
	0.9984610080718994
	0.9984357953071594
	0.9984102845191956
	0.9983665943145752
	0.9983463883399963
	0.998319685459137
	0.9982916116714478
	0.9982669353485107
	0.9982349872589111
	0.9982126951217651
	0.9981856346130371
	0.9981653690338135
	0.9981315732002258
	0.9981095194816589
	0.9980785250663757
	0.9980483055114746
	0.9980283379554749
	0.9979961514472961
	0.9979775547981262
	0.9979457259178162
	0.997920572757721
	0.9978845715522766
	0.9978676438331604
	0.9978287816047668
	0.997805118560791
	0.9977693557739258
	0.9977328777313232
	0.997708261013031
	0.9976930022239685
	0.9976745247840881
	0.9976522326469421
	0.9976363778114319
	0.997610330581665
	0.9975784420967102
	0.9975499510765076
	0.9975317120552063
	0.9974974393844604
	0.997458279132843
	0.9974326491355896
	0.9974098205566406
	0.9973858594894409
	0.9973651766777039
	0.9973418712615967
	0.9973127841949463
	0.9972912073135376
	0.9972672462463379
	0.9972455501556396
	0.9972320199012756
	0.9972121715545654
	0.9971814751625061
	0.9971625208854675
	0.9971378445625305
	0.9971071481704712
	0.9970957636833191
	0.9970766305923462
	0.9970512986183167
	0.9970294237136841
	0.9970023036003113
	0.9969823360443115
	0.9969457983970642
	0.9969202280044556
	0.9968995451927185
	0.9968788027763367
	0.9968578219413757
	0.9968353509902954
	0.9967957139015198
	0.9967645406723022
	0.9967342615127563
	0.9967093467712402
	0.9966863989830017
	0.9966597557067871
	0.9966508150100708
	0.9966266751289368
	0.9966030120849609
	0.9965730905532837
	0.9965478777885437
	0.9965240955352783
	0.9964978694915771
	0.996476948261261
	0.9964533448219299
	0.9964414238929749
	0.996417760848999
	0.9963992834091187
	0.9963808655738831
	0.996364176273346
	0.9963441491127014
	0.9963244199752808
	0.9962984323501587
	0.9962795376777649
	0.9962496161460876
	0.9962449669837952
	0.9962219595909119
	0.9961950778961182
	0.9961763024330139
	0.9961608648300171
	0.996130108833313
	0.9961103796958923
	0.9960876107215881
	0.9960685968399048
	0.9960495233535767
	0.9960246086120605
	0.9960041642189026
	0.9959834218025208
	0.9959650039672852
	0.99594646692276
	0.9959201216697693
	0.9958925843238831
	0.9958823919296265
	0.9958598017692566
	0.9958388805389404
	0.9958069920539856
	0.9957816004753113
	0.9957538843154907
	0.995741605758667
	0.9957307577133179
	0.9957079291343689
	0.9956852793693542
	0.9956763386726379
	0.995656430721283
	0.9956419467926025
	0.9956339001655579
	0.9956086277961731
	0.9955952763557434
	0.9955868124961853
	0.9955687522888184
	0.9955540299415588
	0.9955485463142395
	0.995537281036377
	0.9955120086669922
	0.9954851269721985
	0.9954663515090942
	0.9954406023025513
	0.9954224228858948
	0.995403528213501
	0.9953737854957581
	0.9953530430793762
	0.9953278303146362
	0.9953057169914246
	0.9952868223190308
	0.9952664375305176
	0.9952507615089417
	0.9952188730239868
	0.995209813117981
	0.9951844215393066
	0.9951603412628174
	0.9951401352882385
	0.9951315522193909
	0.9951241612434387
	0.9951035380363464
	0.9950929880142212
	0.9950814247131348
	0.9950595498085022
	0.9950469136238098
	0.995029866695404
	0.9950065016746521
	0.994990348815918
	0.9949630498886108
	0.9949445128440857
	0.994933545589447
	0.9949348568916321
	0.9949206113815308
	0.9949014186859131
	0.9948895573616028
	0.9948688745498657
	0.9948541522026062
	0.9948272705078125
	0.9948049783706665
	0.994802713394165
	0.994783878326416
	0.994764506816864
	0.994753897190094
	0.9947212934494019
	0.9947119951248169
	0.9946996569633484
	0.9946863055229187
	0.9946649670600891
	0.9946467280387878
	0.9946221709251404
	0.9946067929267883
	0.9945956468582153
	0.9945818185806274
	0.9945597648620605
	0.9945370554924011
	0.9945168495178223
	0.9944916367530823
	0.9944742321968079
	0.9944437742233276
	0.9944278597831726
	0.9944166541099548
	0.9944037795066833
	0.9943880438804626
	0.9943770170211792
	0.9943554997444153
	0.9943417906761169
	0.9943141341209412
	0.9943138360977173
	0.9942964911460876
	0.9942858219146729
	0.9942652583122253
	0.9942554831504822
	0.9942386150360107
	0.9942272901535034
	0.9942016005516052
	0.9941842555999756
	0.9941733479499817
	0.9941554069519043
	0.9941280484199524
	0.9941098093986511
	0.9941011667251587
	0.9940738677978516
	0.9940385818481445
	0.9940108060836792
	0.9939872622489929
	0.9939619302749634
	0.9939507842063904
	0.9939247965812683
	0.9939011931419373
	0.9938921928405762
	0.9938684105873108
	0.99385005235672
	0.9938296675682068
	0.9938187599182129
	0.9938031435012817
	0.9937933683395386
	0.9937818050384521
	0.9937724471092224
	0.9937554597854614
	0.9937435388565063
	0.9937229156494141
	0.9937055706977844
	0.9936935305595398
	0.9936748147010803
	0.9936668276786804
	0.9936444163322449
	0.9936200380325317
	0.9936089515686035
	0.9935956597328186
	0.9935787320137024
	0.9935567378997803
	0.9935428500175476
	0.9935279488563538
	0.9935142993927002
	0.9934951663017273
	0.9934682846069336
	0.9934597611427307
	0.9934505224227905
	0.9934411644935608
	0.993432343006134
	0.9934248924255371
	0.9934083819389343
	0.9933865666389465
	0.9933716654777527
	0.9933597445487976
	0.9933499693870544
	0.9933273792266846
	0.9933134317398071
	0.9932861924171448
	0.9932759404182434
	0.9932669401168823
	0.9932536482810974
	0.9932299256324768
	0.9932085871696472
	0.9931892156600952
	0.9931765794754028
	0.9931652545928955
	0.9931516051292419
	0.9931284785270691
	0.993113100528717
	0.9931003451347351
	0.9930751323699951
	0.9930623173713684
	0.9930498003959656
	0.99303138256073
	0.9930212497711182
	0.9930049180984497
	0.9929883480072021
	0.9929773807525635
	0.9929652810096741
	0.9929433465003967
	0.9929227828979492
	0.9929049015045166
	0.9928861260414124
	0.9928688406944275
	0.9928514957427979
	0.9928373098373413
	0.9928220510482788
	0.9928017258644104
	0.9927864074707031
	0.9927797913551331
	0.99275803565979
	0.9927419424057007
	0.9927194714546204
	0.992702305316925
	0.9926823973655701
	0.9926647543907166
	0.9926559329032898
	0.9926405549049377
	0.9926284551620483
	0.9926072955131531
	0.992592453956604
	0.992581844329834
	0.9925695657730103
	0.9925566911697388
	0.9925534129142761
	0.9925438761711121
	0.9925283789634705
	0.9925107359886169
	0.9924986958503723
	0.9924907088279724
	0.9924787878990173
	0.9924649000167847
	0.9924517273902893
	0.9924336671829224
	0.9924150705337524
	0.9924033284187317
	0.9923881888389587
	0.9923713803291321
	0.9923621416091919
	0.9923410415649414
	0.992328941822052
	0.9923112988471985
	0.9923033714294434
	0.9922938942909241
	0.9922876358032227
	0.9922809600830078
	0.9922669529914856
	0.9922563433647156
	0.9922416806221008
	0.9922488927841187
	0.9922323226928711
	0.9922225475311279
	0.9922106266021729
	0.9922072291374207
	0.992192268371582
	0.9921838045120239
	0.9921685457229614
	0.9921502470970154
	0.9921371936798096
	0.9921231269836426
	0.992106020450592
	0.992081344127655
	0.9920675754547119
	0.9920564889907837
	0.9920347929000854
	0.9920327067375183
	0.9920429587364197
	0.9920339584350586
	0.9920180439949036
	0.9920372366905212
	0.9920241832733154
	0.9920172095298767
	0.9920017719268799
	0.9919893145561218
	0.9919688105583191
	0.9919552803039551
	0.991950273513794
	0.991937518119812
	0.9919103980064392
	0.9919074773788452
	0.9918978810310364
	0.9918875694274902
	0.9918802976608276
	0.9918681383132935
	0.991858720779419
	0.991861879825592
	0.9918462038040161
	0.9918403029441833
	0.9918266534805298
	0.9918141961097717
	0.9917989373207092
	0.9917848706245422
	0.9917730093002319
	0.9917669296264648
	0.9917654395103455
	0.9917466044425964
	0.9917357563972473
	0.9917263984680176
	0.9917162656784058
	0.991706371307373
	0.9916979074478149
	0.9916894435882568
	0.9916830062866211
	0.9916669130325317
	0.9916586875915527
	0.9916497468948364
	0.991640567779541
	0.9916321039199829
	0.9916296005249023
	0.9916223287582397
	0.9916031360626221
	0.991594672203064
	0.9915856122970581
	0.9915809035301208
	0.9915750026702881
	0.9915575385093689
	0.9915496706962585
	0.9915423393249512
	0.9915422797203064
	0.9915263652801514
	0.9915083646774292
	0.9915004372596741
	0.9914948344230652
	0.9914951920509338
	0.9914824962615967
	0.9914770722389221
	0.9914733171463013
	0.9914591312408447
	0.9914510250091553
	0.9914602637290955
	0.9914507865905762
	0.9914438724517822
	0.9914289712905884
	0.9914242029190063
	0.9914131760597229
	0.9914043545722961
	0.991399884223938
	0.9913915991783142
	0.9913788437843323
	0.9913727641105652
	0.9913586378097534
	0.9913498759269714
	0.9913403391838074
	0.9913247227668762
	0.9913068413734436
	0.9912893176078796
	0.9912766814231873
	0.9912736415863037
	0.9912639260292053
	0.9912626147270203
	0.9912468791007996
	0.9912430644035339
	0.9912421107292175
	0.9912249445915222
	0.991226077079773
	0.9912155866622925
	0.991204559803009
	0.9912015795707703
	0.9911883473396301
	0.9911858439445496
	0.9911763668060303
	0.991162896156311
	0.9911528825759888
	0.9911454319953918
	0.9911299347877502
	0.9911208152770996
	0.9911012649536133
	0.9910919070243835
	0.9910876154899597
	0.9910829663276672
	0.991070032119751
	0.991058886051178
	0.9910591244697571
	0.9910515546798706
	0.9910413026809692
	0.9910324811935425
	0.9910231232643127
	0.991018533706665
	0.991004467010498
	0.990990936756134
	0.9909831285476685
	0.9909677505493164
	0.9909626245498657
	0.9909519553184509
	0.9909352660179138
	0.9909315705299377
	0.9909273982048035
	0.9909175634384155
	0.9909136891365051
	0.9909055233001709
	0.9909049272537231
	0.9909026622772217
	0.9908958077430725
	0.9909030199050903
	0.9908909201622009
	0.9908865690231323
	0.99088454246521
	0.9908806085586548
	0.9908680319786072
	0.9908543229103088
	0.990842878818512
	0.990829586982727
	0.9908254742622375
	0.9908192753791809
	0.99081951379776
	0.9908084273338318
	0.9907962083816528
	0.9907856583595276
	0.9907752275466919
	0.9907758235931396
	0.9907605648040771
	0.9907537698745728
	0.9907500743865967
	0.9907415509223938
	0.9907359480857849
	0.9907283782958984
	0.9907329082489014
	0.99074786901474
	0.990736186504364
	0.9907312989234924
	0.9907187223434448
	0.990712583065033
	0.9907016158103943
	0.9906815886497498
	0.9906752705574036
	0.9906663298606873
	0.990663468837738
	0.990658700466156
	0.9906437993049622
	0.9906349182128906
	0.9906220436096191
	0.990615725517273
	0.9906013011932373
	0.9905974864959717
	0.9905932545661926
	0.9905903339385986
	0.9905871748924255
	0.9905803203582764
	0.9905648827552795
	0.9905470013618469
	0.9905470013618469
	0.9905411005020142
	0.9905356168746948
	0.9905340075492859
	0.9905290603637695
	0.9905274510383606
	0.9905111193656921
	0.9904984831809998
	0.9904906749725342
	0.9904842972755432
	0.9905038475990295
	0.9904980659484863
	0.9904935956001282
	0.9904850125312805
	0.990486741065979
	0.9904736876487732
	0.990474283695221
	0.9904739856719971
	0.9904699921607971
	0.9904723167419434
	0.9904730916023254
	0.990471363067627
	0.9904671907424927
	0.9904587864875793
	0.9904505610466003
	0.9904406070709229
	0.9904289245605469
	0.9904171228408813
	0.9904125928878784
	0.9904093146324158
	0.9904018640518188
	0.9904006123542786
	0.9903973340988159
	0.9903988838195801
	0.990393340587616
	0.9903758764266968
	0.9903806447982788
	0.9903839826583862
	0.9903783202171326
	0.9903775453567505
	0.9903659820556641
	0.9903604984283447
	0.9903497695922852
	0.9903442859649658
	0.9903271794319153
	0.9903219938278198
	0.9903250336647034
	0.9903194308280945
	0.990305483341217
	0.9902992248535156
	0.9902903437614441
	0.9902820587158203
	0.9902796745300293
	0.9902706742286682
	0.9902564287185669
	0.9902567267417908
	0.9902445077896118
	0.9902482032775879
	0.9902591109275818
	0.9902602434158325
	0.9902668595314026
	0.9902631044387817
	0.9902569651603699
	0.9902564883232117
	0.9902535080909729
	0.9902446866035461
	0.9902451038360596
	0.9902439117431641
	0.9902492761611938
	0.9902472496032715
	0.9902512431144714
	0.9902472496032715
	0.9902439713478088
	0.9902334809303284
	0.9902259111404419
	0.9902158379554749
	0.9902063608169556
	0.9901999235153198
	0.9901949167251587
	0.9901806116104126
	0.9901791214942932
	0.9901741743087769
	0.990169107913971
	0.9901630282402039
	0.9901564717292786
	0.9901500940322876
	0.9901460409164429
	0.9901354908943176
	0.9901254177093506
	0.9901160001754761
	0.9901037812232971
	0.9900995492935181
	0.9900988936424255
	0.9900857210159302
	0.9900954961776733
	0.9900922775268555
	0.990083634853363
	0.9900709390640259
	0.9900733232498169
	0.99007648229599
	0.9900632500648499
	0.9900609254837036
	0.9900579452514648
	0.9900525212287903
	0.9900459051132202
	0.9900363683700562
	0.9900234937667847
	0.9900214672088623
	0.9900208711624146
	0.990014910697937
	0.990005612373352
	0.989992082118988
	0.9899936318397522
	0.9899967312812805
	0.9899914264678955
	0.9899889230728149
	0.9899923205375671
	0.9899912476539612
	0.9899846911430359
	0.9899781346321106
	0.9899688959121704
	0.9899688959121704
	0.9899775981903076
	0.9899691939353943
	0.9899628758430481
	0.9899587035179138
	0.989946186542511
	0.9899325966835022
	0.9899262189865112
	0.9899254441261292
	0.9899147152900696
	0.9899076223373413
	0.9899117350578308
	0.9899179339408875
	0.9899010062217712
	0.9898930191993713
	0.989876925945282
	0.9898656010627747
	0.9898657202720642
	0.9898569583892822
	0.9898465871810913
	0.9898388981819153
	0.9898406863212585
	0.9898524284362793
	0.9898483753204346
	0.9898349642753601
	0.9898163080215454
	0.9898099303245544
	0.9898048043251038
	0.9898043274879456
	0.9898052215576172
	0.9898144602775574
	0.9898118376731873
	0.9897916913032532
	0.989791750907898
	0.9897964596748352
	0.9897912740707397
	0.9897932410240173
	0.9897935390472412
	0.9897899031639099
	0.9897820949554443
	0.9897798299789429
	0.9897783994674683
	0.9897722601890564
	0.9897608757019043
	0.9897632002830505
	0.9897475242614746
	0.9897416234016418
	0.9897332787513733
	0.9897300601005554
	0.989733874797821
	0.9897211194038391
	0.9897189140319824
	0.9897146821022034
	0.9897071123123169
	0.9897067546844482
	0.9897028207778931
	0.9897003769874573
	0.989691972732544
	0.9896881580352783
	0.9896849989891052
	0.9896905422210693
	0.98969566822052
	0.9896930456161499
	0.989688515663147
	0.9896929860115051
	0.9896904230117798
	0.9896803498268127
	0.9896771311759949
	0.9896715879440308
	0.9896672368049622
	0.9896663427352905
	0.989677369594574
	0.9896768927574158
	0.9896823167800903
	0.9896842241287231
	0.9896883368492126
	0.9896830916404724
	0.9896738529205322
	0.9896685481071472
	0.9896647334098816
	0.9896666407585144
	0.9896599650382996
	0.9896653294563293
	0.9896720051765442
	0.9896736741065979
	0.9896715879440308
	0.9896695017814636
	0.9896638989448547
	0.9896543025970459
	0.9896634817123413
	0.9896637797355652
	0.9896666407585144
	0.9896615147590637
	0.9896684288978577
	0.9896602630615234
	0.9896571040153503
	0.9896601438522339
	0.9896628260612488
	0.9896603226661682
	0.9896501302719116
	0.9896501898765564
	0.9896450042724609
	0.9896366596221924
	0.9896435737609863
	0.9896417856216431
	0.9896374344825745
	0.9896353483200073
	0.9896259903907776
	0.9896377325057983
	0.989646852016449
	0.9896619915962219
	0.9896706342697144
	0.9896757006645203
	0.9896618723869324
	0.9896541833877563
	0.9896546006202698
	0.9896488189697266
	0.9896361827850342
	0.989631712436676
	0.9896274209022522
	0.9896290302276611
	0.9896143674850464
	0.989605188369751
	0.9896016120910645
	0.9895921349525452
	0.9895901679992676
	0.9895899891853333
	0.9895856380462646
	0.9895856976509094
	0.9895749092102051
	0.9895726442337036
	0.9895756244659424
	0.9895731806755066
	0.9895737171173096
	0.9895659685134888
	0.9895526766777039
	0.9895482659339905
	0.9895485043525696
	0.9895557761192322
	0.9895533323287964
	0.9895500540733337
	0.9895594716072083
	0.9895640015602112
	0.9895550608634949
	0.9895551204681396
	0.9895562529563904
	0.9895552396774292
	0.9895489811897278
	0.9895550608634949
	0.9895556569099426
	0.9895517826080322
	0.9895541667938232
	0.9895420670509338
	0.989540696144104
	0.9895375370979309
	0.9895279407501221
	0.98951256275177
	0.989503800868988
	0.9895060658454895
	0.989497721195221
	0.9894975423812866
	0.9894985556602478
	0.9894952774047852
	0.9894988536834717
	0.9895033240318298
	0.9895058870315552
	0.9895075559616089
	0.9894975423812866
	0.9895055294036865
	0.9895049333572388
	0.9895018935203552
	0.9894906282424927
	0.9894887208938599
	0.9894872307777405
	0.9894919395446777
	0.9894827604293823
	0.9894807934761047
	0.9894814491271973
	0.9894770383834839
	0.9894706010818481
	0.9894745349884033
	0.989467203617096
	0.9894700050354004
	0.9894742965698242
	0.9894716143608093
	0.9894716143608093
	0.9894756078720093
	0.9894658923149109
	0.9894623756408691
	0.9894620180130005
	0.989454448223114
	0.9894561767578125
	0.989444375038147
	0.9894410371780396
	0.9894458055496216
	0.9894402027130127
	0.9894359707832336
	0.9894347786903381
	0.9894384145736694
	0.9894541501998901
	0.9894623160362244
	0.9894673824310303
	0.9894726872444153
	0.9894712567329407
	0.9894676208496094
	0.9894725680351257
	0.9894705414772034
	0.9894621968269348
	0.989456832408905
	0.9894615411758423
	0.9894684553146362
	0.9894697070121765
	0.98946613073349
	0.989462673664093
	0.9894647002220154
	0.9894626140594482
	0.9894689321517944
	0.9894691705703735
	0.9894706606864929
	0.9894711375236511
	0.9894706606864929
	0.9894662499427795
	0.9894770383834839
	0.9894755482673645
	0.9894765615463257
	0.9894632697105408
	0.9894655346870422
	0.9894645810127258
	0.989461362361908
	0.9894585013389587
	0.9894605278968811
	0.9894586801528931
	0.989464282989502
	0.9894623160362244
	0.9894595742225647
	0.9894474148750305
	0.9894296526908875
	0.9894374012947083
	0.989435076713562
	0.9894322156906128
	0.9894353747367859
	0.9894373416900635
	0.9894298315048218
	0.9894285798072815
	0.9894323945045471
	0.9894287586212158
	0.9894302487373352
	0.9894325137138367
	0.9894381165504456
	0.9894420504570007
	0.9894485473632812
	0.9894471168518066
	0.9894418716430664
	0.9894411563873291
	0.9894432425498962
	0.989439845085144
	0.9894389510154724
	0.9894410967826843
	0.989448070526123
	0.9894530773162842
	0.9894431829452515
	0.9894540905952454
	0.989459753036499
	0.9894428849220276
	0.9894422888755798
	0.9894460439682007
	0.989449679851532
	0.9894586205482483
	0.9894614219665527
	0.989465594291687
	0.9894582033157349
	0.9894749522209167
	0.9894851446151733
	0.9894957542419434
	0.9894958734512329
	0.9894915819168091
	0.9894895553588867
	0.9894809722900391
	0.9894854426383972
	0.9895025491714478
	0.9894975423812866
	0.9894934296607971
	0.9895026683807373
	0.9895035624504089
	0.9894977807998657
	0.9894939064979553
	0.9895020127296448
	0.9894974827766418
	0.9894975423812866
	0.989500105381012
	0.9895052909851074
	0.9895039796829224
	0.9895102977752686
	0.9895081520080566
	0.9895116686820984
	0.9895191788673401
	0.9895226359367371
	0.9895274043083191
	0.9895278811454773
	0.9895341396331787
	0.9895275235176086
	0.9895265698432922
	0.9895275831222534
	0.9895257353782654
	0.9895262718200684
	0.9895198941230774
	0.9895107746124268
	0.9895028471946716
	0.9895039796829224
	0.9895151853561401
	0.989514946937561
	0.9895164966583252
	0.9895234107971191
	0.9895257353782654
	0.9895267486572266
	0.9895312190055847
	0.9895373582839966
	0.9895347952842712
	0.989543080329895
	0.9895389676094055
	0.989536464214325
	0.989540159702301
	0.9895362854003906
	0.9895378947257996
	0.9895354509353638
	0.989539384841919
	0.9895330667495728
	0.989525556564331
	0.9895331859588623
	0.9895166158676147
	0.9895167946815491
	0.9895163178443909
	0.9895312190055847
	0.9895298480987549
]