[
	1.0797786712646484
	1.0798286199569702
	1.0798656940460205
	1.0798836946487427
	1.079909324645996
	1.0799596309661865
	1.0799821615219116
	1.0800381898880005
	1.0800877809524536
	1.0801540613174438
	1.0801901817321777
	1.0802233219146729
	1.0802310705184937
	1.0802541971206665
	1.0802767276763916
	1.0803042650222778
	1.0803545713424683
	1.0803778171539307
	1.0804057121276855
	1.080420970916748
	1.0804393291473389
	1.0804516077041626
	1.0804574489593506
	1.0804754495620728
	1.0804985761642456
	1.0805232524871826
	1.0805412530899048
	1.0805506706237793
	1.0805604457855225
	1.080573320388794
	1.080597996711731
	1.0806150436401367
	1.0806066989898682
	1.0806320905685425
	1.0806553363800049
	1.0806723833084106
	1.0806890726089478
	1.0807267427444458
	1.0807443857192993
	1.0807573795318604
	1.080768346786499
	1.0807815790176392
	1.0807973146438599
	1.0808050632476807
	1.0808194875717163
	1.0808205604553223
	1.0808320045471191
	1.080847978591919
	1.0808769464492798
	1.0808943510055542
	1.0809202194213867
	1.0809322595596313
	1.080949068069458
	1.0809767246246338
	1.080998182296753
	1.0810123682022095
	1.0810264348983765
	1.0810561180114746
	1.0810728073120117
	1.0810904502868652
	1.0811201333999634
	1.0811494588851929
	1.0811604261398315
	1.081184983253479
	1.0812238454818726
	1.0812251567840576
	1.0812475681304932
	1.081267237663269
	1.0812979936599731
	1.0813229084014893
	1.081335425376892
	1.0813579559326172
	1.0813721418380737
	1.0813937187194824
	1.0814024209976196
	1.0814151763916016
	1.0814250707626343
	1.0814331769943237
	1.0814614295959473
	1.0814757347106934
	1.0815083980560303
	1.0815166234970093
	1.0815428495407104
	1.0815637111663818
	1.081579566001892
	1.08160400390625
	1.0816200971603394
	1.0816282033920288
	1.08165442943573
	1.0816823244094849
	1.081708312034607
	1.0817393064498901
	1.081760287284851
	1.0817714929580688
	1.0818020105361938
	1.0818275213241577
	1.081843614578247
	1.0818591117858887
	1.0818756818771362
	1.0818943977355957
	1.0819355249404907
	1.0819522142410278
	1.081982970237732
	1.0820152759552002
	1.0820392370224
	1.0820530652999878
	1.0820538997650146
	1.0820695161819458
	1.082091212272644
	1.0821120738983154
	1.082122802734375
	1.082145094871521
	1.0821677446365356
	1.082175374031067
	1.0821958780288696
	1.082208514213562
	1.082226037979126
	1.0822477340698242
	1.082284927368164
	1.0823088884353638
	1.0823285579681396
	1.0823489427566528
	1.082371711730957
	1.0823975801467896
	1.0824294090270996
	1.0824609994888306
	1.0824776887893677
	1.082516074180603
	1.0825374126434326
	1.0825639963150024
	1.0825837850570679
	1.0826005935668945
	1.0826188325881958
	1.082643747329712
	1.0826669931411743
	1.0826928615570068
	1.0827076435089111
	1.0827348232269287
	1.0827726125717163
	1.0827821493148804
	1.08280611038208
	1.0828334093093872
	1.0828629732131958
	1.0828921794891357
	1.0829205513000488
	1.0829317569732666
	1.082946538925171
	1.082974910736084
	1.0829941034317017
	1.0830268859863281
	1.0830572843551636
	1.0830801725387573
	1.0831153392791748
	1.0831457376480103
	1.0831607580184937
	1.0831859111785889
	1.083194613456726
	1.0832148790359497
	1.0832464694976807
	1.08327317237854
	1.0833113193511963
	1.0833431482315063
	1.0833660364151
	1.083383560180664
	1.0834038257598877
	1.0834214687347412
	1.0834497213363647
	1.0834788084030151
	1.0835089683532715
	1.0835360288619995
	1.0835658311843872
	1.0835978984832764
	1.0836365222930908
	1.0836503505706787
	1.08367919921875
	1.0837031602859497
	1.083725094795227
	1.083753228187561
	1.0837877988815308
	1.0838090181350708
	1.0838261842727661
	1.0838693380355835
	1.0838979482650757
	1.083922028541565
	1.0839518308639526
	1.0839924812316895
	1.0840281248092651
	1.084067463874817
	1.084102749824524
	1.0841273069381714
	1.0841562747955322
	1.084187388420105
	1.0842180252075195
	1.0842477083206177
	1.0842863321304321
	1.0843194723129272
	1.0843459367752075
	1.0843706130981445
	1.0844058990478516
	1.0844306945800781
	1.084468126296997
	1.084502935409546
	1.0845376253128052
	1.084552526473999
	1.0845900774002075
	1.084629774093628
	1.0846688747406006
	1.0846939086914062
	1.0847132205963135
	1.084749460220337
	1.084792971611023
	1.084823489189148
	1.0848510265350342
	1.0848782062530518
	1.0849238634109497
	1.0849565267562866
	1.084982991218567
	1.0850189924240112
	1.0850657224655151
	1.0851104259490967
	1.0851260423660278
	1.0851529836654663
	1.0851737260818481
	1.0851918458938599
	1.0852229595184326
	1.0852545499801636
	1.0852798223495483
	1.085315465927124
	1.0853451490402222
	1.0853840112686157
	1.0854138135910034
	1.0854514837265015
	1.0854835510253906
	1.0855090618133545
	1.0855461359024048
	1.0855940580368042
	1.0856163501739502
	1.085661768913269
	1.0856972932815552
	1.0857187509536743
	1.0857477188110352
	1.0857830047607422
	1.0858174562454224
	1.0858525037765503
	1.0858832597732544
	1.0859153270721436
	1.085953712463379
	1.0860018730163574
	1.0860261917114258
	1.0860663652420044
	1.086100459098816
	1.086129069328308
	1.0861598253250122
	1.0862001180648804
	1.0862362384796143
	1.086271047592163
	1.0863035917282104
	1.0863386392593384
	1.0863518714904785
	1.08639657497406
	1.0864334106445312
	1.0864557027816772
	1.0865057706832886
	1.0865321159362793
	1.0865782499313354
	1.086614966392517
	1.0866413116455078
	1.086670994758606
	1.0867164134979248
	1.0867657661437988
	1.086801528930664
	1.0868366956710815
	1.0868685245513916
	1.0869145393371582
	1.0869472026824951
	1.086982250213623
	1.0870105028152466
	1.0870559215545654
	1.0870743989944458
	1.0871106386184692
	1.087158441543579
	1.0871872901916504
	1.0872222185134888
	1.0872551202774048
	1.0872970819473267
	1.0873273611068726
	1.0873750448226929
	1.0874137878417969
	1.0874520540237427
	1.08750581741333
	1.0875506401062012
	1.0875860452651978
	1.0876206159591675
	1.0876656770706177
	1.0877214670181274
	1.0877583026885986
	1.0877959728240967
	1.0878437757492065
	1.0878709554672241
	1.0879147052764893
	1.0879486799240112
	1.0879871845245361
	1.0880273580551147
	1.0880661010742188
	1.0881195068359375
	1.0881648063659668
	1.088220238685608
	1.0882612466812134
	1.0882941484451294
	1.088316798210144
	1.088362216949463
	1.0884160995483398
	1.0884720087051392
	1.0885214805603027
	1.0885614156723022
	1.0886024236679077
	1.0886423587799072
	1.0886800289154053
	1.0887260437011719
	1.0887712240219116
	1.0888166427612305
	1.088853120803833
	1.0889015197753906
	1.0889290571212769
	1.0889699459075928
	1.0890024900436401
	1.0890567302703857
	1.089098572731018
	1.0891484022140503
	1.0891931056976318
	1.089242935180664
	1.0892833471298218
	1.0893243551254272
	1.0893616676330566
	1.089414358139038
	1.0894583463668823
	1.0895010232925415
	1.0895366668701172
	1.0895572900772095
	1.0895953178405762
	1.0896384716033936
	1.0896754264831543
	1.089717149734497
	1.089766025543213
	1.0898126363754272
	1.0898499488830566
	1.0898913145065308
	1.089925765991211
	1.0899770259857178
	1.090021014213562
	1.0900532007217407
	1.0900884866714478
	1.090124487876892
	1.090164303779602
	1.0902045965194702
	1.0902501344680786
	1.0902811288833618
	1.090340256690979
	1.0903981924057007
	1.0904357433319092
	1.0904830694198608
	1.090527057647705
	1.0905617475509644
	1.0906164646148682
	1.0906620025634766
	1.0907158851623535
	1.0907624959945679
	1.0907918214797974
	1.090844750404358
	1.0908740758895874
	1.0909281969070435
	1.090976595878601
	1.0910125970840454
	1.0910614728927612
	1.0911118984222412
	1.091166377067566
	1.0912108421325684
	1.091261386871338
	1.0913035869598389
	1.091360092163086
	1.0913971662521362
	1.0914490222930908
	1.0914827585220337
	1.0915100574493408
	1.0915476083755493
	1.091596007347107
	1.091629147529602
	1.0916842222213745
	1.091724157333374
	1.091774821281433
	1.0918234586715698
	1.09187912940979
	1.091916799545288
	1.0919573307037354
	1.092005968093872
	1.092067837715149
	1.0921152830123901
	1.0921550989151
	1.0921950340270996
	1.0922441482543945
	1.0922808647155762
	1.0923351049423218
	1.092376708984375
	1.0924248695373535
	1.092477798461914
	1.092523455619812
	1.092581033706665
	1.0926246643066406
	1.092670202255249
	1.092719316482544
	1.092774748802185
	1.092826008796692
	1.0928744077682495
	1.0929231643676758
	1.0929747819900513
	1.0930125713348389
	1.0930644273757935
	1.0931124687194824
	1.093155026435852
	1.0932022333145142
	1.0932559967041016
	1.0933098793029785
	1.0933561325073242
	1.0934176445007324
	1.0934581756591797
	1.0935132503509521
	1.0935606956481934
	1.0936260223388672
	1.0936559438705444
	1.0936956405639648
	1.0937578678131104
	1.0938141345977783
	1.0938504934310913
	1.093894362449646
	1.0939372777938843
	1.0939805507659912
	1.0940347909927368
	1.0940945148468018
	1.0941557884216309
	1.0941901206970215
	1.094240427017212
	1.0943020582199097
	1.094362735748291
	1.0944105386734009
	1.0944658517837524
	1.0945178270339966
	1.0945634841918945
	1.0946086645126343
	1.0946680307388306
	1.0947097539901733
	1.0947498083114624
	1.0947964191436768
	1.0948375463485718
	1.0949000120162964
	1.09496009349823
	1.095015048980713
	1.095056176185608
	1.095117211341858
	1.0951706171035767
	1.095224142074585
	1.0952681303024292
	1.095320701599121
	1.0953712463378906
	1.0954253673553467
	1.095477819442749
	1.0955257415771484
	1.0955642461776733
	1.095607876777649
	1.0956529378890991
	1.0957099199295044
	1.095757246017456
	1.0957920551300049
	1.0958421230316162
	1.095889687538147
	1.0959385633468628
	1.0959917306900024
	1.0960283279418945
	1.0960804224014282
	1.0961397886276245
	1.0961899757385254
	1.0962375402450562
	1.0962817668914795
	1.0963270664215088
	1.096386194229126
	1.0964494943618774
	1.096512794494629
	1.0965678691864014
	1.0966192483901978
	1.0966650247573853
	1.0967239141464233
	1.0967587232589722
	1.0968292951583862
	1.0968947410583496
	1.0969499349594116
	1.0970101356506348
	1.0970618724822998
	1.0971263647079468
	1.097193717956543
	1.0972506999969482
	1.097324252128601
	1.0973684787750244
	0.0
	0.0
	0.0
	0.0
	0.0
	0.0
	0.0
	0.0
	0.0
	0.0
	0.0
	0.0
	0.0
	0.0
	0.0
	0.0
	0.0
	0.0
	0.0
	0.0
	0.0
	0.0
	0.0
	0.0
	0.0
	0.0
	0.0
	0.0
	0.0
	0.0
	0.0
	0.0
	0.0
	0.0
	0.0
	0.0
	0.0
	0.0
	0.0
	0.0
	0.0
	0.0
	0.0
	0.0
	0.0
	0.0
	0.0
	0.0
	0.0
	0.0
	0.0
	0.0
	0.0
	0.0
	0.0
	0.0
	0.0
	0.0
	0.0
	0.0
	0.0
	0.0
	0.0
	0.0
	0.0
	0.0
	0.0
	0.0
	0.0
	0.0
	0.0
	0.0
	0.0
	0.0
	0.0
	0.0
	0.0
	0.0
	0.0
	0.0
	0.0
	0.0
	0.0
	0.0
	0.0
	0.0
	0.0
	0.0
	0.0
	0.0
	0.0
	0.0
	0.0
	0.0
	0.0
	0.0
	0.0
	0.0
	0.0
	0.0
	0.0
	0.0
	0.0
	0.0
	0.0
	0.0
	0.0
	0.0
	0.0
	0.0
	0.0
	0.0
	0.0
	0.0
	0.0
	0.0
	0.0
	0.0
	0.0
	0.0
	0.0
	0.0
	0.0
	0.0
	0.0
	0.0
	0.0
	0.0
	0.0
	0.0
	0.0
	0.0
	0.0
	0.0
	0.0
	0.0
	0.0
	0.0
	0.0
	0.0
	0.0
	0.0
	0.0
	0.0
	0.0
	0.0
	0.0
	0.0
	0.0
	0.0
	0.0
	0.0
	0.0
	0.0
	0.0
	0.0
	0.0
	0.0
	0.0
	0.0
	0.0
	0.0
	0.0
	0.0
	0.0
	0.0
	0.0
	0.0
	0.0
	0.0
	0.0
	0.0
	0.0
	0.0
	0.0
	0.0
	0.0
	0.0
	0.0
	0.0
	0.0
	0.0
	0.0
	0.0
	0.0
	0.0
	0.0
	0.0
	0.0
	0.0
	0.0
	0.0
	0.0
	0.0
	0.0
	0.0
	0.0
	0.0
	0.0
	0.0
	0.0
	0.0
	0.0
	0.0
	0.0
	0.0
	0.0
	0.0
	0.0
	0.0
	0.0
	0.0
	0.0
	0.0
	0.0
	0.0
	0.0
	0.0
	0.0
	0.0
	0.0
	0.0
	0.0
	0.0
	0.0
	0.0
	0.0
	0.0
	0.0
	0.0
	0.0
	0.0
	0.0
	0.0
	0.0
	0.0
	0.0
	0.0
	0.0
	0.0
	0.0
	0.0
	0.0
	0.0
	0.0
	0.0
	0.0
	0.0
	0.0
	0.0
	0.0
	0.0
	0.0
	0.0
	0.0
	0.0
	0.0
	0.0
	0.0
	0.0
	0.0
	0.0
	0.0
	0.0
	0.0
	0.0
	0.0
	0.0
	0.0
	0.0
	0.0
	0.0
	0.0
	0.0
	0.0
	0.0
	0.0
	0.0
	0.0
	0.0
	0.0
	0.0
	0.0
	0.0
	0.0
	0.0
	0.0
	0.0
	0.0
	0.0
	0.0
	0.0
	0.0
	0.0
	0.0
	0.0
	0.0
	0.0
	0.0
	0.0
	0.0
	0.0
	0.0
	0.0
	0.0
	0.0
	0.0
	0.0
	0.0
	0.0
	0.0
	0.0
	0.0
	0.0
	0.0
	0.0
	0.0
	0.0
	0.0
	0.0
	0.0
	0.0
	0.0
	0.0
	0.0
	0.0
	0.0
	0.0
	0.0
	0.0
	0.0
	0.0
	0.0
	0.0
	0.0
	0.0
	0.0
	0.0
	0.0
	0.0
	0.0
	0.0
	0.0
	0.0
	0.0
	0.0
	0.0
	0.0
	0.0
	0.0
	0.0
	0.0
	0.0
	0.0
	0.0
	0.0
	0.0
	0.0
	0.0
	0.0
	0.0
	0.0
	0.0
	0.0
	0.0
	0.0
	0.0
	0.0
	0.0
	0.0
	0.0
	0.0
	0.0
	0.0
	0.0
	0.0
	0.0
	0.0
	0.0
	0.0
	0.0
	0.0
	0.0
	0.0
	0.0
	0.0
	0.0
	0.0
	0.0
	0.0
	0.0
	0.0
	0.0
	0.0
	0.0
	0.0
	0.0
	0.0
	0.0
	0.0
	0.0
	0.0
	0.0
	0.0
	0.0
	0.0
	0.0
	0.0
	0.0
	0.0
	0.0
	0.0
	0.0
	0.0
	0.0
	0.0
	0.0
	0.0
	0.0
	0.0
	0.0
	0.0
	0.0
	0.0
	0.0
	0.0
	0.0
	0.0
	0.0
	0.0
	0.0
	0.0
	0.0
	0.0
	0.0
	0.0
	0.0
	0.0
	0.0
	0.0
	0.0
	0.0
	0.0
	0.0
	0.0
	0.0
	0.0
	0.0
	0.0
	0.0
	0.0
	0.0
	0.0
	0.0
	0.0
	0.0
	0.0
	0.0
	0.0
	0.0
	0.0
	0.0
	0.0
	0.0
	0.0
	0.0
	0.0
	0.0
	0.0
	0.0
	0.0
	0.0
	0.0
	0.0
	0.0
	0.0
	0.0
	0.0
	0.0
	0.0
	0.0
	0.0
	0.0
	0.0
	0.0
	0.0
	0.0
	0.0
	0.0
	0.0
	0.0
	0.0
	0.0
	0.0
	0.0
	0.0
	0.0
	0.0
	0.0
	0.0
	0.0
	0.0
	0.0
	0.0
	0.0
	0.0
	0.0
	0.0
	0.0
	0.0
	0.0
	0.0
	0.0
	0.0
	0.0
	0.0
	0.0
	0.0
	0.0
	0.0
	0.0
	0.0
	0.0
	0.0
	0.0
	0.0
	0.0
	0.0
	0.0
	0.0
	0.0
	0.0
	0.0
	0.0
	0.0
	0.0
	0.0
	0.0
	0.0
	0.0
	0.0
	0.0
	0.0
	0.0
	0.0
	0.0
	0.0
	0.0
	0.0
	0.0
	0.0
	0.0
	0.0
	0.0
	0.0
	0.0
	0.0
	0.0
	0.0
	0.0
	0.0
	0.0
	0.0
	0.0
	0.0
	0.0
	0.0
	0.0
	0.0
	0.0
	0.0
	0.0
	0.0
	0.0
	0.0
	0.0
	0.0
	0.0
	0.0
	0.0
	0.0
	0.0
	0.0
	0.0
	0.0
	0.0
	0.0
	0.0
	0.0
	0.0
	0.0
	0.0
	0.0
	0.0
	0.0
	0.0
	0.0
	0.0
	0.0
	0.0
	0.0
	0.0
	0.0
	0.0
	0.0
	0.0
	0.0
	0.0
	0.0
	0.0
	0.0
	0.0
	0.0
	0.0
	0.0
	0.0
	0.0
	0.0
	0.0
	0.0
	0.0
	0.0
	0.0
	0.0
	0.0
	0.0
	0.0
	0.0
	0.0
	0.0
	0.0
	0.0
	0.0
	0.0
	0.0
	0.0
	0.0
	0.0
	0.0
	0.0
	0.0
	0.0
	0.0
	0.0
	0.0
	0.0
	0.0
	0.0
	0.0
	0.0
	0.0
	0.0
	0.0
	0.0
	0.0
	0.0
	0.0
	0.0
	0.0
	0.0
	0.0
	0.0
	0.0
	0.0
	0.0
	0.0
	0.0
	0.0
	0.0
	0.0
	0.0
	0.0
	0.0
	0.0
	0.0
	0.0
	0.0
	0.0
	0.0
	0.0
	0.0
	0.0
	0.0
	0.0
	0.0
	0.0
	0.0
	0.0
	0.0
	0.0
	0.0
	0.0
	0.0
	0.0
	0.0
	0.0
	0.0
	0.0
	0.0
	0.0
	0.0
	0.0
	0.0
	0.0
	0.0
	0.0
	0.0
	0.0
	0.0
	0.0
	0.0
	0.0
	0.0
	0.0
	0.0
	0.0
	0.0
	0.0
	0.0
	0.0
	0.0
	0.0
	0.0
	0.0
	0.0
	0.0
	0.0
	0.0
	0.0
	0.0
	0.0
	0.0
	0.0
	0.0
	0.0
	0.0
	0.0
	0.0
	0.0
	0.0
	0.0
	0.0
	0.0
	0.0
	0.0
	0.0
	0.0
	0.0
	0.0
	0.0
	0.0
	0.0
	0.0
	0.0
	0.0
	0.0
	0.0
	0.0
	0.0
	0.0
	0.0
	0.0
	0.0
	0.0
	0.0
	0.0
	0.0
	0.0
	0.0
	0.0
	0.0
	0.0
	0.0
	0.0
	0.0
	0.0
	0.0
	0.0
	0.0
	0.0
	0.0
	0.0
	0.0
	0.0
	0.0
	0.0
	0.0
	0.0
	0.0
	0.0
	0.0
	0.0
	0.0
	0.0
	0.0
	0.0
	0.0
	0.0
	0.0
	0.0
	0.0
	0.0
	0.0
	0.0
	0.0
	0.0
	0.0
	0.0
	0.0
	0.0
	0.0
	0.0
	0.0
	0.0
	0.0
	0.0
	0.0
	0.0
	0.0
	0.0
	0.0
	0.0
	0.0
	0.0
	0.0
	0.0
	0.0
	0.0
	0.0
	0.0
	0.0
	0.0
	0.0
	0.0
	0.0
	0.0
	0.0
	0.0
	0.0
	0.0
	0.0
	0.0
	0.0
	0.0
	0.0
	0.0
	0.0
	0.0
	0.0
	0.0
	0.0
	0.0
	0.0
	0.0
	0.0
	0.0
	0.0
	0.0
	0.0
	0.0
	0.0
	0.0
	0.0
	0.0
	0.0
	0.0
	0.0
	0.0
	0.0
	0.0
	0.0
	0.0
	0.0
	0.0
	0.0
	0.0
	0.0
	0.0
	0.0
	0.0
	0.0
	0.0
	0.0
	0.0
	0.0
	0.0
	0.0
	0.0
	0.0
	0.0
	0.0
	0.0
	0.0
	0.0
	0.0
	0.0
	0.0
	0.0
	0.0
	0.0
	0.0
	0.0
	0.0
	0.0
	0.0
	0.0
	0.0
	0.0
	0.0
	0.0
	0.0
	0.0
	0.0
	0.0
	0.0
	0.0
	0.0
	0.0
	0.0
	0.0
	0.0
	0.0
	0.0
	0.0
	0.0
	0.0
	0.0
	0.0
	0.0
	0.0
	0.0
	0.0
	0.0
	0.0
	0.0
	0.0
	0.0
	0.0
	0.0
	0.0
	0.0
	0.0
	0.0
	0.0
	0.0
	0.0
	0.0
	0.0
	0.0
	0.0
	0.0
	0.0
	0.0
	0.0
	0.0
	0.0
	0.0
	0.0
	0.0
	0.0
	0.0
	0.0
	0.0
	0.0
	0.0
	0.0
	0.0
	0.0
	0.0
	0.0
	0.0
	0.0
	0.0
	0.0
	0.0
	0.0
	0.0
	0.0
	0.0
	0.0
	0.0
	0.0
	0.0
	0.0
	0.0
	0.0
	0.0
	0.0
	0.0
	0.0
	0.0
	0.0
	0.0
	0.0
	0.0
	0.0
	0.0
	0.0
	0.0
	0.0
	0.0
	0.0
	0.0
	0.0
	0.0
	0.0
	0.0
	0.0
	0.0
	0.0
	0.0
	0.0
	0.0
	0.0
	0.0
	0.0
	0.0
	0.0
	0.0
	0.0
	0.0
	0.0
	0.0
	0.0
	0.0
	0.0
	0.0
	0.0
	0.0
	0.0
	0.0
	0.0
	0.0
	0.0
	0.0
	0.0
	0.0
	0.0
	0.0
	0.0
	0.0
	0.0
	0.0
	0.0
	0.0
	0.0
	0.0
	0.0
	0.0
	0.0
	0.0
	0.0
	0.0
	0.0
	0.0
	0.0
	0.0
	0.0
	0.0
	0.0
	0.0
	0.0
	0.0
	0.0
	0.0
	0.0
	0.0
	0.0
	0.0
	0.0
	0.0
	0.0
	0.0
	0.0
	0.0
	0.0
	0.0
	0.0
	0.0
	0.0
	0.0
	0.0
	0.0
	0.0
	0.0
	0.0
	0.0
	0.0
	0.0
	0.0
	0.0
	0.0
	0.0
	0.0
	0.0
	0.0
	0.0
	0.0
	0.0
	0.0
	0.0
	0.0
	0.0
	0.0
	0.0
	0.0
	0.0
	0.0
	0.0
	0.0
	0.0
	0.0
	0.0
	0.0
	0.0
	0.0
	0.0
	0.0
	0.0
	0.0
	0.0
	0.0
	0.0
	0.0
	0.0
	0.0
	0.0
	0.0
	0.0
	0.0
	0.0
	0.0
	0.0
	0.0
	0.0
	0.0
	0.0
	0.0
	0.0
	0.0
	0.0
	0.0
	0.0
	0.0
	0.0
	0.0
	0.0
	0.0
	0.0
	0.0
	0.0
	0.0
	0.0
	0.0
	0.0
	0.0
	0.0
	0.0
	0.0
	0.0
	0.0
	0.0
	0.0
	0.0
	0.0
	0.0
	0.0
	0.0
	0.0
	0.0
	0.0
	0.0
	0.0
	0.0
	0.0
	0.0
	0.0
	0.0
	0.0
	0.0
	0.0
	0.0
	0.0
	0.0
	0.0
	0.0
	0.0
	0.0
	0.0
	0.0
	0.0
	0.0
	0.0
	0.0
	0.0
	0.0
	0.0
	0.0
	0.0
	0.0
	0.0
	0.0
	0.0
	0.0
	0.0
	0.0
	0.0
	0.0
	0.0
	0.0
	0.0
	0.0
	0.0
	0.0
	0.0
	0.0
	0.0
	0.0
	0.0
	0.0
	0.0
	0.0
	0.0
	0.0
	0.0
	0.0
	0.0
	0.0
	0.0
	0.0
	0.0
	0.0
	0.0
	0.0
	0.0
	0.0
	0.0
	0.0
	0.0
	0.0
	0.0
	0.0
	0.0
	0.0
	0.0
	0.0
	0.0
	0.0
	0.0
	0.0
	0.0
	0.0
	0.0
	0.0
	0.0
	0.0
	0.0
	0.0
	0.0
	0.0
	0.0
	0.0
	0.0
	0.0
	0.0
	0.0
	0.0
	0.0
	0.0
	0.0
	0.0
	0.0
	0.0
	0.0
	0.0
	0.0
	0.0
	0.0
	0.0
	0.0
	0.0
	0.0
	0.0
	0.0
	0.0
	0.0
	0.0
	0.0
	0.0
	0.0
	0.0
	0.0
	0.0
	0.0
	0.0
	0.0
	0.0
	0.0
	0.0
	0.0
	0.0
	0.0
	0.0
	0.0
	0.0
	0.0
	0.0
	0.0
	0.0
	0.0
	0.0
	0.0
	0.0
	0.0
	0.0
	0.0
	0.0
	0.0
	0.0
	0.0
	0.0
	0.0
	0.0
	0.0
	0.0
	0.0
	0.0
	0.0
	0.0
	0.0
	0.0
	0.0
	0.0
	0.0
	0.0
	0.0
	0.0
	0.0
	0.0
	0.0
	0.0
	0.0
	0.0
	0.0
	0.0
	0.0
	0.0
	0.0
	0.0
	0.0
	0.0
	0.0
	0.0
	0.0
	0.0
	0.0
	0.0
	0.0
	0.0
	0.0
	0.0
	0.0
	0.0
	0.0
	0.0
	0.0
	0.0
	0.0
	0.0
	0.0
	0.0
	0.0
	0.0
	0.0
	0.0
	0.0
	0.0
	0.0
	0.0
	0.0
	0.0
	0.0
	0.0
	0.0
	0.0
	0.0
	0.0
	0.0
	0.0
	0.0
	0.0
	0.0
	0.0
	0.0
	0.0
	0.0
	0.0
	0.0
	0.0
	0.0
	0.0
	0.0
	0.0
	0.0
	0.0
	0.0
	0.0
	0.0
	0.0
	0.0
	0.0
	0.0
	0.0
	0.0
	0.0
	0.0
	0.0
	0.0
	0.0
	0.0
	0.0
	0.0
	0.0
	0.0
	0.0
	0.0
	0.0
	0.0
	0.0
	0.0
	0.0
	0.0
	0.0
	0.0
	0.0
	0.0
	0.0
	0.0
	0.0
	0.0
	0.0
	0.0
	0.0
	0.0
	0.0
	0.0
	0.0
	0.0
	0.0
	0.0
	0.0
	0.0
	0.0
	0.0
	0.0
	0.0
	0.0
	0.0
	0.0
	0.0
	0.0
	0.0
	0.0
	0.0
	0.0
	0.0
	0.0
	0.0
	0.0
	0.0
	0.0
	0.0
	0.0
	0.0
	0.0
	0.0
	0.0
	0.0
	0.0
	0.0
	0.0
	0.0
	0.0
	0.0
	0.0
	0.0
	0.0
	0.0
	0.0
	0.0
	0.0
	0.0
	0.0
	0.0
	0.0
	0.0
	0.0
	0.0
	0.0
]