[
	0.6294771858096438
	0.6296289829275714
	0.6297815248306969
	0.6299307072407964
	0.63006270040668
	0.6302003470199128
	0.6303229868895193
	0.630443635767235
	0.6305556852036833
	0.6306719496201693
	0.6307929072693917
	0.6308876202594995
	0.6309941099182419
	0.631109171279219
	0.6312071783166552
	0.6313004841270747
	0.6313849728129362
	0.6314632274014862
	0.6315513618728308
	0.6316354292543929
	0.6316937945670262
	0.6317565821719707
	0.6318208574836012
	0.6319038041055131
	0.6319623310347876
	0.6320265414154387
	0.6320737616109074
	0.6321276177566043
	0.632185184157047
	0.632229619499577
	0.6322669191007383
	0.6323074811469016
	0.6323430075372517
	0.6323691945001806
	0.6324071450521251
	0.6324550861144813
	0.6324776235488282
	0.6325016462803751
	0.6325485643143729
	0.6325801148527794
	0.632620492375368
	0.6326699721127355
	0.6326931944905425
	0.6326983575251585
	0.63272780800486
	0.6327222508703413
	0.6327325047474
	0.6327367399942758
	0.6327403365761107
	0.6327379863840763
	0.6327447571857231
	0.6327599564245124
	0.6327643769633223
	0.6327641751955577
	0.6327846125622337
	0.6327826984236115
	0.6327796398886864
	0.6327609986459041
	0.6327700113306512
	0.6327975931354902
	0.6328018325227656
	0.6327940362721849
	0.632802360233457
	0.6327938872031209
	0.6327913403966385
	0.6327893258687205
	0.6327861075737379
	0.6327787079144835
	0.6327594987522591
	0.632750718907342
	0.6327460889282379
	0.6327637081419293
	0.6327517933779842
	0.6327334395212183
	0.6327402398757356
	0.6327172290136228
	0.6327039743929236
	0.6327026321258549
	0.6326979813934397
	0.6326874610086713
	0.6326766686246038
	0.6326680766010087
	0.6326507313548967
	0.6326480771533097
	0.6326478960707196
	0.6326312445266318
	0.6325969895798813
	0.6325794220310929
	0.632563938987038
	0.6325456062847099
	0.6325253483637292
	0.6324982768227745
	0.6324863750031448
	0.6324798842179437
	0.632459903501782
	0.6324426829107831
	0.632429649047604
	0.6324172313582546
	0.6324027529348276
	0.632376328591918
	0.6323657909844979
	0.6323459937137723
	0.6323410187301852
	0.6323248874740114
	0.6323032572534968
	0.6322854775452365
	0.6322769962540056
	0.6322566977132269
	0.6322249657622947
	0.6322112553027782
	0.6321898658313845
	0.6321824751580325
	0.6321659319796701
	0.6321453347803412
	0.6321142596450828
	0.632085612921967
	0.6320642865220913
	0.6320482928297146
	0.6320189997505324
	0.6319888607499293
	0.6319717266346543
	0.6319513585546668
	0.6319384169526386
	0.6319131833811742
	0.631898123166228
	0.6318734033357064
	0.6318610490183753
	0.6318460658253154
	0.6318390348645987
	0.6318254127148234
	0.6318080031201136
	0.6317950649576186
	0.6317851804839278
	0.6317759398743369
	0.6317492289498812
	0.6317314507745646
	0.631723654830546
	0.6317093470638964
	0.6316975092082111
	0.6316784148394887
	0.6316646314390114
	0.6316533786855189
	0.631634216513125
	0.6316118692302728
	0.631592512536219
	0.6315772144230338
	0.6315533311326456
	0.6315382193420416
	0.631530658681257
	0.6315132499237281
	0.6314902073705284
	0.6314818372777301
	0.6314569280755035
	0.6314347809608277
	0.6314123273094249
	0.6313939220339754
	0.6313747100229343
	0.6313660344583296
	0.6313507306177849
	0.6313444651608477
	0.6313397798029423
	0.6313269536469633
	0.6313156163465544
	0.631298841380129
	0.6312861733328843
	0.6312771296312906
	0.6312576617179937
	0.6312399142019034
	0.6312261101196236
	0.6312160179331718
	0.6312091524346255
	0.6312053727505237
	0.6311884427929176
	0.6311680626340955
	0.6311518767830694
	0.6311362202766057
	0.6311237480789081
	0.631106784444406
	0.6310940122319625
	0.6310779174201784
	0.6310540301554759
	0.6310347234826446
	0.6310232476865292
	0.631003639345817
	0.6309914128359283
	0.6309805683026773
	0.6309675724778021
	0.6309565934456716
	0.6309425698263675
	0.6309184908994887
	0.6309082114354624
	0.6308951666206511
	0.6308769919181912
	0.6308681057404254
	0.6308600477670424
	0.6308475761681904
	0.6308338575646981
	0.6308235514019436
	0.6308148871320792
	0.630816810238234
	0.6308037660065595
	0.6307949355755462
	0.6307862137631717
	0.6307804463557036
	0.630767809268103
	0.630753180150937
	0.6307455796018023
	0.6307341509370362
	0.6307237133365937
	0.6307164627065776
	0.6307075313719482
	0.6307008566882321
	0.630696525487096
	0.6306896206042856
	0.6306837046651652
	0.63066933168204
	0.6306621538129038
	0.6306545401534221
	0.6306484027005363
	0.6306438085855858
	0.630643510947914
	0.6306362651850571
	0.6306287558316711
	0.6306213137520214
	0.6306125322621927
	0.6306040960568334
	0.6305956140077649
	0.6305896625439201
	0.6305810016441229
	0.6305737325220264
	0.6305645788545806
	0.6305558669919638
	0.6305507713693528
	0.6305476406398517
	0.6305452953905257
	0.6305406801556758
	0.6305249719638468
	0.6305205305414562
	0.6305150540725248
	0.6305039177740136
	0.6304995577072108
	0.6304907209163692
	0.6304859866837863
	0.6304778304563673
	0.6304723400698393
	0.6304693308022857
	0.6304628821651959
	0.6304613698648008
	0.6304579374769211
	0.6304569913389629
	0.6304465138121862
	0.6304405978021523
	0.6304385410143664
	0.6304342711871572
	0.6304319373777931
	0.6304251984217256
	0.6304197135954593
	0.630418831806967
	0.6304135328907996
	0.6304095433963188
	0.6304074451953282
	0.6304012490758768
	0.6303968379011002
	0.630392497532015
	0.6303909460095003
	0.6303852538954302
	0.630385186475098
	0.6303815284538892
	0.6303812853443785
	0.6303771015150442
	0.6303771981099453
	0.6303747328795193
	0.6303698323175073
	0.6303728469343887
	0.6303706608084906
	0.6303660477077494
	0.6303619581075806
	0.6303585791933229
	0.6303569166129342
	0.6303519373402927
	0.6303491522219953
	0.630348827899876
	0.6303481408591174
	0.6303394757513012
	0.6303364301094093
	0.6303304280752683
	0.6303255811545375
	0.6303248937550697
	0.6303218847389533
	0.6303210280615842
	0.6303164724886323
	0.6303140259813529
	0.6303111420156317
	0.630309261250449
	0.6303024703962734
	0.6303022080013196
	0.630300033165308
	0.6302952357146888
	0.6302927416641424
	0.6302905085558305
	0.6302880476327944
	0.6302859768634298
	0.6302830505525785
	0.6302815496794334
	0.6302829133386049
	0.6302840881173917
	0.6302867905030265
	0.6302841941122608
	0.6302848081402672
	0.6302868187182138
	0.6302838142189273
	0.6302811809613456
	0.6302792271539607
	0.6302835826871345
	0.6302820874768961
	0.6302820838467533
	0.6302797716103988
	0.6302768330600853
	0.6302803855815601
	0.6302779909759401
	0.6302788592885292
	0.6302741870495597
	0.6302713073345716
	0.630270813632196
	0.6302708399578731
	0.6302718791225101
	0.6302653861331103
	0.6302649833491841
	0.6302605175835615
	0.6302586068049222
	0.630260788018919
	0.6302563391833726
	0.6302560789057544
	0.6302568334412496
	0.6302557374764275
	0.6302494423010846
	0.6302495749882351
	0.6302518951914476
	0.6302536200102865
	0.6302542916517705
	0.6302532742219717
	0.6302522117229964
	0.6302555246417358
	0.630255857504118
	0.6302557880960654
	0.6302564981324194
	0.6302606248412529
	0.6302609318261089
	0.6302548450144174
	0.6302528835918532
	0.6302519752461315
	0.6302546322560334
	0.6302530963539056
	0.6302570597076056
	0.6302610772779559
	0.6302615997729195
	0.6302616566879975
	0.6302627598798306
	0.6302587355168031
	0.6302617290034493
	0.6302590898080458
	0.6302623894672946
	0.6302638737402868
	0.6302633983598936
	0.6302679496149768
	0.63027101886756
	0.6302731084442708
	0.6302731254510777
	0.6302784839934077
	0.6302801383129363
	0.6302827661672098
	0.6302837453115739
	0.6302872895062721
	0.6302846317981351
	0.6302890961326663
	0.6302873576961054
	0.630289650749606
	0.6302897040454671
	0.6302924008614001
	0.6303014821427853
	0.6303036517416183
	0.6303064153080719
	0.6303070572599798
	0.6303026707427385
	0.630305613730766
	0.6303079003965252
	0.6303113134254577
	0.630315744049293
	0.6303167335262021
	0.6303126297248517
	0.6303154051129872
	0.6303151098916918
	0.6303135525541372
	0.6303174929685682
	0.6303232250127689
	0.6303242616066049
	0.630324502003604
	0.6303266476691889
	0.6303254245538187
	0.6303278758182801
	0.6303306631851067
	0.6303359521797807
	0.6303408688192771
	0.630343125761246
	0.630347637448079
	0.630348977212955
	0.6303492105518372
	0.6303510284199841
	0.6303520359047643
	0.6303496029470906
	0.6303553035049442
	0.6303598149117922
	0.6303598374958147
	0.6303588975727228
	0.6303595962823602
	0.630366180783755
	0.6303659403435234
	0.6303643915945482
	0.6303712167054396
	0.6303768586827665
	0.6303834288016757
	0.630389339060619
	0.6303917542446451
	0.6303968239588186
	0.6303960911042406
	0.630400506624105
	0.6304005780498884
	0.6304024155025879
	0.6304081895230893
	0.6304102584891124
	0.6304111237539425
	0.6304144433899108
	0.6304167339462118
	0.6304155473901101
	0.6304161248368206
	0.6304190621362558
	0.6304238347870882
	0.6304312132636781
	0.6304346613164278
	0.6304379930721428
	0.6304392194865818
	0.6304425597692321
	0.6304482421042189
	0.6304471644266804
	0.6304461403432837
	0.6304462673152995
	0.6304510088456716
	0.6304510482593972
	0.6304543087330086
	0.6304547687447765
	0.6304594756286662
	0.630456898217241
	0.6304578373361611
	0.6304658837607797
	0.6304727824085867
	0.6304757507135282
	0.6304773490592219
	0.6304802331556104
	0.6304811261318906
	0.6304835449206881
	0.6304881269315491
	0.6304897973835567
	0.6304928900771067
	0.6304903139153103
	0.6304930206526502
	0.630503133607334
	0.6305081273505397
	0.6305086755259661
	0.630509211429118
	0.6305096154151127
	0.630511528412273
	0.6305095074404844
	0.6305111443117141
	0.6305109732127377
	0.6305132848980122
	0.630515288175587
	0.6305175524241045
	0.6305213710167865
	0.6305212146551401
	0.6305264053436755
	0.6305301643160961
	0.6305289870153127
	0.6305309533968315
	0.630532324869929
	0.6305307133301039
	0.6305359992624254
	0.6305336720957305
	0.6305364214450205
	0.6305429480612502
	0.6305436053117361
	0.6305486939274719
	0.6305519578832088
	0.6305505422213957
	0.6305460416710625
	0.6305466545895412
	0.6305472861937745
	0.6305545280296307
	0.630554934205554
	0.6305524280534535
	0.6305484483123605
	0.6305505052956364
	0.6305524562184079
	0.6305642174736331
	0.6305701855572134
	0.6305695479617334
	0.630571626466044
	0.6305782386832868
	0.6305742964050308
	0.6305774990912272
	0.6305771770776442
	0.6305770310744215
	0.6305737748044925
	0.6305748128015716
	0.6305749166453247
	0.6305700772622144
	0.6305723481469272
	0.6305754325271934
	0.6305747103408053
	0.6305764714532943
	0.6305774772369095
	0.6305764177957887
	0.6305779823045894
	0.6305796631842147
	0.6305781407696855
	0.6305819511509507
	0.6305877666251314
	0.6305868031182233
	0.6305866446256249
	0.6305827634025186
	0.630580847661865
	0.6305798018419979
	0.6305818936474666
	0.6305838630031283
	0.6305822231319631
	0.6305814289522551
	0.6305901123007934
	0.6305884730985603
	0.6305895137744135
	0.6305941255400543
	0.6305982730632653
	0.6306043501352676
	0.6306098816610404
	0.630607701397173
	0.6306126291835367
	0.6306129025907251
	0.6306131056223826
	0.6306197751776357
	0.6306213661581059
	0.6306262155846483
	0.6306275882079018
	0.6306340277358251
	0.6306314391971795
	0.6306332287746839
	0.6306356206033085
	0.6306343616686457
	0.6306378407326863
	0.630632963463279
	0.6306331617411198
	0.6306354263451229
	0.6306381842031544
	0.630640489487718
	0.6306403068005281
	0.6306423462989533
	0.6306399986380314
	0.630645933596778
	0.630645758830783
	0.6306470311907394
	0.630646975196559
	0.6306508216343297
	0.6306475123758742
	0.6306417853300627
	0.6306414102971439
	0.6306413333890195
	0.6306471959152901
	0.6306519012048618
	0.6306500810875639
	0.6306492045013233
	0.6306457308045326
	0.630643857712659
	0.6306388415420067
	0.630636100483612
	0.6306426017639789
	0.6306489757050814
	0.630643724576043
	0.6306479359039944
	0.6306480353296628
	0.6306470790371596
	0.630645330723918
	0.6306452151021957
	0.630646016412749
	0.6306473562804775
	0.6306501963472024
	0.6306553970931873
	0.630659205371394
	0.6306643679300619
	0.6306664391529159
	0.6306689895476362
	0.6306734971849834
	0.6306708537782962
	0.6306716277651953
	0.6306714652141825
	0.6306756187253436
	0.6306716711293193
	0.6306705275662976
	0.6306730563092341
	0.630670120467624
	0.6306712446480979
	0.630669732343785
	0.6306733160665124
	0.6306703334530755
	0.6306684914160654
	0.6306692075475228
	0.630669463880478
	0.6306698933981162
	0.6306648728165102
	0.6306674824139176
	0.6306713307113848
	0.6306765086564261
	0.6306762323298521
	0.6306749559769386
	0.6306765064750949
	0.6306779297251833
	0.6306733312235592
	0.6306810805060267
	0.6306808746898726
	0.6306786640526233
	0.6306813027480915
	0.6306836732142614
	0.6306804449398252
	0.6306730051498847
	0.630673343194888
	0.6306755534898795
	0.6306763594929504
	0.630677584606605
	0.6306724814102086
	0.6306751312078458
	0.6306790888981505
	0.6306784457434077
	0.6306830743486298
	0.6306826998020523
	0.6306848570154747
	0.6306828487663404
	0.630679834467138
	0.630680133430023
	0.6306775697984023
	0.6306748796406081
	0.6306695278265834
	0.6306689730091046
	0.6306626720644708
	0.6306639399599134
	0.6306624464059343
	0.6306653563267529
	0.6306667488230554
	0.6306622262033884
	0.6306611430788513
	0.6306604471998136
	0.6306678245731445
	0.630665500562153
	0.6306687817548967
	0.6306658079293679
	0.6306657551108926
	0.6306623170489385
	0.630668186024129
	0.6306692421837891
	0.6306679186539641
	0.6306709177696752
	0.630675828225304
	0.6306726124621602
	0.630672802252239
	0.6306713069667299
	0.6306741428742151
	0.6306744049047698
	0.6306707921086568
	0.6306695280686538
	0.6306683514199362
	0.6306688415620382
	0.6306670685376123
	0.6306686863530802
	0.6306606839231739
	0.6306553266847803
	0.6306545148244594
	0.6306562585758019
	0.6306560482205936
	0.630654359455421
	0.6306570975345618
	0.6306575149178306
	0.6306539102708896
	0.630654386623696
	0.6306506181517939
	0.6306505799320121
	0.6306472328598965
	0.6306475476351441
	0.6306503252505897
	0.6306490057692635
	0.6306503214752616
	0.6306442343144345
	0.6306389265725889
	0.6306395562394436
	0.6306391502368953
	0.6306393196042962
	0.6306395535807386
	0.6306427584291019
	0.6306448088180622
	0.6306440082970693
	0.6306480505916343
	0.6306457001057693
	0.6306431579475059
	0.6306445213629771
	0.6306452685046049
	0.6306471989188699
	0.6306477203201629
	0.6306420198965601
	0.630641138761744
	0.6306408321694623
	0.6306411174088973
	0.6306404066238259
	0.630647231718706
	0.6306484286631211
	0.6306498304420151
	0.6306478953847936
	0.6306453151158887
	0.6306464118286403
	0.6306479645711733
	0.6306440176330177
	0.630647275076023
	0.6306514216475435
	0.6306517879281072
	0.6306501861903039
	0.6306439622077937
	0.6306417554430525
	0.6306442065032759
	0.6306451698632095
	0.6306478797569579
	0.6306453810458177
	0.6306483653506464
	0.6306476104009696
	0.6306486938003462
	0.6306456003061899
	0.6306470880164217
	0.6306494261075105
	0.6306443107519577
	0.6306427990866571
	0.6306369560537674
	0.6306351530270566
	0.6306348963879468
	0.6306343286247375
	0.6306359643402147
	0.6306333558707493
	0.6306309841636585
	0.6306303986828278
	0.6306282646123602
	0.6306294215131941
	0.6306342804673919
	0.6306384524100203
	0.6306408378498245
	0.6306439333152511
	0.6306377202629931
	0.6306372753670632
	0.6306386391751213
	0.6306353765503794
	0.6306321719190607
	0.6306341196464063
	0.6306367841293002
	0.6306375963174696
	0.6306393642814816
	0.6306381158232514
	0.6306384502684952
	0.6306383644845817
	0.630642335649861
	0.630641644352567
	0.6306404153362578
	0.6306420409221479
	0.6306447201615045
	0.6306421991446177
	0.6306469372507683
	0.630646004265808
	0.6306455144297157
	0.6306417411837655
	0.6306363478492091
	0.6306344097730565
	0.6306353584794887
	0.6306327596414765
	0.630632192557365
	0.6306348132212993
	0.6306283485094568
	0.6306335157869746
	0.6306318013241123
	0.6306322796598035
	0.6306327896455133
	0.6306263180943639
	0.630632430200969
	0.6306276228195802
	0.6306267167092297
	0.6306245478553795
	0.6306270083736337
	0.6306227443233594
	0.6306188175232144
	0.6306165008757664
	0.6306191939369179
	0.6306198980460885
	0.6306187884969904
	0.6306181564273092
	0.6306176312204244
	0.6306189368759908
	0.6306185663709819
	0.6306184068940044
	0.6306186884564449
	0.6306174167936411
	0.6306151190851141
	0.6306191275129303
	0.6306193366019752
	0.6306181704371895
	0.6306176537985424
	0.6306138535756455
	0.630617399080406
	0.6306222948238746
	0.6306208245554006
	0.6306183714355906
	0.6306116471962063
	0.630615926723965
	0.6306176477225731
	0.6306195572885399
	0.6306174506135269
	0.6306122933335828
	0.6306135583765131
	0.6306134487590974
	0.630616593919581
	0.6306175388827743
	0.6306167138289325
	0.6306134490432022
	0.6306109496153663
	0.6306057203467156
	0.6306075072629538
	0.6306074640961747
	0.6306098411569127
	0.6306143573921582
	0.6306120762261647
	0.630610142506232
	0.6306132537403721
	0.6306119143560965
	0.6306129081203058
	0.6306146182217526
	0.6306142845014627
	0.6306152645748553
	0.6306130750922946
	0.63061558194951
	0.6306164278389983
	0.6306178604160058
	0.6306131980397849
	0.6306164009089851
	0.6306118987996313
	0.6306081707283899
	0.6306053565240805
	0.6306059337948613
	0.6306088383793252
	0.6306103188643412
	0.6306109392530189
	0.630612020050236
	0.630614535800151
	0.6306147707031345
	0.6306118090500743
	0.6306132109208978
	0.6306164713802114
	0.6306195279054442
	0.630619665344109
	0.6306199369045171
	0.6306186767386649
	0.6306193226462414
	0.6306231707635953
	0.6306241052400521
	0.6306272531127892
	0.6306297749055707
	0.6306279111145081
	0.6306290621230143
	0.6306274366410856
	0.6306270385471536
	0.6306270667288656
	0.6306273817918677
	0.6306215561162649
	0.6306239458451879
	0.63062192186577
	0.6306214598901289
	0.630620820479187
	0.6306203972148318
	0.6306187125660085
	0.6306245125459662
	0.6306262807725415
	0.6306281413119083
	0.6306278054189339
	0.6306305463997278
	0.6306259027423126
	0.6306268796445956
	0.6306243999914518
	0.6306270772139011
	0.6306297749790817
	0.6306265396423482
	0.6306255741203988
	0.6306280879629641
	0.6306271402952315
	0.6306251568298656
	0.6306258483002897
	0.6306278653243077
	0.6306309722057383
	0.6306336169966086
	0.6306336526166583
	0.6306295997808748
	0.6306260790911087
	0.6306274614236297
	0.6306305887208358
	0.6306302290374523
	0.6306294129702572
	0.6306324601340376
	0.6306348727052095
	0.6306330977666326
	0.6306328645184661
	0.6306273212355201
	0.6306302391093003
	0.6306319680325796
	0.6306309408974221
	0.6306251951543544
	0.630621311750193
	0.6306239685753768
	0.630621333549968
	0.6306243064718063
	0.6306237971588529
	0.6306189597668402
	0.6306187263208431
	0.630615906024307
	0.630613314141925
	0.6306089946936835
	0.6306107649191658
	0.6306102484536632
	0.6306119016878783
	0.630613233926474
	0.6306135805324119
	0.630616382127764
	0.6306207489792428
	0.6306192321828165
	0.6306233461649152
	0.6306222856032991
	0.630620006030153
	0.6306193459775721
	0.6306203204693975
	0.6306177651808182
	0.6306194362990223
	0.6306205772356455
	0.6306231826184276
	0.6306249813386436
	0.630621988249808
	0.6306232857209711
	0.6306235046220767
	0.6306217722388086
	0.6306243641868645
	0.6306219479009592
	0.6306272330003673
	0.6306278804980766
	0.6306300231404993
	0.6306290105141614
	0.6306332509473864
	0.6306355575037631
	0.6306351981961875
	0.6306344605755193
	0.6306343102716596
	0.6306383564631189
	0.6306347990274132
	0.630637014776507
	0.6306374508064448
	0.630639353865913
	0.6306348601508155
	0.630634034951766
	0.6306283915958363
	0.630631611867355
	0.6306304452496181
	0.6306277538888192
	0.6306267557095647
	0.6306244293035561
	0.6306305715067827
	0.6306352200581623
	0.6306389648138838
	0.6306329134803824
	0.6306318216549078
	0.6306313436837502
	0.6306327408747024
	0.6306324222967223
	0.6306286341458367
	0.6306278355075204
	0.6306257040452296
	0.6306230391070814
	0.6306209681901079
	0.6306186699493992
	0.6306223176570834
	0.6306203026537026
	0.630618114707062
	0.6306156231660778
	0.6306178488373657
	0.6306157417353194
	0.630616546266937
	0.6306203855004896
	0.6306242676566933
	0.6306259314446103
	0.6306254320165487
	0.6306266636879401
	0.6306275602639684
	0.6306271380513457
	0.63062631218709
	0.6306287886743167
	0.6306289678334887
	0.6306296102210317
	0.6306250479137826
	0.6306276634111736
	0.6306305889006818
	0.6306328757896285
	0.6306360304886124
	0.6306396481377778
	0.6306474040550007
	0.6306503569410704
	0.6306490316265951
	0.6306532800344774
	0.6306534149462861
	0.6306543149798717
	0.6306544832948353
	0.6306534545106021
	0.6306557439459808
	0.630656372731424
	0.6306538564383954
	0.6306552393397142
	0.6306561511976707
	0.6306567795210952
	0.6306552725493758
	0.6306556184697748
	0.6306521001422595
	0.6306551602664249
	0.6306561156566979
	0.6306629456000287
	0.6306634938600483
	0.6306631767829862
	0.6306676082381039
	0.6306681591355258
	0.6306652069259173
	0.6306653187421047
	0.6306629062224346
	0.6306569535513861
	0.6306600585839773
	0.6306591582415343
	0.63065670951079
	0.6306560582744707
	0.6306557013726288
	0.6306577451701229
	0.6306575198512482
	0.6306568626933942
	0.6306577338496492
	0.6306549430794307
	0.6306607111436067
	0.6306577662285563
	0.6306514819157257
	0.6306427266765844
	0.6306480007282566
	0.630649152563049
	0.6306456193183225
	0.6306489598358371
	0.6306479097315975
	0.630647789514064
	0.6306428671318494
	0.6306456657552019
	0.6306441132895237
	0.6306483463951041
	0.6306472808173526
	0.6306487733816077
	0.6306493011890627
	0.6306448292772135
	0.6306415363747454
	0.6306413069145348
	0.6306459937642122
	0.6306465924809
	0.630647427154874
	0.6306491989083899
	0.6306464528100197
	0.6306494418493318
	0.6306531074399485
	0.6306524113903118
	0.6306510136126107
	0.6306491281813128
	0.6306488042547094
	0.6306489730215504
	0.6306496134661352
	0.6306471946194819
	0.6306503714738053
	0.6306512480773832
	0.6306545003131412
	0.6306549917694194
	0.6306571498481318
	0.630658992675178
	0.6306560823772301
	0.6306566627678473
	0.6306591005104217
	0.6306581170119737
	0.6306599273733028
	0.6306611495663573
	0.6306610643875957
	0.6306589484872465
	0.6306588972195448
	0.6306521209075218
	0.6306508082940643
	0.630650215177094
	0.6306447565142921
	0.6306444851458077
	0.6306416305113325
	0.6306453634187736
	0.6306444944509356
	0.6306433419674489
	0.630639211889558
	0.6306379802801518
	0.6306361191926432
	0.6306368214212181
	0.6306387854263401
	0.6306420145156872
	0.6306431723149857
	0.6306427946672416
	0.6306464699302688
	0.6306507053245013
	0.6306521435687608
	0.6306571164469645
	0.6306557703207225
	0.6306570616740292
	0.6306549965991252
	0.6306565550331109
	0.6306600425324079
	0.6306583756464381
	0.6306566408935096
	0.6306561827413003
	0.6306591677932509
	0.6306573302524086
	0.6306530351930668
	0.6306519734922772
	0.6306558134698454
	0.6306576073213854
	0.6306532847080546
	0.6306565932009333
	0.6306516356460143
	0.630652340383441
	0.6306512118632621
	0.6306520790889246
	0.6306479369179601
	0.630647416526124
	0.6306533182743914
	0.6306479988969769
	0.6306482864630072
	0.630649139599292
	0.6306468412223858
	0.6306478814281367
	0.6306489224791821
	0.6306544463821285
	0.6306520250617289
	0.6306551096987918
	0.630660299130628
	0.630660106364035
	0.630658025700155
	0.6306579688272904
	0.6306579871452906
	0.6306579599399127
	0.6306569596272666
	0.6306534271251953
	0.6306494613759407
	0.6306507359148106
	0.6306528703155219
	0.6306562269848333
	0.630657448506372
	0.6306565749699892
	0.6306574598354712
	0.6306570498812843
	0.6306566900226893
	0.6306545106528729
	0.630652119835941
	0.6306491801592975
	0.6306455025886496
	0.630646570458458
	0.6306475319238893
	0.6306473664669926
	0.6306494667763921
	0.6306527424710816
	0.630651019721083
	0.6306531866993569
	0.6306525765497466
	0.6306515689088917
	0.6306536662158925
	0.6306529550190192
	0.6306484771076818
	0.6306503916667258
	0.6306504153720599
	0.630653972005482
	0.6306577750391007
	0.6306563272171157
	0.6306578386166828
	0.6306575962038982
	0.6306623803155222
	0.6306635636259647
	0.6306609147514068
	0.6306628873241166
	0.6306613193004076
	0.6306601049662459
	0.6306592989888441
	0.6306600548828636
	0.6306612970649422
	0.6306601746373355
	0.6306561122024882
	0.63065189069116
	0.6306518849027215
	0.6306562675865692
	0.6306510663769399
	0.6306452313754478
	0.6306467300272875
	0.6306429176040363
	0.6306445077702849
	0.6306395106963523
	0.6306424356598114
	0.6306467517737214
	0.630643409988251
	0.6306405875121893
	0.630629579681968
	0.6306311319135813
	0.6306294017448623
	0.6306306165913259
	0.6306242785068914
	0.6306230138968679
	0.6306205577402063
	0.6306234172080252
	0.6306254573912589
	0.6306243781518591
	0.6306298477552645
	0.6306316378790314
	0.6306351858519456
	0.6306373085878547
	0.6306387082968948
	0.6306453134577963
	0.6306488827664746
	0.6306465042952173
	0.6306459821517717
	0.6306473963061477
	0.6306464669987234
	0.6306452408648355
	0.6306485911340496
	0.6306512000865981
	0.6306533067330303
	0.630650766886365
	0.6306511799159769
	0.6306520367498265
	0.6306567612249009
	0.6306566178255582
	0.6306564015019342
	0.6306590898200759
	0.6306599458342933
	0.6306560457599896
	0.6306563412829574
	0.6306592914753157
	0.6306554186739162
	0.6306559072447274
	0.6306556089379989
	0.6306641985644493
	0.630659143411768
	0.6306639117942435
	0.6306667295685412
	0.6306666814554017
	0.6306631832536354
	0.6306622106859
	0.6306607189875985
	0.6306619549360002
	0.6306637776654285
	0.6306690256581654
	0.6306709838921251
	0.6306703551524746
	0.6306684280125051
	0.6306701005060806
	0.630669529864429
	0.6306685420210517
	0.6306696724489055
	0.6306715963740623
	0.6306713612283814
	0.6306676747601271
	0.6306678803215745
	0.6306686838378049
	0.6306731069845791
	0.6306730548929176
	0.6306731123959548
	0.6306709445407034
	0.630670229666122
	0.6306649655619958
	0.6306682269591793
	0.6306674466979528
	0.6306685679893668
	0.630670168098019
	0.6306697971766406
	0.6306760148725826
	0.6306775788813314
	0.630677615325627
	0.6306748756093721
	0.6306743529176723
	0.6306783343485398
	0.6306766131556902
	0.6306736449212279
	0.6306736747620829
	0.6306677482429186
	0.6306668869374626
	0.6306662148341254
	0.6306642865687719
	0.6306656976874876
	0.6306670772345722
	0.6306625342536755
	0.6306622179464012
	0.6306606141831745
	0.6306620200365247
	0.6306657536974908
	0.6306684148577635
	0.6306619510727302
	0.6306541603227513
	0.6306572848714999
	0.6306598027165002
	0.6306578229126116
	0.6306519207356607
	0.6306480882654385
	0.6306495988027089
	0.6306486384730068
	0.6306484185502781
	0.6306478872692439
	0.6306484741624498
	0.6306446873853674
	0.6306432356936785
	0.6306393165257554
	0.6306350868186009
	0.6306393493518974
	0.6306381449247315
	0.6306342993908759
	0.6306377877708048
	0.6306377114742396
	0.6306380159926027
	0.6306366973001205
	0.630640985180507
	0.6306388705309797
	0.6306359685760237
	0.6306395398315162
	0.6306339116781804
	0.6306312232012956
	0.6306296410168157
	0.6306291782305615
	0.6306314029265534
	0.6306277914704189
	0.6306297019081749
	0.6306288779571945
	0.6306327461010376
	0.630632076550202
	0.6306314908273625
	0.6306290339147029
	0.6306284368596611
	0.6306346362273665
	0.6306454985171237
	0.6306473688573446
	0.6306484166413274
	0.6306465307306073
	0.6306423276820807
	0.6306408045288572
	0.6306390112539128
	0.6306444837201487
	0.6306466457098083
	0.6306469927607758
	0.6306475908716748
	0.6306490402276642
	0.6306431675754698
	0.6306449638034438
	0.6306456724430732
	0.6306436106315542
	0.6306411894829939
	0.6306392427352521
	0.6306357966575666
	0.6306353291766403
	0.6306372573287776
	0.6306409560877967
	0.6306422075968174
	0.6306431610423642
	0.6306478691341301
	0.6306535826792741
	0.6306503513661008
	0.6306560412205661
	0.6306583718651096
	0.6306596780523654
	0.6306573975040779
	0.6306583746537784
	0.6306561808087754
	0.6306540529248855
	0.630652541297732
	0.6306467039242051
	0.6306488784482127
	0.6306504508994332
	0.6306501277148714
	0.6306484100247068
	0.6306506157801149
	0.6306460621426336
	0.6306422960675115
	0.630634634668418
	0.630633700185219
	0.6306335436306355
	0.6306351003518462
	0.6306382693648618
	0.6306367791514359
	0.6306424675571288
	0.6306409446243725
	0.6306410080388127
	0.6306400906438875
	0.6306441424152515
	0.63064741499964
	0.6306497841115005
	0.6306443449975504
	0.6306415002542186
	0.6306457659036662
	0.6306417668825762
	0.630642859559603
	0.630644379157761
	0.6306442731598596
	0.6306483806113892
	0.6306493090220385
	0.6306509274675528
	0.6306523365205894
	0.630650648059098
	0.6306533622965962
	0.6306536370548813
	0.6306576971721432
	0.6306598769894637
	0.6306617065295171
	0.6306560127606167
	0.6306538155625976
	0.6306528748994188
	0.6306542887884631
	0.6306561457866359
	0.6306552702998472
	0.6306517868726159
	0.6306503881809132
	0.6306568563975966
	0.6306549251971081
	0.6306521342922763
	0.6306531750185125
	0.6306507608480457
	0.6306432038990113
	0.630636944129929
	0.6306397611271718
	0.6306404743511103
	0.6306419021037863
	0.6306415830967464
	0.6306397814725117
	0.6306410637358238
	0.6306385415163408
	0.6306389323600369
	0.6306393605360261
	0.6306407925803293
	0.6306444245870229
	0.6306502485304541
	0.6306524411803042
	0.6306493551899064
	0.630644623005166
	0.6306478897179831
	0.630644134527204
	0.6306425845450427
	0.6306375857794191
	0.6306351287520259
	0.6306357274166744
	0.6306364266204074
	0.6306359672104495
	0.6306311446537473
	0.6306346991323494
	0.6306391183859749
	0.6306414282638625
	0.630637897909184
	0.6306393542197911
	0.6306419949430497
	0.630640858676829
	0.6306326421030638
	0.6306374349368592
	0.6306371196859168
	0.6306288849404607
	0.6306291758170333
	0.6306259324600179
	0.6306283873990521
	0.6306301623612117
	0.6306273505298459
	0.6306275547470557
	0.6306194285099704
	0.6306219151294721
	0.6306193416624694
	0.6306232718300628
	0.6306226785465442
	0.6306216317497522
	0.6306206347989574
	0.6306132219135061
	0.630613926029596
	0.6306128245366552
	0.6306130920501933
	0.630611403120778
	0.6306206203879324
	0.6306219711927682
	0.6306240212036592
	0.6306251900803722
	0.6306227974398503
	0.6306228257456628
	0.6306263837081534
	0.6306284036746912
	0.6306307698016835
	0.6306349319639981
	0.6306430861239789
	0.6306426042681749
	0.6306418075916085
	0.6306440564844231
	0.6306412680521712
	0.630637674224153
	0.6306415258722216
	0.630638347731786
	0.6306362441053962
	0.6306353355762773
	0.6306403760333044
	0.6306427646122035
	0.63064245920706
	0.6306444168972325
	0.6306465858800558
	0.630648443439805
	0.6306465322231907
	0.6306471739635968
	0.6306458370027829
	0.6306407207538891
	0.6306378318071929
	0.6306375613715195
	0.6306344937890637
	0.6306396737670605
	0.6306409231313297
	0.630640175093187
	0.6306368405267573
	0.6306368397294212
	0.6306364817595711
	0.6306428355568444
	0.6306427156232474
	0.6306490308128236
	0.6306486822328273
	0.63064761477667
	0.6306513681704289
	0.6306508024433984
	0.6306492312375953
	0.6306496835465061
	0.6306453080041818
	0.630647048854155
	0.630645365465032
	0.6306447044461642
	0.6306406416717351
	0.6306377945989008
	0.6306352338723188
	0.630631232732528
	0.6306329508534706
	0.6306322123268687
	0.6306310705652769
	0.6306348729658091
	0.6306329709802418
	0.630633413635049
	0.6306320341225803
	0.6306326622017978
	0.6306361006043937
	0.6306352702593307
	0.630633589180945
	0.6306343560899105
	0.6306360013052456
	0.6306352373137215
	0.6306322446615543
	0.6306370835228057
	0.6306351159116075
	0.6306327663316249
	0.6306322178517689
	0.630635645034905
	0.6306359189505338
	0.6306359416595098
	0.6306357932063003
	0.6306350270958506
	0.6306391565151984
	0.6306398209670041
	0.6306361419362295
	0.6306349255631315
	0.6306348219106194
	0.6306405242773349
	0.6306390390974739
	0.6306390952697045
	0.630641574470558
	0.6306465702792612
	0.6306417224350561
	0.6306363601930546
	0.630632199115948
	0.6306338489018305
	0.6306357138241054
	0.6306410203746632
	0.630635847816903
	0.630641090188487
	0.6306438992086588
	0.6306415691717475
	0.6306417198688314
	0.6306433803413403
	0.6306431345110488
	0.6306376463673695
	0.6306413606934728
	0.6306429236206895
	0.6306384131792805
	0.6306385697730272
	0.6306437108191285
	0.6306494046428642
	0.6306481317720956
	0.630639289558213
	0.6306405242813642
	0.6306345982507857
	0.6306325343019625
	0.6306349938129269
	0.630637496681744
	0.63063826601552
	0.6306377733658172
	0.63063651244853
	0.6306371195066136
	0.6306354938587396
	0.6306348890464096
	0.6306386973778673
	0.6306364713848241
	0.6306370996977017
	0.630633963056371
	0.630629388724523
	0.6306310583975168
	0.6306342177871234
	0.6306291341224259
	0.6306254817160732
	0.630622531476901
	0.6306240003154329
	0.6306239853713486
	0.6306195947917753
	0.6306197721827008
	0.6306145671017233
	0.6306143084141325
	0.6306156834372987
	0.6306153671805617
	0.6306146197664928
	0.6306057166516271
	0.6306035966615932
	0.6306085158744082
	0.6306070707858381
	0.6306105831962434
	0.6306128755405744
	0.6306096025294865
	0.6306088123987682
	0.6306093658307435
	0.6306087910463992
	0.6306046618739254
	0.6306014199190028
	0.6305952242793421
	0.6305950257649956
	0.6305965115165605
	0.6305969478713247
	0.630601180037973
	0.6306056345082571
	0.6306020926516342
	0.6306000937642032
	0.6305997960669988
	0.6305963983438565
	0.6305949996471661
	0.6305909762465193
	0.6305900948519002
	0.6305936829272594
	0.6305974877265491
	0.6306035175641322
	0.6306050261957966
	0.6306069705285289
	0.6306027202785385
	0.63060092820045
	0.6305986907526815
	0.6306023082159813
	0.6306013795238976
	0.6305972720604465
	0.6305970188525293
	0.6305973171533892
	0.630600382518361
	0.6305988949552424
	0.630602275832077
	0.6305998015900323
	0.6306040107376387
	0.6306064788595448
	0.6306071460485897
	0.6306119364934503
	0.6306120920772242
	0.6306154917740117
	0.6306164494319676
	0.6306179104137712
	0.6306112152926034
	0.6306137447299289
	0.630617819092256
	0.6306204585815636
	0.6306175622871465
	0.6306128140621992
	0.6306117129502554
	0.630607891378739
	0.6306085104323977
	0.6306153873895304
	0.6306122656953629
	0.6306083860077045
	0.6306059728286852
	0.6306055847096191
	0.6306105401362949
	0.6306085297684846
	0.630615278416412
	0.6306208097576284
	0.6306187704858442
	0.6306175635884325
	0.6306171478924342
	0.6306149952615248
	0.6306123224648703
	0.6306085715522157
	0.6306093367150772
	0.6306087937744972
	0.6306106920160659
	0.6306109189908476
	0.6306146241272207
	0.6306127170958491
	0.6306129200455152
	0.6306138374245999
	0.6306186041795379
	0.630625195622724
	0.6306279088877238
	0.6306259396869467
	0.630627807593893
	0.6306285574006055
	0.6306269110094563
	0.6306255472614827
	0.6306234262269302
	0.6306241160093913
	0.6306192512470724
	0.6306203015623058
	0.6306219588659252
	0.6306244974155139
	0.630619163134117
	0.6306232425967511
	0.6306226217487814
	0.6306221139534268
	0.6306203821898053
	0.6306202111388013
	0.6306179752053386
	0.6306198563541073
	0.630620069056774
	0.6306248216190419
	0.6306213539527663
	0.6306161005366007
	0.6306177839819691
	0.6306200602468393
	0.6306228639744481
	0.63062428252422
	0.6306293242297627
	0.6306338097260956
	0.6306327332778917
	0.6306299268607969
	0.6306251586284427
	0.6306312196572104
	0.6306309565419554
	0.6306333037712243
	0.6306339731116862
	0.6306377162499662
	0.630634692491842
	0.6306317771470558
	0.6306345514862993
	0.6306350893514134
	0.6306329505408135
	0.6306293266254982
	0.630635806108997
	0.6306355726109933
	0.6306379776571749
	0.6306367028543832
	0.6306355940139114
	0.6306333344631094
	0.6306366322520749
	0.6306388193352261
	0.6306354699580662
	0.6306379543100229
	0.6306428953833386
	0.6306443030967868
	0.6306419627900637
	0.6306402258611388
	0.6306388552109081
	0.6306433665650578
	0.6306448544398784
	0.6306491905797423
	0.6306444011491089
	0.6306486299839482
	0.6306500581825849
	0.6306468163788566
	0.6306458898774313
	0.6306483585243831
	0.6306434197295191
	0.6306417259393592
	0.6306409197704448
	0.6306403758061311
	0.6306423261545826
	0.6306391547214096
	0.6306412134777868
	0.6306426480532261
	0.6306427671468887
	0.630643349079455
	0.6306368864735957
	0.63063829967368
	0.6306357999819868
	0.6306382698754286
	0.6306397772672797
	0.6306393455299422
	0.6306357966362568
	0.6306394392266224
	0.6306420359977303
	0.6306394955461048
	0.6306386203815889
	0.6306425857268547
	0.6306415887091402
	0.6306443403882488
	0.6306438338973535
	0.6306427556536788
	0.6306420451736494
	0.630641670151695
	0.630643605638909
	0.630641538379917
	0.6306409548401802
	0.6306399035312914
	0.630638450612975
	0.6306397155973792
	0.6306402183952527
	0.6306380520637541
	0.6306376402327756
	0.6306381941282049
	0.6306401235496492
	0.6306352153757195
	0.6306363587542222
	0.6306395337114185
	0.6306388333290431
	0.6306400900668089
	0.6306365981330005
	0.6306337482188865
	0.6306342319244126
	0.6306350406861215
	0.6306369798093135
	0.6306337872103983
	0.6306327062681464
	0.6306374213804329
	0.6306380562367823
	0.630639290418837
	0.6306401309940137
	0.6306428087360272
	0.630642407552143
	0.630642811633046
	0.630643353824906
	0.6306455432992458
	0.6306511796711674
	0.630653809815228
	0.6306532644760968
	0.6306555325558213
	0.6306520163038608
	0.6306492455338868
	0.6306459047117182
	0.6306441428534977
	0.6306457024336133
	0.6306445495195176
	0.6306477764398697
	0.6306450798044522
	0.6306508071662262
	0.6306523812551809
	0.6306569531159321
	0.6306579413773803
	0.6306614833003228
	0.6306611903074151
	0.6306586172135831
	0.6306623304255389
	0.6306595228223272
	0.6306644528892279
	0.6306627253238847
	0.6306606723151376
	0.630660019218958
	0.63066213492944
	0.6306610219157772
	0.6306661918937232
	0.6306647653272359
	0.6306663669771698
	0.6306617706129912
	0.6306585579726105
	0.6306610550639784
	0.6306677823366797
	0.6306703544445315
	0.6306666585565149
	0.6306695118450687
	0.6306689100037909
	0.63066820619696
	0.6306718967088739
	0.6306709198038147
	0.6306725587452132
	0.6306671340446613
	0.6306663740848931
	0.6306629359127869
	0.6306607593153349
	0.6306582669189517
	0.6306563660970367
	0.6306606363924019
	0.6306634530686429
	0.6306605366696741
	0.6306568707553978
	0.6306545769504706
	0.6306536503335669
	0.6306557471827301
	0.6306545246339218
	0.6306552817952618
	0.6306634926249893
	0.6306567084053234
	0.63065439452051
	0.6306503325973898
	0.630653031686172
	0.6306535691373519
	0.630648186354693
	0.6306468792874415
	0.6306476118801724
	0.6306468631612514
	0.6306468367955805
	0.6306433030127024
	0.6306441339025894
	0.6306396506173965
	0.6306443376406328
	0.6306411494040358
	0.6306457103535764
	0.630645769208911
	0.6306451157460939
	0.6306501906364615
	0.6306499754559817
	0.6306502768185706
	0.6306497711117616
	0.630649228063558
	0.6306501454205761
	0.6306454832793145
	0.6306456303802185
	0.6306486860126603
	0.630646072506439
	0.630655394950155
	0.6306563149644777
	0.630654359267446
	0.630655272903434
	0.6306525571376336
	0.6306533600046715
	0.6306566191512861
	0.6306594571483806
	0.6306636663711656
	0.630664699281781
	0.6306626116248678
	0.6306600164501339
	0.6306607363269556
	0.630664427192187
	0.630664994144852
	0.6306690909057392
	0.630660268476191
	0.630661849221625
	0.6306636808527911
	0.6306620874445258
	0.6306608847304698
	0.6306543641287741
	0.6306555331406145
	0.6306534751340072
	0.6306484356688686
	0.6306479611722663
	0.6306480068010993
	0.630640480993062
	0.6306418930844523
	0.6306400136477799
	0.6306403605404921
	0.6306425840126785
	0.6306398329237005
	0.6306420056956459
	0.630641819761496
	0.6306407626725845
	0.6306449328927017
	0.6306454064047954
	0.6306475217338162
	0.6306461088967494
	0.6306441234817046
	0.6306459068928008
	0.630643551506254
	0.6306462920989989
	0.630648744237826
	0.6306490741802181
	0.630655546712046
	0.6306578124367214
	0.6306566167623741
	0.6306525820624309
	0.6306535119743807
	0.6306562350414651
	0.630652728329638
	0.6306532624891819
	0.6306512501570736
	0.6306530733449401
	0.6306584149954614
	0.6306599703527085
	0.6306563076182987
	0.6306543138199335
	0.6306567446436753
	0.6306606612419549
	0.6306623167886315
	0.6306593790969214
	0.6306586615096158
	0.6306585018582309
]