[
	0.8839528560638428
	0.8838134407997131
	0.8836486339569092
	0.8835141062736511
	0.8833476305007935
	0.8831918239593506
	0.883026123046875
	0.8828526139259338
	0.8827033042907715
	0.8825408220291138
	0.8823723793029785
	0.8822104930877686
	0.8820682764053345
	0.8819118142127991
	0.8817484378814697
	0.8815877437591553
	0.8814148902893066
	0.8812509775161743
	0.8811009526252747
	0.880916953086853
	0.8807581067085266
	0.8805991411209106
	0.8804500102996826
	0.8803022503852844
	0.8801305294036865
	0.8799822330474854
	0.8798309564590454
	0.8796724081039429
	0.8795069456100464
	0.8793612122535706
	0.879211962223053
	0.8790590167045593
	0.8788945078849792
	0.8787527084350586
	0.8786158561706543
	0.8784599900245667
	0.8782805800437927
	0.8781514763832092
	0.8780106902122498
	0.8778645992279053
	0.8777177929878235
	0.8775794506072998
	0.8774293065071106
	0.8772855401039124
	0.8771536350250244
	0.8769975900650024
	0.8768428564071655
	0.8766984939575195
	0.8765575885772705
	0.8764127492904663
	0.8762795925140381
	0.8761354684829712
	0.8759823441505432
	0.8758288621902466
	0.8756807446479797
	0.8755239844322205
	0.8753842115402222
	0.8752486109733582
	0.8751170039176941
	0.8749674558639526
	0.8748186230659485
	0.8746970295906067
	0.8745595812797546
	0.874421238899231
	0.8743000626564026
	0.8741677403450012
	0.8740456104278564
	0.8739389777183533
	0.8738131523132324
	0.8736913204193115
	0.8735295534133911
	0.8734119534492493
	0.8732615113258362
	0.8731244802474976
	0.8729831576347351
	0.8728483319282532
	0.8727201223373413
	0.8725878000259399
	0.8724645972251892
	0.8723516464233398
	0.8722324371337891
	0.8721045255661011
	0.8719892501831055
	0.8718674182891846
	0.8717662692070007
	0.87163907289505
	0.8715252876281738
	0.871417224407196
	0.871293306350708
	0.8711773157119751
	0.8710787296295166
	0.870976984500885
	0.8708633780479431
	0.8707563281059265
	0.8706476092338562
	0.8705230355262756
	0.8704131245613098
	0.8703028559684753
	0.8701952695846558
	0.8700858950614929
	0.8699676990509033
	0.8698626160621643
	0.8697479367256165
	0.8696305751800537
	0.8695276975631714
	0.8694093823432922
	0.8692930936813354
	0.869170069694519
	0.8690696358680725
	0.8689541220664978
	0.868847131729126
	0.8687477111816406
	0.8686456084251404
	0.8685500621795654
	0.8684542179107666
	0.8683513402938843
	0.868249773979187
	0.8681491017341614
	0.8680626749992371
	0.8679447770118713
	0.8678370714187622
	0.8677301406860352
	0.8676323294639587
	0.8675299882888794
	0.8674240112304688
	0.8673138618469238
	0.8672051429748535
	0.8671174049377441
	0.8670238256454468
	0.8669356107711792
	0.8668407797813416
	0.8667479753494263
	0.8666454553604126
	0.8665559887886047
	0.866443395614624
	0.8663474321365356
	0.8662524819374084
	0.8661818504333496
	0.8660929203033447
	0.8660026788711548
	0.8659150004386902
	0.8658260703086853
	0.8657317161560059
	0.8656338453292847
	0.8655446171760559
	0.8654413223266602
	0.8653507232666016
	0.8652556538581848
	0.8651710748672485
	0.8650831580162048
	0.864997386932373
	0.8649015426635742
	0.8648151159286499
	0.8647339940071106
	0.8646330237388611
	0.8645657300949097
	0.8644815683364868
	0.8643945455551147
	0.8643255829811096
	0.8642503023147583
	0.8641668558120728
	0.8640828132629395
	0.864008903503418
	0.8639259338378906
	0.8638531565666199
	0.8637793064117432
	0.8637003898620605
	0.8636184334754944
	0.8635265827178955
	0.8634591102600098
	0.8633744120597839
	0.8633139133453369
	0.8632261753082275
	0.8631507754325867
	0.8630766272544861
	0.8629809021949768
	0.8629032373428345
	0.8628355264663696
	0.8627627491950989
	0.8626669645309448
	0.8625718355178833
	0.8625032901763916
	0.8624255061149597
	0.8623321056365967
	0.8622464537620544
	0.8621610403060913
	0.8620790839195251
	0.8619990944862366
	0.8619145154953003
	0.86183762550354
	0.8617671728134155
	0.8616710305213928
	0.8615865111351013
	0.8615138530731201
	0.8614346385002136
	0.8613423109054565
	0.8612649440765381
	0.86118483543396
	0.8611031174659729
	0.8610332012176514
	0.8609721660614014
	0.8608987331390381
	0.8608192205429077
	0.8607473969459534
	0.8606786131858826
	0.8605964779853821
	0.8605303764343262
	0.8604519367218018
	0.8603965044021606
	0.8603421449661255
	0.8602721095085144
	0.8602060079574585
	0.8601400256156921
	0.8600667715072632
	0.8600046634674072
	0.8599420785903931
	0.8598660826683044
	0.8597997426986694
	0.8597276210784912
	0.859655499458313
	0.8595917224884033
	0.8595299124717712
	0.8594613075256348
	0.8594005703926086
	0.8593278527259827
	0.8592677712440491
	0.8592058420181274
	0.8591439723968506
	0.8590791821479797
	0.8590118288993835
	0.8589466214179993
	0.8588887453079224
	0.8588184118270874
	0.858752429485321
	0.8586848378181458
	0.8586180210113525
	0.8585562109947205
	0.858498215675354
	0.8584491014480591
	0.8583921194076538
	0.8583299517631531
	0.858274519443512
	0.858202338218689
	0.8581427335739136
	0.8580835461616516
	0.8580233454704285
	0.8579786419868469
	0.8579142689704895
	0.8578539490699768
	0.8577903509140015
	0.8577306270599365
	0.8576828837394714
	0.8576208353042603
	0.8575603365898132
	0.8574974536895752
	0.8574568629264832
	0.8573926091194153
	0.8573380708694458
	0.857288122177124
	0.8572257161140442
	0.8571593165397644
	0.8570979237556458
	0.8570423126220703
	0.8569756746292114
	0.856925904750824
	0.8568776249885559
	0.8568330407142639
	0.8567779660224915
	0.856704831123352
	0.8566556572914124
	0.8565902709960938
	0.8565267324447632
	0.8564636707305908
	0.856412947177887
	0.856351375579834
	0.8562949895858765
	0.8562436103820801
	0.8561862111091614
	0.8561332821846008
	0.8560650944709778
	0.8560097813606262
	0.8559554219245911
	0.8559007048606873
	0.8558448553085327
	0.8557917475700378
	0.8557460904121399
	0.8557044863700867
	0.855652928352356
	0.8555871248245239
	0.8555302023887634
	0.8554885387420654
	0.8554374575614929
	0.8553739786148071
	0.855323076248169
	0.8552739024162292
	0.8552241921424866
	0.8551663160324097
	0.855120062828064
	0.8550679683685303
	0.8550392985343933
	0.8549835085868835
	0.8549359440803528
	0.8548890352249146
	0.8548547029495239
	0.854810357093811
	0.8547715544700623
	0.8547278046607971
	0.8546877503395081
	0.8546317219734192
	0.8545726537704468
	0.8545195460319519
	0.854464054107666
	0.8544394373893738
	0.8543887138366699
	0.8543400764465332
	0.8542952537536621
	0.8542544841766357
	0.8542065620422363
	0.8541463613510132
	0.8540953397750854
	0.8540459871292114
	0.8540006875991821
	0.853969931602478
	0.8539143800735474
	0.8538625836372375
	0.8538184762001038
	0.8537777066230774
	0.8537291288375854
	0.8536892533302307
	0.853641927242279
	0.8535891175270081
	0.8535416126251221
	0.8534996509552002
	0.8534542918205261
	0.853408694267273
	0.8533691763877869
	0.8533278703689575
	0.8532806038856506
	0.8532370328903198
	0.8531836271286011
	0.8531301617622375
	0.853080153465271
	0.8530355095863342
	0.8529897332191467
	0.8529346585273743
	0.8528896570205688
	0.8528428673744202
	0.8527922034263611
	0.8527467250823975
	0.8527063727378845
	0.8526625037193298
	0.8526247143745422
	0.8525838851928711
	0.8525412678718567
	0.8524892926216125
	0.8524576425552368
	0.8524097800254822
	0.8523761034011841
	0.8523380756378174
	0.8523008823394775
	0.8522657155990601
	0.8522372841835022
	0.8521918058395386
	0.8521451354026794
	0.8521020412445068
	0.8520519733428955
	0.8520082235336304
	0.8519718647003174
	0.8519361615180969
	0.8519004583358765
	0.8518537282943726
	0.8518139719963074
	0.8517772555351257
	0.8517286777496338
	0.8516797423362732
	0.8516380190849304
	0.8515980243682861
	0.8515588641166687
	0.8515114784240723
	0.8514599800109863
	0.8514162302017212
	0.8513679504394531
	0.851325273513794
	0.851279616355896
	0.8512445688247681
	0.8512130975723267
	0.8511756658554077
	0.8511306643486023
	0.851093590259552
	0.8510575294494629
	0.8510240912437439
	0.8509765863418579
	0.8509491682052612
	0.8509048819541931
	0.8508526086807251
	0.8508110642433167
	0.8507791757583618
	0.8507429957389832
	0.850701630115509
	0.8506693243980408
	0.8506374359130859
	0.8505944013595581
	0.8505625128746033
	0.8505226373672485
	0.850489616394043
	0.8504415154457092
	0.8504025340080261
	0.850359320640564
	0.8503258228302002
	0.8502842783927917
	0.8502408266067505
	0.8502174615859985
	0.8501884937286377
	0.8501600623130798
	0.8501262068748474
	0.8500948548316956
	0.8500499725341797
	0.850016713142395
	0.8499833941459656
	0.8499444127082825
	0.8499157428741455
	0.8498818874359131
	0.8498380184173584
	0.8497940897941589
	0.849766194820404
	0.8497257232666016
	0.8496810793876648
	0.8496472239494324
	0.8496079444885254
	0.849567174911499
	0.8495496511459351
	0.8495059013366699
	0.8494592308998108
	0.8494270443916321
	0.8493934869766235
	0.849352240562439
	0.8493160605430603
	0.8492777347564697
	0.8492421507835388
	0.849209725856781
	0.8491742610931396
	0.8491445183753967
	0.8491174578666687
	0.8490827679634094
	0.8490397930145264
	0.8490025401115417
	0.8489730358123779
	0.8489420413970947
	0.8489097952842712
	0.8488886952400208
	0.8488519787788391
	0.8488178253173828
	0.8487895131111145
	0.8487544655799866
	0.8487238883972168
	0.8486817479133606
	0.8486384749412537
	0.8486033082008362
	0.8485772609710693
	0.8485407829284668
	0.8484959006309509
	0.8484569787979126
	0.8484181761741638
	0.848366916179657
	0.8483343720436096
	0.8483090996742249
	0.8482797741889954
	0.8482406735420227
	0.8482074737548828
	0.8481833934783936
	0.8481636643409729
	0.8481325507164001
	0.8481042981147766
	0.8480721116065979
	0.8480290770530701
	0.848008394241333
	0.8479694724082947
	0.8479347825050354
	0.8478896021842957
	0.8478620648384094
	0.8478314280509949
	0.8477949500083923
	0.8477640151977539
	0.8477199673652649
	0.8476936221122742
	0.8476800918579102
	0.847633421421051
	0.8476029634475708
	0.8475636839866638
	0.8475330471992493
	0.8475040793418884
	0.8474729061126709
	0.847450315952301
	0.847419023513794
	0.8473939895629883
	0.8473585247993469
	0.8473222851753235
	0.8472966551780701
	0.847263514995575
	0.8472312092781067
	0.8472042083740234
	0.8471831679344177
	0.8471422791481018
	0.8470994234085083
	0.8470746874809265
	0.8470498323440552
	0.8470273017883301
	0.8470056653022766
	0.846970796585083
	0.8469365239143372
	0.8469007015228271
	0.8468705415725708
	0.8468385934829712
	0.8468091487884521
	0.8467922210693359
	0.8467661738395691
	0.8467363119125366
	0.8467066884040833
	0.8466694355010986
	0.8466390371322632
	0.8466126322746277
	0.8465884923934937
	0.8465626239776611
	0.846540093421936
	0.8465109467506409
	0.8464887142181396
	0.8464529514312744
	0.846418023109436
	0.8463990688323975
	0.8463587164878845
	0.8463338613510132
	0.8463143110275269
	0.8462876081466675
	0.8462476134300232
	0.846230685710907
	0.8462105393409729
	0.8461841344833374
	0.8461577892303467
	0.8461292386054993
	0.8460994958877563
	0.8460648059844971
	0.8460386991500854
	0.8460178375244141
	0.8459786772727966
	0.8459586501121521
	0.8459340929985046
	0.8459029197692871
	0.8458844423294067
	0.845848560333252
	0.845815896987915
	0.8457898497581482
	0.845762312412262
	0.8457355499267578
	0.8456985354423523
	0.8456723690032959
	0.8456361293792725
	0.845604658126831
	0.8455901145935059
	0.8455549478530884
	0.8455257415771484
	0.8454886674880981
	0.8454617261886597
	0.845436155796051
	0.8454106450080872
	0.8453754782676697
	0.84535151720047
	0.8453308939933777
	0.845309853553772
	0.8452810049057007
	0.8452551960945129
	0.8452227115631104
	0.8451994061470032
	0.8451672196388245
	0.8451448082923889
	0.8451220393180847
	0.845099925994873
	0.8450735807418823
	0.8450429439544678
	0.8450220823287964
	0.8449815511703491
	0.8449586033821106
	0.844937264919281
	0.8449097871780396
	0.8448908925056458
	0.844853937625885
	0.8448203802108765
	0.8447915315628052
	0.8447646498680115
	0.8447458148002625
	0.844716489315033
	0.8446916341781616
	0.8446646928787231
	0.8446280360221863
	0.8445937037467957
	0.8445671200752258
	0.8445236682891846
	0.84450763463974
	0.8444833159446716
	0.8444531559944153
	0.8444388508796692
	0.8444018959999084
	0.844373345375061
	0.8443425893783569
	0.8443208336830139
	0.8442897796630859
	0.8442737460136414
	0.844253420829773
	0.8442232608795166
	0.8442002534866333
	0.8441818356513977
	0.8441484570503235
	0.8441387414932251
	0.8441129922866821
	0.8440953493118286
	0.8440639972686768
	0.8440454006195068
	0.8440254330635071
	0.8439949750900269
	0.8439697623252869
	0.8439554572105408
	0.8439422249794006
	0.8439057469367981
	0.8438683748245239
	0.8438496589660645
	0.8438295125961304
	0.843812882900238
	0.8437880873680115
	0.8437550067901611
	0.8437382578849792
	0.8437106609344482
	0.8436777591705322
	0.8436528444290161
	0.8436357975006104
	0.8436079621315002
	0.8435680866241455
	0.8435500860214233
	0.8435314297676086
	0.843510091304779
	0.8434954881668091
	0.8434714674949646
	0.8434402942657471
	0.843425989151001
	0.8433855175971985
	0.8433701992034912
	0.8433425426483154
	0.843311071395874
	0.8432948589324951
	0.8432711362838745
	0.843239963054657
	0.8432206511497498
	0.8431975841522217
	0.8431795835494995
	0.8431504368782043
	0.8431270718574524
	0.8431073427200317
	0.8430823087692261
	0.843061089515686
	0.843041718006134
	0.8430162072181702
	0.8429935574531555
	0.8429598212242126
	0.8429463505744934
	0.8429197072982788
	0.8428915143013
	0.8428646326065063
	0.8428471088409424
	0.8428266048431396
	0.8427863121032715
	0.8427789211273193
	0.8427612781524658
	0.8427312970161438
	0.8427137732505798
	0.8426939845085144
	0.8426692485809326
	0.8426440954208374
	0.8426108360290527
	0.8425816893577576
	0.8425559401512146
	0.8425309062004089
	0.842518150806427
	0.8424851894378662
	0.842461347579956
	0.8424392342567444
	0.8423959612846375
	0.8423683047294617
	0.8423535227775574
	0.8423357605934143
	0.8423130512237549
	0.8422930836677551
	0.8422720432281494
	0.842246949672699
	0.842234194278717
	0.8422113656997681
	0.8421820402145386
	0.842144250869751
	0.8421212434768677
	0.8420916795730591
	0.8420657515525818
	0.842044472694397
	0.8420155644416809
	0.8419812917709351
	0.8419550657272339
	0.841926097869873
	0.8418985605239868
	0.8418595790863037
	0.841823399066925
	0.8417888879776001
	0.8417597413063049
	0.8417423963546753
	0.8417271375656128
	0.8416986465454102
	0.8416699767112732
	0.8416512608528137
	0.8416315317153931
	0.8416096568107605
	0.8415871262550354
	0.8415625691413879
	0.8415391445159912
	0.8415108919143677
	0.8414731621742249
	0.8414391875267029
	0.8414238691329956
	0.8414144515991211
	0.8413848280906677
	0.8413508534431458
	0.8413228988647461
	0.8412925601005554
	0.8412594795227051
	0.8412253260612488
	0.8411995768547058
	0.8411742448806763
	0.8411514163017273
	0.8411328792572021
	0.841098427772522
	0.8410683870315552
	0.8410540819168091
	0.8410512804985046
	0.8410196900367737
	0.8409871459007263
	0.8409723043441772
	0.8409459590911865
	0.84092116355896
	0.8409004807472229
	0.8408734798431396
	0.8408359885215759
	0.8408161401748657
	0.8407915234565735
	0.8407766819000244
	0.8407507538795471
	0.8407395482063293
	0.8406977653503418
	0.8406647443771362
	0.8406556844711304
	0.840638279914856
	0.8406182527542114
	0.8405945897102356
	0.8405551314353943
	0.8405299782752991
	0.8405014276504517
	0.8404722809791565
	0.8404595851898193
	0.8404310345649719
	0.8404157161712646
	0.8403763175010681
	0.8403468132019043
	0.8403210639953613
	0.8402925133705139
	0.8402792811393738
	0.8402639627456665
	0.8402404189109802
	0.8402222990989685
	0.840196430683136
	0.8401712775230408
	0.8401498794555664
	0.8401364088058472
	0.8401079177856445
	0.8400749564170837
	0.84004807472229
	0.8400142788887024
	0.8399885892868042
	0.8399503827095032
	0.8399268984794617
	0.8399016857147217
	0.8398734927177429
	0.8398515582084656
	0.8398338556289673
	0.8398146033287048
	0.8397862911224365
	0.8397542238235474
	0.8397307991981506
	0.839695155620575
	0.8396775126457214
	0.8396521210670471
	0.8396247029304504
	0.8395897746086121
	0.8395518660545349
	0.8395244479179382
	0.839510440826416
	0.839486300945282
	0.8394586443901062
	0.839442253112793
	0.8394098877906799
	0.8393872380256653
	0.8393528461456299
	0.8393388390541077
	0.8393202424049377
	0.8392869234085083
	0.8392692804336548
	0.8392456769943237
	0.8392195105552673
	0.8392006754875183
	0.8391810059547424
	0.8391405344009399
	0.8391110301017761
	0.8390923142433167
	0.8390756249427795
	0.8390586972236633
	0.8390403389930725
	0.8390128016471863
	0.8389820456504822
	0.8389586210250854
	0.838935375213623
	0.8389140367507935
	0.8388903737068176
	0.8388637900352478
	0.8388338685035706
	0.8388081789016724
	0.8387866020202637
	0.8387521505355835
	0.8387355208396912
	0.8387078046798706
	0.8386734127998352
	0.8386400938034058
	0.8386148810386658
	0.8385912179946899
	0.8385668396949768
	0.8385405540466309
	0.8385038375854492
	0.8384683728218079
	0.8384575843811035
	0.8384424448013306
	0.8384316563606262
	0.8384066224098206
	0.8383840322494507
	0.8383601307868958
	0.8383388519287109
	0.8383293747901917
	0.8383014798164368
	0.8382712006568909
	0.8382558226585388
	0.8382335305213928
	0.8381967544555664
	0.838166356086731
	0.8381391763687134
	0.8381192088127136
	0.8380829691886902
	0.838050127029419
	0.8380338549613953
	0.838010311126709
	0.8380005955696106
	0.8379667401313782
	0.8379545211791992
	0.837934136390686
	0.8379114270210266
	0.8378750681877136
	0.837855875492096
	0.8378274440765381
	0.8377931714057922
	0.8377612829208374
	0.8377321362495422
	0.8377085328102112
	0.8376771211624146
	0.8376476168632507
	0.8376206755638123
	0.8375928401947021
	0.8375750184059143
	0.8375477194786072
	0.8375117182731628
	0.8374850749969482
	0.8374714255332947
	0.8374482989311218
	0.8374245762825012
	0.8373962640762329
	0.8373736143112183
	0.8373430371284485
	0.8373237252235413
	0.837300181388855
	0.8372838497161865
	0.8372489213943481
	0.8372178673744202
	0.837192177772522
	0.8371760845184326
	0.837152898311615
	0.8371279835700989
	0.8370987176895142
	0.8370785713195801
	0.8370596766471863
	0.8370372653007507
	0.8370077610015869
	0.8369859457015991
	0.8369680643081665
	0.8369424343109131
	0.8369176387786865
	0.8368880152702332
	0.836864173412323
	0.8368538022041321
	0.8368273377418518
	0.8368080854415894
	0.8367641568183899
	0.8367441892623901
	0.8367335796356201
	0.8367173075675964
	0.8366977572441101
	0.8366850018501282
	0.8366671204566956
	0.8366320729255676
	0.8366053104400635
	0.8365801572799683
	0.8365512490272522
	0.8365169167518616
	0.8364837169647217
	0.8364539742469788
	0.8364327549934387
	0.8363906145095825
	0.8363667130470276
	0.8363557457923889
	0.836336076259613
	0.8363139033317566
	0.8362807631492615
	0.8362417221069336
	0.8362144827842712
	0.8361912369728088
	0.8361507058143616
	0.8361310362815857
	0.8361086249351501
	0.8360852003097534
	0.8360633254051208
	0.8360411524772644
	0.8360182046890259
	0.8359948992729187
	0.8359760046005249
	0.8359699845314026
	0.8359342217445374
	0.8358960151672363
	0.8358638882637024
	0.8358333706855774
	0.835811972618103
	0.8357902765274048
	0.835773229598999
	0.8357540965080261
	0.8357259035110474
	0.8357032537460327
	0.8356750011444092
	0.8356618881225586
	0.8356391787528992
	0.8356077075004578
	0.835580587387085
	0.8355545401573181
	0.8355315923690796
	0.8355093002319336
	0.8354736566543579
	0.8354334831237793
	0.8354066610336304
	0.8353735208511353
	0.8353341221809387
	0.8353134989738464
	0.8352790474891663
	0.835249125957489
	0.8352269530296326
	0.8351932764053345
	0.8351545929908752
	0.835128664970398
	0.8350894451141357
	0.8350478410720825
	0.8350245952606201
	0.8349788188934326
	0.8349562287330627
	0.83492112159729
	0.8348960876464844
	0.8348703980445862
	0.8348509073257446
	0.8348262906074524
	0.834798276424408
	0.8347712755203247
	0.8347510695457458
	0.8347203135490417
	0.8347031474113464
	0.8346624970436096
	0.8346326947212219
	0.8345988392829895
	0.8345744013786316
	0.8345511555671692
	0.8345188498497009
	0.8344893455505371
	0.8344618678092957
	0.8344380259513855
	0.8344172835350037
	0.8343912363052368
	0.8343709707260132
	0.8343639373779297
	0.8343494534492493
	0.8343284726142883
	0.8343021869659424
	0.8342686891555786
	0.8342465162277222
	0.8342195153236389
	0.8341811895370483
	0.8341419696807861
	0.834111213684082
	0.8340805768966675
	0.8340550065040588
	0.8340336680412292
	0.8339941501617432
	0.8339791297912598
	0.8339603543281555
	0.8339386582374573
	0.8339167833328247
	0.8338872194290161
	0.8338759541511536
	0.8338503241539001
	0.8338291645050049
	0.8337950706481934
	0.8337722420692444
	0.8337401747703552
	0.8336988091468811
	0.8336721658706665
	0.8336458802223206
	0.8336094617843628
	0.8335856199264526
	0.8335646390914917
	0.8335372805595398
	0.8335238099098206
	0.8335046768188477
	0.8334999084472656
	0.8334767818450928
	0.8334620594978333
	0.8334320187568665
	0.8334075808525085
	0.8333961963653564
	0.833384096622467
	0.8333641886711121
	0.8333402276039124
	0.833314836025238
	0.8332870006561279
	0.8332545161247253
	0.8332279324531555
	0.8332010507583618
	0.8331781029701233
	0.8331615328788757
	0.8331454396247864
	0.8331144452095032
	0.8330965638160706
	0.8330721259117126
	0.83305823802948
	0.8330339789390564
	0.8330093026161194
	0.8329812288284302
	0.8329622149467468
	0.8329271078109741
	0.8329063057899475
	0.8328778743743896
	0.8328425884246826
	0.832834005355835
	0.8328131437301636
	0.8327800035476685
	0.8327627778053284
	0.8327417969703674
	0.832720935344696
	0.8326919078826904
	0.8326548337936401
	0.8326336741447449
	0.8326123356819153
	0.8325899839401245
	0.8325583934783936
	0.8325371146202087
	0.8325287699699402
	0.832504391670227
	0.8324773907661438
	0.8324585556983948
	0.8324257135391235
	0.8324077129364014
	0.8323853611946106
	0.8323431015014648
	0.8323260545730591
	0.832304060459137
	0.8322719931602478
	0.8322610855102539
	0.832241415977478
	0.8322200775146484
	0.8321733474731445
	0.83213871717453
	0.8321144580841064
	0.8320895433425903
	0.8320674300193787
	0.8320444822311401
	0.8320114612579346
	0.8319881558418274
	0.8319649696350098
	0.8319459557533264
	0.8319224119186401
	0.8318856954574585
	0.8318577408790588
	0.8318410515785217
	0.8318130373954773
	0.831780731678009
	0.8317568302154541
	0.8317353129386902
	0.8317112922668457
	0.8316863775253296
	0.8316760063171387
	0.8316444754600525
	0.8316218852996826
	0.8315965533256531
	0.8315784335136414
	0.8315574526786804
	0.8315305113792419
	0.8314999938011169
	0.8314628005027771
	0.831439197063446
	0.8314216136932373
	0.8314065337181091
	0.8313858509063721
	0.8313578963279724
	0.8313372731208801
	0.8313111066818237
	0.8312923312187195
	0.831277072429657
	0.831257164478302
	0.8312237858772278
	0.8311927318572998
	0.8311685919761658
	0.8311527967453003
	0.8311313390731812
	0.8311113715171814
	0.831086277961731
	0.8310710787773132
	0.8310439586639404
	0.8310180306434631
	0.8310045003890991
	0.830971896648407
	0.8309397101402283
	0.830909013748169
	0.8308725953102112
	0.8308441042900085
	0.8308317065238953
	0.8308101892471313
	0.830778956413269
	0.8307546973228455
	0.8307375311851501
	0.8307034373283386
	0.8306862711906433
	0.8306689262390137
	0.8306408524513245
	0.830622673034668
	0.8305891752243042
	0.8305633068084717
	0.8305333256721497
	0.8305162191390991
	0.8304945826530457
	0.8304779529571533
	0.8304606080055237
	0.830427348613739
	0.8303933143615723
	0.8303773403167725
	0.8303597569465637
	0.8303396105766296
	0.8303214907646179
	0.8303127288818359
	0.8302974104881287
	0.8302822113037109
	0.8302384614944458
	0.8302156925201416
	0.8302041292190552
	0.830180287361145
	0.8301509618759155
	0.8301168084144592
	0.8301012516021729
	0.8300829529762268
	0.8300628662109375
	0.8300343751907349
	0.8299893140792847
	0.8299686908721924
	0.8299424648284912
	0.8299208879470825
	0.8299083113670349
	0.8298835754394531
	0.8298640251159668
	0.8298462629318237
	0.8298262357711792
	0.8297878503799438
	0.8297747373580933
	0.8297514915466309
	0.8297348022460938
	0.8297178745269775
	0.8296991586685181
	0.8296636939048767
	0.8296382427215576
	0.8296127915382385
	0.8295891880989075
	0.8295716047286987
	0.8295555710792542
	0.8295440673828125
	0.8295146822929382
	0.8294957876205444
	0.8294822573661804
	0.8294601440429688
	0.8294509649276733
	0.8294184803962708
	0.8293975591659546
	0.829377293586731
	0.8293566107749939
	0.8293208479881287
	0.8292891979217529
	0.8292615413665771
	0.8292284607887268
	0.8292133808135986
	0.8291895389556885
	0.829171895980835
	0.8291481137275696
	0.8291310667991638
	0.8291080594062805
	0.8290931582450867
	0.8290697336196899
	0.829049825668335
	0.8290225267410278
	0.8289994597434998
	0.8289710283279419
	0.828946590423584
	0.8289232850074768
	0.828905463218689
	0.8288606405258179
	0.8288329243659973
	0.8288041353225708
	0.8287698030471802
	0.8287372589111328
	0.8287065029144287
	0.8286709189414978
	0.8286359310150146
	0.8286048769950867
	0.8285737633705139
	0.8285505175590515
	0.8285340666770935
	0.8285034894943237
	0.8284887671470642
	0.8284755945205688
	0.8284415602684021
	0.8284021019935608
	0.8283811211585999
	0.8283544182777405
	0.8283235430717468
	0.8282904624938965
	0.8282700181007385
	0.8282461762428284
	0.8282169103622437
	0.8281867504119873
	0.82815021276474
	0.8281310200691223
	0.8281083106994629
	0.8280840516090393
	0.828065037727356
	0.8280344009399414
	0.8280113339424133
	0.828008234500885
	0.8279880881309509
	0.8279551863670349
	0.8279263973236084
	0.8279052376747131
	0.8278753161430359
	0.8278636336326599
	0.8278446197509766
	0.8278172016143799
	0.82779461145401
	0.8277715444564819
	0.827740490436554
	0.8277110457420349
	0.8276865482330322
	0.8276548385620117
	0.8276317119598389
	0.8276110291481018
	0.8275802731513977
	0.8275462985038757
	0.8275196552276611
	0.8274948000907898
	0.8274701237678528
	0.827450692653656
	0.8274311423301697
	0.8274101614952087
	0.8273739814758301
	0.827351450920105
	0.8273099064826965
	0.8272766470909119
	0.8272561430931091
	0.8272354602813721
	0.8272110819816589
	0.8271900415420532
	0.827163577079773
	0.82713782787323
	0.8271110653877258
	0.8270911574363708
	0.8270614147186279
	0.827049970626831
	0.827022910118103
	0.8270112872123718
	0.8269884586334229
	0.8269630670547485
	0.8269468545913696
	0.826934814453125
	0.8269112706184387
	0.8268849849700928
	0.8268640637397766
	0.8268201351165771
	0.8268020749092102
	0.8267821073532104
	0.8267533779144287
	0.8267294764518738
	0.8267090916633606
	0.8266794681549072
	0.8266604542732239
	0.8266472220420837
	0.8266300559043884
	0.8265965580940247
	0.8265729546546936
	0.8265556693077087
	0.8265271782875061
	0.8265082240104675
	0.8264783620834351
	0.8264634013175964
	0.8264399766921997
	0.8264249563217163
	0.8263872265815735
	0.8263551592826843
	0.8263252973556519
	0.8263183832168579
	0.8263048529624939
	0.8262705206871033
	0.8262497782707214
	0.8262159824371338
	0.8261960744857788
	0.8261702060699463
	0.8261338472366333
	0.8261087536811829
	0.8260765671730042
	0.8260586261749268
	0.8260354399681091
	0.8260103464126587
	0.8259782195091248
	0.8259705901145935
	0.8259418606758118
	0.825922429561615
	0.8258938789367676
	0.8258735537528992
	0.8258483409881592
	0.8258281350135803
	0.8258125185966492
	0.825788140296936
	0.8257704973220825
	0.8257603645324707
	0.8257441520690918
	0.8257189989089966
	0.8256798982620239
	0.8256530165672302
	0.825626790523529
	0.8256081938743591
	0.8255867958068848
	0.825560986995697
	0.8255319595336914
	0.8255218863487244
	0.8254905343055725
	0.8254740238189697
	0.8254664540290833
	0.8254510164260864
	0.8254303336143494
	0.8254142999649048
	0.8253989815711975
	0.825376033782959
	0.8253483176231384
	0.8253153562545776
	0.8253026604652405
	0.8252734541893005
	0.8252448439598083
	0.8252259492874146
	0.8252182006835938
	0.8251988291740417
	0.8251740336418152
	0.825149416923523
	0.8251224756240845
	0.8251038789749146
	0.8250710964202881
	0.8250472545623779
	0.825015127658844
	0.8250027298927307
	0.8249704837799072
	0.8249565958976746
	0.8249326348304749
	0.8249064683914185
	0.8248822093009949
	0.8248720765113831
	0.8248390555381775
	0.8248199820518494
	0.8248077630996704
	0.8247798681259155
	0.8247730135917664
	0.8247620463371277
	0.8247401118278503
	0.8247160315513611
	0.8247039914131165
	0.8246769309043884
	0.8246492147445679
	0.8246187567710876
	0.8246007561683655
	0.8245754241943359
	0.824560284614563
	0.8245344758033752
	0.8245190978050232
	0.8244960904121399
	0.8244759440422058
	0.8244543671607971
	0.8244362473487854
	0.8244154453277588
	0.8244045972824097
	0.8243964314460754
	0.8243637681007385
	0.8243468403816223
	0.8243215084075928
	0.8243079781532288
	0.8242994546890259
	0.8242754340171814
	0.8242376446723938
	0.8242194056510925
	0.8241961002349854
	0.82417893409729
	0.8241598606109619
	0.8241297006607056
	0.8241074085235596
	0.8240724205970764
	0.8240527510643005
	0.8240451216697693
	0.8240383863449097
	0.8240294456481934
	0.8240146040916443
	0.8240001797676086
	0.823985755443573
	0.8239611983299255
	0.8239489793777466
	0.8239350318908691
	0.8239206671714783
	0.823908269405365
	0.8238835334777832
	0.8238617181777954
	0.8238523602485657
	0.8238317370414734
	0.8238162398338318
	0.8237898945808411
	0.8237761855125427
	0.8237437009811401
	0.8237156867980957
	0.8236984014511108
	0.8236741423606873
	0.8236687183380127
	0.823645293712616
	0.8236191868782043
	0.8235960006713867
	0.8235706090927124
	0.8235633969306946
	0.8235480189323425
	0.823525607585907
	0.8235087394714355
	0.8234962821006775
	0.823466420173645
	0.8234323263168335
	0.823407769203186
	0.8233980536460876
	0.8233869075775146
	0.8233699202537537
	0.8233461380004883
	0.8233286738395691
	0.8233117461204529
	0.8232796788215637
	0.8232612609863281
	0.8232484459877014
	0.8232319355010986
	0.8232231736183167
	0.8231979012489319
	0.8231714367866516
	0.82315593957901
	0.8231481313705444
	0.8231261968612671
	0.8231019377708435
	0.8230829834938049
	0.823043167591095
	0.8230100274085999
	0.8229951858520508
	0.82298743724823
	0.8229669332504272
	0.8229496479034424
	0.8229345679283142
	0.8229160308837891
	0.8228896260261536
	0.8228635787963867
	0.8228352069854736
	0.8228124380111694
	0.8227938413619995
	0.8227546215057373
	0.8227245807647705
	0.8227014541625977
	0.8226823806762695
	0.8226706385612488
	0.8226508498191833
	0.8226321935653687
	0.8226053714752197
	0.82259601354599
	0.8225796818733215
	0.8225538730621338
	0.8225348591804504
	0.8225158452987671
	0.8224954009056091
	0.8224771618843079
	0.8224629759788513
	0.8224455118179321
	0.8224327564239502
	0.8224055171012878
	0.8223875164985657
	0.822360634803772
	0.8223327994346619
	0.8223162889480591
	0.8222901225090027
	0.8222612142562866
	0.8222306966781616
	0.8222267031669617
	0.8222116231918335
	0.8222000598907471
	0.8221874237060547
	0.8221696615219116
	0.8221566677093506
	0.8221389055252075
	0.8221390843391418
	0.8221184611320496
	0.8220947980880737
	0.8220759630203247
	0.8220649361610413
	0.8220630884170532
	0.8220382332801819
	0.822020411491394
	0.8220201134681702
	0.8220018744468689
	0.8219932317733765
	0.8219774961471558
	0.8219566941261292
	0.8219339847564697
	0.8219141960144043
	0.8218921422958374
	0.8218669891357422
	0.8218525052070618
	0.821843683719635
	0.8218419551849365
	0.8218255639076233
	0.821799635887146
	0.8217917084693909
	0.8217959403991699
	0.8217804431915283
	0.8217634558677673
	0.8217412829399109
	0.8217260837554932
	0.8217097520828247
	0.8216903805732727
	0.8216788172721863
	0.8216528296470642
	0.8216409683227539
	0.8216198086738586
	0.8216087222099304
	0.8215897083282471
	0.8215793967247009
	0.8215798735618591
	0.8215633630752563
	0.821547269821167
	0.821540117263794
	0.8215066194534302
	0.8214834332466125
	0.8214592933654785
	0.8214372992515564
	0.8214197158813477
	0.821409285068512
	0.8213980197906494
	0.821374773979187
	0.8213498592376709
	0.8213325142860413
	0.8213123083114624
	0.8212904930114746
	0.8212624192237854
	0.8212416768074036
	0.8212360739707947
	0.8212203979492188
	0.8211959600448608
	0.821169376373291
	0.8211632966995239
	0.821157693862915
	0.8211507201194763
	0.8211310505867004
	0.8211097121238708
	0.8210865259170532
	0.8210685849189758
	0.821056604385376
	0.8210349678993225
	0.8210171461105347
	0.8209943771362305
	0.8209763765335083
	0.8209511041641235
	0.8209360241889954
	0.8209287524223328
	0.8208986520767212
	0.8208912014961243
	0.82087242603302
	0.8208589553833008
	0.8208412528038025
	0.8208186030387878
	0.8207979798316956
	0.8207884430885315
	0.8207663297653198
	0.8207534551620483
	0.8207241296768188
	0.820716917514801
	0.8206993341445923
	0.820680558681488
	0.8206748962402344
	0.8206671476364136
	0.8206550478935242
	0.8206294178962708
	0.8206109404563904
	0.8206019401550293
	0.8205841779708862
	0.8205778002738953
	0.8205565214157104
	0.8205488920211792
	0.8205493688583374
	0.8205267786979675
	0.8205036520957947
	0.820480227470398
	0.8204578757286072
	0.8204471468925476
	0.8204296231269836
	0.8204111456871033
	0.8203946352005005
	0.8203823566436768
	0.8203973770141602
	0.8203926086425781
	0.8203766345977783
	0.82035893201828
	0.8203397989273071
	0.8203275203704834
	0.820319414138794
	0.8203166723251343
	0.8202994465827942
	0.8202877044677734
	0.820266604423523
	0.8202564120292664
	0.8202388286590576
	0.8202335238456726
	0.8202179074287415
	0.8202009201049805
	0.8201820850372314
	0.8201662302017212
	0.8201585412025452
	0.820148229598999
	0.8201276659965515
	0.8201137781143188
	0.8201143741607666
	0.8200968503952026
	0.820077657699585
	0.8200645446777344
	0.820063591003418
	0.8200515508651733
	0.8200379014015198
	0.8200206160545349
	0.8200143575668335
	0.8200037479400635
	0.8199763894081116
	0.819962203502655
	0.8199318647384644
	0.8199193477630615
	0.8198922872543335
	0.8198836445808411
	0.8198625445365906
	0.8198510408401489
	0.8198496103286743
	0.819835364818573
	0.8198259472846985
	0.8198198080062866
	0.8198146820068359
	0.8197930455207825
	0.819786787033081
	0.8197717070579529
	0.8197500705718994
	0.8197345733642578
	0.8197256922721863
	0.8197075724601746
	0.8196986317634583
	0.8196870684623718
	0.8196698427200317
	0.8196526765823364
	0.8196337819099426
	0.8196284770965576
	0.8196099400520325
	0.8196058869361877
	0.8196042776107788
	0.8195962905883789
	0.8195828199386597
	0.8195847868919373
	0.8195839524269104
	0.8195533752441406
	0.8195359110832214
	0.8195197582244873
	0.8194917440414429
	0.8194543719291687
	0.8194416165351868
	0.8194350004196167
	0.8194294571876526
	0.8194165229797363
	0.8193852305412292
	0.8193708062171936
	0.8193444609642029
	0.8193404674530029
	0.8193192481994629
	0.8192980289459229
	0.8192752599716187
	0.8192621469497681
	0.81925368309021
	0.8192404508590698
	0.8192341923713684
	0.819214940071106
	0.8191932439804077
	0.8191691637039185
	0.8191551566123962
	0.81914222240448
	0.8191240429878235
	0.8191215395927429
	0.8191213607788086
	0.8191011548042297
	0.8190983533859253
	0.8190836906433105
	0.8190656304359436
	0.8190540075302124
	0.8190378546714783
	0.8190209269523621
	0.8190053105354309
	0.8189945816993713
	0.8189982771873474
	0.8189799785614014
	0.8189563155174255
	0.8189415335655212
	0.8189286589622498
	0.8189084529876709
	0.8189071416854858
	0.8188962340354919
	0.8188861012458801
	0.8188683986663818
	0.8188582062721252
	0.8188542127609253
	0.8188478350639343
	0.8188465237617493
	0.8188319802284241
	0.8188204169273376
	0.8188183903694153
	0.8188077211380005
	0.8187834024429321
	0.8187738060951233
	0.8187541961669922
	0.818746030330658
	0.8187345862388611
	0.8187170028686523
	0.8187227845191956
	0.8187195658683777
	0.8187096118927002
	0.818699836730957
	0.8186851739883423
	0.8186872005462646
	0.8186779022216797
	0.8186678886413574
	0.8186566233634949
	0.8186497688293457
	0.8186389207839966
	0.818619966506958
	0.8186050653457642
	0.8185923099517822
	0.8185955286026001
	0.8185820579528809
	0.8185737133026123
	0.8185804486274719
	0.8185557723045349
	0.8185498714447021
	0.8185349702835083
	0.8185344338417053
	0.8185023069381714
	0.8184947967529297
	0.8184850215911865
	0.8184717893600464
	0.8184518814086914
	0.8184399604797363
	0.8184459209442139
	0.818437397480011
	0.8184261322021484
	0.818419337272644
	0.8184049725532532
	0.8183949589729309
	0.818383514881134
	0.8183785676956177
	0.8183701038360596
	0.8183660507202148
	0.8183415532112122
	0.8183448314666748
	0.8183451294898987
	0.8183336853981018
	0.8183259963989258
	0.8183239698410034
	0.8183093667030334
	0.8183027505874634
	0.818293571472168
	0.8182781934738159
	0.8182732462882996
	0.8182600140571594
	0.8182651400566101
	0.8182567954063416
	0.8182480931282043
	0.8182302713394165
	0.8182164430618286
	0.8182026743888855
	0.8181904554367065
	0.8181866407394409
	0.818169891834259
	0.8181517124176025
	0.8181396126747131
	0.8181490302085876
	0.818140983581543
	0.8181394934654236
	0.818133533000946
	0.8181135654449463
	0.8180896043777466
	0.8180798292160034
	0.8180873394012451
	0.8180848956108093
	0.8180657625198364
	0.8180525302886963
	0.8180392980575562
	0.818035364151001
	0.8180221915245056
	0.8180089592933655
	0.8180028200149536
	0.8179925084114075
	0.8179802298545837
	0.8179807066917419
	0.8179711699485779
	0.8179633021354675
	0.8179562091827393
	0.8179523944854736
	0.817941427230835
	0.8179393410682678
	0.8179264664649963
	0.8179207444190979
	0.8179057240486145
	0.8179044723510742
	0.8178972601890564
	0.817878246307373
	0.8178697228431702
	0.8178669214248657
	0.8178678750991821
	0.8178649544715881
	0.8178616762161255
	0.8178423047065735
	0.8178379535675049
	0.8178207278251648
	0.8178011178970337
	0.8177828788757324
	0.81777024269104
	0.8177518248558044
	0.8177302479743958
	0.8177180290222168
	0.8177119493484497
	0.8176999092102051
	0.8176900148391724
	0.8176764249801636
	0.8176746368408203
	0.8176640272140503
	0.8176539540290833
	0.8176462054252625
	0.8176400065422058
	0.8176279664039612
	0.8176132440567017
	0.8176092505455017
	0.8176110982894897
	0.8176191449165344
	0.8176100254058838
	0.817610502243042
	0.817593514919281
	0.8175872564315796
	0.817569375038147
	0.8175573945045471
	0.8175524473190308
	0.8175358772277832
	0.8175300359725952
	0.8175119757652283
	0.8175024390220642
	0.8174923062324524
	0.8174881935119629
	0.8174777030944824
	0.8174822330474854
	0.8174831867218018
	0.8174837231636047
	0.8174709677696228
	0.8174552321434021
	0.8174600005149841
	0.8174600601196289
	0.8174618482589722
	0.8174541592597961
	0.8174511790275574
	0.8174459338188171
	0.8174493312835693
	0.8174321055412292
	0.8174154162406921
	0.8174102902412415
	0.8174185156822205
	0.8174033164978027
	0.8173897862434387
	0.8173831701278687
	0.8173649311065674
	0.8173383474349976
	0.8173256516456604
	0.8173214793205261
	0.8173233866691589
	0.8173192143440247
	0.8173202276229858
	0.817311704158783
	0.8172920346260071
	0.8172822594642639
	0.817280113697052
	0.8172655701637268
	0.8172526359558105
	0.8172303438186646
	0.8172230124473572
	0.8172184824943542
	0.8172120451927185
	0.817203164100647
	0.8172057271003723
	0.8171976208686829
	0.817181408405304
	0.8171597123146057
	0.817154049873352
	0.8171412348747253
	0.8171403408050537
	0.8171443343162537
	0.8171404600143433
	0.8171380758285522
	0.8171321749687195
	0.8171185255050659
	0.8171156048774719
	0.8170984387397766
	0.8170781135559082
	0.8170732259750366
	0.8170589208602905
	0.817047119140625
	0.8170311450958252
	0.8170297145843506
	0.8170354962348938
	0.8170202970504761
	0.8170273900032043
	0.8170157074928284
	0.8170109391212463
	0.816993772983551
	0.8169848918914795
	0.8169862031936646
	0.8169741630554199
	0.8169591426849365
	0.8169518113136292
	0.816946804523468
	0.8169498443603516
	0.8169398903846741
	0.8169369101524353
	0.8169360160827637
	0.8169135451316833
	0.8169086575508118
	0.816910445690155
	0.8168957233428955
	0.8168876767158508
	0.8168802857398987
	0.8168584704399109
	0.8168389797210693
	0.8168284893035889
	0.8168190717697144
	0.8168191909790039
	0.8168275356292725
	0.8168331384658813
	0.816814661026001
	0.8168098330497742
	0.8167988061904907
	0.816803514957428
	0.816795825958252
	0.8167835474014282
	0.8167833685874939
	0.8167820572853088
	0.8167832493782043
	0.8167746663093567
	0.8167752027511597
]