[
	1.1066890954971313
	1.106501817703247
	1.106325387954712
	1.1061482429504395
	1.1059702634811401
	1.1057891845703125
	1.1056042909622192
	1.1054234504699707
	1.1052324771881104
	1.1050506830215454
	1.104861855506897
	1.1046746969223022
	1.1045011281967163
	1.1043117046356201
	1.1041321754455566
	1.1039506196975708
	1.1037768125534058
	1.1036015748977661
	1.1034358739852905
	1.1032605171203613
	1.1030834913253784
	1.1029052734375
	1.102737307548523
	1.1025702953338623
	1.1023945808410645
	1.1022230386734009
	1.1020543575286865
	1.1018801927566528
	1.1017175912857056
	1.1015561819076538
	1.1013758182525635
	1.1012104749679565
	1.1010416746139526
	1.1008707284927368
	1.1007026433944702
	1.1005388498306274
	1.1003684997558594
	1.100203037261963
	1.1000293493270874
	1.09986412525177
	1.0996969938278198
	1.0995304584503174
	1.099368929862976
	1.0992050170898438
	1.099046230316162
	1.0988835096359253
	1.0987359285354614
	1.0985901355743408
	1.0984324216842651
	1.0982738733291626
	1.098118543624878
	1.0979593992233276
	1.0978014469146729
	1.0976489782333374
	1.097497582435608
	1.097344994544983
	1.0971894264221191
	1.0970349311828613
	1.0968819856643677
	1.096723198890686
	1.0965688228607178
	1.0964176654815674
	1.096262812614441
	1.0961108207702637
	1.0959612131118774
	1.0958043336868286
	1.0956580638885498
	1.0955173969268799
	1.0953658819198608
	1.095215082168579
	1.0950673818588257
	1.0949276685714722
	1.0947757959365845
	1.094626784324646
	1.0944844484329224
	1.0943348407745361
	1.09419846534729
	1.0940524339675903
	1.0939137935638428
	1.0937703847885132
	1.093636393547058
	1.0935009717941284
	1.093355655670166
	1.0932037830352783
	1.0930615663528442
	1.0929142236709595
	1.0927703380584717
	1.0926300287246704
	1.0925058126449585
	1.0923688411712646
	1.0922266244888306
	1.0920875072479248
	1.0919501781463623
	1.0918101072311401
	1.0916759967803955
	1.091559886932373
	1.0914136171340942
	1.091275930404663
	1.09114408493042
	1.091018557548523
	1.0908821821212769
	1.090747356414795
	1.0906115770339966
	1.0904744863510132
	1.0903406143188477
	1.0902104377746582
	1.0900768041610718
	1.089941382408142
	1.0898081064224243
	1.0896741151809692
	1.0895370244979858
	1.089417576789856
	1.0892844200134277
	1.0891532897949219
	1.0890272855758667
	1.088907241821289
	1.088768482208252
	1.0886393785476685
	1.0885038375854492
	1.0883700847625732
	1.0882477760314941
	1.0881060361862183
	1.08798348903656
	1.0878627300262451
	1.0877362489700317
	1.0876060724258423
	1.0874767303466797
	1.087349772453308
	1.0872260332107544
	1.0870959758758545
	1.0869601964950562
	1.086839199066162
	1.0867197513580322
	1.0865930318832397
	1.0864646434783936
	1.08634352684021
	1.0862290859222412
	1.0861003398895264
	1.0859700441360474
	1.0858538150787354
	1.0857218503952026
	1.0856032371520996
	1.0854800939559937
	1.0853559970855713
	1.0852421522140503
	1.0851144790649414
	1.0849897861480713
	1.0848743915557861
	1.084755539894104
	1.084628939628601
	1.0845094919204712
	1.084386944770813
	1.0842655897140503
	1.084129810333252
	1.0840178728103638
	1.0839067697525024
	1.0837745666503906
	1.083660364151001
	1.0835429430007935
	1.0834286212921143
	1.083300232887268
	1.083172082901001
	1.0830488204956055
	1.082926630973816
	1.0828144550323486
	1.0826939344406128
	1.0825738906860352
	1.0824569463729858
	1.0823378562927246
	1.08222234249115
	1.0821056365966797
	1.0819848775863647
	1.0818809270858765
	1.081770896911621
	1.0816534757614136
	1.0815349817276
	1.0814144611358643
	1.0813164710998535
	1.0811996459960938
	1.081091046333313
	1.0809810161590576
	1.0808689594268799
	1.080748200416565
	1.0806281566619873
	1.0805171728134155
	1.0803990364074707
	1.0802783966064453
	1.0801753997802734
	1.0800492763519287
	1.0799329280853271
	1.0798197984695435
	1.0797014236450195
	1.079593539237976
	1.079482078552246
	1.079365849494934
	1.079254388809204
	1.0791352987289429
	1.0790334939956665
	1.0789248943328857
	1.0788147449493408
	1.0787022113800049
	1.078593134880066
	1.0784780979156494
	1.0783685445785522
	1.0782575607299805
	1.0781447887420654
	1.0780363082885742
	1.077926754951477
	1.0778238773345947
	1.0777157545089722
	1.0776108503341675
	1.0774986743927002
	1.0773926973342896
	1.0772762298583984
	1.0771687030792236
	1.07706880569458
	1.076964259147644
	1.0768539905548096
	1.0767368078231812
	1.0766289234161377
	1.0765231847763062
	1.0764274597167969
	1.0763146877288818
	1.0762113332748413
	1.0761046409606934
	1.076010823249817
	1.0759133100509644
	1.0758118629455566
	1.0757019519805908
	1.0755970478057861
	1.075491189956665
	1.0753793716430664
	1.075270652770996
	1.0751769542694092
	1.0750707387924194
	1.0749733448028564
	1.0748755931854248
	1.0747750997543335
	1.074673056602478
	1.0745729207992554
	1.0744750499725342
	1.0743709802627563
	1.0742666721343994
	1.0741713047027588
	1.0740704536437988
	1.0739699602127075
	1.0738718509674072
	1.073779821395874
	1.0736855268478394
	1.0735865831375122
	1.0734809637069702
	1.073380947113037
	1.0732823610305786
	1.073176383972168
	1.0730853080749512
	1.0729886293411255
	1.0728838443756104
	1.0727893114089966
	1.0726977586746216
	1.0725982189178467
	1.0725115537643433
	1.0724116563796997
	1.0723121166229248
	1.0722087621688843
	1.0721138715744019
	1.0720164775848389
	1.0719127655029297
	1.0718169212341309
	1.0717233419418335
	1.0716241598129272
	1.0715327262878418
	1.0714430809020996
	1.0713468790054321
	1.071256160736084
	1.071161150932312
	1.0710608959197998
	1.0709648132324219
	1.0708774328231812
	1.0707827806472778
	1.0706840753555298
	1.0705978870391846
	1.0705084800720215
	1.070410966873169
	1.0703234672546387
	1.0702333450317383
	1.0701326131820679
	1.0700397491455078
	1.0699448585510254
	1.069854974746704
	1.069757342338562
	1.0696598291397095
	1.0695620775222778
	1.06947922706604
	1.0693883895874023
	1.0692903995513916
	1.0691994428634644
	1.069108486175537
	1.0690116882324219
	1.0689151287078857
	1.0688154697418213
	1.0687202215194702
	1.0686368942260742
	1.0685443878173828
	1.0684584379196167
	1.0683603286743164
	1.0682635307312012
	1.0681720972061157
	1.0680865049362183
	1.0679999589920044
	1.0679131746292114
	1.0678279399871826
	1.067734718322754
	1.0676449537277222
	1.0675424337387085
	1.0674560070037842
	1.0673748254776
	1.0672857761383057
	1.0671920776367188
	1.067104697227478
	1.0670161247253418
	1.0669306516647339
	1.0668388605117798
	1.066750168800354
	1.0666662454605103
	1.06657874584198
	1.0664899349212646
	1.0663937330245972
	1.0663087368011475
	1.0662260055541992
	1.0661429166793823
	1.066061019897461
	1.0659688711166382
	1.0658880472183228
	1.0658024549484253
	1.0657227039337158
	1.0656403303146362
	1.0655626058578491
	1.065478801727295
	1.0653910636901855
	1.0653074979782104
	1.0652233362197876
	1.0651365518569946
	1.065046787261963
	1.0649646520614624
	1.0648810863494873
	1.0648024082183838
	1.0647178888320923
	1.0646398067474365
	1.0645605325698853
	1.064479947090149
	1.0644009113311768
	1.0643184185028076
	1.0642333030700684
	1.0641545057296753
	1.06406831741333
	1.0639880895614624
	1.0639067888259888
	1.063821792602539
	1.063740611076355
	1.0636556148529053
	1.063575029373169
	1.0634859800338745
	1.063408613204956
	1.0633286237716675
	1.0632508993148804
	1.0631741285324097
	1.063094973564148
	1.063021183013916
	1.062949776649475
	1.062869906425476
	1.0627920627593994
	1.0627185106277466
	1.0626319646835327
	1.0625559091567993
	1.062464714050293
	1.0623835325241089
	1.0622990131378174
	1.0622214078903198
	1.0621323585510254
	1.062052845954895
	1.0619746446609497
	1.061896800994873
	1.0618126392364502
	1.0617411136627197
	1.0616668462753296
	1.0615835189819336
	1.0615057945251465
	1.0614395141601562
	1.0613555908203125
	1.061281681060791
	1.0612009763717651
	1.061123251914978
	1.0610442161560059
	1.0609601736068726
	1.060874581336975
	1.0607964992523193
	1.0607247352600098
	1.0606416463851929
	1.0605632066726685
	1.0604888200759888
	1.060402512550354
	1.0603206157684326
	1.0602511167526245
	1.0601706504821777
	1.0600879192352295
	1.0600088834762573
	1.0599299669265747
	1.05985426902771
	1.059779405593872
	1.0597032308578491
	1.0596321821212769
	1.0595505237579346
	1.0594685077667236
	1.0593973398208618
	1.0593258142471313
	1.0592442750930786
	1.0591661930084229
	1.0590980052947998
	1.0590226650238037
	1.0589509010314941
	1.0588693618774414
	1.058795690536499
	1.0587196350097656
	1.0586479902267456
	1.058569312095642
	1.058498501777649
	1.0584211349487305
	1.058348536491394
	1.0582740306854248
	1.0582048892974854
	1.0581302642822266
	1.0580521821975708
	1.0579733848571777
	1.0579041242599487
	1.057834506034851
	1.0577616691589355
	1.0576874017715454
	1.0576084852218628
	1.0575414896011353
	1.0574700832366943
	1.0573937892913818
	1.0573309659957886
	1.0572609901428223
	1.0571815967559814
	1.0571149587631226
	1.0570383071899414
	1.0569672584533691
	1.056898593902588
	1.056828260421753
	1.0567567348480225
	1.0566879510879517
	1.056620478630066
	1.05654776096344
	1.0564734935760498
	1.056394100189209
	1.0563229322433472
	1.0562502145767212
	1.056171178817749
	1.0561034679412842
	1.0560322999954224
	1.055959939956665
	1.0558902025222778
	1.0558198690414429
	1.0557526350021362
	1.0556890964508057
	1.0556185245513916
	1.0555493831634521
	1.0554805994033813
	1.055405855178833
	1.0553398132324219
	1.0552706718444824
	1.0551960468292236
	1.0551310777664185
	1.0550613403320312
	1.0549986362457275
	1.0549343824386597
	1.054872989654541
	1.0548115968704224
	1.054746389389038
	1.0546801090240479
	1.0546109676361084
	1.054550051689148
	1.054482340812683
	1.0544241666793823
	1.054366111755371
	1.0543099641799927
	1.0542458295822144
	1.0541646480560303
	1.0541034936904907
	1.0540440082550049
	1.0539768934249878
	1.0539103746414185
	1.0538455247879028
	1.0537807941436768
	1.0537151098251343
	1.0536458492279053
	1.0535794496536255
	1.0535142421722412
	1.0534541606903076
	1.0533910989761353
	1.0533370971679688
	1.0532728433609009
	1.053213119506836
	1.053148865699768
	1.0530791282653809
	1.0530096292495728
	1.0529401302337646
	1.052870273590088
	1.0528026819229126
	1.0527421236038208
	1.0526789426803589
	1.0526115894317627
	1.05254328250885
	1.0524754524230957
	1.0524170398712158
	1.0523581504821777
	1.052290916442871
	1.0522230863571167
	1.052151083946228
	1.0520830154418945
	1.0520195960998535
	1.0519518852233887
	1.0518816709518433
	1.0518224239349365
	1.0517468452453613
	1.051680564880371
	1.0516164302825928
	1.0515543222427368
	1.051487922668457
	1.0514283180236816
	1.0513719320297241
	1.0513042211532593
	1.051243782043457
	1.0511760711669922
	1.0511088371276855
	1.051044225692749
	1.0509922504425049
	1.0509295463562012
	1.0508629083633423
	1.0508023500442505
	1.0507365465164185
	1.0506776571273804
	1.0506149530410767
	1.0505472421646118
	1.050482153892517
	1.0504302978515625
	1.0503672361373901
	1.0502982139587402
	1.0502375364303589
	1.0501806735992432
	1.0501251220703125
	1.050062656402588
	1.0500026941299438
	1.0499401092529297
	1.0498791933059692
	1.0498203039169312
	1.0497673749923706
	1.0497032403945923
	1.049645185470581
	1.0495879650115967
	1.0495260953903198
	1.0494589805603027
	1.0494003295898438
	1.0493379831314087
	1.0492801666259766
	1.0492125749588013
	1.0491544008255005
	1.0490964651107788
	1.0490431785583496
	1.0489873886108398
	1.0489345788955688
	1.0488758087158203
	1.0488160848617554
	1.048757791519165
	1.0486912727355957
	1.048641562461853
	1.0485830307006836
	1.048526644706726
	1.048470139503479
	1.0484139919281006
	1.0483500957489014
	1.0482873916625977
	1.048231840133667
	1.048171877861023
	1.04811429977417
	1.0480622053146362
	1.047998070716858
	1.0479520559310913
	1.0478986501693726
	1.0478448867797852
	1.0477873086929321
	1.0477317571640015
	1.047672986984253
	1.0476140975952148
	1.0475499629974365
	1.0474984645843506
	1.0474448204040527
	1.0473976135253906
	1.0473477840423584
	1.0472851991653442
	1.0472230911254883
	1.0471640825271606
	1.0471086502075195
	1.047054648399353
	1.0470024347305298
	1.0469465255737305
	1.0468968152999878
	1.0468392372131348
	1.0467767715454102
	1.0467143058776855
	1.046667218208313
	1.0466179847717285
	1.046567440032959
	1.0465162992477417
	1.046465516090393
	1.0464121103286743
	1.0463472604751587
	1.0462849140167236
	1.0462357997894287
	1.0461701154708862
	1.0461161136627197
	1.0460532903671265
	1.0459904670715332
	1.045938491821289
	1.045882225036621
	1.0458202362060547
	1.0457593202590942
	1.0457123517990112
	1.0456645488739014
	1.0456150770187378
	1.0455687046051025
	1.0455013513565063
	1.0454511642456055
	1.0454021692276
	1.0453540086746216
	1.0453070402145386
	1.0452545881271362
	1.0451964139938354
	1.04514479637146
	1.0450884103775024
	1.045034408569336
	1.04498291015625
	1.0449239015579224
	1.044872760772705
	1.0448187589645386
	1.0447688102722168
	1.044718623161316
	1.0446670055389404
	1.0446127653121948
	1.044561505317688
	1.0445151329040527
	1.0444666147232056
	1.0444128513336182
	1.0443512201309204
	1.0443075895309448
	1.044252634048462
	1.0442023277282715
	1.0441595315933228
	1.044106125831604
	1.044053316116333
	1.044004201889038
	1.0439534187316895
	1.0439118146896362
	1.0438467264175415
	1.0437942743301392
	1.0437352657318115
	1.0436817407608032
	1.0436286926269531
	1.043577790260315
	1.0435185432434082
	1.043468952178955
	1.043420672416687
	1.0433753728866577
	1.0433263778686523
	1.0432684421539307
	1.0432199239730835
	1.043166160583496
	1.0431259870529175
	1.043075442314148
	1.0430322885513306
	1.0429857969284058
	1.0429387092590332
	1.0428929328918457
	1.0428403615951538
	1.0427958965301514
	1.0427438020706177
	1.0426924228668213
	1.0426421165466309
	1.0425893068313599
	1.042531132698059
	1.0424858331680298
	1.042443871498108
	1.0424009561538696
	1.0423442125320435
	1.0422966480255127
	1.0422492027282715
	1.0422102212905884
	1.042157769203186
	1.042104721069336
	1.0420559644699097
	1.0420092344284058
	1.0419609546661377
	1.0419164896011353
	1.0418651103973389
	1.0418169498443604
	1.0417578220367432
	1.0417054891586304
	1.041653037071228
	1.0416144132614136
	1.041561245918274
	1.0415141582489014
	1.041464924812317
	1.0414211750030518
	1.0413702726364136
	1.041319727897644
	1.0412765741348267
	1.0412323474884033
	1.041185736656189
	1.0411337614059448
	1.0410829782485962
	1.0410372018814087
	1.040991187095642
	1.0409539937973022
	1.0409061908721924
	1.0408592224121094
	1.0408133268356323
	1.040767788887024
	1.0407112836837769
	1.0406628847122192
	1.0406155586242676
	1.0405608415603638
	1.0405126810073853
	1.0404702425003052
	1.0404194593429565
	1.0403839349746704
	1.0403445959091187
	1.0402967929840088
	1.0402542352676392
	1.040213942527771
	1.040170431137085
	1.0401273965835571
	1.0400844812393188
	1.040043830871582
	1.0399967432022095
	1.0399417877197266
	1.0398813486099243
	1.0398366451263428
	1.0397974252700806
	1.039752721786499
	1.0396969318389893
	1.0396560430526733
	1.0396088361740112
	1.039564847946167
	1.039520502090454
	1.039474368095398
	1.0394343137741089
	1.039395809173584
	1.0393503904342651
	1.0393084287643433
	1.0392639636993408
	1.0392239093780518
	1.0391802787780762
	1.0391404628753662
	1.0391032695770264
	1.0390621423721313
	1.0390191078186035
	1.038975715637207
	1.0389397144317627
	1.0389007329940796
	1.038860559463501
	1.0388157367706299
	1.0387715101242065
	1.038733959197998
	1.0386874675750732
	1.0386496782302856
	1.038602590560913
	1.038562297821045
	1.0385143756866455
	1.0384711027145386
	1.0384334325790405
	1.0383902788162231
	1.0383483171463013
	1.0383062362670898
	1.0382695198059082
	1.0382213592529297
	1.0381840467453003
	1.0381443500518799
	1.0380967855453491
	1.0380576848983765
	1.0380187034606934
	1.0379787683486938
	1.0379350185394287
	1.0378873348236084
	1.0378535985946655
	1.0378111600875854
	1.037778377532959
	1.0377424955368042
	1.0377029180526733
	1.0376547574996948
	1.0376147031784058
	1.0375796556472778
	1.037532925605774
	1.0374878644943237
	1.0374385118484497
	1.0374009609222412
	1.0373568534851074
	1.0373178720474243
	1.0372722148895264
	1.0372257232666016
	1.0371909141540527
	1.0371508598327637
	1.0371071100234985
	1.0370590686798096
	1.037009835243225
	1.036973476409912
	1.0369373559951782
	1.036903977394104
	1.0368643999099731
	1.036828637123108
	1.036783218383789
	1.0367411375045776
	1.0366958379745483
	1.0366592407226562
	1.0366289615631104
	1.0365887880325317
	1.03655207157135
	1.0365138053894043
	1.0364693403244019
	1.0364388227462769
	1.0363935232162476
	1.0363579988479614
	1.03630793094635
	1.0362662076950073
	1.0362282991409302
	1.0361919403076172
	1.0361487865447998
	1.0361065864562988
	1.0360695123672485
	1.0360273122787476
	1.0359843969345093
	1.0359503030776978
	1.0359078645706177
	1.0358678102493286
	1.0358338356018066
	1.0358026027679443
	1.035763144493103
	1.0357232093811035
	1.035683035850525
	1.0356465578079224
	1.0356085300445557
	1.0355736017227173
	1.0355366468429565
	1.0354944467544556
	1.035455584526062
	1.035414695739746
	1.035375714302063
	1.0353425741195679
	1.0353140830993652
	1.0352832078933716
	1.0352504253387451
	1.0352073907852173
	1.0351672172546387
	1.035132646560669
	1.035091757774353
	1.0350537300109863
	1.0350092649459839
	1.034970998764038
	1.0349351167678833
	1.0349019765853882
	1.034867525100708
	1.034827470779419
	1.0347877740859985
	1.0347553491592407
	1.0347270965576172
	1.0346791744232178
	1.034645438194275
	1.0346150398254395
	1.034578800201416
	1.034545660018921
	1.0345149040222168
	1.0344792604446411
	1.03444242477417
	1.0344117879867554
	1.0343716144561768
	1.0343290567398071
	1.034298062324524
	1.0342695713043213
	1.0342384576797485
	1.0342026948928833
	1.0341706275939941
	1.0341334342956543
	1.0341084003448486
	1.0340651273727417
	1.0340290069580078
	1.033998966217041
	1.0339508056640625
	1.033913254737854
	1.0338844060897827
	1.0338503122329712
	1.0338129997253418
	1.0337815284729004
	1.0337560176849365
	1.0337175130844116
	1.0336716175079346
	1.033638596534729
	1.033605694770813
	1.033564805984497
	1.0335347652435303
	1.033499836921692
	1.0334668159484863
	1.0334398746490479
	1.0334011316299438
	1.0333633422851562
	1.033324956893921
	1.0332878828048706
	1.033259391784668
	1.0332188606262207
	1.033193826675415
	1.0331618785858154
	1.033125877380371
	1.0330935716629028
	1.0330685377120972
	1.0330358743667603
	1.0330077409744263
	1.0329821109771729
	1.0329519510269165
	1.0329091548919678
	1.0328789949417114
	1.0328418016433716
	1.0328072309494019
	1.0327765941619873
	1.0327497720718384
	1.0327155590057373
	1.0326762199401855
	1.0326473712921143
	1.0326240062713623
	1.0325998067855835
	1.0325632095336914
	1.032535433769226
	1.0324918031692505
	1.0324653387069702
	1.032435417175293
	1.0324041843414307
	1.03237783908844
	1.0323392152786255
	1.032300353050232
	1.032272219657898
	1.0322428941726685
	1.0322109460830688
	1.0321882963180542
	1.0321605205535889
	1.0321232080459595
	1.032089352607727
	1.0320631265640259
	1.032026767730713
	1.0319921970367432
	1.0319595336914062
	1.031928539276123
	1.0318933725357056
	1.0318572521209717
	1.0318207740783691
	1.0317758321762085
	1.0317462682724
	1.031713604927063
	1.0316716432571411
	1.0316413640975952
	1.0316072702407837
	1.0315816402435303
	1.0315427780151367
	1.0315194129943848
	1.0314905643463135
	1.0314632654190063
	1.0314265489578247
	1.0314016342163086
	1.031367540359497
	1.031338095664978
	1.031287670135498
	1.0312622785568237
	1.0312349796295166
	1.0312069654464722
	1.0311790704727173
	1.031151294708252
	1.0311146974563599
	1.0310832262039185
	1.0310564041137695
	1.0310202836990356
	1.0309919118881226
	1.0309518575668335
	1.0309215784072876
	1.0308866500854492
	1.0308479070663452
	1.0308079719543457
	1.0307862758636475
	1.0307575464248657
	1.0307282209396362
	1.030695915222168
	1.030663251876831
	1.030629277229309
	1.0305970907211304
	1.0305674076080322
	1.030542254447937
	1.0305148363113403
	1.0304926633834839
	1.0304570198059082
	1.0304274559020996
	1.0303934812545776
	1.0303575992584229
	1.0303277969360352
	1.0302919149398804
	1.0302578210830688
	1.0302256345748901
	1.030194640159607
	1.0301498174667358
	1.030124306678772
	1.0300911664962769
	1.0300599336624146
	1.0300281047821045
	1.0299956798553467
	1.029966115951538
	1.0299351215362549
	1.029904842376709
	1.0298717021942139
	1.029834508895874
	1.0298073291778564
	1.0297755002975464
	1.0297561883926392
	1.0297253131866455
	1.0296963453292847
	1.0296672582626343
	1.029645562171936
	1.0296101570129395
	1.0295770168304443
	1.0295466184616089
	1.0295159816741943
	1.029493808746338
	1.029462218284607
	1.0294324159622192
	1.0293947458267212
	1.029367446899414
	1.0293383598327637
	1.0293172597885132
	1.0292867422103882
	1.0292457342147827
	1.029227375984192
	1.0291959047317505
	1.0291651487350464
	1.0291283130645752
	1.02910315990448
	1.0290809869766235
	1.0290595293045044
	1.0290228128433228
	1.0289936065673828
	1.0289647579193115
	1.0289338827133179
	1.0289015769958496
	1.0288711786270142
	1.0288335084915161
	1.028798222541809
	1.0287634134292603
	1.0287286043167114
	1.028700590133667
	1.0286588668823242
	1.0286279916763306
	1.028606653213501
	1.0285775661468506
	1.0285495519638062
	1.0285313129425049
	1.0284968614578247
	1.0284700393676758
	1.028444528579712
	1.0284135341644287
	1.0283870697021484
	1.0283751487731934
	1.0283317565917969
	1.0283141136169434
	1.028290033340454
	1.0282583236694336
	1.0282326936721802
	1.0282021760940552
	1.0281733274459839
	1.028147578239441
	1.0281091928482056
	1.0280793905258179
	1.0280468463897705
	1.0280205011367798
	1.027985692024231
	1.0279541015625
	1.0279273986816406
	1.0279024839401245
	1.02787184715271
	1.0278513431549072
	1.0278178453445435
	1.0277864933013916
	1.027757167816162
	1.027727484703064
	1.0277011394500732
	1.027670979499817
	1.027644157409668
	1.027626633644104
	1.0275968313217163
	1.0275733470916748
	1.0275439023971558
	1.0275081396102905
	1.0274797677993774
	1.0274556875228882
	1.0274298191070557
	1.0273946523666382
	1.0273659229278564
	1.0273451805114746
	1.0273200273513794
	1.027295708656311
	1.0272622108459473
	1.0272399187088013
	1.0272185802459717
	1.0271929502487183
	1.027170181274414
	1.0271462202072144
	1.0271263122558594
	1.027107834815979
	1.0270743370056152
	1.027043342590332
	1.0270155668258667
	1.0269882678985596
	1.0269619226455688
	1.026931643486023
	1.02690851688385
	1.0268824100494385
	1.0268617868423462
	1.0268357992172241
	1.0268077850341797
	1.0267835855484009
	1.0267558097839355
	1.026734709739685
	1.0267122983932495
	1.0266854763031006
	1.0266664028167725
	1.0266268253326416
	1.0266045331954956
	1.0265822410583496
	1.026550531387329
	1.026521921157837
	1.0265021324157715
	1.0264683961868286
	1.0264339447021484
	1.02640700340271
	1.0263744592666626
	1.026343822479248
	1.0263117551803589
	1.0262835025787354
	1.026256799697876
	1.0262256860733032
	1.026197075843811
	1.0261595249176025
	1.0261316299438477
	1.026102066040039
	1.026076316833496
	1.0260472297668457
	1.026025414466858
	1.0259891748428345
	1.02596116065979
	1.02593195438385
	1.0259050130844116
	1.0258890390396118
	1.0258581638336182
	1.0258290767669678
	1.0258114337921143
	1.0257952213287354
	1.0257630348205566
	1.0257288217544556
	1.0256987810134888
	1.0256686210632324
	1.0256505012512207
	1.025619626045227
	1.0255906581878662
	1.02556312084198
	1.0255305767059326
	1.0255004167556763
	1.0254716873168945
	1.0254448652267456
	1.0254244804382324
	1.0254027843475342
	1.0253766775131226
	1.0253486633300781
	1.025322437286377
	1.0253008604049683
	1.0252711772918701
	1.0252479314804077
	1.025222897529602
	1.0251871347427368
	1.0251550674438477
	1.0251169204711914
	1.0250930786132812
	1.025065302848816
	1.0250451564788818
	1.0250096321105957
	1.024984359741211
	1.0249552726745605
	1.0249295234680176
	1.0249022245407104
	1.0248658657073975
	1.0248394012451172
	1.0248197317123413
	1.0247913599014282
	1.0247560739517212
	1.0247271060943604
	1.0247011184692383
	1.0246808528900146
	1.0246570110321045
	1.024633765220642
	1.0246113538742065
	1.0245884656906128
	1.0245624780654907
	1.024544596672058
	1.0245156288146973
	1.0244944095611572
	1.0244660377502441
	1.0244477987289429
	1.0244183540344238
	1.0244020223617554
	1.0243792533874512
	1.0243667364120483
	1.0243388414382935
	1.0243115425109863
	1.024288535118103
	1.0242681503295898
	1.0242419242858887
	1.0242230892181396
	1.0241963863372803
	1.0241671800613403
	1.0241401195526123
	1.024122953414917
	1.0241011381149292
	1.024081826210022
	1.0240603685379028
	1.024030327796936
	1.0240110158920288
	1.0239869356155396
	1.0239629745483398
	1.0239405632019043
	1.0239182710647583
	1.023895502090454
	1.0238691568374634
	1.0238412618637085
	1.0238165855407715
	1.023780345916748
	1.0237571001052856
	1.023733139038086
	1.0237165689468384
	1.0236893892288208
	1.023662805557251
	1.023646593093872
	1.0236276388168335
	1.0236023664474487
	1.023576021194458
	1.0235425233840942
	1.0235129594802856
	1.023483395576477
	1.0234622955322266
	1.0234326124191284
	1.0234111547470093
	1.0233891010284424
	1.0233674049377441
	1.0233497619628906
	1.0233242511749268
	1.023300051689148
	1.0232802629470825
	1.0232598781585693
	1.0232312679290771
	1.0232102870941162
	1.0231859683990479
	1.0231679677963257
	1.0231448411941528
	1.0231177806854248
	1.0231024026870728
	1.0230761766433716
	1.0230556726455688
	1.023032307624817
	1.0230216979980469
	1.0229980945587158
	1.0229711532592773
	1.0229527950286865
	1.0229331254959106
	1.0229028463363647
	1.0228713750839233
	1.02284574508667
	1.0228158235549927
	1.0227935314178467
	1.0227731466293335
	1.0227513313293457
	1.0227364301681519
	1.022709846496582
	1.0226985216140747
	1.022678017616272
	1.0226588249206543
	1.0226333141326904
	1.0226153135299683
	1.0225865840911865
	1.0225533246994019
	1.0225292444229126
	1.0224995613098145
	1.0224833488464355
	1.0224641561508179
	1.022443175315857
	1.0224214792251587
	1.022403597831726
	1.0223891735076904
	1.0223751068115234
	1.02234947681427
	1.022330403327942
	1.022317886352539
	1.0222961902618408
	1.0222707986831665
	1.0222525596618652
	1.0222387313842773
	1.0222160816192627
	1.0221935510635376
	1.0221736431121826
	1.0221484899520874
	1.022134780883789
	1.0221134424209595
	1.022087574005127
	1.0220651626586914
	1.0220376253128052
	1.0220119953155518
	1.021988868713379
	1.0219554901123047
	1.0219333171844482
	1.0219051837921143
	1.0218771696090698
	1.0218499898910522
	1.0218242406845093
	1.021801233291626
	1.0217759609222412
	1.0217446088790894
	1.0217252969741821
	1.0217053890228271
	1.021683931350708
	1.0216575860977173
	1.0216455459594727
	1.0216240882873535
	1.021600604057312
	1.0215809345245361
	1.021561622619629
	1.0215383768081665
	1.0215282440185547
	1.0214993953704834
	1.0214711427688599
	1.0214542150497437
	1.0214325189590454
	1.0214121341705322
	1.021389365196228
	1.0213679075241089
	1.0213353633880615
	1.0213139057159424
	1.0212925672531128
	1.0212748050689697
	1.021249771118164
	1.0212255716323853
	1.0212042331695557
	1.0211843252182007
	1.0211591720581055
	1.0211435556411743
	1.0211251974105835
	1.021100401878357
	1.0210882425308228
	1.0210658311843872
	1.0210483074188232
	1.0210332870483398
	1.0210055112838745
	1.0209897756576538
	1.0209619998931885
	1.0209343433380127
	1.020907998085022
	1.0208865404129028
	1.0208615064620972
	1.0208367109298706
	1.02082097530365
	1.020797610282898
	1.0207732915878296
	1.0207444429397583
	1.0207220315933228
	1.020696997642517
	1.020676851272583
	1.0206453800201416
	1.0206133127212524
	1.0205869674682617
	1.02056884765625
	1.0205426216125488
	1.0205278396606445
	1.0205051898956299
	1.0204863548278809
	1.0204769372940063
	1.0204505920410156
	1.0204256772994995
	1.020395278930664
	1.0203731060028076
	1.0203614234924316
	1.0203442573547363
	1.020329475402832
	1.0203132629394531
	1.0202836990356445
	1.0202645063400269
	1.02024507522583
	1.0202170610427856
	1.0201983451843262
	1.0201711654663086
	1.0201506614685059
	1.0201267004013062
	1.0201020240783691
	1.0200722217559814
	1.020042896270752
	1.0200223922729492
	1.020011067390442
	1.0199899673461914
	1.0199722051620483
	1.0199459791183472
	1.0199308395385742
	1.019913673400879
	1.0198947191238403
	1.0198696851730347
	1.0198434591293335
	1.0198081731796265
	1.0197875499725342
	1.0197629928588867
	1.0197482109069824
	1.0197275876998901
	1.0197008848190308
	1.019674301147461
	1.0196582078933716
	1.0196324586868286
	1.0196162462234497
	1.0195950269699097
	1.0195728540420532
	1.0195575952529907
	1.019537091255188
	1.0195071697235107
	1.0194824934005737
	1.019464135169983
	1.0194356441497803
	1.0194114446640015
	1.0193884372711182
	1.0193692445755005
	1.0193500518798828
	1.0193302631378174
	1.0193129777908325
	1.0192980766296387
	1.0192700624465942
	1.019253134727478
	1.019230842590332
	1.0192112922668457
	1.019187569618225
	1.0191622972488403
	1.0191380977630615
	1.0191150903701782
	1.0190969705581665
	1.0190836191177368
	1.019065022468567
	1.019049882888794
	1.0190207958221436
	1.0190013647079468
	1.0189815759658813
	1.0189608335494995
	1.018931269645691
	1.0189131498336792
	1.0188839435577393
	1.0188673734664917
	1.0188491344451904
	1.0188297033309937
	1.018815040588379
	1.0187979936599731
	1.0187894105911255
	1.0187736749649048
	1.0187630653381348
	1.018739104270935
	1.0187227725982666
	1.0187019109725952
	1.0186841487884521
	1.018669843673706
	1.018646001815796
	1.0186203718185425
	1.0186139345169067
	1.0185928344726562
	1.0185742378234863
	1.018553614616394
	1.0185266733169556
	1.0185072422027588
	1.0184979438781738
	1.018485426902771
	1.0184754133224487
	1.0184580087661743
	1.018427848815918
	1.0184080600738525
	1.0183881521224976
	1.018377661705017
	1.018351674079895
	1.018324375152588
	1.0182985067367554
	1.01828134059906
	1.0182536840438843
	1.018232822418213
	1.018216848373413
	1.0181963443756104
	1.0181734561920166
	1.018148422241211
	1.0181233882904053
	1.0181009769439697
	1.0180778503417969
	1.018054723739624
	1.018033742904663
	1.0180132389068604
	1.0179944038391113
	1.0179725885391235
	1.0179460048675537
	1.017926573753357
	1.0178998708724976
	1.017881989479065
	1.0178626775741577
	1.017842411994934
	1.0178231000900269
	1.0178017616271973
	1.0177817344665527
	1.017760157585144
	1.017730712890625
	1.0177057981491089
	1.017683982849121
	1.0176622867584229
	1.0176315307617188
	1.0176140069961548
	1.0175937414169312
	1.0175753831863403
	1.017554521560669
	1.0175336599349976
	1.0175080299377441
	1.017486810684204
	1.0174649953842163
	1.0174447298049927
	1.0174250602722168
	1.0174075365066528
	1.0173927545547485
	1.0173685550689697
	1.017351508140564
	1.017332673072815
	1.0173145532608032
	1.0172966718673706
	1.017276644706726
	1.0172579288482666
	1.0172357559204102
	1.017221212387085
	1.0172016620635986
	1.0171787738800049
	1.017148733139038
	1.0171236991882324
	1.0171016454696655
	1.0170817375183105
	1.0170642137527466
	1.0170468091964722
	1.0170289278030396
	1.0170018672943115
	1.016984224319458
	1.016968011856079
	1.0169512033462524
	1.0169390439987183
	1.01691734790802
	1.0169017314910889
	1.0168875455856323
	1.0168795585632324
	1.0168617963790894
	1.0168421268463135
	1.0168200731277466
	1.0168007612228394
	1.0167897939682007
	1.0167648792266846
	1.016751766204834
	1.0167330503463745
	1.0167162418365479
	1.0167016983032227
	1.0166878700256348
	1.0166683197021484
	1.0166488885879517
	1.016634225845337
	1.0166113376617432
	1.0165936946868896
	1.0165776014328003
	1.0165647268295288
	1.0165510177612305
	1.016524076461792
	1.0165027379989624
	1.0164895057678223
	1.0164650678634644
	1.0164461135864258
	1.0164259672164917
	1.0164093971252441
	1.016377329826355
	1.0163516998291016
	1.0163310766220093
	1.01631498336792
	1.0162945985794067
	1.0162752866744995
	1.0162577629089355
	1.016250491142273
	1.0162378549575806
	1.016224980354309
	1.0162137746810913
	1.0162019729614258
	1.016196846961975
	1.0161734819412231
	1.0161588191986084
	1.0161418914794922
	1.0161330699920654
	1.0161123275756836
	1.0160936117172241
	1.0160772800445557
	1.0160599946975708
	1.0160362720489502
	1.0160216093063354
	1.0160155296325684
	1.015994668006897
	1.0159740447998047
	1.0159550905227661
	1.0159368515014648
	1.0159108638763428
	1.015893816947937
	1.015877366065979
	1.0158601999282837
	1.0158435106277466
	1.015826940536499
	1.015807032585144
	1.015789270401001
	1.0157735347747803
	1.015758991241455
	1.0157383680343628
	1.015716791152954
	1.0157026052474976
	1.0156909227371216
	1.0156819820404053
	1.0156623125076294
	1.0156402587890625
	1.015613079071045
	1.0155853033065796
	1.0155725479125977
	1.015557885169983
	1.0155386924743652
	1.015514612197876
	1.0154949426651
	1.0154823064804077
	1.0154635906219482
	1.0154402256011963
	1.0154204368591309
	1.015407681465149
	1.0153812170028687
	1.0153666734695435
	1.0153394937515259
	1.015328288078308
	1.015312910079956
	1.0152944326400757
	1.015276312828064
	1.015250325202942
	1.0152311325073242
	1.015210509300232
	1.0151941776275635
	1.015182375907898
	1.0151691436767578
	1.0151489973068237
	1.0151333808898926
	1.01511549949646
	1.0150985717773438
	1.0150800943374634
	1.0150645971298218
	1.0150519609451294
	1.0150415897369385
	1.015026569366455
	1.015012264251709
	1.014992594718933
	1.0149778127670288
	1.0149664878845215
	1.0149534940719604
	1.0149399042129517
	1.0149297714233398
	1.0149139165878296
	1.014899492263794
	1.0148870944976807
	1.0148723125457764
	1.0148577690124512
	1.0148370265960693
	1.0148112773895264
	1.0147995948791504
	1.0147827863693237
	1.0147708654403687
	1.0147607326507568
	1.0147476196289062
	1.0147335529327393
	1.0147227048873901
	1.0147037506103516
	1.0146859884262085
	1.014669418334961
	1.014651894569397
	1.0146420001983643
	1.0146195888519287
	1.0146068334579468
	1.014585256576538
	1.0145777463912964
	1.0145560503005981
	1.014543890953064
	1.014525294303894
	1.014512300491333
	1.014499306678772
	1.0144788026809692
	1.0144697427749634
	1.0144542455673218
	1.0144423246383667
	1.014423131942749
	1.0144071578979492
	1.0143948793411255
	1.0143821239471436
	1.0143580436706543
	1.0143412351608276
	1.0143300294876099
	1.0143128633499146
	1.014299988746643
	1.0142916440963745
	1.0142799615859985
	1.0142667293548584
	1.014252781867981
	1.0142371654510498
	1.0142191648483276
	1.0142022371292114
	1.014189600944519
	1.0141735076904297
	1.0141674280166626
	1.0141421556472778
	1.0141198635101318
	1.0140994787216187
	1.0140836238861084
	1.0140706300735474
	1.014054536819458
	1.0140385627746582
	1.0140280723571777
	1.0140202045440674
	1.0139997005462646
	1.0139721632003784
	1.0139607191085815
	1.0139464139938354
	1.0139390230178833
	1.0139251947402954
	1.0139048099517822
	1.0138884782791138
	1.013873815536499
	1.0138721466064453
	1.0138543844223022
	1.0138459205627441
	1.0138342380523682
	1.0138243436813354
	1.0138081312179565
	1.0137869119644165
	1.013774037361145
	1.0137600898742676
	1.013749361038208
	1.0137405395507812
	1.0137296915054321
	1.0137193202972412
	1.0137113332748413
	1.013685941696167
	1.0136752128601074
	1.0136665105819702
	1.0136548280715942
	1.0136432647705078
	1.013626217842102
	1.0136181116104126
	1.013598918914795
	1.0135842561721802
	1.0135719776153564
	1.013560175895691
	1.0135457515716553
	1.0135242938995361
	1.0135068893432617
	1.0134997367858887
	1.0134762525558472
	1.01346755027771
	1.0134527683258057
	1.0134400129318237
	1.0134156942367554
	1.0134135484695435
	1.0134005546569824
	1.0133917331695557
	1.0133799314498901
	1.013368844985962
	1.0133575201034546
	1.0133460760116577
	1.0133401155471802
	1.0133217573165894
	1.0133055448532104
	1.0132993459701538
	1.0132826566696167
	1.0132670402526855
	1.013255000114441
	1.0132369995117188
	1.0132269859313965
	1.013208031654358
	1.0131977796554565
	1.0131853818893433
	1.0131722688674927
	1.0131500959396362
	1.013123631477356
	1.0131103992462158
	1.0130952596664429
	1.0130892992019653
	1.0130701065063477
	1.0130542516708374
	1.013053297996521
	1.0130393505096436
	1.0130259990692139
	1.0130105018615723
	1.0129963159561157
	1.0129755735397339
	1.012960433959961
	1.0129480361938477
	1.012945532798767
	1.0129252672195435
	1.0129088163375854
	1.0128936767578125
	1.0128841400146484
	1.0128682851791382
	1.0128486156463623
	1.0128310918807983
	1.0128233432769775
	1.012803077697754
	1.0127899646759033
	1.0127795934677124
	1.0127671957015991
	1.0127577781677246
	1.012747049331665
	1.0127356052398682
	1.012726068496704
	1.0127133131027222
	1.0126944780349731
	1.0126856565475464
	1.0126663446426392
	1.0126575231552124
	1.012648105621338
	1.012637734413147
	1.0126264095306396
	1.0126157999038696
	1.0126113891601562
	1.0126034021377563
	1.0125926733016968
	1.0125823020935059
	1.0125678777694702
	1.0125664472579956
	1.0125582218170166
	1.0125558376312256
	1.0125463008880615
	1.0125374794006348
	1.0125285387039185
	1.0125219821929932
	1.0125125646591187
	1.0125101804733276
	1.012502908706665
	1.0124976634979248
	1.0124859809875488
	1.012472152709961
	1.0124608278274536
	1.0124537944793701
	1.012435793876648
	1.0124239921569824
	1.0124125480651855
	1.0123968124389648
	1.0124011039733887
	1.0123906135559082
	1.0123807191848755
	1.0123775005340576
	1.0123610496520996
	1.0123542547225952
	1.0123518705368042
	1.0123398303985596
	1.0123302936553955
	1.0123218297958374
	1.012309193611145
	1.012296199798584
	1.0122826099395752
	1.012264370918274
	1.0122493505477905
	1.0122342109680176
	1.0122313499450684
	1.012215495109558
	1.0122075080871582
	1.0121883153915405
	1.0121805667877197
	1.0121643543243408
	1.0121593475341797
	1.0121443271636963
	1.0121283531188965
	1.012114405632019
	1.01210355758667
	1.0120950937271118
	1.0120832920074463
	1.0120774507522583
	1.012062430381775
	1.0120482444763184
	1.0120376348495483
	1.0120258331298828
	1.0120103359222412
	1.011997103691101
	1.0119847059249878
	1.0119740962982178
	1.0119589567184448
	1.011941909790039
	1.011926293373108
	1.0119209289550781
	1.011910080909729
	1.011898159980774
	1.01188325881958
	1.011878490447998
	1.0118625164031982
	1.011851191520691
	1.0118402242660522
	1.0118169784545898
	1.011802315711975
	1.0117919445037842
	1.011786937713623
	1.0117757320404053
	1.0117675065994263
	1.011746883392334
	1.011734962463379
	1.0117254257202148
	1.0117124319076538
	1.0116946697235107
	1.0116850137710571
	1.011683464050293
	1.0116658210754395
	1.0116522312164307
	1.0116513967514038
	1.011641025543213
	1.0116353034973145
	1.0116300582885742
	1.0116249322891235
	1.0116159915924072
	1.0116043090820312
	1.0115892887115479
	1.0115829706192017
	1.0115774869918823
	1.0115629434585571
	1.0115537643432617
	1.0115400552749634
	1.0115371942520142
	1.0115352869033813
	1.0115272998809814
	1.0115197896957397
	1.0115092992782593
	1.0114989280700684
	1.0114905834197998
	1.0114754438400269
	1.0114741325378418
	1.0114613771438599
	1.0114402770996094
	1.0114284753799438
	1.0114233493804932
	1.0114078521728516
	1.0114086866378784
	1.0114002227783203
	1.01138174533844
	1.0113753080368042
	1.011365294456482
	1.0113565921783447
	1.0113489627838135
	1.0113433599472046
	1.0113288164138794
	1.0113180875778198
	1.0113071203231812
	1.0112947225570679
	1.0112910270690918
	1.011275053024292
	1.0112643241882324
	1.0112590789794922
	1.0112515687942505
	1.0112369060516357
	1.0112231969833374
	1.0112197399139404
	1.0112146139144897
	1.011206865310669
	1.0111863613128662
	1.0111738443374634
	1.011160135269165
	1.0111523866653442
	1.0111393928527832
	1.011123538017273
	1.0111140012741089
	1.0110911130905151
	1.011078119277954
	1.0110563039779663
	1.0110430717468262
	1.011029839515686
	1.0110305547714233
	1.0110194683074951
	1.0110163688659668
	1.0110119581222534
	1.0110043287277222
	1.0109952688217163
	1.0109789371490479
	1.0109602212905884
	1.0109548568725586
]