[
	1.0272772312164307
	1.0271484851837158
	1.0270392894744873
	1.0268748998641968
	1.0267254114151
	1.0265519618988037
	1.0264114141464233
	1.0262924432754517
	1.026190161705017
	1.0260380506515503
	1.0259068012237549
	1.0257492065429688
	1.0255712270736694
	1.0254567861557007
	1.0253232717514038
	1.0251826047897339
	1.0250502824783325
	1.0249264240264893
	1.0247737169265747
	1.0246473550796509
	1.0245217084884644
	1.0243958234786987
	1.0242655277252197
	1.0241312980651855
	1.0239859819412231
	1.0238384008407593
	1.023687481880188
	1.0235967636108398
	1.0234652757644653
	1.0233325958251953
	1.0232352018356323
	1.0230963230133057
	1.023012399673462
	1.022898554801941
	1.0227766036987305
	1.0226662158966064
	1.0225543975830078
	1.0224348306655884
	1.0222877264022827
	1.022185206413269
	1.022098422050476
	1.0220129489898682
	1.0218961238861084
	1.0217747688293457
	1.0216727256774902
	1.0215561389923096
	1.021464467048645
	1.0213444232940674
	1.0212461948394775
	1.021145224571228
	1.021042823791504
	1.0209293365478516
	1.0208021402359009
	1.0207003355026245
	1.020599365234375
	1.0204863548278809
	1.0203969478607178
	1.0202975273132324
	1.0201867818832397
	1.020076036453247
	1.0199640989303589
	1.0198743343353271
	1.019793152809143
	1.0197023153305054
	1.0196038484573364
	1.019499659538269
	1.0193896293640137
	1.0193002223968506
	1.0191961526870728
	1.0190953016281128
	1.0190002918243408
	1.018904685974121
	1.0188045501708984
	1.0187212228775024
	1.0186046361923218
	1.0185142755508423
	1.0184284448623657
	1.0183358192443848
	1.0182437896728516
	1.0181593894958496
	1.0180668830871582
	1.0179792642593384
	1.0178860425949097
	1.0177793502807617
	1.0176963806152344
	1.0176039934158325
	1.0175150632858276
	1.0174310207366943
	1.0173392295837402
	1.0172632932662964
	1.0171618461608887
	1.0170749425888062
	1.0169953107833862
	1.0169013738632202
	1.0168161392211914
	1.0167267322540283
	1.0166412591934204
	1.0165492296218872
	1.0164657831192017
	1.016379952430725
	1.0162949562072754
	1.0162113904953003
	1.0161278247833252
	1.0160222053527832
	1.015939474105835
	1.0158617496490479
	1.015777826309204
	1.0156973600387573
	1.0156185626983643
	1.0155433416366577
	1.015453815460205
	1.0153752565383911
	1.0153001546859741
	1.0152192115783691
	1.0151365995407104
	1.015051007270813
	1.014979600906372
	1.0149013996124268
	1.0148141384124756
	1.0147356986999512
	1.0146535634994507
	1.0145801305770874
	1.0144999027252197
	1.0144281387329102
	1.0143567323684692
	1.0142825841903687
	1.014218807220459
	1.0141335725784302
	1.0140637159347534
	1.013984203338623
	1.0139188766479492
	1.013837218284607
	1.0137425661087036
	1.0136661529541016
	1.0135855674743652
	1.013508915901184
	1.0134238004684448
	1.0133410692214966
	1.0132770538330078
	1.0132081508636475
	1.0131466388702393
	1.0130888223648071
	1.0130332708358765
	1.01295804977417
	1.012887954711914
	1.012823462486267
	1.012753963470459
	1.0127050876617432
	1.012635350227356
	1.0125735998153687
	1.0125144720077515
	1.0124396085739136
	1.0123590230941772
	1.0122922658920288
	1.0122326612472534
	1.012174367904663
	1.0121185779571533
	1.0120517015457153
	1.0119932889938354
	1.0119327306747437
	1.0118780136108398
	1.01179838180542
	1.011740803718567
	1.0116848945617676
	1.0116215944290161
	1.0115596055984497
	1.0114926099777222
	1.0114285945892334
	1.0113637447357178
	1.0113078355789185
	1.0112483501434326
	1.0111833810806274
	1.011122703552246
	1.0110596418380737
	1.0110033750534058
	1.0109511613845825
	1.0108988285064697
	1.0108498334884644
	1.0108096599578857
	1.010738730430603
	1.0106635093688965
	1.0106011629104614
	1.0105434656143188
	1.010491132736206
	1.0104329586029053
	1.0103809833526611
	1.0103278160095215
	1.010284662246704
	1.0102267265319824
	1.0101758241653442
	1.0101237297058105
	1.0100653171539307
	1.0100215673446655
	1.0099725723266602
	1.0099260807037354
	1.0098686218261719
	1.0098004341125488
	1.0097484588623047
	1.009708046913147
	1.0096553564071655
	1.009594440460205
	1.0095293521881104
	1.0094727277755737
	1.0094311237335205
	1.0093704462051392
	1.0093241930007935
	1.0092576742172241
	1.0092017650604248
	1.0091404914855957
	1.0090923309326172
	1.0090458393096924
	1.008991003036499
	1.0089441537857056
	1.0089036226272583
	1.0088460445404053
	1.0088064670562744
	1.008752465248108
	1.0087039470672607
	1.0086480379104614
	1.008608341217041
	1.0085557699203491
	1.0085070133209229
	1.0084704160690308
	1.0084264278411865
	1.0083913803100586
	1.0083339214324951
	1.008293628692627
	1.0082520246505737
	1.0081963539123535
	1.0081439018249512
	1.0080974102020264
	1.0080554485321045
	1.007994532585144
	1.0079472064971924
	1.0079034566879272
	1.0078567266464233
	1.007814884185791
	1.0077797174453735
	1.0077368021011353
	1.007706880569458
	1.0076667070388794
	1.0076218843460083
	1.0075711011886597
	1.007535457611084
	1.0074872970581055
	1.007434368133545
	1.0073834657669067
	1.00735342502594
	1.0073152780532837
	1.0072790384292603
	1.007238745689392
	1.0072016716003418
	1.007172703742981
	1.0071338415145874
	1.0070855617523193
	1.0070345401763916
	1.0070037841796875
	1.006966471672058
	1.0069321393966675
	1.0068923234939575
	1.0068620443344116
	1.0068331956863403
	1.0068080425262451
	1.0067639350891113
	1.0067094564437866
	1.0066723823547363
	1.0066258907318115
	1.0065932273864746
	1.006553292274475
	1.006523609161377
	1.0064789056777954
	1.0064427852630615
	1.0063961744308472
	1.006367802619934
	1.0063310861587524
	1.0062958002090454
	1.0062583684921265
	1.0062183141708374
	1.0061765909194946
	1.0061341524124146
	1.0060961246490479
	1.00607168674469
	1.0060402154922485
	1.0060009956359863
	1.005974292755127
	1.0059409141540527
	1.0059168338775635
	1.0058892965316772
	1.005846619606018
	1.005818247795105
	1.0057780742645264
	1.005739450454712
	1.005700945854187
	1.0056705474853516
	1.0056337118148804
	1.0056006908416748
	1.0055710077285767
	1.0055302381515503
	1.0055005550384521
	1.0054774284362793
	1.0054543018341064
	1.0054240226745605
	1.0053924322128296
	1.0053633451461792
	1.0053343772888184
	1.0053080320358276
	1.0052599906921387
	1.0052244663238525
	1.0051945447921753
	1.0051645040512085
	1.0051385164260864
	1.0051089525222778
	1.0050806999206543
	1.005063772201538
	1.0050389766693115
	1.0050090551376343
	1.004975438117981
	1.004957675933838
	1.0049258470535278
	1.0049052238464355
	1.0048713684082031
	1.0048421621322632
	1.0048153400421143
	1.0047972202301025
	1.0047756433486938
	1.0047580003738403
	1.0047352313995361
	1.0047110319137573
	1.0046770572662354
	1.004655122756958
	1.0046242475509644
	1.0045945644378662
	1.0045610666275024
	1.0045372247695923
	1.0045076608657837
	1.00448477268219
	1.0044628381729126
	1.004443645477295
	1.004417061805725
	1.0043975114822388
	1.004363775253296
	1.0043585300445557
	1.0043361186981201
	1.004302740097046
	1.0042717456817627
	1.0042588710784912
	1.0042458772659302
	1.0042212009429932
	1.004198431968689
	1.0041794776916504
	1.0041559934616089
	1.004135251045227
	1.0041167736053467
	1.0040963888168335
	1.004083514213562
	1.004058599472046
	1.0040345191955566
	1.0040150880813599
	1.0040022134780884
	1.0039786100387573
	1.0039538145065308
	1.0039421319961548
	1.0039215087890625
	1.0039114952087402
	1.0038986206054688
	1.0038853883743286
	1.0038607120513916
	1.003835916519165
	1.0038055181503296
	1.003785252571106
	1.0037589073181152
	1.003739356994629
	1.0037175416946411
	1.0036921501159668
	1.0036706924438477
	1.0036485195159912
	1.003637433052063
	1.0036152601242065
	1.0035920143127441
	1.00356924533844
	1.0035468339920044
	1.0035295486450195
	1.0035067796707153
	1.0034905672073364
	1.003478765487671
	1.0034687519073486
	1.003442645072937
	1.0034312009811401
	1.0034149885177612
	1.003408670425415
	1.003393530845642
	1.0033830404281616
	1.0033679008483887
	1.003361463546753
	1.003340482711792
	1.0033173561096191
	1.0032988786697388
	1.0032821893692017
	1.0032644271850586
	1.003231406211853
	1.00322425365448
	1.003211498260498
	1.0032024383544922
	1.0031884908676147
	1.0031734704971313
	1.003156065940857
	1.0031352043151855
	1.003127098083496
	1.003109335899353
	1.0030906200408936
	1.0030713081359863
	1.0030721426010132
	1.003058671951294
	1.0030419826507568
	1.0030244588851929
	1.0030100345611572
	1.0029913187026978
	1.0029795169830322
	1.0029611587524414
	1.002955436706543
	1.0029411315917969
	1.0029159784317017
	1.0029090642929077
	1.0029014348983765
	1.0028820037841797
	1.0028653144836426
	1.0028579235076904
	1.0028375387191772
	1.0028325319290161
	1.0028109550476074
	1.0028005838394165
	1.002790927886963
	1.0027791261672974
	1.0027709007263184
	1.0027580261230469
	1.0027467012405396
	1.0027412176132202
	1.0027225017547607
	1.0027086734771729
	1.0026980638504028
	1.002687692642212
	1.0026763677597046
	1.0026600360870361
	1.0026519298553467
	1.00264573097229
	1.0026333332061768
	1.0026073455810547
	1.0025975704193115
	1.0025815963745117
	1.002585768699646
	1.002578616142273
	1.0025631189346313
	1.0025564432144165
	1.0025484561920166
	1.0025337934494019
	1.0025279521942139
	1.0025278329849243
	1.0025312900543213
	1.0025227069854736
	1.0025224685668945
	1.0025197267532349
	1.0025092363357544
	1.0024961233139038
	1.0024845600128174
	1.002475619316101
	1.0024594068527222
	1.0024462938308716
	1.0024362802505493
	1.002410650253296
	1.0024100542068481
	1.002403736114502
	1.002388834953308
	1.0023773908615112
	1.002368450164795
	1.0023640394210815
	1.0023642778396606
	1.00235915184021
	1.002358317375183
	1.0023516416549683
	1.0023318529129028
	1.0023373365402222
	1.0023329257965088
	1.0023287534713745
	1.0023276805877686
	1.0023301839828491
	1.002332329750061
	1.0023330450057983
	1.0023193359375
	1.0023165941238403
	1.0023056268692017
	1.0023070573806763
	1.0022993087768555
	1.0022988319396973
	1.0023024082183838
	1.002297282218933
	1.0022907257080078
	1.0022879838943481
	1.0022884607315063
	1.0022780895233154
	1.002269983291626
	1.0022486448287964
]