[
	0.7142487168312073
	0.7142848968505859
	0.7143014073371887
	0.7143092751502991
	0.714339017868042
	0.714356541633606
	0.7143959403038025
	0.7144113779067993
	0.7144222855567932
	0.7144367694854736
	0.714461624622345
	0.7144725918769836
	0.7144743204116821
	0.7144994139671326
	0.714523196220398
	0.7145491242408752
	0.7145617604255676
	0.7145745158195496
	0.7145993113517761
	0.7146179676055908
	0.7146393656730652
	0.7146636843681335
	0.7146880626678467
	0.7147212028503418
	0.7147341966629028
	0.7147483229637146
	0.7147782444953918
	0.7147923707962036
	0.7148056626319885
	0.7148347496986389
	0.7148646116256714
	0.7148770093917847
	0.7149185538291931
	0.7149465680122375
	0.7149792909622192
	0.7149983048439026
	0.7150108218193054
	0.7150313854217529
	0.7150578498840332
	0.7150920629501343
	0.7151199579238892
	0.715151309967041
	0.7151744961738586
	0.7151938676834106
	0.7152227163314819
	0.7152535915374756
	0.715275764465332
	0.7152909636497498
	0.715329110622406
	0.7153543829917908
	0.7153763771057129
	0.7154046893119812
	0.7154397368431091
	0.7154589891433716
	0.7154838442802429
	0.71551913022995
	0.7155627608299255
	0.7155929207801819
	0.7156200408935547
	0.7156405448913574
	0.7156378626823425
	0.715665876865387
	0.7156962156295776
	0.7157303094863892
	0.71576327085495
	0.7157840728759766
	0.715820848941803
	0.715852677822113
	0.7158744931221008
	0.7159186601638794
	0.7159424424171448
	0.7159681916236877
	0.7160177230834961
	0.7160483598709106
	0.7160795331001282
	0.7161041498184204
	0.7161402702331543
	0.7161620259284973
	0.716202974319458
	0.7162305116653442
	0.7162783741950989
	0.7163169384002686
	0.7163530588150024
	0.7163796424865723
	0.7164205312728882
	0.7164589762687683
	0.7165010571479797
	0.7165365219116211
	0.7165617942810059
	0.7166195511817932
	0.716637909412384
	0.7166682481765747
	0.7166857123374939
	0.7167351841926575
	0.7167704105377197
	0.7167954444885254
	0.7168188095092773
	0.7168474793434143
	0.7168753743171692
	0.7169061303138733
	0.7169468402862549
	0.7169753313064575
	0.7170156240463257
	0.7170463800430298
	0.7170931696891785
	0.7171233892440796
	0.7171655297279358
	0.7171880602836609
	0.717229425907135
	0.7172526717185974
	0.7172953486442566
	0.7173182964324951
	0.7173455953598022
	0.7173865437507629
	0.7174224257469177
	0.7174595594406128
	0.7174850106239319
	0.7175242900848389
	0.717549741268158
	0.7175926566123962
	0.7176141142845154
	0.7176509499549866
	0.7176796197891235
	0.7177276015281677
	0.7177618741989136
	0.7177724838256836
	0.7178020477294922
	0.7178177833557129
	0.7178543210029602
	0.7178832292556763
	0.7179146409034729
	0.7179484367370605
	0.7179913520812988
	0.7180304527282715
	0.7180586457252502
	0.718087911605835
	0.7181140184402466
	0.7181553244590759
	0.7182042002677917
	0.718250572681427
	0.7182814478874207
	0.7183201909065247
	0.7183647751808167
	0.7183784246444702
	0.7184088826179504
	0.7184418439865112
	0.7184794545173645
	0.7185267806053162
	0.7185570001602173
	0.7185808420181274
	0.7186049818992615
	0.7186487913131714
	0.7186827063560486
	0.7187142968177795
	0.7187557220458984
	0.7187942266464233
	0.7188308238983154
	0.7188806533813477
	0.7189143300056458
	0.7189670205116272
	0.7190072536468506
	0.7190541625022888
	0.7190954685211182
	0.7191227078437805
	0.7191688418388367
	0.7192119359970093
	0.7192401885986328
	0.7192836403846741
	0.7193177342414856
	0.7193566560745239
	0.7193873524665833
	0.7194420099258423
	0.7194900512695312
	0.7195237874984741
	0.7195518016815186
	0.7195847034454346
	0.7196162939071655
	0.719660758972168
	0.7196964621543884
	0.7197345495223999
	0.7197741866111755
	0.7198153138160706
	0.7198532819747925
	0.7198994159698486
	0.7199363708496094
	0.7199744582176208
	0.7200087308883667
	0.7200472950935364
	0.7200730443000793
	0.7201119065284729
	0.7201461791992188
	0.7201855778694153
	0.7202360033988953
	0.7202731966972351
	0.7203183770179749
	0.7203612923622131
	0.7203975915908813
	0.7204368114471436
	0.720465362071991
	0.7205018997192383
	0.720534086227417
	0.7205700874328613
	0.7206135988235474
	0.7206553220748901
	0.7206918597221375
	0.7207314968109131
	0.720772385597229
	0.7208049297332764
	0.7208520174026489
	0.7208913564682007
	0.7209374904632568
	0.7209914326667786
	0.7210381031036377
	0.7210723757743835
	0.7211158871650696
	0.7211570143699646
	0.7211959958076477
	0.7212411165237427
	0.7212777733802795
	0.7213189601898193
	0.7213564515113831
	0.7214009165763855
	0.721450924873352
	0.7214933037757874
	0.7215507626533508
	0.7216092944145203
	0.7216389179229736
	0.7216653227806091
	0.7217035293579102
	0.7217548489570618
	0.7218039035797119
	0.7218421101570129
	0.7218902707099915
	0.7219367623329163
	0.7219935059547424
	0.7220403552055359
	0.7220870852470398
	0.7221262454986572
	0.722166121006012
	0.7222156524658203
	0.7222625613212585
	0.7223117351531982
	0.7223618030548096
	0.7223990559577942
	0.7224461436271667
	0.7225008010864258
	0.722537100315094
	0.7225873470306396
	0.7226329445838928
	0.7226766347885132
	0.7227203845977783
	0.7227600812911987
	0.7228149175643921
	0.7228623628616333
	0.7229147553443909
	0.7229511141777039
	0.7229859828948975
	0.7230336666107178
	0.7230650186538696
	0.7231080532073975
	0.7231482863426208
	0.7231860160827637
	0.7232254147529602
	0.7232614755630493
	0.7233028411865234
	0.7233315110206604
	0.7233738303184509
	0.7234114408493042
	0.7234556078910828
	0.723496675491333
	0.7235430479049683
	0.723582923412323
	0.723617434501648
	0.7236641645431519
	0.7237105965614319
	0.7237460017204285
	0.723784327507019
	0.7238402962684631
	0.7238856554031372
	0.7239389419555664
	0.7239853143692017
	0.7240245342254639
	0.7240780591964722
	0.7241148352622986
	0.7241601943969727
	0.7241887450218201
	0.7242149114608765
	0.7242586612701416
	0.7243059277534485
	0.7243529558181763
	0.7244044542312622
	0.724452793598175
	0.7245198488235474
	0.7245740294456482
	0.7246229648590088
	0.7246707677841187
	0.7247079014778137
	0.7247539162635803
	0.7248002886772156
	0.7248396873474121
	0.7249062061309814
	0.724943995475769
	0.7249909043312073
	0.7250407338142395
	0.7250836491584778
	0.7251361608505249
	0.7251814603805542
	0.7252412438392639
	0.7252892851829529
	0.7253350019454956
	0.7253795266151428
	0.7254276871681213
	0.7254694104194641
	0.7255107760429382
	0.7255483865737915
	0.7256020903587341
	0.725642204284668
	0.7256857752799988
	0.7257229685783386
	0.7257916927337646
	0.725834846496582
	0.7258834838867188
	0.7259339094161987
	0.7259849309921265
	0.7260177135467529
	0.7260750532150269
	0.7261249423027039
	0.7261759042739868
	0.7262076139450073
	0.72625732421875
	0.726327657699585
	0.726377010345459
	0.7264246344566345
	0.7264801859855652
	0.7265408039093018
	0.7265785336494446
	0.7266355156898499
	0.7266953587532043
	0.7267598509788513
	0.7268058061599731
	0.7268446683883667
	0.7268780469894409
	0.7269221544265747
	0.7269675135612488
	0.7269981503486633
	0.7270539402961731
	0.727099597454071
	0.7271375060081482
	0.7271895408630371
	0.7272267937660217
	0.7272785902023315
	0.7273341417312622
	0.7273760437965393
	0.7274027466773987
	0.7274421453475952
	0.727486789226532
	0.7275444865226746
	0.7276063561439514
	0.7276512980461121
	0.7276979088783264
	0.7277374267578125
	0.7277843356132507
	0.727834165096283
	0.7278876900672913
	0.7279365658760071
	0.7279741764068604
	0.728026270866394
	0.7280638217926025
	0.7281116247177124
	0.7281721830368042
	0.7282097339630127
	0.7282577157020569
	0.7283172607421875
	0.7283610105514526
	0.7284033894538879
	0.7284535765647888
	0.7285208702087402
	0.7285622358322144
	0.7286108136177063
	0.7286683917045593
	0.7287328243255615
	0.7287850379943848
	0.7288385629653931
	0.7288899421691895
	0.7289407253265381
	0.7289887070655823
	0.729033887386322
	0.7290899753570557
	0.7291398048400879
	0.7291803359985352
	0.729227602481842
	0.7292836308479309
	0.7293228507041931
	0.7293691635131836
	0.7294341325759888
	0.7294812798500061
	0.7295272350311279
	0.729580283164978
	0.729637622833252
	0.7296937704086304
	0.7297508716583252
	0.7297959923744202
	0.7298552989959717
	0.7299244999885559
	0.7299826145172119
	0.7300298810005188
	0.7300763726234436
	0.7301095128059387
	0.7301492094993591
	0.7302076816558838
	0.7302464842796326
	0.7303093075752258
	0.7303721308708191
	0.7304240465164185
	0.7304773926734924
	0.7305299639701843
	0.7305768132209778
	0.7306391596794128
	0.7306894659996033
	0.7307401895523071
	0.7308040261268616
	0.730849027633667
	0.7309069633483887
	0.7309489846229553
	0.7310077548027039
	0.7310450077056885
	0.731098473072052
	0.7311511635780334
	0.7311975955963135
	0.7312484383583069
	0.731304407119751
	0.7313545942306519
	0.7314145565032959
	0.7314764857292175
	0.7315389513969421
	0.731597363948822
	0.7316316962242126
	0.7316780090332031
	0.7317048907279968
	0.7317531704902649
	0.731812059879303
	0.731870710849762
	0.7319369316101074
	0.7319856286048889
	0.7320352792739868
	0.7320893406867981
	0.7321453094482422
	0.7322016954421997
	0.7322377562522888
	0.7323084473609924
	0.732360303401947
	0.7323880791664124
	0.7324512600898743
	0.7325124740600586
	0.7325615286827087
	0.732634961605072
	0.7326819896697998
	0.7327156662940979
	0.7327584624290466
	0.7328056693077087
	0.7328578233718872
	0.7329152822494507
	0.732977569103241
	0.7330160140991211
	0.7330760955810547
	0.7331331372261047
	0.7331830859184265
	0.733240008354187
	0.7332955598831177
	0.7333638668060303
	0.733416736125946
	0.7334833145141602
	0.7335220575332642
	0.7335724830627441
	0.7336358428001404
	0.7336838245391846
	0.7337477803230286
	0.7338240146636963
	0.733866274356842
	0.733916699886322
	0.7339701056480408
	0.7340141534805298
	0.734076738357544
	0.734127938747406
	0.7341949343681335
	0.7342491745948792
	0.7343045473098755
	0.7343564033508301
	0.7344079613685608
	0.73445725440979
	0.7345264554023743
	0.7345895767211914
	0.7346510291099548
	0.7347027063369751
	0.7347312569618225
	0.7347778081893921
	0.7348217368125916
	0.7348802089691162
	0.7349072694778442
	0.7349510192871094
	0.7349951267242432
	0.7350422143936157
	0.7350915670394897
	0.7351461052894592
	0.7351771593093872
	0.7352384328842163
	0.7352769374847412
	0.7353336215019226
	0.7353883981704712
	0.7354267239570618
	0.7354686260223389
	0.7355233430862427
	0.7355749011039734
	0.7356252074241638
	0.7356693744659424
	0.7357268929481506
	0.7357893586158752
	0.7358384728431702
	0.7358893752098083
	0.7359464168548584
	0.7360068559646606
	0.7360700368881226
	0.7361232042312622
	0.7361682057380676
	0.7362151741981506
	0.7362542152404785
	0.7362878322601318
	0.7363388538360596
	0.7363893389701843
	0.7364383339881897
	0.7364898920059204
	0.7365534901618958
	0.7366034984588623
	0.7366599440574646
	0.7367116212844849
	0.7367718815803528
	0.736832857131958
	0.7368893027305603
	0.736936092376709
	0.7369770407676697
	0.7370343804359436
	0.7370705008506775
	0.7371333837509155
	0.7371864914894104
	0.7372413277626038
	0.7373185157775879
	0.7373794317245483
	0.7374160885810852
	0.737474799156189
	0.7375178933143616
	0.7375869750976562
	0.7376490235328674
	0.7377153635025024
	0.7377716898918152
	0.7378115057945251
	0.7378925085067749
	0.7379488348960876
	0.7380014657974243
	0.738059401512146
	0.7381230592727661
	0.7381553053855896
	0.7381992936134338
	0.7382659912109375
	0.7383219599723816
	0.7383853197097778
	0.738423764705658
	0.7384837865829468
	0.7385431528091431
	0.7386064529418945
	0.738659143447876
	0.738700270652771
	0.738754391670227
	0.7388110160827637
	0.7388684153556824
	0.7389308214187622
	0.7389776110649109
	0.739043116569519
	0.7391071915626526
	0.7391709089279175
	0.7392141819000244
	0.7392702698707581
	0.7393345236778259
	0.739403486251831
	0.7394647002220154
	0.7395148277282715
	0.7395614981651306
	0.7396155595779419
	0.7396605014801025
	0.7397117614746094
	0.7397571206092834
	0.7397990226745605
	0.7398596405982971
	0.7399185299873352
	0.7400055527687073
	0.7400490045547485
	0.7401082515716553
	0.7401679754257202
	0.7402188181877136
	0.7402797341346741
	0.7403412461280823
	0.7403958439826965
	0.740451455116272
	0.7405093908309937
	0.7405669093132019
	0.7406401634216309
	0.7406861782073975
	0.7407297492027283
	0.7407902479171753
	0.7408362030982971
	0.7409058213233948
	0.7409701943397522
	0.7410309314727783
	0.741089940071106
	0.7411354184150696
	0.7411968111991882
	0.7412464022636414
	0.7412987947463989
	0.7413662075996399
	0.7414218187332153
	0.7414934635162354
	0.741550624370575
	0.7415992617607117
	0.7416516542434692
	0.7417082190513611
	0.7417677044868469
	0.7418480515480042
	0.7419127821922302
	0.741963803768158
	0.7420310974121094
	0.7420734167098999
	0.742129921913147
	0.7421910762786865
	0.7422450184822083
	0.7422817349433899
	0.7423399090766907
	0.7424004077911377
	0.7424508929252625
	0.7425061464309692
	0.7425480484962463
	0.7426069974899292
	0.7426479458808899
	0.7427138090133667
	0.7427856922149658
	0.7428514361381531
	0.7429142594337463
	0.7429734468460083
	0.7430289387702942
	0.7430717945098877
	0.743120551109314
	0.7431761622428894
	0.7432529926300049
	0.7433106303215027
	0.7433632016181946
	0.743411660194397
	0.7434747815132141
	0.7435299158096313
	0.7435768842697144
	0.7436264753341675
	0.7436886429786682
	0.7437394857406616
	0.743802547454834
	0.7438454627990723
	0.7439140677452087
	0.7439658045768738
	0.7440271973609924
	0.7440770864486694
	0.7441346645355225
	0.7441879510879517
	0.744236171245575
	0.744287371635437
	0.7443492412567139
	0.7444021701812744
	0.7444677352905273
	0.7445212602615356
	0.7445745468139648
	0.7446123361587524
	0.7446779012680054
	0.744745135307312
	0.7447925806045532
	0.7448577880859375
	0.7449140548706055
	0.7449830174446106
	0.7450584173202515
	0.7451075911521912
	0.7451879978179932
	0.7452674508094788
	0.7453413605690002
	0.7453922033309937
	0.7454702258110046
	0.7455360293388367
	0.74560546875
	0.745660662651062
	0.7457277178764343
	0.7457927465438843
	0.7458506226539612
	0.7458846569061279
	0.7459439039230347
	0.7460035681724548
	0.7460747957229614
	0.746137261390686
	0.7461941838264465
	0.7462291121482849
	0.7462793588638306
	0.7463281154632568
	0.7463908195495605
	0.7464688420295715
	0.7465124726295471
	0.7465806603431702
	0.7466505169868469
	0.7467218637466431
	0.7467826008796692
	0.746830403804779
	0.7468858957290649
	0.7469511032104492
	0.7470073699951172
	0.747058629989624
	0.7471108436584473
	0.7471475005149841
	0.7471811175346375
	0.7472480535507202
	0.7473236322402954
	0.7473819851875305
	0.7474416494369507
	0.7474961280822754
	0.7475606203079224
	0.7476180195808411
	0.7476571798324585
	0.7477207779884338
	0.7477934956550598
	0.7478479146957397
	0.7479026913642883
	0.7479630708694458
	0.7480184435844421
	0.7480656504631042
	0.7481197714805603
	0.7481625080108643
	0.7482442855834961
	0.748287558555603
	0.7483470439910889
	0.7484132051467896
	0.7484678030014038
	0.7485271096229553
	0.7486147284507751
	0.7486661076545715
	0.7487385869026184
	0.74879390001297
	0.7488564252853394
	0.7489155530929565
	0.7489568591117859
	0.7490090727806091
	0.7490796446800232
	0.7491512298583984
	0.7492078542709351
	0.7492697834968567
	0.7493276000022888
	0.7493936419487
	0.7494509220123291
	0.7494970560073853
	0.7495521903038025
	0.7496205568313599
	0.7496671080589294
	0.7497179508209229
	0.749789834022522
	0.7498393654823303
	0.7498905062675476
	0.749952495098114
	0.7500005960464478
	0.7500559687614441
	0.750093400478363
	0.7501449584960938
	0.7502045035362244
	0.750271201133728
	0.7503353357315063
	0.7503902316093445
	0.750434935092926
	0.7504869103431702
	0.7505366802215576
	0.7506029605865479
	0.7506474256515503
	0.7506973743438721
	0.750745952129364
	0.7507860660552979
	0.7508397698402405
	0.7508867979049683
	0.7509341239929199
	0.7509865760803223
	0.751040518283844
	0.7510819435119629
	0.7511430382728577
	0.7512075304985046
	0.7512723207473755
	0.7513372898101807
	0.751386821269989
	0.7514476776123047
	0.7515178322792053
	0.7515765428543091
	0.7516347765922546
	0.7516971230506897
	0.7517470121383667
	0.7518064379692078
	0.7518831491470337
	0.7519612312316895
	0.7520382404327393
	0.752090334892273
	0.7521593570709229
	0.7522135376930237
	0.7522752285003662
	0.7523215413093567
	0.7523661851882935
	0.752409815788269
	0.7524603009223938
	0.7525178790092468
	0.7525593042373657
	0.7526289820671082
	0.7526814937591553
	0.7527543306350708
	0.7528126239776611
	0.7528839707374573
	0.7529182434082031
	0.7529761791229248
	0.7530204653739929
	0.7530794143676758
	0.7531421780586243
	0.7531974911689758
	0.7532671689987183
	0.7533284425735474
	0.7533681988716125
	0.7534257173538208
	0.7534845471382141
	0.7535653114318848
	0.7536188364028931
	0.7536904811859131
	0.7537352442741394
	0.7537872195243835
	0.7538356184959412
	0.7538934350013733
	0.7539682984352112
	0.7540136575698853
	0.7540701627731323
	0.7541443109512329
	0.7541996836662292
	0.7542582750320435
	0.7543129920959473
	0.7543644309043884
	0.7544254660606384
	0.7544700503349304
	0.7545179128646851
	0.7545759677886963
	0.7546305656433105
	0.7546722888946533
	0.7547462582588196
	0.7548070549964905
	0.7548763751983643
	0.7549294233322144
	0.7549793720245361
	0.7550408244132996
	0.7550880312919617
	0.75516277551651
	0.7552430629730225
	0.7553022503852844
	0.7553666830062866
	0.7554318904876709
	0.7554997801780701
	0.7555564045906067
	0.755608856678009
	0.7556660175323486
	0.755713939666748
	0.755793571472168
	0.7558456063270569
	0.7558888792991638
	0.7559323310852051
	0.7559763789176941
	0.7560325860977173
	0.7560975551605225
	0.7561549544334412
	0.7562183141708374
	0.7562748193740845
	0.7563124895095825
	0.7563521265983582
	0.7563973665237427
	0.7564703822135925
	0.7565140724182129
	0.756575345993042
	0.7566465735435486
	0.7567098140716553
	0.7567620873451233
	0.756817638874054
	0.7568619847297668
	0.756925106048584
	0.7569781541824341
	0.7570170760154724
	0.7570685148239136
	0.7571239471435547
	0.7571647763252258
	0.7572064399719238
	0.7572691440582275
	0.7572982311248779
	0.7573637366294861
	0.7574098110198975
	0.7574806213378906
	0.7575352787971497
	0.7575910091400146
	0.757633626461029
	0.7576788663864136
	0.7577495574951172
	0.7578046917915344
	0.7578589916229248
	0.7579337954521179
	0.7579944729804993
	0.7580423951148987
	0.7580828070640564
	0.7581183910369873
	0.758171021938324
	0.7582207918167114
	0.7582716345787048
	0.7583181858062744
	0.758372962474823
	0.7584385275840759
	0.7585035562515259
	0.7585656046867371
	0.7586185336112976
	0.7586705088615417
	0.7587254643440247
	0.7587937116622925
	0.75884610414505
	0.7589023113250732
	0.7589536309242249
	0.7590278387069702
	0.7590692639350891
	0.7591183185577393
	0.7591620087623596
	0.7592240571975708
	0.7592676877975464
	0.7593096494674683
	0.7593478560447693
	0.7593881487846375
	0.7594377398490906
	0.7595000863075256
	0.7595574259757996
	0.7596040964126587
	0.7596503496170044
	0.7596926689147949
	0.7597408294677734
	0.7598108649253845
	0.7598772048950195
	0.759915828704834
	0.7599583864212036
	0.7600192427635193
	0.7600598335266113
	0.7601222991943359
	0.7601776123046875
	0.7602062225341797
	0.7602667212486267
	0.7603321671485901
	0.7603666186332703
	0.7604404091835022
	0.7605123519897461
	0.7605785131454468
	0.7606311440467834
	0.7606804966926575
	0.7607290744781494
	0.7608012557029724
	0.7608414888381958
	0.7608980536460876
	0.7609565258026123
	0.7610183358192444
	0.7610840797424316
	0.7611503005027771
	0.761208713054657
	0.7612658143043518
	0.7613110542297363
	0.7613894939422607
	0.7614340782165527
	0.7615001201629639
	0.7615467309951782
	0.7616262435913086
	0.7616694569587708
	0.7617550492286682
	0.7618040442466736
	0.761843740940094
	0.7619045376777649
	0.7619409561157227
	0.7619858384132385
	0.7620223164558411
	0.7620959877967834
	0.7621412873268127
	0.7621846199035645
	0.7622306942939758
	0.762270987033844
	0.7623351812362671
	0.7623839974403381
	0.7624479532241821
	0.7625064253807068
	0.7625529170036316
	0.7626268267631531
	0.7626685500144958
	0.7627333402633667
	0.7627838253974915
	0.762843668460846
	0.7628987431526184
	0.7629579901695251
	0.7630127668380737
	0.7630630731582642
	0.763109564781189
	0.7631431818008423
	0.7631946802139282
	0.7632521390914917
	0.7633036375045776
	0.763360857963562
	0.7634240984916687
	0.763474702835083
	0.7635088562965393
	0.7635591626167297
	0.763594388961792
	0.7636609077453613
	0.7637158036231995
	0.7637706398963928
	0.7638244032859802
	0.763866126537323
	0.7638972401618958
	0.7639361023902893
	0.7640031576156616
	0.7640650272369385
	0.7641105055809021
	0.7641639709472656
	0.764214813709259
	0.7642667889595032
	0.7643214464187622
	0.7643800973892212
	0.7644498348236084
	0.7645007371902466
	0.7645576000213623
	0.7646079659461975
	0.7646723985671997
	0.7647066712379456
	0.7647382616996765
	0.7647885680198669
	0.7648518681526184
	0.7649118900299072
	0.7649731636047363
	0.7650290727615356
	0.7650671601295471
	0.7651330828666687
	0.7651987075805664
	0.765234649181366
	0.7652546763420105
	0.765302836894989
	0.7653599381446838
	0.7654078602790833
	0.7654771208763123
	0.765519380569458
	0.7655962109565735
	0.7656311988830566
	0.7657031416893005
	0.7657448649406433
	0.7658043503761292
	0.7658515572547913
	0.7659109830856323
	0.7659741640090942
	0.7660402059555054
	0.7660921812057495
	0.7661352157592773
	0.7662099003791809
	0.7662721276283264
	0.766331672668457
	0.7663952112197876
	0.7664393782615662
	0.7664663791656494
	0.7665277123451233
	0.7665765285491943
	0.7666398286819458
	0.766693651676178
	0.7667527794837952
	0.7667971849441528
	0.7668359279632568
	0.7669000029563904
	0.7669588327407837
	0.7670078873634338
	0.7670811414718628
	0.7670919895172119
	0.767137885093689
	0.7671957015991211
	0.7672610282897949
	0.7673184275627136
	0.7673830986022949
	0.7674334049224854
	0.7674944996833801
	0.7675576210021973
	0.7676202058792114
	0.7676759958267212
	0.7677316665649414
	0.7677868604660034
	0.7678514719009399
	0.7679010629653931
	0.767968475818634
	0.7680203914642334
	0.7680646181106567
	0.7681138515472412
	0.7681818008422852
	0.7682475447654724
	0.7682698369026184
	0.768327534198761
	0.7683877348899841
	0.7684484720230103
	0.7684902548789978
	0.7685413956642151
	0.7686082720756531
	0.7686832547187805
	0.7687229514122009
	0.7687907218933105
	0.7688465714454651
	0.7689043879508972
	0.7689478397369385
	0.768989086151123
	0.7690194249153137
	0.7690712213516235
	0.7691155672073364
	0.7691429853439331
	0.7692029476165771
	0.7692680954933167
	0.7693237066268921
	0.7693615555763245
	0.7693961262702942
	0.7694567441940308
	0.7694985866546631
	0.7695450782775879
	0.769593358039856
	0.7696354389190674
	0.7696836590766907
	0.7697038650512695
	0.76975417137146
	0.7698153853416443
	0.7698689103126526
	0.76992267370224
	0.7699607610702515
	0.7700127363204956
	0.7700785994529724
	0.7701182961463928
	0.7701699137687683
	0.7701995372772217
	0.7702538371086121
	0.7702945470809937
	0.7703218460083008
	0.7703895568847656
	0.7704533338546753
	0.7704706192016602
	0.7705239653587341
	0.7705729007720947
	0.7706249952316284
	0.770683228969574
	0.7707405686378479
	0.7707857489585876
	0.7708166837692261
	0.7708491683006287
	0.7708684802055359
	0.7709035277366638
	0.7709618210792542
	0.7710121870040894
	0.7710561156272888
	0.7711111903190613
	0.7711580991744995
	0.7712143063545227
	0.7712647318840027
	0.7713173627853394
	0.7713572382926941
	0.7713913321495056
	0.7714421153068542
	0.771474301815033
	0.7715281248092651
	0.7715924382209778
	0.7716104984283447
	0.7716662883758545
	0.7717128992080688
	0.771763026714325
	0.7718266844749451
	0.7718616127967834
	0.7718936204910278
	0.7719376683235168
	0.7720034718513489
	0.7720721960067749
	0.772114634513855
	0.7721553444862366
	0.7721936106681824
	0.7722334265708923
	0.7722802758216858
	0.7723228931427002
	0.7723701596260071
	0.772402822971344
	0.7724348902702332
	0.7724801898002625
	0.7725223898887634
	0.7725839018821716
	0.772647500038147
	0.7726792693138123
	0.7727303504943848
	0.7727509140968323
	0.772802472114563
	0.7728545069694519
	0.772877037525177
	0.772911787033081
	0.7729566693305969
	0.7730036973953247
	0.7730643153190613
	0.7730894088745117
	0.7731302380561829
	0.7731680870056152
	0.7732289433479309
	0.7732762098312378
	0.7733439207077026
	0.7733860015869141
	0.7734350562095642
	0.7735101580619812
	0.7735515236854553
	0.7736010551452637
	0.7736422419548035
	0.7736870646476746
	0.7737638354301453
	0.7738010883331299
	0.7738465666770935
	0.7738969922065735
	0.7739546895027161
	0.7739933133125305
	0.7740398049354553
	0.774101197719574
	0.774157702922821
	0.7742054462432861
	0.7742690443992615
	0.7743098139762878
	0.7743745446205139
	0.7743971943855286
	0.7744274139404297
	0.7744925618171692
	0.7745426893234253
	0.7745973467826843
	0.7746254205703735
	0.7746681571006775
	0.7747230529785156
	0.7747880816459656
	0.7748385071754456
	0.7748960852622986
	0.7749167680740356
	0.7749605774879456
	0.7750210762023926
	0.7750622630119324
	0.7751096487045288
	0.7751514315605164
	0.7752019762992859
	0.7752328515052795
	0.7752948999404907
	0.7753463387489319
	0.7753897905349731
	0.775428056716919
	0.775478720664978
	0.7755365967750549
	0.7755765318870544
	0.7756385207176208
	0.7756571173667908
	0.7756865620613098
	0.7757145166397095
	0.7757698893547058
	0.7758026123046875
	0.7758669257164001
	0.7759181261062622
	0.7759818434715271
	0.7760395407676697
	0.7760837078094482
	0.776138186454773
	0.7762012481689453
	0.7762250304222107
	0.776264488697052
	0.7763128280639648
	0.7763733863830566
	0.776419460773468
	0.7764729261398315
	0.7765278220176697
	0.7765858769416809
	0.7766414284706116
	0.7766744494438171
	0.7767298817634583
	0.7767848968505859
	0.7768250703811646
	0.7768802046775818
	0.7769156694412231
	0.7769656181335449
	0.7770243287086487
	0.777074933052063
	0.777126133441925
	0.7771776914596558
	0.777232825756073
	0.7772689461708069
	0.7773168683052063
	0.7773770093917847
	0.7774187922477722
	0.7774773836135864
	0.7775269150733948
	0.7775835990905762
	0.7776023745536804
	0.777631402015686
	0.7776790857315063
	0.7777159214019775
	0.7777695655822754
	0.7778160572052002
	0.777866005897522
	0.7778839468955994
	0.7779085040092468
	0.7779341340065002
	0.7779736518859863
	0.7780088186264038
	0.778054416179657
	0.7781120538711548
	0.778150200843811
	0.7781995534896851
	0.7782314419746399
	0.778281569480896
	0.7783315181732178
	0.7783748507499695
	0.7784125804901123
	0.7784572243690491
	0.7785038948059082
	0.7785395979881287
	0.7785716652870178
	0.7785916328430176
	0.7786484956741333
	0.7786855697631836
	0.7787179946899414
	0.7787421345710754
	0.7787944078445435
	0.7788282036781311
	0.7788853049278259
	0.7789245247840881
	0.7789638638496399
	0.7790045142173767
	0.7790651917457581
	0.7791126370429993
	0.7791382670402527
	0.7791432738304138
	0.7791936993598938
	0.7792295217514038
	0.7792581915855408
	0.7793157696723938
	0.7793591022491455
	0.7793978452682495
	0.7794278860092163
	0.779493510723114
	0.7795311808586121
	0.7795743942260742
	0.7796226739883423
	0.7796861529350281
	0.7797200083732605
	0.779730498790741
	0.779755175113678
	0.7798011898994446
	0.779852032661438
	0.7798740267753601
	0.7799102663993835
	0.7799251675605774
	0.7799779772758484
	0.7800241708755493
	0.7800830006599426
	0.7801231145858765
	0.7801815867424011
	0.7802404761314392
	0.7802673578262329
	0.7802947759628296
	0.7803348898887634
	0.7803928852081299
	0.7804399132728577
	0.7804678082466125
	0.7805191874504089
	0.7805640697479248
	0.7806022763252258
	0.7806451320648193
	0.7806999087333679
	0.7807151675224304
	0.7807682752609253
	0.7808312773704529
	0.7808632850646973
	0.780912458896637
	0.780960738658905
	0.7809812426567078
	0.7810245752334595
	0.7810645699501038
	0.7811047434806824
	0.7811617851257324
	0.78117835521698
	0.7811883687973022
	0.7812250852584839
	0.7812787890434265
	0.781317949295044
	0.781348466873169
	0.7813997268676758
	0.7814523577690125
	0.7815101146697998
	0.7815646529197693
	0.7816100716590881
	0.7816557884216309
	0.7816854119300842
	0.7817245721817017
	0.7817995548248291
	0.7818284630775452
	0.7818626165390015
	0.7819157838821411
	0.7819633483886719
	0.7820106148719788
	0.7820664048194885
	0.7821037769317627
	0.7821453809738159
	0.7821975946426392
	0.7822325825691223
	0.7822449803352356
	0.7822855114936829
	0.7823294401168823
	0.7823972702026367
	0.7824395895004272
	0.7824837565422058
	0.7825213670730591
	0.7825690507888794
	0.7826228141784668
	0.782663881778717
	0.7827115654945374
	0.7827559113502502
	0.7828012704849243
	0.7828327417373657
	0.7828531265258789
	0.7829059958457947
	0.7829414010047913
	0.7829833030700684
	0.7830122709274292
	0.7830589413642883
	0.7831075191497803
	0.7831735610961914
	0.7832220196723938
	0.78324955701828
	0.7832916378974915
	0.7833162546157837
	0.7833510637283325
	0.7833809852600098
	0.7834064364433289
	0.7834301590919495
	0.7834535837173462
	0.783486545085907
	0.7835464477539062
	0.783571183681488
	0.7836174368858337
	0.7836612462997437
	0.7837088108062744
	0.7837452292442322
	0.7837623953819275
	0.783797562122345
	0.783828854560852
	0.7838756442070007
	0.7839086651802063
	0.7839368581771851
	0.7839704155921936
	0.7840240001678467
	0.7840674519538879
	0.7841074466705322
	0.7841484546661377
	0.7841758728027344
	0.7842129468917847
	0.7842361330986023
	0.7842792868614197
	0.7843154072761536
	0.7843489050865173
	0.7843920588493347
	0.7844231128692627
	0.7844536304473877
	0.7844686508178711
	0.7845242023468018
	0.7845768332481384
	0.7846126556396484
	0.7846660017967224
	0.7846768498420715
	0.784722626209259
	0.7847618460655212
	0.7847750186920166
	0.7847949862480164
	0.7848190069198608
	0.7848390936851501
	0.7848868370056152
	0.7849011421203613
	0.7849206328392029
	0.7849640846252441
	0.7850072979927063
	0.7850470542907715
	0.7850943207740784
	0.7851381897926331
	0.7851784229278564
	0.7852388024330139
	0.7852920293807983
	0.7853430509567261
	0.785377562046051
	0.7854232788085938
	0.7854580283164978
	0.7855036854743958
	0.7855398058891296
	0.7855848670005798
	0.7856343388557434
	0.7856714725494385
	0.7857053279876709
	0.7857576608657837
	0.7858062982559204
	0.7858563661575317
	0.7859010696411133
	0.7859435081481934
	0.7859721779823303
	0.7860031723976135
	0.7860375046730042
	0.7860726118087769
	0.7861226201057434
	0.786165714263916
	0.7862175703048706
	0.7862588167190552
	0.7862696051597595
	0.7863059043884277
	0.7863580584526062
	0.7863946557044983
	0.7864536643028259
	0.7864874005317688
	0.7865195870399475
	0.7865573763847351
	0.7866051197052002
	0.7866076231002808
	0.7866479754447937
	0.786682665348053
	0.7867286205291748
	0.7867298722267151
	0.786740243434906
	0.7867590188980103
	0.7867897152900696
	0.7868358492851257
	0.7868900299072266
	0.7869089245796204
	0.7869539260864258
	0.7869789600372314
	0.7870112061500549
	0.7870441675186157
	0.7870814204216003
	0.7871465086936951
	0.7871671319007874
	0.7871778607368469
	0.7872059941291809
	0.7872287034988403
	0.7872685790061951
	0.7873082160949707
	0.7873504757881165
	0.7873932123184204
	0.7874197959899902
	0.7874753475189209
	0.787484884262085
	0.7875226140022278
	0.7875468730926514
	0.7875646352767944
	0.787593424320221
	0.7876282334327698
	0.7876691222190857
	0.7877287864685059
	0.7877623438835144
	0.7878000140190125
	0.7878230214118958
	0.7878491878509521
	0.7879043221473694
	0.7879398465156555
	0.7879977822303772
	0.7880463600158691
	0.7880812883377075
	0.7881169319152832
	0.7881399989128113
	0.7881461381912231
	0.7881473898887634
	0.7881721258163452
	0.7881929278373718
	0.7882286906242371
	0.7882461547851562
	0.7882828712463379
	0.7883124947547913
	0.7883294820785522
	0.7883774638175964
	0.788413941860199
	0.7884359955787659
	0.7884728312492371
	0.7885322570800781
	0.7885589003562927
	0.7886229753494263
	0.7886451482772827
	0.788686215877533
	0.7887347936630249
	0.7887688279151917
	0.7888084650039673
	0.7888424396514893
	0.7888778448104858
	0.7889237999916077
	0.7889457941055298
	0.7889600992202759
	0.7889862656593323
	0.7889930605888367
	0.7890416979789734
	0.7890507578849792
	0.78908771276474
	0.7891337275505066
	0.789177417755127
	0.7891944646835327
	0.7892403602600098
	0.7892753481864929
	0.7893001437187195
	0.7893321514129639
	0.7893794775009155
	0.7893928289413452
	0.7894134521484375
	0.7894603610038757
	0.7894641757011414
	0.7895172238349915
	0.7895394563674927
	0.7895974516868591
	0.7896081805229187
	0.7896237969398499
	0.7896782755851746
	0.7897178530693054
	0.7897667288780212
	0.7898063659667969
	0.7898485660552979
	0.7899007201194763
	0.7899421453475952
	0.7899497151374817
	0.789973258972168
	0.7899945378303528
	0.7900163531303406
	0.7900484800338745
	0.7900835275650024
	0.7901380658149719
	0.7901603579521179
	0.7901688814163208
	0.7902101874351501
	0.790242075920105
	0.7902606725692749
	0.7903109192848206
	0.790343701839447
	0.7903496026992798
	0.7903679013252258
	0.7904388308525085
	0.7904615998268127
	0.7904808521270752
	0.7905191779136658
	0.7905272245407104
	0.7905630469322205
	0.7906108498573303
	0.79062420129776
	0.7906448245048523
	0.7906869649887085
	0.7907145619392395
	0.7907457947731018
	0.7908014059066772
	0.7908469438552856
	0.7908921837806702
	0.790908932685852
	0.7909356355667114
	0.7909597158432007
	0.7910088300704956
	0.7910343408584595
	0.7910686731338501
	0.791103184223175
	0.7911364436149597
	0.7911635637283325
	0.7911925315856934
	0.7912466526031494
	0.7912700772285461
	0.7912811636924744
	0.7913292050361633
	0.7913565635681152
	0.7914037108421326
	0.7914354205131531
	0.7914729118347168
	0.7915066480636597
	0.7915275692939758
	0.7915715575218201
	0.7916110157966614
	0.7916304469108582
	0.791678786277771
	0.7917236089706421
	0.791765570640564
	0.791775643825531
	0.7918183207511902
	0.7918568849563599
	0.7918952107429504
	0.7919427156448364
	0.7919608354568481
	0.79200279712677
	0.79203861951828
	0.792060136795044
	0.7920736074447632
	0.7921162843704224
	0.7921606302261353
	0.7922041416168213
	0.7922505140304565
	0.7922692894935608
	0.7922803163528442
	0.7923243641853333
	0.7923492789268494
	0.7923804521560669
	0.7924234867095947
	0.7924565076828003
	0.792502760887146
	0.792525053024292
	0.7925536036491394
	0.7925743460655212
	0.7926111817359924
	0.7926316857337952
	0.7926534414291382
	0.7926856875419617
	0.7927179932594299
	0.792750895023346
	0.792791485786438
	0.7928040623664856
	0.7928264141082764
	0.7928427457809448
	0.7928512692451477
	0.7928768396377563
	0.792908251285553
	0.7929378151893616
	0.7929654717445374
	0.792991042137146
	0.7930353283882141
	0.7930627465248108
	0.7930750846862793
	0.7931192517280579
	0.7931330800056458
	0.7931680679321289
	0.7931799292564392
	0.7932287454605103
	0.7932656407356262
	0.7932887077331543
	0.7933204174041748
	0.7933162450790405
	0.7933496832847595
	0.7934011220932007
	0.7933933138847351
	0.7934357523918152
	0.7934724688529968
	0.7935113906860352
	0.7935397028923035
	0.7935760021209717
	0.7935922741889954
	0.7936262488365173
	0.793651819229126
	0.793674647808075
	0.7936988472938538
	0.7937215566635132
	0.7937356233596802
	0.7937524318695068
	0.7937701940536499
	0.7938088774681091
	0.7938294410705566
	0.7938625812530518
	0.7939063906669617
	0.7939544916152954
	0.793992817401886
	0.794033408164978
	0.7940617203712463
	0.7941054701805115
	0.794133186340332
	0.7941871881484985
	0.7942177653312683
	0.7942496538162231
	0.7942635416984558
	0.7942942976951599
	0.7943108081817627
	0.7943240404129028
	0.7943553924560547
	0.7943786978721619
	0.7944022417068481
	0.7944390177726746
	0.7944269776344299
	0.794465184211731
	0.7945150136947632
	0.7945507764816284
	0.7945689558982849
	0.7945915460586548
	0.7946186661720276
	0.7946509718894958
	0.7946704030036926
	0.7946889400482178
	0.7947312593460083
	0.794758141040802
	0.7948063015937805
	0.794802725315094
	0.7948204278945923
	0.7948484420776367
	0.7948845624923706
	0.7949321269989014
	0.7949627041816711
	0.794998824596405
	0.7950408458709717
	0.7950713038444519
	0.7950659990310669
	0.7951192855834961
	0.7951412796974182
	0.7951602339744568
	0.7951793074607849
	0.7952046394348145
	0.7952380776405334
	0.7952786087989807
	0.7952879071235657
	0.795305609703064
	0.7953373193740845
	0.7953339219093323
	0.7953674793243408
	0.7953928112983704
	0.7953969240188599
	0.7954058051109314
	0.7954524159431458
	0.7954670190811157
	0.7954922318458557
	0.7955345511436462
	0.7955612540245056
	0.7955870032310486
	0.795620858669281
	0.7956499457359314
	0.7956734299659729
	0.7956997752189636
	0.7957326769828796
	0.7957355380058289
	0.7957592606544495
	0.7957868576049805
	0.7958027720451355
	0.7958354949951172
	0.795854926109314
	0.7958888411521912
	0.795920193195343
	0.7959535121917725
	0.7959815859794617
	0.7960076332092285
	0.7960341572761536
	0.7960670590400696
	0.7961059808731079
	0.7961359024047852
	0.7961620688438416
	0.7961636781692505
	0.7961873412132263
	0.7961970567703247
	0.7961968183517456
	0.7962444424629211
	0.7962619662284851
	0.7962837219238281
	0.7963080406188965
	0.7963303327560425
	0.7963549494743347
	0.7963868975639343
	0.7964086532592773
	0.7964413166046143
	0.7964401841163635
	0.7964862585067749
	0.7965141534805298
	0.7965043783187866
	0.796529233455658
	0.7965672612190247
	0.7965719699859619
	0.7965933084487915
	0.7966369986534119
	0.7966510653495789
	0.7966760993003845
	0.796701967716217
	0.7966981530189514
	0.7967194318771362
	0.7967424988746643
	0.7967695593833923
	0.7967900037765503
	0.7968246936798096
	0.7968319654464722
	0.7968547344207764
	0.796893835067749
	0.7969292998313904
	0.7969496846199036
	0.7969793677330017
	0.7969940304756165
	0.7970137596130371
	0.7970414757728577
	0.7970432639122009
	0.7970372438430786
	0.7970840334892273
	0.7970793843269348
	0.7970914244651794
	0.7971187829971313
	0.7971361875534058
	0.7971464991569519
	0.7971649169921875
	0.7971787452697754
	0.7972095608711243
	0.7972407937049866
	0.7972791194915771
	0.7972991466522217
	0.7973344922065735
	0.797374427318573
	0.7974057793617249
	0.797418475151062
	0.7974377274513245
	0.7974782586097717
	0.7975168824195862
	0.7975452542304993
	0.797576904296875
	0.797607958316803
	0.7976153492927551
	0.7976330518722534
	0.7976707220077515
	0.7977113127708435
	0.7977292537689209
	0.7977676391601562
	0.7977967858314514
	0.7978190779685974
	0.7978546619415283
	0.7978586554527283
	0.7978635430335999
	0.797896146774292
	0.7979339957237244
	0.7979742288589478
	0.7980200052261353
	0.7980610132217407
	0.7981231808662415
	0.7981396317481995
	0.7981733679771423
	0.7981762290000916
	0.7981927990913391
	0.7982200384140015
	0.7982491254806519
	0.7982668280601501
	0.798292338848114
	0.7983080148696899
	0.798333466053009
	0.7983734011650085
	0.7983814477920532
	0.7984143495559692
	0.7984330058097839
	0.798473060131073
	0.798490583896637
	0.7985118627548218
	0.7985191941261292
	0.79852694272995
	0.7985522150993347
	0.7985655665397644
	0.7985835671424866
	0.7985978126525879
	0.7986217737197876
	0.7986614108085632
	0.7986763119697571
	0.7987170815467834
	0.7987561821937561
	0.7987897992134094
	0.7987934350967407
	0.7988061904907227
	0.7988288402557373
	0.7988579869270325
	0.7988747358322144
	0.7988872528076172
	0.7989224791526794
	0.7989423871040344
	0.7989477515220642
	0.7989855408668518
	0.7990068197250366
	0.7990304827690125
	0.7990570068359375
	0.7990662455558777
	0.7990756630897522
	0.799105167388916
	0.79911869764328
	0.7991563081741333
	0.799199104309082
	0.7992416024208069
	0.7992643117904663
	0.7992916107177734
	0.7993270754814148
	0.7993590831756592
	0.7993859648704529
	0.799419105052948
	0.7994464039802551
	0.7994732856750488
	0.7995012998580933
	0.7995269894599915
	0.7995404005050659
	0.7995733618736267
	0.7996200323104858
	0.799645721912384
	0.7996742725372314
	0.7996833920478821
	0.7996944189071655
	0.7997118830680847
	0.7997139096260071
	0.7997329235076904
	0.7997397780418396
	0.7997744083404541
	0.7998137474060059
	0.7998281121253967
	0.7998744249343872
	0.7999117970466614
	0.7999394536018372
	0.7999458909034729
	0.7999756932258606
	0.7999935746192932
	0.8000115752220154
	0.8000230193138123
	0.8000339269638062
	0.8000348806381226
]