[
	1.2712171479502972
	1.2712171479502972
	1.2712171479502303
	1.271217147943426
	1.2712171469537845
	1.271217602826496
	1.2712458565369575
	1.271317051318582
	1.271377344841922
	1.2714250032336143
	1.271487063601158
	1.2715351989010957
	1.2715851733569772
	1.2716403620042052
	1.2716804011572773
	1.2717337747761517
	1.2717976165620015
	1.271843445086624
	1.2719048180187658
	1.2719465642152206
	1.2719850892036184
	1.2720352299749818
	1.2720970951220012
	1.2721321580790206
	1.272171916915673
	1.2721995674527187
	1.2722429988622883
	1.2722868839892334
	1.2723310169290152
	1.2723671347828165
	1.272388404894718
	1.272420055978817
	1.2724525215106692
	1.272491486430407
	1.2725261679261155
	1.2725569255426474
	1.2725763118292297
	1.2726077250884438
	1.2726410597460127
	1.2726619099644725
	1.2726816971206572
	1.2727103396046708
	1.2727254861916872
	1.2727479173929352
	1.2727668042432727
	1.2727774197840687
	1.2727955112678717
	1.2728168580903887
	1.272833923602975
	1.2728493258768232
	1.2728702083818793
	1.2728951288689072
	1.2729040860941114
	1.2729136784046102
	1.2729327150018277
	1.272938680513492
	1.2729542089385735
	1.2729653771013283
	1.272991547465006
	1.2730069622676137
	1.2730114196916147
	1.2730143049119214
	1.2730340235219666
	1.273046259136444
	1.27304911054223
	1.273054417116116
	1.2730620683516236
	1.2730743975392906
	1.2730874348522938
	1.2730956914812654
	1.2730986015091355
	1.2731091268442432
	1.273109565584967
	1.2731076855985615
	1.2731164121488185
	1.273123235067415
	1.2731252910086055
	1.2731273240745307
	1.2731401375393445
	1.2731402317093252
	1.2731388800658634
	1.2731376067531057
	1.2731485866558596
	1.2731618406483118
	1.2731593622163504
	1.273155976218606
	1.2731605527973717
	1.2731612159524621
	1.2731766500794175
	1.2731777767454047
	1.2731724198918324
	1.2731806951295588
	1.2731802194422601
	1.2731892112132925
	1.2731903438856313
	1.273180887613819
	1.2731745435641424
	1.2731735119192782
	1.2731765152580257
	1.2731780040984155
	1.2731749581753866
	1.2731677480253423
	1.2731735940883377
	1.273173779961104
	1.273175897991175
	1.2731733381396928
	1.273174579206089
	1.2731662140944489
	1.273176663690491
	1.2731648890495089
	1.2731671647253966
	1.2731663062710068
	1.2731719283190128
	1.2731709087071243
	1.2731717269481035
	1.273162733948691
	1.2731684454464496
	1.2731700611163204
	1.273173616835576
	1.2731711733786426
	1.2731594626403768
	1.2731488390156858
	1.2731454914879943
	1.2731443002803178
	1.273136323568519
	1.2731328542802423
	1.2731304417993383
	1.2731241353348879
	1.2731278888806437
	1.273132128588754
	1.2731237168654246
	1.2731231287685356
	1.2731096899312628
	1.2731049381409207
	1.2731068156054197
	1.2731057234209022
	1.2731026866480202
	1.2730911738086805
	1.27308700653045
	1.2730851162603118
	1.2730775772620142
	1.2730776393903604
	1.273072286520508
	1.2730700418029597
	1.2730689465106242
	1.2730651210977484
	1.2730638876888936
	1.2730616522382487
	1.2730599434172745
	1.2730574618902855
	1.273059005048377
	1.2730554529701954
	1.273054269628964
	1.2730492492110386
	1.2730423511000322
	1.273035816422544
	1.2730234672326313
	1.273031795977399
	1.2730262817789804
	1.2730178103027694
	1.273012841049589
	1.2730055452556406
	1.2729892890302321
	1.272991760567595
	1.272989043406694
	1.2729972692274583
	1.2729960362347184
	1.2729926183046683
	1.2729893680855244
	1.2729917921993577
	1.2729910483394435
	1.2729865765385897
	1.2729787838561424
	1.2729737841597857
	1.2729756990704935
	1.272971822685268
	1.2729678193857208
	1.2729615756984498
	1.272966328943059
	1.2729560827755948
	1.2729482063963298
	1.2729503514116691
	1.2729478109161116
	1.2729411755385487
	1.2729302658927468
	1.2729274336801981
	1.2729228973272897
	1.2729253950026462
	1.2729134360616856
	1.2729109960490408
	1.2729090917137034
	1.272906132167532
	1.2729008924439769
	1.272900627514255
	1.2728984600862274
	1.272905542004708
	1.272902670420022
	1.2729005504942004
	1.272897847122478
	1.2728983911227216
	1.272898911514352
	1.2728886939450492
	1.2728859814764113
	1.2728797626076944
	1.272875679816105
	1.2728736390793385
	1.272863929067483
	1.2728519601964063
	1.2728486668418646
	1.272846718023778
	1.2728436993908963
	1.27284175550204
	1.2728362709651222
	1.2728326477260197
	1.2728347711849335
	1.2728282034538434
	1.2728325414730473
	1.2728320638823234
	1.2728281394157654
	1.2728250027088994
	1.2728180657134227
	1.2728192040044446
	1.2728079133731973
	1.2728021358617125
	1.2727921069903971
	1.2727918214912193
	1.272793291411675
	1.272792273310619
	1.272787683120001
	1.2727820472069244
	1.2727781513408847
	1.2727761206501753
	1.2727728660902007
	1.2727684196474311
	1.2727694021107112
	1.2727660567740098
	1.2727676338459009
	1.2727641943247918
	1.2727586610469943
	1.2727592049090974
	1.2727598269374942
	1.272751204429695
	1.2727503837363099
	1.272745423738733
	1.272738322066231
	1.2727332925976522
	1.2727269524589986
	1.272727754451825
	1.2727325001093874
	1.2727304549037275
	1.2727228629211345
	1.2727222713440765
	1.2727172591178195
	1.2727148457921214
	1.2727141114945817
	1.2727137812232903
	1.2727068057224868
	1.2727050838128724
	1.2726987986869476
	1.2726970983225243
	1.272692367242565
	1.2726893501849057
	1.2726893511857793
	1.2726878655587068
	1.272683940079013
	1.2726745443704008
	1.2726688901809704
	1.2726680777728432
	1.272664303756742
	1.272661281682197
	1.272665061285979
	1.2726683128586995
	1.2726637577725228
	1.2726605597109222
	1.2726634377429318
	1.2726621117262271
	1.2726602297557577
	1.272653814166137
	1.2726497528817315
	1.2726463204351723
	1.2726461972170455
	1.2726387668822547
	1.2726372029061508
	1.2726392056568219
	1.2726402347341135
	1.272640091783177
	1.2726356468660842
	1.272636015668377
	1.2726302275286396
	1.272633637653064
	1.272627500011996
	1.2726236245079754
	1.2726212752128068
	1.2726198296143134
	1.2726180914295937
	1.2726178269976904
	1.2726126443942236
	1.2726084083304035
	1.2725972090288777
	1.2725910974176533
	1.2725834797527171
	1.272579523236636
	1.2725780568102039
	1.2725798594201927
	1.272571880797561
	1.2725672928232936
	1.2725630894712756
	1.2725652532996474
	1.2725688871567773
	1.2725645836853057
	1.272564274390824
	1.2725613557737625
	1.2725609865515197
	1.2725653682690397
	1.272571386766774
	1.2725732929739888
	1.2725688685342478
	1.2725625122887558
	1.2725631693014776
	1.272563183565536
	1.2725592104948873
	1.2725553483887886
	1.2725555682553464
	1.2725546639299758
	1.2725592392175087
	1.2725557316395115
	1.2725518308535293
	1.2725466907955352
	1.2725517327674805
	1.2725527805397185
	1.2725480950475547
	1.2725412893094874
	1.2725381646324168
	1.272540770724619
	1.2725382632159092
	1.272539565735292
	1.2725405597325223
	1.272534069552687
	1.2725339032581418
	1.2725348929571618
	1.2725296576541805
	1.2725285063151122
	1.2725326029009223
	1.272531182748224
	1.2725293571897318
	1.2725263868792973
	1.2725265379345836
	1.2725203149290134
	1.2725215619372257
	1.2725181682447162
	1.2725154497135494
	1.2725142430753233
	1.2725094209589627
	1.272506039026139
	1.272508537094794
	1.272503000117815
	1.2724997047994264
	1.2724965794699614
	1.272493307971694
	1.2724892837755408
	1.2724920207858947
	1.272492444144468
	1.2724955253078187
	1.2724882858080822
	1.2724850503562346
	1.2724833447074027
	1.2724828419334118
	1.2724846729566166
	1.272482234476706
	1.272478890052905
	1.2724808609303204
	1.272474514040351
	1.2724732857044196
	1.2724716819911817
	1.2724717616759984
	1.2724685261660849
	1.2724668874579106
	1.2724680455664308
	1.2724685282870996
	1.272470192648976
	1.272472328849896
	1.2724709540405221
	1.2724686026323841
	1.2724656282794884
	1.272464215945993
	1.2724640953416484
	1.2724625077587635
	1.2724624443209736
	1.2724675284445035
	1.2724660739025193
	1.2724715883721445
	1.2724707203766967
	1.2724698334598186
	1.2724708722017295
	1.2724681551433845
	1.2724675677812278
	1.2724662349504103
	1.2724587141555577
	1.2724566242642898
	1.2724607691370038
	1.2724611886655535
	1.2724599684770959
	1.272458749731227
	1.2724585707142788
	1.2724564257982192
	1.2724554011479334
	1.2724600059363564
	1.272460400480522
	1.27246346124604
	1.2724579388164874
	1.2724543662013477
	1.2724531844934683
	1.2724532252881848
	1.2724529454279092
	1.272452261997511
	1.2724512246437691
	1.2724488070468014
	1.2724502566363274
	1.272448127263961
	1.272443289315932
	1.2724394365699196
	1.2724362554838529
	1.2724346284985895
	1.2724310498700298
	1.2724300417077765
	1.2724311806485606
	1.2724285853655122
	1.2724186989560926
	1.27241882529358
	1.2724169837744488
	1.2724169531508112
	1.27241658562436
	1.2724151279578646
	1.272415773587524
	1.2724096577488904
	1.272410262920781
	1.272407954890363
	1.2724080501114832
	1.2724150208355178
	1.272415410031161
	1.2724112828516947
	1.2724110572998326
	1.2724086495817095
	1.2724072515201519
	1.2724082613716614
	1.2724090304343685
	1.272413960201877
	1.272411340414281
	1.2724156796389319
	1.2724160880060347
	1.2724162796283158
	1.272416033006929
	1.2724173401148424
	1.2724184258410498
	1.2724144187736144
	1.2724131538348633
	1.2724144248715408
	1.2724075285573075
	1.2724097709450257
	1.2724113592001642
	1.2724101379115351
	1.2724079709368117
	1.2724084257921882
	1.2724060399037496
	1.2724125977770036
	1.2724125413726672
	1.2724132544410964
	1.2724160737924133
	1.2724207167458874
	1.2724251234304855
	1.2724194007419307
	1.2724198960925253
	1.2724240698368692
	1.272421125752366
	1.2724218125579445
	1.2724223368913126
	1.2724168510580207
	1.2724168329800007
	1.2724090585469485
	1.2724006785092328
	1.2723987494651272
	1.2724034568105336
	1.2723991352369712
	1.272397684436402
	1.272403009690498
	1.2723936749793743
	1.2723881510736363
	1.2723852361669346
	1.272381153378765
	1.272381681722602
	1.2723801186422636
	1.272384663840347
	1.2723885327723914
	1.2723819981245381
	1.272385041829341
	1.2723842729911798
	1.2723849875395936
	1.2723833252874095
	1.2723866226029528
	1.2723885601063372
	1.2723870361938925
	1.2723867699091773
	1.2723894358293637
	1.2723889259812384
	1.272393449039253
	1.2723908158099553
	1.2723920021302246
	1.2723975883601837
	1.2724000929426336
	1.2723996740068186
	1.2723936106207332
	1.2723950107672939
	1.2723932312152668
	1.2723897566489863
	1.2723881067934357
	1.2723878330526075
	1.2723881380397346
	1.2723842039505198
	1.2723806124567343
	1.2723797952110378
	1.2723797103200254
	1.2723741204757495
	1.2723780300987817
	1.2723783669439477
	1.2723804223204227
	1.2723801521587434
	1.2723843013442189
	1.2723866839685651
	1.2723902418562634
	1.2723901985486157
	1.2723887358130102
	1.2723885458546167
	1.272386942181242
	1.272385061052996
	1.272381186858056
	1.272377143146764
	1.272374135676103
	1.2723684804917819
	1.2723717225667492
	1.2723748645763806
	1.2723767258378957
	1.2723771325448396
	1.2723752307004146
	1.2723748291594514
	1.2723788068597643
	1.2723809549562626
	1.2723819098148692
	1.2723854129634575
	1.2723869635485625
	1.2723851450019101
	1.2723843135838846
	1.2723876379491066
	1.2723852659923214
	1.2723878571892768
	1.2723891020757463
	1.2723858229490128
	1.2723865183328453
	1.2723847288687586
	1.272387722880062
	1.2723875223496792
	1.272388570685023
	1.2723836335820295
	1.272386885645136
	1.2723866586879886
	1.2723861352857524
	1.2723840184864512
	1.272390976247746
	1.2723918960544087
	1.272394374264424
	1.2723916921690277
	1.272389416218296
	1.2723907223261193
	1.2723871763957617
	1.2723901252584264
	1.2723899124767817
	1.2723762334989377
	1.2723756679633726
	1.2723779214694841
	1.2723765745060962
	1.2723777454045264
	1.272381739726608
	1.2723824815466422
	1.2723872924344062
	1.2723866523751346
	1.2723874194717728
	1.2723850139904191
	1.272382685539276
	1.2723785748921272
	1.2723766738026814
	1.2723783895097702
	1.2723793597871829
	1.2723725154238226
	1.272371209269674
	1.272372515905061
	1.2723715580662114
	1.2723761781197713
	1.2723785853739704
	1.2723791649373744
	1.2723805121559435
	1.2723807217867245
	1.2723870396267856
	1.2723837534052846
	1.272379823917618
	1.272380537786877
	1.2723789640756138
	1.2723749839761007
	1.2723665662183112
	1.27236804378114
	1.2723690119369027
	1.2723628172966714
	1.2723605828223925
	1.272359219593673
	1.2723645016945058
	1.2723718565381532
	1.272371908527926
	1.272368751312106
	1.2723705417253546
	1.2723750784707948
	1.2723699901375163
	1.2723693793067687
	1.2723698034188948
	1.2723713300632353
	1.2723737296355793
	1.2723779059722757
	1.2723782779506463
	1.2723790257953624
	1.272378103968053
	1.2723756855779127
	1.272378547592081
	1.2723757791645642
	1.2723782023427215
	1.27237914793141
	1.2723775593333153
	1.2723788119404942
	1.2723776100677797
	1.2723739021114435
	1.2723751277674271
	1.2723797377596857
	1.2723760019675923
	1.2723716080340686
	1.2723767301330993
	1.2723814459983815
	1.2723833451489963
	1.2723854412645625
	1.272387226452617
	1.2723903122086402
	1.272398430772653
	1.2723970842044623
	1.2723898828119284
	1.2723927960287271
	1.272393036207862
	1.2723936217680205
	1.2723948410338395
	1.272394873605011
	1.2723971548980593
	1.272398037833526
	1.2723951348038858
	1.2723925352947612
	1.272388942183445
	1.272392875548984
	1.2723923754133197
	1.2723927855876782
	1.2723932951392536
	1.2723952415652542
	1.2723919491834899
	1.272393084747911
	1.2723988485356257
	1.2723995879201662
	1.2724035440889419
	1.2724033281859457
	1.272404298516317
	1.272404975396376
	1.272408277756124
	1.2724154157484011
	1.2724148379466167
	1.2724181250015152
	1.272416593968862
	1.272420358818654
	1.2724216688359895
	1.2724156213398425
	1.2724174258583842
	1.272415974875231
	1.272413020251481
	1.272410598344894
	1.2724075969619058
	1.2724102159114348
	1.2724070969459575
	1.272404600476106
	1.2724061381956082
	1.2724020751560774
	1.27240095833943
	1.2724018139812505
	1.2724049710714513
	1.2724009216867207
	1.2724026578501302
	1.2723968264840142
	1.2723954550565217
	1.272398702858118
	1.272397199159625
	1.2723998198478468
	1.272398635522517
	1.2724030921080287
	1.2724042777017133
	1.2724055489152661
	1.2724011257189864
	1.272405537734355
	1.2724003292725812
	1.2724006286479754
	1.2723968226230398
	1.2724010720885215
	1.2724004482721847
	1.2724028604321427
	1.2724019738143788
	1.2724037941383481
	1.2724014566292428
	1.2724004937101892
	1.2724016261107092
	1.2724004952758576
	1.2724000320022273
	1.2723974312441027
	1.2723990124000493
	1.272396875327826
	1.272399231851331
	1.2724035768157285
	1.2724037221170514
	1.2724018874887078
	1.2723936881739286
	1.272398248912629
	1.272395321196842
	1.2723921039678443
	1.272392800904719
	1.2723879474833109
	1.2723853192498131
	1.2723844322525728
	1.2723841970727656
	1.2723849781006311
	1.2723843558269758
	1.272385573597604
	1.2723885440436098
	1.2723899551842057
	1.2723888207644873
	1.2723914753102687
	1.2723910417916071
	1.27238738717233
	1.272381361908222
	1.2723805939262192
	1.2723782810645874
	1.272376708880147
	1.2723754084021834
	1.2723728427529186
	1.2723760922811855
	1.2723751532258303
	1.2723748239944572
	1.272378696779701
	1.2723855745247614
	1.2723854345153667
	1.2723857332218
	1.2723857404616128
	1.27238508431842
	1.27238503967986
	1.272384835745133
	1.272384729808723
	1.2723826398446438
	1.2723817800372876
	1.272380055930502
	1.2723762848809057
	1.2723719457678737
	1.272372297850593
	1.2723759269447321
	1.2723787289374942
	1.2723709541849841
	1.272377520997792
	1.2723774452916308
	1.2723770054165446
	1.2723769860388479
	1.2723753714171608
	1.2723743996194217
	1.272372595836535
	1.2723750620496754
	1.2723704602405927
	1.2723724198288133
	1.2723692342906197
	1.2723701740643807
	1.2723685806761103
	1.2723715643263755
	1.2723707940341429
	1.2723683519165154
	1.2723702476761893
	1.2723670105030098
	1.2723591792305662
	1.2723582696210174
	1.2723614803384153
	1.2723602234863436
	1.2723642963937822
	1.2723618246496202
	1.2723556843672097
	1.2723597275977845
	1.2723577487565567
	1.2723554619863746
	1.2723597954454688
	1.2723610340719698
	1.2723586365879416
	1.2723683556848033
	1.2723742830512523
	1.2723741398863646
	1.272373939707911
	1.2723729277808997
	1.2723690856101355
	1.272372002947345
	1.2723749750212567
	1.2723727809488476
	1.27237227840363
	1.2723724018866365
	1.2723755940335755
	1.2723757480651676
	1.272376577549828
	1.2723760871305372
	1.2723796301468966
	1.2723844198014818
	1.272385935140721
	1.2723850817414495
	1.2723806739329473
	1.2723835512570725
	1.2723803745433586
	1.2723782826844319
	1.27238028884063
	1.2723824529536698
	1.272387755432593
	1.2723878279096414
	1.2723962249307168
	1.2723939920241314
	1.272397236298287
	1.2723993273786491
	1.272397390780685
	1.2723989622833745
	1.2723953295677568
	1.272398404451599
	1.2724037136493118
	1.272402937905975
	1.2724051287827218
	1.2724051272524273
	1.2723995471790641
	1.2724014972072315
	1.2724019645217235
	1.2724043132892748
	1.272403390519858
	1.2724028948660018
	1.272401977972372
	1.2724028782812948
	1.2724063765571716
	1.2724064489962463
	1.2724095656217387
	1.272408139162485
	1.2724058593720342
	1.2724018115631246
	1.2724034230562629
	1.2724065892064758
	1.2724048855465828
	1.2724046314318769
	1.2724100096999755
	1.2724079529691856
	1.2724105676734954
	1.2724042391504642
	1.2724041344192372
	1.272404239606681
	1.2724063446039175
	1.272407507828265
	1.2724052051169237
	1.2724102120473373
	1.2724053202831294
	1.2724067175668918
	1.272408621734608
	1.2724134667673526
	1.272408826664528
	1.272406618785604
	1.2724107303509744
	1.27240723314125
	1.272407066618933
	1.2724040134254053
	1.2724019982844237
	1.2723994300601882
	1.2723860402192158
	1.2723842130771013
	1.272382206752724
	1.2723773433126495
	1.2723765989361764
	1.2723826959039761
	1.2723826441934547
	1.2723804399436618
	1.2723857681691613
	1.2723843857103065
	1.27238104045014
	1.2723815391429751
	1.2723809486991449
	1.272379446715958
	1.2723763644086987
	1.2723740429379446
	1.27237814998217
	1.2723789152490832
	1.2723807145647072
	1.2723815649011703
	1.272379034764191
	1.2723778010383666
	1.2723827100123526
	1.272385711032171
	1.2723841339753603
	1.2723835618258454
	1.2723866261291055
	1.2723835579463811
	1.2723808536891896
	1.272380877661315
	1.272383078567022
	1.2723849283976467
	1.2723862664701564
	1.2723844063614218
	1.2723836890821303
	1.2723878590222568
	1.2723931620421387
	1.2723942637463437
	1.272394153530308
	1.2723963435224477
	1.2724016811214596
	1.2724016329952688
	1.2724000996084868
	1.2723968215984385
	1.2724003093219998
	1.2723960278405344
	1.2723969312016892
	1.2723951272093708
	1.272392390906165
	1.2723907946054795
	1.272391313802716
	1.2723875965288811
	1.2723853954520064
	1.2723845951789627
	1.272386966814358
	1.2723885012168954
	1.2723870708325993
	1.272389561991827
	1.2723885958085344
	1.272386992520734
	1.2723884052861272
	1.27238685261739
	1.2723942551663723
	1.2723938500431557
	1.2723923110394562
	1.2723905441832242
	1.272390985024694
	1.2723918335343054
	1.2723875007108612
	1.2723906265709384
	1.2723971374770493
	1.2723937589978573
	1.2723956312977536
	1.2723947121897998
	1.2723971251080053
	1.2724072539886984
	1.27240526487998
	1.2724069045573412
	1.2724084259455553
	1.2724107632499788
	1.2724073135577119
	1.2724088847901627
	1.2724076707524854
	1.272411523730844
	1.2724148187839996
	1.2724196820285207
	1.2724193503336114
	1.2724207947448618
	1.2724264515572934
	1.2724253287279912
	1.272428839352865
	1.2724245359063098
	1.272427201220688
	1.272429589696323
	1.272427956500548
	1.2724336026256449
	1.2724332043575028
	1.2724334610690227
	1.2724322994591142
	1.272430211649493
	1.2724308459507978
	1.2724399416345948
	1.2724403098522068
	1.2724416202071902
	1.2724393685476654
	1.2724446978048192
	1.2724416341955291
	1.2724419358622545
	1.272445085227946
	1.272448304610208
	1.2724443950263677
	1.2724444555887835
	1.272447147862317
	1.2724439945070212
	1.2724507804810652
	1.2724537674710832
	1.2724533065038597
	1.2724536908872894
	1.2724508583718976
	1.2724497421362617
	1.272448693599095
	1.2724471911287683
	1.2724434697838194
	1.272444367163324
	1.272438915024022
	1.2724383392568983
	1.2724332040828688
	1.2724360114012296
	1.2724356786887743
	1.2724343404303315
	1.2724335069062958
	1.272429679378995
	1.2724292470633558
	1.2724278544582077
	1.2724308665051751
	1.2724319102395802
	1.2724292647813316
	1.2724302533682514
	1.2724276636562972
	1.2724272761906035
	1.2724253029807855
	1.2724285430837454
	1.27242706826735
	1.2724288026662813
	1.2724337844852938
	1.2724350959353585
	1.2724330342093904
	1.2724365667015225
	1.2724374502871678
	1.272438318654465
	1.2724381517394907
	1.27243777642977
	1.27243832991038
	1.2724375887118178
	1.2724375337115277
	1.272434107144654
	1.272433356620243
	1.272434420822811
	1.2724373028327869
	1.2724390438178625
	1.2724394031783823
	1.2724370051595466
	1.2724387039153715
	1.2724387048629513
	1.2724340762583164
	1.2724343586086504
	1.272433416344218
	1.272429924616348
	1.2724335284344057
	1.2724316706244068
	1.272431551661358
	1.2724301767556385
	1.2724252157681386
	1.2724223069305511
	1.2724257102031404
	1.2724284288520769
	1.2724281378127236
	1.2724315483316113
	1.27243078383641
	1.272426461827588
	1.2724245123527012
	1.2724242744587542
	1.2724274087110374
	1.2724268550913775
	1.272431998318674
	1.2724337600393896
	1.2724360791932323
	1.2724323031594797
	1.272429142850035
	1.2724317884114318
	1.2724317024468803
	1.2724295974924442
	1.272432361143877
	1.2724361962285575
	1.2724385064080794
	1.2724381494353785
	1.2724388564176743
	1.272442297712071
	1.2724453360978618
	1.2724428745844372
	1.2724420138068007
	1.2724378584605116
	1.272438833804771
	1.272436045992281
	1.2724348302635253
	1.272436357779818
	1.272432120385421
	1.2724371371856833
	1.2724368383186737
	1.2724384356507217
	1.272439765112993
	1.272434464007129
	1.2724311474251695
	1.2724274290814719
	1.2724265105880395
	1.2724294727922785
	1.2724280748894903
	1.2724242959649184
	1.2724252766839905
	1.27243049114466
	1.272430675983904
	1.2724311611823276
	1.272429418238692
	1.2724334102851382
	1.2724337212045098
	1.2724383555657153
	1.2724376466069358
	1.2724359183957714
	1.2724329172218078
	1.2724292272206958
	1.2724291433243369
	1.2724297911534235
	1.2724322317442764
	1.2724335630072046
	1.2724352390097962
	1.2724348925512565
	1.2724346919560454
	1.2724342402164106
	1.2724370063832424
	1.272439079063049
	1.272438474683848
	1.2724360077084262
	1.2724326493724512
	1.2724327390485974
	1.2724315692540296
	1.2724341280373366
	1.2724348699609225
	1.2724386078913197
	1.272440874280925
	1.272445221583377
	1.2724462736801736
	1.2724503556537776
	1.2724520787636888
	1.2724466975049737
	1.2724457235269855
	1.2724480242229033
	1.2724493684681055
	1.2724509528834107
	1.2724503415876738
	1.2724491227734942
	1.2724475911435404
	1.2724483439271141
	1.2724474030487178
	1.2724491764407708
	1.2724507968918335
	1.2724541532524
	1.2724519715992832
	1.2724503650115289
	1.2724490104314445
	1.2724433090160012
	1.2724399988079975
	1.2724393815581958
	1.2724430080710951
	1.272443074494207
	1.2724439896203075
	1.2724429143476683
	1.2724400055112002
	1.2724415003137546
	1.2724390432983343
	1.2724391695131778
	1.272437015060101
	1.2724334251696727
	1.2724325764272058
	1.272431614665114
	1.2724312477859587
	1.272427732010917
	1.2724235286518784
	1.2724216987897288
	1.272416989928646
	1.272418172594776
	1.272415494695357
	1.2724133542946194
	1.272411815035289
	1.2724094115608837
	1.2724104468428459
	1.272410377172011
	1.2724081759577193
	1.272405907212852
	1.2724116101168237
	1.272405898117849
	1.2724045485240054
	1.2724039681255008
	1.272403657376367
	1.2724046159712852
	1.2724015587387107
	1.272399082601618
	1.2723996845880776
	1.2723962098458175
	1.272397051968295
	1.272397725654285
	1.2724004723665985
	1.2724000185145703
	1.2724010949809126
	1.2723998862558927
	1.2723975635078297
	1.2723949164345179
	1.272390898813144
	1.27239175138345
	1.2723889960528196
	1.2723905142136098
	1.272388196053643
	1.2723880650945594
	1.2723878765037713
	1.2723917285733428
	1.2723954409844689
	1.2724017039513
	1.2724011273235047
	1.272400522796383
	1.272403348829688
	1.2724054605611699
	1.2724116057161703
	1.2724079480125954
	1.2724112888988586
	1.2724148485430733
	1.2724181764746185
	1.2724190675307656
	1.2724137602378873
	1.272414782390575
	1.2724135169583084
	1.2724117159306947
	1.2724112454356071
	1.2724113715662457
	1.2724110380039615
	1.2724111781917886
	1.272412443662624
	1.272416567207955
	1.2724133303879324
	1.2724174218571889
	1.2724196045665404
	1.2724174618739548
	1.272421686684486
	1.2724217018431923
	1.2724239090960159
	1.2724166956013063
	1.2724167212330035
	1.272416603649868
	1.272417447259032
	1.2724167289729529
	1.272417339778467
	1.2724208832096726
	1.2724193798503491
	1.2724217269268179
	1.2724209063698924
	1.272422289073743
	1.2724206058692602
	1.272414712634535
	1.2724140669668118
	1.2724093995778916
	1.2724081963182503
	1.2724024852519935
	1.2724058863974905
	1.2724042430697182
	1.2724014463206355
	1.272400744186351
	1.2723949269741204
	1.272394721832491
	1.2723929062040886
	1.2723934851807222
	1.2723907586826022
	1.2723907532885002
	1.272397755172086
	1.2723979341092457
	1.2723999656730227
	1.2724003961278398
	1.2724015557393729
	1.2724054969686969
	1.2724041754007718
	1.2724060750330857
	1.2724126749196953
	1.2724123213135945
	1.2724109337840916
	1.272408813201017
	1.2724074578496458
	1.2724086049059313
	1.2724098070886167
	1.2724077740101039
	1.2724107833396807
	1.2724092297342426
	1.2724130334849795
	1.2724160895573426
	1.2724187792106711
	1.2724191753557357
	1.2724195569977121
	1.2724250516756028
	1.27242834519569
	1.2724299088477775
	1.2724308664304513
	1.272431657766533
	1.272430716748261
	1.2724282826722852
	1.2724298996289602
	1.2724291472445228
	1.2724284763704894
	1.2724254962707189
	1.2724240187065714
	1.2724237331009842
	1.2724268187637255
	1.2724272841266016
	1.272424872451099
	1.2724234775758048
	1.2724208211703056
	1.272421939667361
	1.2724223677498636
	1.2724216811521583
	1.2724210901610524
	1.2724191390428068
	1.272422530755679
	1.272420006116092
	1.272420451735829
	1.2724196358197317
	1.2724220836643412
	1.2724204346524342
	1.272422201270775
	1.2724220692269244
	1.2724256957424658
	1.272428350455177
	1.2724253459936379
	1.2724254480095618
	1.2724243752759254
	1.272422410748959
	1.2724241753547005
	1.2724201949936629
	1.2724181546416535
	1.2724177453803507
	1.2724148266938173
	1.272414068696571
	1.272413019168959
	1.2724149298559557
	1.272413252858035
	1.2724133071752828
	1.2724150296184493
	1.2724067900259388
	1.2724047793160909
	1.2724023389350514
	1.2724013799591762
	1.2724021264123984
	1.27240879664377
	1.2724150191397192
	1.2724145508304583
	1.2724172771509863
	1.2724183689632262
	1.2724158193562678
	1.2724127242576142
	1.272410333646539
	1.272407289319301
	1.2724112119081672
	1.272414695203432
	1.2724156638712685
	1.272417889448213
	1.2724196823263814
	1.2724175112661094
	1.2724146561694527
	1.27241505466467
	1.2724130865173378
	1.2724173780776815
	1.2724110837508837
	1.272412898397972
	1.2724143767920921
	1.2724107143583012
	1.272408741431983
	1.2724103468242816
	1.2724115238682776
	1.272414522333049
	1.2724183668422244
	1.2724172562977072
	1.2724164498842048
	1.2724171182667852
	1.2724133832204128
	1.2724144329372271
	1.2724186885647972
	1.2724182148749448
	1.2724224590680213
	1.2724185633239204
	1.2724156754009412
	1.2724151088802393
	1.272411891506932
	1.272413872434494
	1.2724158509690686
	1.272420713849167
	1.272424501660737
	1.2724308431910705
	1.272429182349296
	1.2724274095834192
	1.2724328347700486
	1.2724310032022974
	1.2724289206153037
	1.2724230303174644
	1.2724265156739891
	1.2724272818847302
	1.272430090891884
	1.272428999695724
	1.2724302655148372
	1.272435115066873
	1.272435859904134
	1.272437869689354
	1.272437863146437
	1.2724376516079112
	1.2724336158394658
	1.272430658822937
	1.272427247647109
	1.2724274864028569
	1.272425112972424
	1.2724212427533161
	1.2724188132099814
	1.2724178771787538
	1.2724193763117153
	1.2724233361230979
	1.272419450065621
	1.272416599400041
	1.2724169263685132
	1.2724131150328077
	1.2724190464930314
	1.2724189219652664
	1.2724185712653606
	1.2724203154375608
	1.2724287955844817
	1.2724317712758169
	1.272432351609718
	1.2724315337487158
	1.2724312914966311
	1.2724300497209635
	1.2724274446561314
	1.2724315216946922
	1.2724291535778847
	1.2724220330717564
	1.2724223961904293
	1.2724227846227285
	1.272420055381302
	1.2724177340911849
	1.2724236369029762
	1.2724208498071672
	1.2724201014543233
	1.2724195338209174
	1.2724183916275875
	1.2724206371407876
	1.272418349991255
	1.2724207346520575
	1.2724254094184266
	1.2724254098202736
	1.2724232623544658
	1.2724250240748967
	1.2724223540646344
	1.2724202943381049
	1.272426681937464
	1.272429614262391
	1.2724329607068139
	1.272431361430113
	1.272433541924698
	1.272434014164018
	1.2724368458517334
	1.2724382474043416
	1.272439736930125
	1.2724397607880769
	1.272439401100113
	1.2724413056877664
	1.2724403641709057
	1.2724415944666732
	1.2724428705641433
	1.2724401360505155
	1.2724407707404115
	1.2724413793024492
	1.272440262337092
	1.2724395304720446
	1.2724386009214357
	1.2724385102576026
	1.2724383760649867
	1.272433797887336
	1.2724334214519137
	1.2724375848363751
	1.2724378525263362
	1.2724396515903942
	1.2724378122694393
	1.2724377842010859
	1.2724342362300987
	1.272432954301281
	1.2724325388182713
	1.2724325326846713
	1.2724311848177245
	1.2724257927641114
	1.2724260371081189
	1.2724229463615742
	1.2724218291935288
	1.2724270772015238
	1.27243191768433
	1.272431701638386
	1.2724309753485465
	1.2724295941021655
	1.2724319291555468
	1.2724346844455747
	1.2724392142779861
	1.2724333868321545
	1.272427083300106
	1.2724189350884871
	1.2724214342340048
	1.272420053028839
	1.2724234667127208
	1.2724230784394432
	1.2724211068714848
	1.2724215679443267
	1.272423333202871
	1.2724237158728693
	1.27242328183059
	1.2724302515595416
	1.2724291452461436
	1.2724307749106858
	1.2724324985388988
	1.2724313667704352
	1.2724328637557176
	1.272429719424262
	1.272430868429078
	1.2724324205087036
	1.2724301350136287
	1.2724323696042523
	1.2724264424400589
	1.272424377478115
	1.2724268757481165
	1.2724307393040761
	1.2724326241689028
	1.2724344344430094
	1.2724338823244978
	1.272432340740397
	1.2724314591955634
	1.2724313778050305
	1.2724291165967894
	1.272428557809441
	1.2724272413689324
	1.272429674183191
	1.2724350837815261
	1.2724344618930892
	1.2724311472923475
	1.272434361628823
	1.2724336216136385
	1.2724375167000286
	1.272441707075229
	1.2724423956720636
	1.272442084135029
	1.27244214168287
	1.272437244531443
	1.2724330857033133
	1.272432454752761
	1.2724353437089218
	1.2724340213323424
	1.2724350168211727
	1.272432236620685
	1.272431337390357
	1.2724294687733153
	1.2724276974765676
	1.2724297669989026
	1.2724293961916573
	1.2724331968524862
	1.272433072455308
	1.2724372785984768
	1.2724409465212478
	1.272440767256393
	1.2724404194684276
	1.2724402243021355
	1.2724415140427976
	1.2724396892342669
	1.2724396221046965
	1.2724417120874274
	1.2724395331771412
	1.2724405026486225
	1.2724383025430652
	1.2724421607248777
	1.2724452100558277
	1.2724472217822862
	1.2724467412612948
	1.2724463622485775
	1.2724421301945683
	1.2724408039352997
	1.2724420062968478
	1.2724343706866372
	1.2724360339975522
	1.2724400873511452
	1.272439852919256
	1.2724382004690382
	1.272436383191694
	1.272433194303614
	1.2724364129595584
	1.2724359803143452
	1.2724357250713108
	1.2724355795503732
	1.2724350067464185
	1.2724399874383372
	1.272439382447449
	1.2724333434670683
	1.2724292649395217
	1.2724290355376806
	1.272431747643323
	1.2724280225800515
	1.2724330215144346
	1.2724344397338503
	1.2724305585342757
	1.2724283529408937
	1.272432889942165
	1.2724322513886481
	1.272432474637998
	1.272430942487072
	1.2724318171983267
	1.2724321194323203
	1.2724368980095067
	1.2724419927464667
	1.2724432533184513
	1.2724494217372384
	1.2724528173016467
	1.2724523489940278
	1.2724584731049806
	1.2724590088315249
	1.2724607288245682
	1.2724599497257585
	1.2724624457322542
	1.272464872026276
	1.2724640136171248
	1.2724671725948944
	1.272467763212653
	1.2724653159207242
	1.2724598350490788
	1.2724615478340302
	1.2724585339554422
	1.2724525078227802
	1.2724520201591283
	1.272454222905602
	1.2724529558013806
	1.2724579430416103
	1.2724533635175832
	1.272453822695058
	1.2724513547163743
	1.2724462672276056
	1.2724474918022681
	1.2724475682521954
	1.2724449433016756
	1.2724425843155875
	1.2724462305369464
	1.2724434000651343
	1.272440021880234
	1.2724406553262388
	1.2724479062438179
	1.272449362389516
	1.272451356420244
	1.2724559979666275
	1.2724545168584342
	1.272451871086183
	1.2724515993293575
	1.2724530822034121
	1.27245263638014
	1.27245522203844
	1.2724531948019517
	1.272455816696819
	1.2724539962758434
	1.272457225042608
	1.2724598683740707
	1.2724648559074843
	1.2724642095472822
	1.2724624130227438
	1.2724650206785642
	1.2724662242968203
	1.2724686692746747
	1.2724701638709577
	1.272468936694202
	1.2724700594127998
	1.2724716355011667
	1.2724653626526576
	1.2724673806223041
	1.2724690873595457
	1.272470807062906
	1.2724718352557451
	1.2724716669443568
	1.2724794062343103
	1.2724773964428333
	1.2724751785709334
	1.272480483656157
	1.2724752638449526
	1.2724751325113042
	1.2724794009279354
	1.2724764901721077
	1.2724761885856577
	1.2724789150390845
	1.2724787926717838
	1.272475649044538
	1.2724731128504094
	1.2724739830104765
	1.2724754478109124
	1.2724762999812544
	1.2724771267123824
	1.272479271102389
	1.2724814031599117
	1.2724833646053193
	1.2724848915529343
	1.272484631546453
	1.2724844133494089
	1.272481218879858
	1.2724814124776123
	1.2724778339184046
	1.2724808118689204
	1.272478093500652
	1.2724761384905654
	1.2724797314062108
	1.2724796822309965
	1.272477129502569
	1.2724786097248286
	1.2724728896876374
	1.2724733494698808
	1.2724740003087693
	1.2724786192154132
	1.2724773424352216
	1.27247300157097
	1.272476617931697
	1.27247543937932
	1.2724780845122505
	1.2724783522205358
	1.2724779310717722
	1.2724760908872617
	1.2724724084865102
	1.272470782269809
	1.2724743166758092
	1.2724725004212887
	1.2724694644354473
	1.2724682772968263
	1.2724730964768813
	1.2724721597003994
	1.2724764421482113
	1.272472355653404
	1.2724690143082373
	1.272471535245628
	1.2724755029158212
	1.2724818071437751
	1.2724824098198422
	1.2724778181010192
	1.2724758901556876
	1.2724765153596156
	1.272471873980063
	1.272467419892903
	1.2724682838211698
	1.2724660941446329
	1.2724647501687691
	1.2724657935353139
	1.2724650789263228
	1.2724634981569456
	1.2724671695776213
	1.2724676350510586
	1.2724661756695475
	1.2724698791626492
	1.272469425796889
	1.272471503691286
	1.2724725930912608
	1.2724678502418745
	1.2724726396945862
	1.2724709949152169
	1.2724700394191755
	1.272469035667626
	1.2724742388755945
	1.2724719230008485
	1.2724705898515023
	1.2724715853588522
	1.2724717167847581
	1.272466305580818
	1.2724666172134167
	1.2724684749259332
	1.2724674187978833
	1.272470988158282
	1.272469314260149
	1.2724695933340657
	1.2724693273293812
	1.2724640410285204
	1.2724656845840032
	1.2724687123905456
	1.2724686705145385
	1.2724751577167088
	1.272473534299448
	1.272479650568814
	1.2724796002356
	1.2724781769044466
	1.2724805200084608
	1.2724788834150933
	1.2724802498192658
	1.2724771734241767
	1.2724762853851097
	1.272476050481537
	1.272473455089079
	1.2724695136892898
	1.2724710231348377
	1.272469342965864
	1.2724719501050261
	1.2724743359876256
	1.2724721491352882
	1.2724676188506485
	1.2724700543362528
	1.2724650898058942
	1.2724598042928106
	1.2724596109156554
	1.2724558280616394
	1.2724531763280926
	1.2724533157371913
	1.272453068953753
	1.2724498133882043
	1.2724521439963714
	1.2724536933414263
	1.2724537911003753
	1.2724563491450933
	1.2724555850047226
	1.2724567811895673
	1.272457707631461
	1.2724569371566916
	1.2724540181991528
	1.2724520708510023
	1.2724525579558827
	1.2724539269792396
	1.2724524636525558
	1.2724553867650876
	1.2724610178407625
	1.2724586721374216
	1.2724537039630466
	1.2724543092529879
	1.2724551500892225
	1.272455158002594
	1.2724586754153253
	1.2724594667113727
	1.2724576371373864
	1.2724594589144067
	1.2724559160765332
	1.272454132740083
	1.2724491428332427
	1.2724427396038451
	1.2724443234659213
	1.2724440070508025
	1.2724448019173913
	1.272446053773138
	1.2724438999465253
	1.272449615455731
	1.2724517550025316
	1.2724505776205455
	1.272449178819372
	1.272445610412807
	1.2724483010366252
	1.2724484445408368
	1.2724477922563848
	1.2724466115391808
	1.272444706838858
	1.2724431092461916
	1.2724463346035186
	1.2724450232707263
	1.2724447077901397
	1.2724430289917308
	1.2724439969707366
	1.2724455133970471
	1.2724482369237478
	1.2724495812582146
	1.2724485320517762
	1.272450527869706
	1.272454953482311
	1.2724527559250725
	1.2724521234591428
	1.2724541124608935
	1.2724587443942263
	1.2724634318390955
	1.2724611455541466
	1.2724586894936538
	1.2724603438935718
	1.2724618687347198
	1.2724661238217796
	1.2724667253806783
	1.272467587955988
	1.272464551544705
	1.272465096554622
	1.2724640632731816
	1.2724642467980556
	1.2724649162544772
	1.2724662380604113
	1.2724622271299395
	1.2724711678747054
	1.2724717922511093
	1.2724754860252379
	1.272468412683555
	1.2724669102418584
	1.2724622640943208
	1.2724658068882482
	1.2724635974928733
	1.2724600435538083
	1.272456195090168
	1.272451581038856
	1.2724520623938127
	1.2724513299532674
	1.2724490751017057
	1.272450140190016
	1.2724522283749549
	1.2724503310030801
	1.2724515886836847
	1.2724481015863014
	1.2724452372057031
	1.2724471213578816
	1.272447304595037
	1.2724458572575201
	1.2724446842242
	1.2724426588487785
	1.2724470886952601
	1.272447271698843
	1.2724482391927285
	1.2724455817580969
	1.272447011797762
	1.2724474855277885
	1.2724504429087207
	1.272449263106348
	1.272449467979558
	1.2724501733628226
	1.2724503321488105
	1.2724519649190817
	1.2724453334091448
	1.2724455780713946
	1.2724437885602626
	1.2724481646002137
	1.2724493032918884
	1.2724505016074608
	1.2724527653689843
	1.272464568320708
	1.2724685802933848
	1.272471815018568
	1.2724691053716939
	1.2724711061527825
	1.2724697890952577
	1.272470240024918
	1.2724719694344033
	1.2724722929775152
	1.2724718398066772
	1.272472766515589
	1.2724713624331916
	1.272474277628248
	1.2724713968804051
	1.2724756756990658
	1.2724777694862572
	1.272475986758361
	1.2724746885895422
	1.2724712224170671
	1.2724675334063784
	1.2724618007028043
	1.2724624053005984
	1.2724634407049094
	1.2724644434873038
	1.2724669892678957
	1.272465553801498
	1.2724678863974659
	1.2724653155664152
	1.272466736077648
	1.2724668453306893
	1.272467458783132
	1.2724675103411895
	1.2724661599114653
	1.272462382921062
	1.2724612021907666
	1.272466097732467
	1.2724675236124898
	1.272469855873699
	1.2724749900464185
	1.272478853585133
	1.2724834271705303
	1.2724819970248906
	1.2724820540203157
	1.2724762878742015
	1.2724745094116041
	1.2724767288257945
	1.2724755217778985
	1.272474260196061
	1.2724750626300279
	1.2724763128124121
	1.2724801362642906
	1.2724778280661875
	1.2724792664029683
	1.272482783698078
	1.2724842007882604
	1.2724821064482403
	1.272483004912617
	1.2724835507661323
	1.2724818551722048
	1.2724858608942522
	1.2724841462193
	1.2724859774752655
	1.2724889855826733
	1.272487582787559
	1.2724850824671592
	1.272484881269849
	1.2724860838260994
	1.272485755154252
	1.2724835382753354
	1.2724802756041866
	1.2724833147458159
	1.2724811079310392
	1.2724836904123742
	1.2724831579914382
	1.272477733057143
	1.2724736627596371
	1.272477004282343
	1.272477788563404
	1.272476222035173
	1.272476548230765
	1.272477560981071
	1.2724747716861238
	1.272467903453446
	1.2724673170960106
	1.2724718032155882
	1.2724736188958699
]