[
	0.7441443811633315
	0.7441443811633321
	0.744144381163507
	0.744144381162545
	0.7441443810778421
	0.7441443822496749
	0.7441451216708389
	0.7441551817248793
	0.7442233496543734
	0.7443566917206035
	0.7444822407071097
	0.7446029733854042
	0.744716865131453
	0.744848608306767
	0.7449751544985757
	0.7450849319709044
	0.7451714020683069
	0.7452626168099519
	0.7453471557733543
	0.7454628999175152
	0.7455396605605963
	0.745624042761249
	0.7457147653078097
	0.7457933203751751
	0.745851061260448
	0.745935018307381
	0.7460524690748758
	0.7461301982029965
	0.7462268592538733
	0.7463024667528897
	0.7463404876186237
	0.7464147503315663
	0.7464906398747582
	0.7465501367944933
	0.746632139883456
	0.7466797926080843
	0.746718293540935
	0.7467381623173015
	0.7467708314015598
	0.7468046423975216
	0.7468262720404771
	0.7468762701435091
	0.746930236788417
	0.7469510077386508
	0.747011300441084
	0.7470521903755185
	0.7470807876219451
	0.7471194282652222
	0.7471347072534241
	0.747155786701983
	0.7471806882666794
	0.7472063716792686
	0.7472289767646034
	0.7472631889576125
	0.7472728357093232
	0.7472868415337667
	0.7473023972709821
	0.7473213780161837
	0.7473213247280245
	0.7473283572733459
	0.7473384826794337
	0.7473363466556492
	0.7473263498347249
	0.7473219334576047
	0.747314804059676
	0.747314681380036
	0.7473357946933734
	0.7473462418953146
	0.7473538771658893
	0.747346370606107
	0.7473436291859439
	0.7473424999252153
	0.7473495461172894
	0.7473403366739545
	0.7473299135989137
	0.7473242510516845
	0.7473318086366251
	0.7473543302774993
	0.7473272765467335
	0.7473195999634361
	0.7473177019740794
	0.747295219231759
	0.7472739890078953
	0.7472595805024176
	0.7472607978164058
	0.7472612915405481
	0.7472510906367449
	0.7472565987101341
	0.7472328411077932
	0.7472315426864405
	0.7472026476956676
	0.7472096491841412
	0.7472065843797435
	0.7471934354648422
	0.7471893609922192
	0.7471738193839547
	0.7471504510116999
	0.7471288599088761
	0.7471259680300333
	0.7471098300225506
	0.7470996461559147
	0.7470940975620952
	0.7470693614678462
	0.7470525143207367
	0.7470417906305613
	0.7470276269034892
	0.7470163988515633
	0.7469960076426734
	0.7469633946121292
	0.7469548346131966
	0.7469503397600873
	0.7469318573564833
	0.7469091110902125
	0.7468989612707143
	0.7468807626888974
	0.7468673906474553
	0.7468417996539273
	0.7468262699951855
	0.746795457409284
	0.7467813747822337
	0.7467672752028955
	0.746750985503322
	0.7467298026960034
	0.7467186387352795
	0.7467065954743647
	0.7466927599232157
	0.7466848404176815
	0.7466802487740559
	0.7466704929021426
	0.7466593009514877
	0.7466470970869739
	0.746621312832596
	0.7466088441672067
	0.7465895397618574
	0.7465737013722755
	0.7465592291932389
	0.7465331646250211
	0.7465129641564863
	0.7464912882565624
	0.746478249885563
	0.7464759747639108
	0.746453026617665
	0.7464334638955737
	0.746417694060147
	0.7463969228111366
	0.7463752664805843
	0.7463634486958189
	0.7463471590829723
	0.7463238042395512
	0.7463004717714296
	0.7462795452401927
	0.7462613415677114
	0.7462453337133538
	0.7462341587394579
	0.7462219079550191
	0.7462047257259133
	0.7461934056499473
	0.7461761875751022
	0.7461669164957736
	0.7461546554211965
	0.7461361642262604
	0.7461218962017039
	0.746105327693434
	0.746085021257295
	0.7460736893012762
	0.7460621855888524
	0.7460458210903473
	0.7460272768052696
	0.7460167235915781
	0.7460048188328398
	0.7459992041524718
	0.745985350082441
	0.7459794445903016
	0.7459793248011763
	0.7459716268370199
	0.7459624619213776
	0.7459544538111378
	0.745943001867708
	0.7459437807195697
	0.7459307421472895
	0.7459131458924602
	0.7459091903304553
	0.7459036526696052
	0.7458934529842328
	0.7458833417964192
	0.7458644919876696
	0.7458544536251973
	0.7458498941443426
	0.7458430345029895
	0.7458225213876966
	0.7458093146480594
	0.7457900760663271
	0.7457800551664778
	0.7457713655678725
	0.7457642158147917
	0.7457470173776874
	0.7457369964666077
	0.7457275253835648
	0.7457180240748046
	0.7457013556921375
	0.7456957272899888
	0.745683042336518
	0.7456772230983201
	0.7456689162713307
	0.7456549365807116
	0.7456418421735767
	0.7456374430924179
	0.7456290186318967
	0.7456219068080499
	0.7456101824249294
	0.7455993538301158
	0.7455909354614666
	0.7455775628573975
	0.7455689783900562
	0.7455628741611646
	0.7455517229539578
	0.7455306571200593
	0.7455252152707113
	0.7455125227060334
	0.7455003256174048
	0.7454964261376009
	0.7454851627842639
	0.7454847428007536
	0.7454761069222725
	0.7454674956653896
	0.7454604699527014
	0.7454545105869556
	0.7454403345572548
	0.7454252469175764
	0.7454166681447978
	0.7454093615474395
	0.7453974926547212
	0.745389822361222
	0.7453857831369698
	0.7453800529815713
	0.7453694842874375
	0.745361663825754
	0.7453504372647358
	0.7453381918582843
	0.7453329737877895
	0.745325482896902
	0.7453178165240021
	0.7453109394486983
	0.7453038201839822
	0.7453053243878652
	0.7453056847287107
	0.7452949851120735
	0.7452868544330427
	0.7452831989637584
	0.7452843851789589
	0.7452779967221208
	0.7452717475451314
	0.7452659897557979
	0.7452607225335258
	0.7452525630386783
	0.745243926963006
	0.7452368183330055
	0.7452288918671398
	0.7452298142908118
	0.7452191591650749
	0.7452111072673151
	0.7452001414870582
	0.7451934409447474
	0.7451927376227166
	0.7451887789658618
	0.745180951487574
	0.7451808912428057
	0.7451762259623742
	0.7451776128734522
	0.7451753198918099
	0.7451728253410571
	0.7451710950871114
	0.7451601786427654
	0.7451525859075208
	0.745152829201826
	0.7451449733124912
	0.7451402831217588
	0.7451320315739733
	0.7451288692650525
	0.7451206933258346
	0.7451095759357544
	0.7450983711850795
	0.745091567424378
	0.7450929592317141
	0.7450886129652236
	0.7450861420356037
	0.7450787174878689
	0.7450750972273317
	0.7450791480734015
	0.7450678811803496
	0.7450593127583298
	0.745062045989291
	0.7450582319573457
	0.7450551041951166
	0.7450544205344252
	0.7450616946164589
	0.7450580362286056
	0.7450634226961674
	0.7450559265778457
	0.7450537211050596
	0.7450563875777414
	0.7450536158656489
	0.7450508495058509
	0.7450484690223844
	0.7450469747556542
	0.7450452817815374
	0.7450407794229958
	0.7450381110753362
	0.7450349306669198
	0.7450292956782214
	0.7450246516245771
	0.7450257726362951
	0.7450247465783681
	0.7450183884426484
	0.7450121198695719
	0.7450116700881432
	0.7450104343966996
	0.745006200487705
	0.7450023968536819
	0.7449987565099062
	0.7449907537569304
	0.7449929079267377
	0.744991804499365
	0.744989423737345
	0.7449859145520438
	0.7449803465048586
	0.7449769506990127
	0.7449818791806578
	0.7449775132647121
	0.7449781364881894
	0.7449747190616937
	0.744979001233068
	0.7449818862099025
	0.7449782548795402
	0.7449807636729785
	0.7449799615819782
	0.7449818697419794
	0.7449824991455681
	0.7449760004475673
	0.7449882352200631
	0.7449864871534576
	0.7449829331788741
	0.744983585268728
	0.7449817921370646
	0.7449782287009556
	0.7449713211198337
	0.7449672392005932
	0.7449777170892534
	0.7449730020131053
	0.7449724450599995
	0.7449725679874912
	0.7449747173823682
	0.7449763124191382
	0.7449753727891815
	0.7449756203119025
	0.7449731002912474
	0.7449776414240192
	0.7449798034984613
	0.744978594817473
	0.7449734492852562
	0.7449681916401713
	0.7449696192710453
	0.7449728055334929
	0.7449707100092772
	0.7449732276208357
	0.7449755572321152
	0.7449796371517531
	0.7449792616363959
	0.7449780036651441
	0.7449719317708314
	0.7449716158384214
	0.7449752399928657
	0.7449792975146782
	0.7449878634986759
	0.7449894648556044
	0.7449934914752927
	0.7449990374445702
	0.7449923548112426
	0.7449935176383434
	0.7449964541046846
	0.7449993094646731
	0.7449965806868886
	0.7449945779924885
	0.7449967454260713
	0.7449987377410969
	0.7450079136959508
	0.7450046012075592
	0.7450103617184525
	0.7450056817697691
	0.7450134749168841
	0.7450204980973028
	0.7450131884599908
	0.7450187822893402
	0.745020929083313
	0.7450269878612742
	0.7450228305485979
	0.7450240844276688
	0.7450234999979708
	0.7450262781830794
	0.7450251853344253
	0.7450231612784639
	0.745028291038419
	0.7450285958095292
	0.7450274457224142
	0.7450267514476635
	0.7450269974874382
	0.7450233419740596
	0.7450225422491025
	0.7450229241554197
	0.7450246467132031
	0.7450263078511952
	0.7450271137335915
	0.7450337338963321
	0.7450365544372515
	0.7450396379772045
	0.7450420845413454
	0.7450449822460838
	0.7450446044817108
	0.745045207642992
	0.7450432521411045
	0.7450502735623927
	0.7450482339821191
	0.7450529529136827
	0.7450487055486071
	0.7450559094635627
	0.7450587345102209
	0.7450574555591736
	0.7450587200601575
	0.7450625421032007
	0.7450626049569278
	0.7450617434741406
	0.7450663677016142
	0.7450689923800438
	0.7450756055091153
	0.7450726987452047
	0.7450778075923206
	0.7450688452849977
	0.7450673428649914
	0.7450682106163785
	0.7450681904938105
	0.7450703518695608
	0.7450742208834986
	0.7450735091137458
	0.7450763229853457
	0.7450828279374421
	0.7450833271560272
	0.7450889778707216
	0.7450928895569944
	0.745090718356983
	0.7450961690205062
	0.7451052196779159
	0.7451039728037865
	0.745099680672178
	0.7450965054046174
	0.7451002767873918
	0.7451027487899358
	0.7451044783309515
	0.7451063696717042
	0.7450985253631293
	0.7450993067491795
	0.7451010584246837
	0.745103528368278
	0.7451052418349084
	0.745107049586566
	0.7451142506160707
	0.7451115927406817
	0.7451123105823245
	0.7451078821479944
	0.7451088795954206
	0.7451172596539577
	0.745119101901368
	0.7451250441696201
	0.7451254478577061
	0.7451281068416284
	0.7451345208991921
	0.7451297636920065
	0.7451358812420937
	0.7451409635651918
	0.7451404596900827
	0.7451382748478145
	0.7451407788562221
	0.7451377073104711
	0.745141385252417
	0.7451426409227645
	0.7451418543897359
	0.7451345441235789
	0.7451333401208032
	0.7451326900502129
	0.7451352979775614
	0.745142065017563
	0.7451398259267227
	0.7451417926569698
	0.7451443821420659
	0.745146627687774
	0.7451475053738835
	0.7451514679829258
	0.7451556071236584
	0.7451547321696448
	0.7451539290976873
	0.7451516807875144
	0.7451540010007008
	0.7451512131778301
	0.7451520077826271
	0.7451618355424037
	0.745159892864471
	0.7451578086030297
	0.7451610744991688
	0.7451705275721431
	0.7451727489425901
	0.7451729732928509
	0.7451770763784122
	0.7451789787502621
	0.7451811276882716
	0.7451801636282933
	0.7451807899172511
	0.745182769481275
	0.7451850963115726
	0.7451857996944055
	0.7451894884052702
	0.7451949495851703
	0.7451895118458336
	0.7451887818504558
	0.745198317737732
	0.7451959799906858
	0.7451980809426552
	0.7452042112161886
	0.7451971029827155
	0.7451990345301588
	0.7451937806334683
	0.7452004439054667
	0.7452063132123444
	0.745209659206754
	0.7452046676162882
	0.7452005014882874
	0.745198842833839
	0.7452020848278814
	0.7452018729771486
	0.7452032143556512
	0.7452012098353404
	0.7452007131939458
	0.7451927750101102
	0.7451919260219652
	0.7451932766976862
	0.7451923173795966
	0.7451903983458187
	0.7451934590694624
	0.7451970966183186
	0.7452012811656242
	0.7452019339699729
	0.7452009093301666
	0.7452007074616537
	0.7452011987644402
	0.7452056374092781
	0.7452085994568627
	0.7452140365450626
	0.7452132287534733
	0.7452162886303184
	0.7452191495648177
	0.7452196544379417
	0.7452261063200828
	0.7452221668497131
	0.7452259035753579
	0.7452304292337333
	0.7452297824259903
	0.7452289975600178
	0.7452264008309984
	0.7452278879630859
	0.7452250002774711
	0.7452306867694056
	0.7452268223091711
	0.7452274760098366
	0.7452347231174367
	0.7452383361723521
	0.7452366898396677
	0.7452424827863322
	0.7452420193973815
	0.7452486238523014
	0.7452468093384145
	0.7452556892032945
	0.7452644185934667
	0.7452642186006669
	0.7452624427214416
	0.7452628964178517
	0.7452638785047564
	0.7452635384996776
	0.7452581256971653
	0.7452608245556719
	0.7452634103688756
	0.7452558257906162
	0.7452533676775359
	0.7452581166647527
	0.7452552227314926
	0.7452533708875918
	0.7452547569403677
	0.7452550749801753
	0.7452577802901823
	0.7452612249698864
	0.7452652245122457
	0.7452658464817771
	0.7452631531180067
	0.7452636766832793
	0.7452642461038677
	0.7452610094370222
	0.7452669308065235
	0.7452728948716144
	0.7452739550727843
	0.7452748716597588
	0.7452763139302656
	0.7452745409734435
	0.7452725345967983
	0.7452698710520441
	0.745274312347868
	0.7452772086841083
	0.7452778044757491
	0.7452781715625675
	0.7452791220982792
	0.7452754233227918
	0.745269670331819
	0.7452680117603944
	0.7452680951696161
	0.7452659386470092
	0.7452708416946108
	0.7452727491795683
	0.7452677462648541
	0.7452658842513198
	0.7452681880412582
	0.7452744964387568
	0.7452713441648716
	0.7452710830045413
	0.7452680864558262
	0.7452700515004856
	0.7452639021440568
	0.7452605944757829
	0.7452649811214108
	0.7452685261988364
	0.7452662415791238
	0.7452640691050046
	0.7452645381307068
	0.7452658538363363
	0.7452672483990535
	0.7452651161153369
	0.7452683604761288
	0.7452606374944389
	0.7452632702222804
	0.7452703500810591
	0.7452667643325638
	0.7452606065172036
	0.7452673459761898
	0.7452663294537015
	0.7452627071286497
	0.7452672089573005
	0.7452658434802646
	0.745266609037781
	0.7452708548096498
	0.7452695236025889
	0.7452687823627767
	0.7452629819290071
	0.7452643563231284
	0.7452689841860213
	0.7452731403967435
	0.7452726457684392
	0.7452740440523813
	0.745273010948826
	0.7452780374246779
	0.7452732223436959
	0.745277455552394
	0.7452784803347984
	0.7452739744505223
	0.7452730129545697
	0.7452691642624135
	0.7452716424435886
	0.7452724508115571
	0.7452724038405066
	0.74527314673992
	0.7452715685904532
	0.7452735993149284
	0.7452698643722866
	0.7452664992726243
	0.7452587210120947
	0.7452567080358593
	0.7452590360155926
	0.7452582718779323
	0.7452588319234771
	0.7452555592944677
	0.745264736460451
	0.7452589508222754
	0.7452595635317265
	0.7452603199863009
	0.7452579884944703
	0.7452612096795526
	0.7452592820768186
	0.7452612728085373
	0.745255714651479
	0.7452547267306504
	0.745253531722301
	0.745256615116167
	0.7452601102394855
	0.745258662404989
	0.7452564875614275
	0.7452531857015465
	0.7452542545808744
	0.7452490035142659
	0.7452461332956173
	0.7452455056714019
	0.745242535358694
	0.7452411377169014
	0.7452444849963106
	0.7452441576821566
	0.7452421811350245
	0.7452404705075981
	0.7452372744332233
	0.7452356380917864
	0.7452322168636879
	0.7452308876277899
	0.7452351425957724
	0.7452367663551497
	0.74523910927253
	0.7452382310512976
	0.7452367947546654
	0.7452341860130847
	0.74523420657153
	0.7452358347834046
	0.7452351691567238
	0.7452364419103225
	0.7452333837040674
	0.7452334475902953
	0.7452317539257934
	0.7452290559284827
	0.7452271971427347
	0.745224171856718
	0.7452294995672664
	0.7452255935579297
	0.7452261591504609
	0.7452280336440006
	0.7452278481151614
	0.7452269603195457
	0.7452306241767771
	0.7452300971005106
	0.7452238873870849
	0.7452235754741268
	0.7452257460902995
	0.7452318355620828
	0.7452268436842834
	0.7452267380894759
	0.7452281902055913
	0.7452306115105061
	0.7452317565730254
	0.7452344266259457
	0.7452360426381424
	0.7452361035342355
	0.7452382740520831
	0.7452412002179892
	0.7452346484953196
	0.7452403807805923
	0.74524471209757
	0.7452458375575433
	0.745249109799385
	0.7452507493944063
	0.7452469399054126
	0.7452487083343956
	0.7452519014390429
	0.7452470385397956
	0.7452438056614957
	0.7452515756720639
	0.7452482189307971
	0.7452499081971108
	0.7452528168750093
	0.7452521952989665
	0.7452557734852568
	0.745255255487095
	0.7452550408251423
	0.7452595378498665
	0.745258834545676
	0.7452565149800541
	0.7452571041796123
	0.7452525767913232
	0.7452496108919271
	0.7452436292708413
	0.7452411253130274
	0.7452398939103779
	0.7452319775334116
	0.7452312001523236
	0.745226689240285
	0.7452297947796566
	0.745222542888635
	0.7452211536849713
	0.7452199482981057
	0.7452259347101108
	0.7452237236142647
	0.7452251500387108
	0.7452169962810492
	0.7452198578836556
	0.7452249357430693
	0.7452243680232684
	0.74522521426453
	0.7452240559899327
	0.7452266634821222
	0.745223042300974
	0.7452252310172953
	0.7452310954386818
	0.7452225682820778
	0.7452206883949885
	0.7452258501233974
	0.7452309052719539
	0.7452261735828882
	0.7452248453981106
	0.7452246148995959
	0.7452186615604326
	0.7452178950329106
	0.7452223796050554
	0.7452256996024428
	0.7452230610960742
	0.7452236679251842
	0.7452234101498617
	0.7452200939233995
	0.7452185440084674
	0.7452168327935803
	0.7452146692516106
	0.7452124867335788
	0.7452144652263889
	0.7452168561488295
	0.7452197474600611
	0.7452154325179575
	0.7452179300960664
	0.7452195875856129
	0.7452145720482056
	0.7452139581805501
	0.7452116816326078
	0.7452036129687081
	0.7452032141766096
	0.7452087571451198
	0.745207125091741
	0.7452052641044745
	0.7452026774943262
	0.7452035005167315
	0.7452038016922659
	0.7452022812727837
	0.7451989562762253
	0.7452008908913701
	0.7452044509860261
	0.7452021381632074
	0.745201098184178
	0.7452027628559622
	0.7452009822140871
	0.7452026133399301
	0.745200492717666
	0.7451964450111486
	0.7451983827472506
	0.7451938059536802
	0.7451971424623766
	0.7451972459518463
	0.745198364747612
	0.7451975615970512
	0.7451943850844371
	0.7451951780206237
	0.7451949457437138
	0.7451995288769887
	0.7451977404582232
	0.7451957610414969
	0.7451958364774756
	0.7451963450506923
	0.7451978307359185
	0.7451931566621532
	0.7451912612199592
	0.7451916268582826
	0.7451898053479613
	0.7451984589473798
	0.7451969231345132
	0.7451978022070951
	0.7451930471951824
	0.7451982398211593
	0.7451971782191974
	0.7451988711165993
	0.7451968914342935
	0.7451983658894527
	0.7451952463268793
	0.7451969014448965
	0.7452003578256622
	0.7451979240667179
	0.7451988852554865
	0.7451989525251687
	0.7451964664636436
	0.7451966810139747
	0.7451958742580993
	0.7451922931622229
	0.7451898802143039
	0.7451904009480209
	0.7451896357225467
	0.7451893701873142
	0.7451925652866618
	0.7451979116538968
	0.7451974948600127
	0.7451999176040118
	0.7451986046386757
	0.745195294436048
	0.7451885558409979
	0.7451914721920457
	0.7451949809618391
	0.745197452534115
	0.7452031433470192
	0.7452064695369512
	0.7452077146242453
	0.7452112331372726
	0.7452126972274774
	0.7452092002995149
	0.7452084195414812
	0.7452109636464374
	0.7452105354397224
	0.7452131233296743
	0.745211447377875
	0.7452029953422069
	0.7452050057782107
	0.745205272608651
	0.7452027228915244
	0.7451999480220772
	0.7451973294774855
	0.7451937607579142
	0.7451990455266478
	0.7451937141417667
	0.7451908853736745
	0.7451889582453984
	0.745188858575354
	0.7451885887581452
	0.745185952719561
	0.7451824534422735
	0.7451839653715437
	0.7451818307855413
	0.7451804932160173
	0.7451816386060102
	0.7451826665703206
	0.7451868900645598
	0.7451918225906103
	0.7451924315649512
	0.7451922219960183
	0.7451928662398913
	0.7451973141030153
	0.7451980800346703
	0.7451935754124079
	0.7451939710170523
	0.7451935130709102
	0.7451932492123386
	0.7451929323120787
	0.7451898923243849
	0.7451906287477055
	0.7451849947303307
	0.7451826819551871
	0.7451882597932873
	0.7451924268803926
	0.7451974879788447
	0.7451907252403319
	0.7451906066499656
	0.7451878319777342
	0.7451880866114182
	0.7451913618846544
	0.7451917792923228
	0.7451973779956392
	0.7452010938018959
	0.7451999803677021
	0.7452001850077211
	0.7451977157003583
	0.7451996726960568
	0.7452030970063925
	0.7452072282183928
	0.7452101975830991
	0.7452082281187216
	0.7452105287808832
	0.7452137477945882
	0.7452159822556205
	0.7452105705761692
	0.745206186493875
	0.7452128721186579
	0.7452121942249819
	0.7452125238981384
	0.7452116893231915
	0.7452119001228399
	0.7452092251597245
	0.7452071166349744
	0.7452061859010142
	0.7452052572095023
	0.7452077348660593
	0.7452083930608564
	0.7452064285325127
	0.7452064845193334
	0.7452106526261585
	0.7452121032837851
	0.7452131490809689
	0.7452141062593607
	0.7452149655311832
	0.7452152302906944
	0.7452172695963264
	0.7452141988791852
	0.7452187461725691
	0.7452208861143974
	0.7452235284719174
	0.745225499859186
	0.7452199305493722
	0.7452174009436505
	0.7452209183384748
	0.7452247291374376
	0.7452228101210173
	0.7452244071226901
	0.7452273983937447
	0.7452208118084434
	0.745223934013333
	0.7452241783814175
	0.7452255481417754
	0.7452285140924899
	0.745228526390489
	0.7452264631519998
	0.7452257416659781
	0.7452275193303239
	0.7452252136900348
	0.7452270989691623
	0.7452318572709462
	0.7452307526090085
	0.7452276392705895
	0.7452225878381508
	0.745221023326066
	0.7452196753147113
	0.7452201845172451
	0.7452253089976695
	0.7452263731571919
	0.7452282610744438
	0.7452323152912677
	0.745230864576989
	0.7452329897760026
	0.7452285389201032
	0.7452263685795681
	0.7452250905256299
	0.7452207839207735
	0.7452273035450537
	0.7452298231663561
	0.7452298532847975
	0.7452306808316945
	0.7452258102858483
	0.7452260744480556
	0.7452279946622591
	0.7452296838698237
	0.7452322138105343
	0.7452329454708088
	0.7452364306797225
	0.7452378324839266
	0.7452398310527073
	0.7452420401532159
	0.7452439712654476
	0.7452478324483051
	0.7452411067359479
	0.745242703603739
	0.7452426333172509
	0.7452434621194612
	0.745242603569395
	0.7452404173686249
	0.7452410323497594
	0.7452462027972083
	0.7452397719385684
	0.7452366082174384
	0.7452318705043572
	0.7452289521571802
	0.7452253089102838
	0.7452238744219882
	0.7452226086140411
	0.7452261397014918
	0.7452273511607019
	0.7452204340250533
	0.7452232691274671
	0.7452234860424822
	0.7452219113592922
	0.7452252052222057
	0.7452283651594113
	0.7452299313140212
	0.7452299262293349
	0.7452314225908817
	0.7452310617158522
	0.7452248971795897
	0.7452230932527961
	0.7452215766737774
	0.7452206182286452
	0.745226309633443
	0.745227880691804
	0.7452338627881369
	0.7452343760078038
	0.7452335055609497
	0.7452344792602253
	0.7452372543923029
	0.7452343769335311
	0.7452290863144274
	0.7452292127452567
	0.7452312579829874
	0.7452342950950974
	0.745230189648886
	0.7452310361022753
	0.7452316098219792
	0.7452349438640773
	0.7452250885417525
	0.7452265520631084
	0.7452206585047719
	0.7452271028391787
	0.7452283256050893
	0.745233187945816
	0.7452332955218984
	0.7452357369186076
	0.7452356969401471
	0.7452396256227054
	0.7452429511225998
	0.745240940018056
	0.7452382172780553
	0.7452392906265809
	0.7452415656507271
	0.7452388165011705
	0.7452433262983998
	0.7452442267383328
	0.7452446589901427
	0.7452386979867153
	0.7452434551685196
	0.7452397487423995
	0.7452427569161583
	0.7452441065141171
	0.7452448181885267
	0.7452460319043671
	0.7452448659087544
	0.7452444984933317
	0.745243588722046
	0.7452412375538147
	0.7452430345600052
	0.7452380166798634
	0.7452433948166274
	0.7452426189588304
	0.7452443196903801
	0.7452448233829002
	0.7452426051518172
	0.7452414883054153
	0.7452395201162585
	0.7452388399121693
	0.7452366198098155
	0.7452381815767523
	0.7452365634630901
	0.7452353826275527
	0.7452382947187605
	0.7452384560809978
	0.7452385942603155
	0.745236480708405
	0.7452382716070202
	0.7452366959164822
	0.7452388484000734
	0.7452425766476719
	0.7452440802553898
	0.7452459027528089
	0.7452501750124179
	0.7452482371273343
	0.745250275251121
	0.7452507991647132
	0.745253207468956
	0.7452532180852467
	0.745252627853744
	0.7452459974738251
	0.7452476777018473
	0.7452439397006438
	0.7452429180555509
	0.7452456304763146
	0.7452440954116383
	0.7452446516528928
	0.7452465841603191
	0.7452399895205227
	0.7452364514283623
	0.7452410285744487
	0.7452473491582153
	0.745246127123297
	0.7452469346157375
	0.7452467194531518
	0.7452416298439685
	0.7452395872563585
	0.7452340223405939
	0.7452310841352096
	0.7452335337790831
	0.7452366441320541
	0.7452378877118597
	0.7452399181340217
	0.7452425738652718
	0.7452437322279454
	0.7452496902569294
	0.7452490675890727
	0.7452451610384531
	0.7452391846165909
	0.7452345899028435
	0.7452354790965482
	0.7452335000652842
	0.7452324814525533
	0.7452274644585637
	0.7452281416895513
	0.7452251576850331
	0.7452280646741614
	0.7452233622980938
	0.7452233656859089
	0.7452198991261052
	0.7452192466239147
	0.7452194466637009
	0.7452195962152941
	0.7452215690256541
	0.7452189908375924
	0.7452189669892315
	0.7452209073851701
	0.7452133196380528
	0.7452132691052099
	0.7452150353069658
	0.7452156430219729
	0.7452185814984857
	0.7452222314267491
	0.745220761151651
	0.745218748375701
	0.7452204890857468
	0.7452255104985112
	0.7452212113309629
	0.7452180516194394
	0.7452200957420562
	0.7452239959179493
	0.7452228796892161
	0.7452217125175546
	0.7452258675152382
	0.745224506528886
	0.7452291222641692
	0.745226701325306
	0.7452251990275184
	0.7452263131240353
	0.7452231994404551
	0.745222931816927
	0.7452200923120761
	0.7452197686839473
	0.7452195296403845
	0.7452215878894515
	0.7452155234581385
	0.7452177067832804
	0.7452201098531314
	0.7452163520744494
	0.7452124455401377
	0.7452125336320504
	0.7452099850530954
	0.7452128241541564
	0.7452189521091456
	0.7452110880525362
	0.7452107968844582
	0.7452125699002069
	0.7452119194469661
	0.7452153684607288
	0.7452159735519379
	0.7452242715985599
	0.745225800009322
	0.7452267587498494
	0.7452264025383641
	0.7452200912105358
	0.7452192626774254
	0.7452187768156797
	0.7452155547285465
	0.745209547176662
	0.7452065337515658
	0.7452129525780853
	0.7452118907377804
	0.745217557693113
	0.7452151308563943
	0.7452120590447499
	0.7452157595710686
	0.7452172993222095
	0.7452135363611128
	0.7452049533651074
	0.745204447502691
	0.7452034570649314
	0.7452063373499562
	0.7452065198997597
	0.7452079511589733
	0.7452116358692404
	0.7452098125609207
	0.7452063914714683
	0.7452068368490912
	0.7452050624722332
	0.7452087578035466
	0.7452120164581545
	0.7452152203147197
	0.7452212354070042
	0.7452197532758043
	0.7452216643819863
	0.7452223009169847
	0.7452246453744683
	0.7452237820183555
	0.7452223233972999
	0.7452239053841504
	0.7452224167460108
	0.7452234070672743
	0.7452250514771083
	0.7452242315698107
	0.7452240533482292
	0.7452258285089233
	0.7452263152538432
	0.7452246954127614
	0.7452225287010186
	0.7452254057170837
	0.745228015936843
	0.7452237760617028
	0.7452222245958449
	0.7452206517719047
	0.7452184390163796
	0.7452200928635966
	0.7452241723506774
	0.7452247355947503
	0.7452215053998934
	0.7452235023079393
	0.745226859203057
	0.7452291540455461
	0.7452300725463054
	0.7452302203600576
	0.7452253661895302
	0.7452191041540366
	0.745220833176216
	0.7452221090098707
	0.7452242765452348
	0.7452224432158379
	0.7452230317682629
	0.7452236784596267
	0.745223762852001
	0.7452185215259564
	0.7452196478595886
	0.745219507440062
	0.745219149834473
	0.7452265161491414
	0.7452266157334135
	0.7452299821592555
	0.7452335960698264
	0.7452290689169697
	0.7452316127431671
	0.7452281789908619
	0.7452322464064349
	0.7452322760610305
	0.7452320780613524
	0.7452314908703815
	0.7452314487177867
	0.7452304160294522
	0.7452280038970174
	0.7452255838507267
	0.7452160939937567
	0.7452206438502017
	0.7452217013761272
	0.7452202812310771
	0.7452239729848383
	0.7452225838218276
	0.7452227700868053
	0.7452231431921286
	0.7452254211669845
	0.7452245058034569
	0.7452232125447681
	0.745220900334857
	0.7452214457161779
	0.745223508901477
	0.7452241138403636
	0.7452231733969304
	0.7452260726945544
	0.7452225522708936
	0.745229187452316
	0.7452261373520084
	0.7452187228180629
	0.7452122915458099
	0.745214164327216
	0.745213146476036
	0.7452147031990597
	0.7452146521538136
	0.7452107893071713
	0.745208901896349
	0.745214511087941
	0.745209316626206
	0.745206820626348
	0.7452024515659261
	0.7452041407713286
	0.745200983282833
	0.7452045957960466
	0.7452051957778443
	0.745204586543295
	0.7452069258154774
	0.7452038883844034
	0.7452046915357662
	0.7452044482059303
	0.74520862013291
	0.7452096958963059
	0.7452094194117196
	0.7452118914132961
	0.7452100065730424
	0.7452118103731131
	0.7452083771043415
	0.7452073526025155
	0.7452096050975214
	0.7452125375968608
	0.7452123166263652
	0.7452122844029343
	0.7452102590423223
	0.7452133610804594
	0.7452163179019231
	0.7452159275479122
	0.7452163660956401
	0.745210422845937
	0.7452114372799645
	0.7452125490702104
	0.7452145187121875
	0.7452163802380541
	0.7452192827219779
	0.7452151660675403
	0.7452132105838455
	0.7452121263647625
	0.7452216920882052
	0.7452224580114408
	0.7452165963900677
	0.745219002817339
	0.7452163174733325
	0.7452182904392899
	0.7452259545057942
	0.745224637714364
	0.7452318992638625
	0.7452313831574265
	0.7452320333746142
	0.7452293581701428
	0.7452280547117037
	0.7452297998906137
	0.7452296285803284
	0.7452265398111402
	0.7452272020007255
	0.7452260766638441
	0.7452247865683035
	0.7452239162219119
	0.7452258651248311
	0.7452251810809191
	0.7452311715167697
	0.7452315891678752
	0.7452352713643793
	0.7452308499322615
	0.745233526568504
	0.7452355680502306
	0.7452294057054629
	0.745223460409196
	0.7452225957292863
	0.7452194651905777
	0.7452141134866785
	0.7452132048186793
	0.7452177905680966
	0.7452211212762727
	0.7452172090474456
	0.7452169292105016
	0.7452107720863488
	0.7452069080192221
	0.7452122595271742
	0.7452165450265852
	0.7452218628602976
	0.7452163490532242
	0.7452170469528784
	0.7452215555392467
	0.7452198718226657
	0.7452228978796556
	0.7452236696883633
	0.7452240640833643
	0.7452225838971782
	0.7452233571599586
	0.7452245211431957
	0.7452222433415545
	0.7452226244598161
	0.7452229170363327
	0.7452215027616624
	0.7452215424763475
	0.745221975372348
	0.745225750915231
	0.7452218984863724
	0.7452176145545063
	0.7452205995702236
	0.7452246832657821
	0.7452260974762401
	0.7452307427804928
	0.7452320384764253
	0.7452317867540932
	0.7452294554143643
	0.7452302358681082
	0.7452315414026914
	0.7452308585820155
	0.7452274472799187
	0.7452285364237518
	0.7452300399019607
	0.7452326572063162
	0.7452353253403303
	0.7452309250162131
	0.7452303213741848
	0.7452246767567229
	0.7452241508646794
	0.7452274528193609
	0.7452212907092827
	0.7452202074022103
	0.7452199293789395
	0.7452160149006184
	0.7452179563520177
	0.7452220158216858
	0.7452155785421158
	0.7452173695810314
	0.7452124904124413
	0.745209964289627
	0.7452079464563072
	0.7452016817645385
	0.7451991908536976
	0.7451968053308745
	0.7451989552819309
	0.7451977001623513
	0.7452033979210573
	0.7452064750431998
	0.7452115950249407
	0.7452147931954665
	0.7452137951318667
	0.7452138505072714
	0.7452119226389797
	0.7452135968637609
	0.7452077504421664
	0.7452100349389393
	0.7452056391881438
	0.7452056890296896
	0.7452051672070171
	0.7452056333769822
	0.7452085997792248
	0.7452070810342172
	0.7452102814627001
	0.7452116796179112
	0.745212669604456
	0.7452138958690299
	0.7452179432812103
	0.7452160455716904
	0.7452090366783192
	0.745209191306803
	0.745210531667923
	0.7452142163675233
	0.7452147689608577
	0.7452153104157533
	0.745208703579731
	0.7452088796451423
	0.7452122583462037
	0.7452090122417115
	0.7452115613045496
	0.7452151983643929
	0.7452169913509811
	0.7452213002178498
	0.7452188742977537
	0.745215488996197
	0.7452188569392671
	0.7452169229609285
	0.7452177670615332
	0.7452143613402956
	0.7452142494530244
	0.7452146976806882
	0.7452115855941537
	0.7452105480447773
	0.7452063245755303
	0.7452026691943034
	0.7452014156666867
	0.7452033622232052
	0.7452090436678991
	0.7452050472383165
	0.7452036601810335
	0.7452030642757554
	0.7451990764578525
	0.7451984442400279
	0.7451991800385139
	0.745200839433298
	0.7451999663705337
	0.7452014630061111
	0.7451994279085201
	0.7452013065906213
	0.7451977592640415
	0.7451970802956828
	0.7451972143276179
	0.7451973504293242
	0.7452001657465425
	0.7451990234253965
	0.745196557585986
	0.7451918877955331
	0.7451908757511132
	0.7451908156204825
	0.7451871354105624
	0.7451842940406429
	0.7451853708786738
	0.7451865718092979
	0.7451858954143129
	0.7451884779386747
	0.7451943846150224
	0.7451932542927839
	0.7451975010714917
	0.745201417670731
	0.7452013230164674
	0.7452037067051436
	0.7452036333761584
	0.7452039434359458
	0.745205406725313
	0.745210468069206
	0.745213669513028
	0.7452168500315581
	0.7452122510329275
	0.7452126138000809
	0.7452106464218602
	0.745207029587082
	0.7452022976651302
	0.745202706152292
	0.745203458032764
	0.7452054603011513
	0.7452055565292866
	0.7452078292253977
	0.7452107844145155
	0.7452098070642007
	0.7452044322041735
	0.745208459116821
	0.7452043696900209
	0.745203866348657
	0.74519923049297
	0.7452011786772507
	0.7452051150822788
	0.7452029422520878
	0.7452025070389336
	0.7452007565521609
	0.7452006871548926
	0.7451914240267955
	0.745190773720007
	0.7451913608856405
	0.7451951466352452
	0.7451964414797089
	0.7451987302239461
	0.7451990650151878
	0.7451974617254059
	0.7452006057311065
	0.7452045029976373
	0.7452055333563619
	0.7451996166664661
	0.7452022257813586
	0.7452047542465551
	0.7452053801088947
	0.745203949848482
	0.7452124970472958
	0.7452205142797282
	0.7452279091671802
	0.7452335743460284
	0.7452335108077492
	0.7452277595020524
	0.7452258826046948
	0.7452222867367093
	0.7452234497259403
	0.7452137807228293
	0.7452117378929746
	0.7452100877921359
	0.745213078880508
	0.7452087011671744
	0.7452035042591189
	0.7451995148920292
	0.7451967174485304
	0.7451972864643984
	0.7451980768118357
	0.7451967020283305
	0.7451979142960133
	0.7452051253431641
	0.7452117992738626
	0.7452109030773533
	0.7452082399198553
	0.7452111934054598
	0.7452067969744168
	0.7452074709813696
	0.7452065560137313
	0.7452034522527965
	0.7452023511927209
	0.7451999505104691
	0.7452018948931477
	0.7452008045955263
	0.7451947119898984
	0.7451937002811294
	0.7451934729959566
	0.7451931994208015
	0.7451941343189179
	0.7451975518850251
	0.7451989502880931
	0.7452055990107876
	0.7452030078966867
	0.7451988305580054
	0.7451999853816152
	0.7451995277432911
	0.7452006684905971
	0.745200330440953
	0.7452061843057005
	0.7452048858149917
	0.7451994061533006
	0.7451987983878678
	0.7452009918887318
	0.7452020887534032
	0.7452027698574554
	0.745201964059079
	0.7452051466616237
	0.7452079495867829
	0.7452055849778759
	0.7452066345588294
	0.7452026218934484
	0.7452052249037282
	0.7452042453204311
	0.74520206615502
	0.7452050336601089
	0.7452051652016337
	0.7452018475654332
	0.7451993147640014
	0.7451964656065984
	0.7451956964415216
	0.7451916819785477
	0.7451905435222513
	0.7451907986740649
	0.7451918388577643
	0.7451947989255734
	0.7451980339191032
	0.7452001095471444
	0.7452008453105364
	0.7451986765952585
	0.7451996097518959
	0.7451992294815267
	0.7452018169273732
	0.7452013796196163
	0.74519935317429
	0.745201070402057
	0.7452064565581167
	0.745209504728202
	0.7452131467973417
	0.7452153928892623
	0.745215269947113
	0.7452110574162096
	0.7452060906880423
	0.7452049854423078
	0.7452089294476625
	0.745209569026725
	0.7452129611754756
	0.7452080509890034
	0.745210093394655
	0.7452155680914236
	0.74521440022121
	0.7452106993328914
	0.745210345973036
	0.745207962073216
	0.7452078003223703
	0.7452099016874341
	0.7452046477087945
	0.7452007257367609
	0.7452059575582972
	0.7452117548321108
	0.7452152170227384
	0.7452195592531964
	0.7452208342015264
	0.7452128773345031
	0.7452146560975581
	0.7452111298225071
	0.7452045181848466
	0.7452014125352757
	0.745198914361174
	0.7451997909746146
	0.7452034923296037
	0.7451990628454587
	0.7452016543955396
	0.7452005753411808
	0.7451993951716902
	0.7452023198677755
	0.745209488860983
	0.7452101110068189
	0.7452083067943227
	0.74521021558819
	0.7452092986504883
	0.7452101613116221
	0.7452098236427587
	0.7452123050667143
	0.7452119537284448
	0.7452126096800549
	0.7452134288069645
	0.7452138176303535
	0.7452171263193398
	0.7452207927947803
	0.7452188819989474
	0.7452189006306226
	0.7452207418444614
	0.7452214378205039
	0.7452216960989888
	0.7452165810229471
	0.7452180348748554
	0.745216453942533
	0.7452201345382937
	0.7452110942012372
	0.7452083233657055
	0.7452072074058658
	0.7452066039245556
	0.7452085050132092
	0.745208976084443
	0.7452105412947324
	0.7452121809614413
	0.7452120336447153
	0.7452149906010183
	0.7452124958096682
	0.7452124816087997
	0.7452124748089065
	0.7452103979607492
	0.7452070547073424
	0.745210343484059
	0.7452113611154326
	0.7452078507523481
	0.7452108778141374
	0.7452161555218718
	0.7452133182761554
	0.7452125702613442
	0.7452145589884971
	0.7452157442457696
	0.7452120178168864
	0.7452105357314872
	0.7452126267799615
	0.7452168345653846
	0.7452151101657831
	0.7452155491684427
	0.7452107559947991
	0.7452128748493262
	0.7452119135398504
	0.7452096577895803
	0.7452085380520479
	0.7452057060084325
	0.7452041492930185
	0.7452047612248995
	0.7452067520158169
	0.745206822312488
	0.7452086299833881
	0.7452131267368026
	0.7452134974262564
	0.7452111798529437
	0.745207880563297
	0.7452030839992955
	0.7452002018207434
	0.7451988351344793
	0.7451966719695629
	0.7451976046124901
	0.7452001328326507
	0.7452018059527894
	0.7452002721563615
	0.7452014238278654
	0.7452086561469403
	0.7452068247885122
	0.7452096951078517
	0.745205377506049
	0.7452098902716845
	0.7452112632449753
	0.7452098765147505
	0.7452093183349797
	0.745216551628171
	0.745217293156656
	0.7452212972507821
	0.7452260130111422
	0.7452288003966369
	0.7452276244793459
	0.7452209954510614
	0.7452177981165213
	0.7452160939664673
	0.7452193716710063
	0.7452241545317695
	0.7452205444309786
	0.7452171790360785
	0.7452146311018557
	0.7452194199890124
	0.745219302446756
	0.7452189846960364
	0.7452210771006811
	0.745218714987828
	0.7452163669626646
	0.7452151181559676
	0.7452195182650303
	0.7452201784265845
	0.7452185665643313
	0.7452166671678199
	0.7452125858821634
	0.7452146799215287
	0.7452202673537803
	0.7452263273376415
	0.7452225871261783
	0.7452214956599974
	0.7452217492124972
	0.7452265804134621
	0.7452226359785574
	0.7452213299054559
	0.745223052004319
	0.7452252751480656
	0.7452226921070785
	0.7452259433315442
	0.7452217301151333
	0.7452177431282941
	0.7452207049460338
	0.745216349097507
	0.7452197863481512
	0.7452190039570405
	0.7452167492565519
	0.7452177902176372
	0.745213186925873
	0.7452145814524579
	0.7452157987426637
	0.7452192436619661
	0.7452243846600652
	0.7452249214247062
	0.7452201015736633
	0.74521821497638
	0.7452179282882737
	0.7452199470836716
	0.7452228757067906
	0.7452250097704625
	0.7452290996080964
	0.7452299341644016
	0.7452228297169062
	0.7452237250056377
	0.7452225163845947
	0.7452251034555254
	0.7452263517287671
	0.7452251419055739
	0.7452231772073261
	0.7452265139561041
	0.7452286300434713
	0.7452317024341587
	0.745224925512549
	0.7452266152441589
	0.7452243754798156
	0.7452305384095699
	0.7452318528792888
	0.7452246567749192
	0.7452259668304543
	0.7452240382039834
	0.7452284618882296
	0.7452306345802819
	0.7452359304243084
	0.7452323769881973
	0.7452335294917052
	0.7452328875717545
	0.7452309185116259
	0.7452287800878642
	0.7452280136524295
	0.7452339903655815
	0.7452344641483276
	0.7452310662299816
	0.7452309784999716
	0.7452274031816917
	0.7452266126546186
	0.7452266810120954
	0.7452274865914821
	0.7452239308232191
	0.7452213461524785
	0.7452210665772262
	0.7452250475359289
	0.7452302235953884
	0.7452288102677065
	0.7452328521179346
	0.745231868637663
	0.7452300519848613
	0.7452306945270826
	0.7452342646725597
	0.745232699699084
	0.7452366434182663
	0.7452375522285668
	0.7452339377271432
	0.7452305665586842
	0.7452359712706154
	0.7452382822702124
	0.745237088242962
	0.7452420595632603
	0.7452413356218833
	0.745240085285481
	0.745240875797264
	0.7452462579591306
	0.7452394202741274
	0.7452349805174592
	0.7452363329229454
	0.7452379921563125
	0.7452324607630932
	0.7452307905724821
	0.7452314761734259
	0.7452320029041739
	0.7452340202711493
	0.7452338622379648
	0.7452347034701805
	0.745238718492026
	0.7452369334101215
	0.7452390583758761
	0.7452360674901277
	0.7452369370056968
	0.74524260360124
	0.7452438949341197
	0.7452407261114508
	0.7452433289014869
	0.7452421628568721
	0.7452392865525378
	0.7452395588057711
	0.7452376265224139
	0.7452329471057345
	0.7452322981363493
	0.7452325316901538
	0.745233747026467
	0.7452294942946704
	0.7452291976885517
	0.7452217844931375
	0.7452232908998205
	0.7452188483590731
	0.7452188728686012
	0.7452188962638873
	0.7452270582470893
	0.7452301621537268
	0.7452315900610076
	0.7452312959909176
	0.7452287760849868
]