[
	0.8040422201156616
	0.8039341568946838
	0.8038281202316284
	0.8037104606628418
	0.8035778403282166
	0.8034571409225464
	0.8033375144004822
	0.8032124638557434
	0.8031081557273865
	0.8030025959014893
	0.8028908967971802
	0.8027787804603577
	0.802666425704956
	0.802547812461853
	0.8024543523788452
	0.8023597598075867
	0.8022286891937256
	0.8021089434623718
	0.8019822239875793
	0.8018748164176941
	0.8017616271972656
	0.8016687631607056
	0.8015797734260559
	0.8014907836914062
	0.8014056086540222
	0.8013102412223816
	0.8012109994888306
	0.8010954856872559
	0.8009995222091675
	0.8009213805198669
	0.8008109927177429
	0.800729513168335
	0.8006318807601929
	0.8005349636077881
	0.8004488945007324
	0.8003848791122437
	0.800292432308197
	0.8001747131347656
	0.8000843524932861
	0.7999811172485352
	0.7998868227005005
	0.7998093962669373
	0.7997166514396667
	0.7996194362640381
	0.7995349168777466
	0.7994312644004822
	0.7993394136428833
	0.7992466688156128
	0.7991342544555664
	0.7990444302558899
	0.7989681363105774
	0.7988888621330261
	0.7988073229789734
	0.7987133860588074
	0.7986250519752502
	0.7985320091247559
	0.7984575629234314
	0.7983624935150146
	0.7982826828956604
	0.7982011437416077
	0.7981160283088684
	0.7980470657348633
	0.7979682683944702
	0.79786217212677
	0.7977799773216248
	0.7976916432380676
	0.7976016998291016
	0.7975308299064636
	0.7974408268928528
	0.7973687052726746
	0.7972704768180847
	0.7971866726875305
	0.7971186637878418
	0.7970454692840576
	0.7969686388969421
	0.7969030141830444
	0.796829342842102
	0.7967432737350464
	0.7966642379760742
	0.7965769171714783
	0.7965090870857239
	0.796422004699707
	0.7963423728942871
	0.7962623238563538
	0.7961779236793518
	0.7960926294326782
	0.7960128784179688
	0.7959519624710083
	0.7958822846412659
	0.7958056330680847
	0.7957345247268677
	0.795667290687561
	0.7955976724624634
	0.7955408096313477
	0.7954744696617126
	0.7953916788101196
	0.7953149080276489
	0.7952335476875305
	0.7951784729957581
	0.7951140403747559
	0.7950539588928223
	0.7949770092964172
	0.7949047088623047
	0.7948355078697205
	0.7947580814361572
	0.7946786284446716
	0.7945944666862488
	0.7945156693458557
	0.7944464087486267
	0.7943809628486633
	0.7943106293678284
	0.7942346930503845
	0.7941485047340393
	0.7940768003463745
	0.7940053343772888
	0.7939463257789612
	0.7938867807388306
	0.7938197255134583
	0.7937676906585693
	0.7936956286430359
	0.7936288118362427
	0.7935466766357422
	0.7934787273406982
	0.7934204339981079
	0.793350875377655
	0.7932848930358887
	0.7932193875312805
	0.7931620478630066
	0.7930841445922852
	0.7930060625076294
	0.7929483652114868
	0.7928899526596069
	0.7928277254104614
	0.7927532196044922
	0.792687177658081
	0.7926198244094849
	0.7925497889518738
	0.7924730777740479
	0.7924099564552307
	0.7923297882080078
	0.7922670841217041
	0.7921998500823975
	0.7921248078346252
	0.7920672297477722
	0.7919976115226746
	0.7919300198554993
	0.7918781638145447
	0.791813313961029
	0.7917377352714539
	0.7916781902313232
	0.7916331887245178
	0.7915726900100708
	0.7915080785751343
	0.7914489507675171
	0.7913849353790283
	0.7913193702697754
	0.7912646532058716
	0.7912100553512573
	0.7911568880081177
	0.7911031246185303
	0.7910261154174805
	0.7909784317016602
	0.7909088134765625
	0.7908435463905334
	0.7907790541648865
	0.7907083034515381
	0.7906509041786194
	0.7906137108802795
	0.7905573844909668
	0.7904981970787048
	0.7904509902000427
	0.7903987765312195
	0.7903293371200562
	0.7902745008468628
	0.7902175784111023
	0.7901551127433777
	0.7900869250297546
	0.7900294065475464
	0.7899760603904724
	0.7899265289306641
	0.7898682951927185
	0.7897987961769104
	0.7897465229034424
	0.7896909713745117
	0.789648175239563
	0.789607584476471
	0.789543628692627
	0.7894821763038635
	0.7894203066825867
	0.7893638014793396
	0.789299488067627
	0.7892506122589111
	0.7892171740531921
	0.7891592979431152
	0.7891063690185547
	0.7890552282333374
	0.7890003323554993
	0.7889377474784851
	0.7888743281364441
	0.7888051867485046
	0.7887582182884216
	0.7886992692947388
	0.7886376976966858
	0.7885936498641968
	0.7885394096374512
	0.788499116897583
	0.788457453250885
	0.7884036898612976
	0.7883386611938477
	0.7882794141769409
	0.7882209420204163
	0.7881706953048706
	0.788109302520752
	0.7880517840385437
	0.7879962921142578
	0.7879229784011841
	0.7878720164299011
	0.7878138422966003
	0.7877620458602905
	0.7877213358879089
	0.7876925468444824
	0.7876455783843994
	0.7875837087631226
	0.7875203490257263
	0.7874742150306702
	0.7874225974082947
	0.7873733639717102
	0.7873432040214539
	0.7872864007949829
	0.7872397899627686
	0.7871861457824707
	0.7871413230895996
	0.7870826721191406
	0.7870219349861145
	0.7869781851768494
	0.7869558334350586
	0.7868984341621399
	0.7868454456329346
	0.7868057489395142
	0.7867546677589417
	0.7866926193237305
	0.7866438627243042
	0.7865849733352661
	0.7865371704101562
	0.7864892482757568
	0.786452054977417
	0.7864020466804504
	0.7863636612892151
	0.7863050699234009
	0.7862488031387329
	0.7861973643302917
	0.7861416935920715
	0.7860990166664124
	0.7860631942749023
	0.7860132455825806
	0.7859745025634766
	0.7859293818473816
	0.7858833074569702
	0.7858393788337708
	0.7857884168624878
	0.7857482433319092
	0.7856875061988831
	0.7856597900390625
	0.7856115102767944
	0.7855758666992188
	0.7855177521705627
	0.7854602336883545
	0.78541499376297
	0.7853678464889526
	0.785327136516571
	0.7852833271026611
	0.7852544188499451
	0.7852001190185547
	0.785167396068573
	0.7851173877716064
	0.7850865125656128
	0.7850343585014343
	0.7849911451339722
	0.7849522829055786
	0.7849032878875732
	0.7848660349845886
	0.7848162055015564
	0.7847830057144165
	0.7847437858581543
	0.784702479839325
	0.7846368551254272
	0.7845938801765442
	0.7845515012741089
	0.7845059037208557
	0.7844753265380859
	0.784436047077179
	0.7843847274780273
	0.7843259572982788
	0.7842854261398315
	0.7842434048652649
	0.7841918468475342
	0.7841620445251465
	0.7841176986694336
	0.7840765714645386
	0.78404700756073
	0.7840059995651245
	0.783955991268158
	0.7839212417602539
	0.783879280090332
	0.7838516235351562
	0.7838156819343567
	0.7837689518928528
	0.7837188243865967
	0.7836737632751465
	0.7836448550224304
	0.7836059927940369
	0.7835705876350403
	0.7835413813591003
	0.7835042476654053
	0.7834599018096924
	0.7834076881408691
	0.7833756804466248
	0.7833386659622192
	0.7832958102226257
	0.7832480669021606
	0.7832009792327881
	0.7831643223762512
	0.7831305265426636
	0.7830742001533508
	0.7830495238304138
	0.7830305099487305
	0.7829930782318115
	0.7829635143280029
	0.7829309701919556
	0.782890796661377
	0.7828607559204102
	0.7828136682510376
	0.7827766537666321
	0.7827436923980713
	0.7827156186103821
	0.7826940417289734
	0.7826507091522217
	0.7825907468795776
	0.7825413942337036
	0.7825343012809753
	0.7825120687484741
	0.7824864387512207
	0.7824541926383972
	0.7824074625968933
	0.782382607460022
	0.7823408246040344
	0.7822990417480469
	0.7822685837745667
	0.7822311520576477
	0.7821829319000244
	0.782138466835022
	0.7820861339569092
	0.7820529937744141
	0.7820132970809937
	0.7819839119911194
	0.7819502949714661
	0.7819044589996338
	0.7818806171417236
	0.7818436622619629
	0.7817991971969604
	0.7817779779434204
	0.7817413210868835
	0.7817038893699646
	0.781671941280365
	0.7816377878189087
	0.7815821766853333
	0.7815288305282593
	0.7814911603927612
	0.7814459204673767
	0.7813846468925476
	0.7813520431518555
	0.7813113927841187
	0.7812718749046326
	0.781241238117218
	0.7812061905860901
	0.7811834812164307
	0.7811675667762756
	0.781136155128479
	0.7811117172241211
	0.7810806632041931
	0.7810318470001221
	0.7810102105140686
	0.7809823155403137
	0.7809511423110962
	0.7809178829193115
	0.7808865308761597
	0.7808456420898438
	0.7808082103729248
	0.7807721495628357
	0.7807449698448181
	0.7807102799415588
	0.7806763648986816
	0.780644416809082
	0.7806152105331421
	0.7805727124214172
	0.7805292010307312
	0.7804995775222778
	0.7804825305938721
	0.780462920665741
	0.7804258465766907
	0.7803840637207031
	0.780356228351593
	0.780327558517456
	0.7803017497062683
	0.7802785634994507
	0.7802413105964661
	0.7802129983901978
	0.7801836133003235
	0.7801450490951538
	0.7801166772842407
	0.7800961136817932
	0.7800523042678833
	0.7800290584564209
	0.7799959778785706
	0.7799627184867859
	0.7799341678619385
	0.7798915505409241
	0.7798539996147156
	0.779826819896698
	0.7798025012016296
	0.7797905206680298
	0.7797667384147644
	0.7797238826751709
	0.7796956896781921
	0.7796812653541565
	0.7796446084976196
	0.7796146273612976
	0.7795789241790771
	0.7795349359512329
	0.7795284986495972
	0.7794976830482483
	0.7794628739356995
	0.7794384360313416
	0.7794222235679626
	0.7794002890586853
	0.7793611884117126
	0.7793370485305786
	0.7793170809745789
	0.7793065309524536
	0.7792662978172302
	0.7792295813560486
	0.7792198061943054
	0.7791871428489685
	0.7791609764099121
	0.7791312336921692
	0.7791059613227844
	0.7790757417678833
	0.7790384888648987
	0.7790241837501526
	0.7790009379386902
	0.7789778709411621
	0.7789653539657593
	0.7789391875267029
	0.7789332270622253
	0.7789231538772583
	0.7788733243942261
	0.7788520455360413
	0.7788287401199341
	0.7788056135177612
	0.7787877917289734
	0.7787598371505737
	0.778736412525177
	0.7787217497825623
	0.7786915302276611
	0.7786673903465271
	0.778653621673584
	0.7786191701889038
	0.7785871624946594
	0.7785510420799255
	0.7785189151763916
	0.7784910202026367
	0.778445839881897
	0.7784224152565002
	0.7783901691436768
	0.7783684134483337
	0.7783449292182922
	0.7783216238021851
	0.7783044576644897
	0.778286337852478
	0.7782612442970276
	0.7782260775566101
	0.7782140374183655
	0.7781840562820435
	0.7781664729118347
	0.7781385779380798
	0.778109610080719
	0.7780767679214478
	0.7780708074569702
	0.7780462503433228
	0.7780246138572693
	0.7780019044876099
	0.777988612651825
	0.7779759168624878
	0.7779589295387268
	0.7779526114463806
	0.7779319286346436
	0.7779234647750854
	0.7779055833816528
	0.7778841853141785
	0.7778860926628113
	0.7778652310371399
	0.0
	0.0
	0.0
	0.0
	0.0
	0.0
	0.0
	0.0
	0.0
	0.0
	0.0
	0.0
	0.0
	0.0
	0.0
	0.0
	0.0
	0.0
	0.0
	0.0
	0.0
	0.0
	0.0
	0.0
	0.0
	0.0
	0.0
	0.0
	0.0
	0.0
	0.0
	0.0
	0.0
	0.0
	0.0
	0.0
	0.0
	0.0
	0.0
	0.0
	0.0
	0.0
	0.0
	0.0
	0.0
	0.0
	0.0
	0.0
	0.0
	0.0
	0.0
	0.0
	0.0
	0.0
	0.0
	0.0
	0.0
	0.0
	0.0
	0.0
	0.0
	0.0
	0.0
	0.0
	0.0
	0.0
	0.0
	0.0
	0.0
	0.0
	0.0
	0.0
	0.0
	0.0
	0.0
	0.0
	0.0
	0.0
	0.0
	0.0
	0.0
	0.0
	0.0
	0.0
	0.0
	0.0
	0.0
	0.0
	0.0
	0.0
	0.0
	0.0
	0.0
	0.0
	0.0
	0.0
	0.0
	0.0
	0.0
	0.0
	0.0
	0.0
	0.0
	0.0
	0.0
	0.0
	0.0
	0.0
	0.0
	0.0
	0.0
	0.0
	0.0
	0.0
	0.0
	0.0
	0.0
	0.0
	0.0
	0.0
	0.0
	0.0
	0.0
	0.0
	0.0
	0.0
	0.0
	0.0
	0.0
	0.0
	0.0
	0.0
	0.0
	0.0
	0.0
	0.0
	0.0
	0.0
	0.0
	0.0
	0.0
	0.0
	0.0
	0.0
	0.0
	0.0
	0.0
	0.0
	0.0
	0.0
	0.0
	0.0
	0.0
	0.0
	0.0
	0.0
	0.0
	0.0
	0.0
	0.0
	0.0
	0.0
	0.0
	0.0
	0.0
	0.0
	0.0
	0.0
	0.0
	0.0
	0.0
	0.0
	0.0
	0.0
	0.0
	0.0
	0.0
	0.0
	0.0
	0.0
	0.0
	0.0
	0.0
	0.0
	0.0
	0.0
	0.0
	0.0
	0.0
	0.0
	0.0
	0.0
	0.0
	0.0
	0.0
	0.0
	0.0
	0.0
	0.0
	0.0
	0.0
	0.0
	0.0
	0.0
	0.0
	0.0
	0.0
	0.0
	0.0
	0.0
	0.0
	0.0
	0.0
	0.0
	0.0
	0.0
	0.0
	0.0
	0.0
	0.0
	0.0
	0.0
	0.0
	0.0
	0.0
	0.0
	0.0
	0.0
	0.0
	0.0
	0.0
	0.0
	0.0
	0.0
	0.0
	0.0
	0.0
	0.0
	0.0
	0.0
	0.0
	0.0
	0.0
	0.0
	0.0
	0.0
	0.0
	0.0
	0.0
	0.0
	0.0
	0.0
	0.0
	0.0
	0.0
	0.0
	0.0
	0.0
	0.0
	0.0
	0.0
	0.0
	0.0
	0.0
	0.0
	0.0
	0.0
	0.0
	0.0
	0.0
	0.0
	0.0
	0.0
	0.0
	0.0
	0.0
	0.0
	0.0
	0.0
	0.0
	0.0
	0.0
	0.0
	0.0
	0.0
	0.0
	0.0
	0.0
	0.0
	0.0
	0.0
	0.0
	0.0
	0.0
	0.0
	0.0
	0.0
	0.0
	0.0
	0.0
	0.0
	0.0
	0.0
	0.0
	0.0
	0.0
	0.0
	0.0
	0.0
	0.0
	0.0
	0.0
	0.0
	0.0
	0.0
	0.0
	0.0
	0.0
	0.0
	0.0
	0.0
	0.0
	0.0
	0.0
	0.0
	0.0
	0.0
	0.0
	0.0
	0.0
	0.0
	0.0
	0.0
	0.0
	0.0
	0.0
	0.0
	0.0
	0.0
	0.0
	0.0
	0.0
	0.0
	0.0
	0.0
	0.0
	0.0
	0.0
	0.0
	0.0
	0.0
	0.0
	0.0
	0.0
	0.0
	0.0
	0.0
	0.0
	0.0
	0.0
	0.0
	0.0
	0.0
	0.0
	0.0
	0.0
	0.0
	0.0
	0.0
	0.0
	0.0
	0.0
	0.0
	0.0
	0.0
	0.0
	0.0
	0.0
	0.0
	0.0
	0.0
	0.0
	0.0
	0.0
	0.0
	0.0
	0.0
	0.0
	0.0
	0.0
	0.0
	0.0
	0.0
	0.0
	0.0
	0.0
	0.0
	0.0
	0.0
	0.0
	0.0
	0.0
	0.0
	0.0
	0.0
	0.0
	0.0
	0.0
	0.0
	0.0
	0.0
	0.0
	0.0
	0.0
	0.0
	0.0
	0.0
	0.0
	0.0
	0.0
	0.0
	0.0
	0.0
	0.0
	0.0
	0.0
	0.0
	0.0
	0.0
	0.0
	0.0
	0.0
	0.0
	0.0
	0.0
	0.0
	0.0
	0.0
	0.0
	0.0
	0.0
	0.0
	0.0
	0.0
	0.0
	0.0
	0.0
	0.0
	0.0
	0.0
	0.0
	0.0
	0.0
	0.0
	0.0
	0.0
	0.0
	0.0
	0.0
	0.0
	0.0
	0.0
	0.0
	0.0
	0.0
	0.0
	0.0
	0.0
	0.0
	0.0
	0.0
	0.0
	0.0
	0.0
	0.0
	0.0
	0.0
	0.0
	0.0
	0.0
	0.0
	0.0
	0.0
	0.0
	0.0
	0.0
	0.0
	0.0
	0.0
	0.0
	0.0
	0.0
	0.0
	0.0
	0.0
	0.0
	0.0
	0.0
	0.0
	0.0
	0.0
	0.0
	0.0
	0.0
	0.0
	0.0
	0.0
	0.0
	0.0
	0.0
	0.0
	0.0
	0.0
	0.0
	0.0
	0.0
	0.0
	0.0
	0.0
	0.0
	0.0
	0.0
	0.0
	0.0
	0.0
	0.0
	0.0
	0.0
	0.0
	0.0
	0.0
	0.0
	0.0
	0.0
	0.0
	0.0
	0.0
	0.0
	0.0
	0.0
	0.0
	0.0
	0.0
	0.0
	0.0
	0.0
	0.0
	0.0
	0.0
	0.0
	0.0
	0.0
	0.0
	0.0
	0.0
	0.0
	0.0
	0.0
	0.0
	0.0
	0.0
	0.0
	0.0
	0.0
	0.0
	0.0
	0.0
	0.0
	0.0
	0.0
	0.0
	0.0
	0.0
	0.0
	0.0
	0.0
	0.0
	0.0
	0.0
	0.0
	0.0
	0.0
	0.0
	0.0
	0.0
	0.0
	0.0
	0.0
	0.0
	0.0
	0.0
	0.0
	0.0
	0.0
	0.0
	0.0
	0.0
	0.0
	0.0
	0.0
	0.0
	0.0
	0.0
	0.0
	0.0
	0.0
	0.0
	0.0
	0.0
	0.0
	0.0
	0.0
	0.0
	0.0
	0.0
	0.0
	0.0
	0.0
	0.0
	0.0
	0.0
	0.0
	0.0
	0.0
	0.0
	0.0
	0.0
	0.0
	0.0
	0.0
	0.0
	0.0
	0.0
	0.0
	0.0
	0.0
	0.0
	0.0
	0.0
	0.0
	0.0
	0.0
	0.0
	0.0
	0.0
	0.0
	0.0
	0.0
	0.0
	0.0
	0.0
	0.0
	0.0
	0.0
	0.0
	0.0
	0.0
	0.0
	0.0
	0.0
	0.0
	0.0
	0.0
	0.0
	0.0
	0.0
	0.0
	0.0
	0.0
	0.0
	0.0
	0.0
	0.0
	0.0
	0.0
	0.0
	0.0
	0.0
	0.0
	0.0
	0.0
	0.0
	0.0
	0.0
	0.0
	0.0
	0.0
	0.0
	0.0
	0.0
	0.0
	0.0
	0.0
	0.0
	0.0
	0.0
	0.0
	0.0
	0.0
	0.0
	0.0
	0.0
	0.0
	0.0
	0.0
	0.0
	0.0
	0.0
	0.0
	0.0
	0.0
	0.0
	0.0
	0.0
	0.0
	0.0
	0.0
	0.0
	0.0
	0.0
	0.0
	0.0
	0.0
	0.0
	0.0
	0.0
	0.0
	0.0
	0.0
	0.0
	0.0
	0.0
	0.0
	0.0
	0.0
	0.0
	0.0
	0.0
	0.0
	0.0
	0.0
	0.0
	0.0
	0.0
	0.0
	0.0
	0.0
	0.0
	0.0
	0.0
	0.0
	0.0
	0.0
	0.0
	0.0
	0.0
	0.0
	0.0
	0.0
	0.0
	0.0
	0.0
	0.0
	0.0
	0.0
	0.0
	0.0
	0.0
	0.0
	0.0
	0.0
	0.0
	0.0
	0.0
	0.0
	0.0
	0.0
	0.0
	0.0
	0.0
	0.0
	0.0
	0.0
	0.0
	0.0
	0.0
	0.0
	0.0
	0.0
	0.0
	0.0
	0.0
	0.0
	0.0
	0.0
	0.0
	0.0
	0.0
	0.0
	0.0
	0.0
	0.0
	0.0
	0.0
	0.0
	0.0
	0.0
	0.0
	0.0
	0.0
	0.0
	0.0
	0.0
	0.0
	0.0
	0.0
	0.0
	0.0
	0.0
	0.0
	0.0
	0.0
	0.0
	0.0
	0.0
	0.0
	0.0
	0.0
	0.0
	0.0
	0.0
	0.0
	0.0
	0.0
	0.0
	0.0
	0.0
	0.0
	0.0
	0.0
	0.0
	0.0
	0.0
	0.0
	0.0
	0.0
	0.0
	0.0
	0.0
	0.0
	0.0
	0.0
	0.0
	0.0
	0.0
	0.0
	0.0
	0.0
	0.0
	0.0
	0.0
	0.0
	0.0
	0.0
	0.0
	0.0
	0.0
	0.0
	0.0
	0.0
	0.0
	0.0
	0.0
	0.0
	0.0
	0.0
	0.0
	0.0
	0.0
	0.0
	0.0
	0.0
	0.0
	0.0
	0.0
	0.0
	0.0
	0.0
	0.0
	0.0
	0.0
	0.0
	0.0
	0.0
	0.0
	0.0
	0.0
	0.0
	0.0
	0.0
	0.0
	0.0
	0.0
	0.0
	0.0
	0.0
	0.0
	0.0
	0.0
	0.0
	0.0
	0.0
	0.0
	0.0
	0.0
	0.0
	0.0
	0.0
	0.0
	0.0
	0.0
	0.0
	0.0
	0.0
	0.0
	0.0
	0.0
	0.0
	0.0
	0.0
	0.0
	0.0
	0.0
	0.0
	0.0
	0.0
	0.0
	0.0
	0.0
	0.0
	0.0
	0.0
	0.0
	0.0
	0.0
	0.0
	0.0
	0.0
	0.0
	0.0
	0.0
	0.0
	0.0
	0.0
	0.0
	0.0
	0.0
	0.0
	0.0
	0.0
	0.0
	0.0
	0.0
	0.0
	0.0
	0.0
	0.0
	0.0
	0.0
	0.0
	0.0
	0.0
	0.0
	0.0
	0.0
	0.0
	0.0
	0.0
	0.0
	0.0
	0.0
	0.0
	0.0
	0.0
	0.0
	0.0
	0.0
	0.0
	0.0
	0.0
	0.0
	0.0
	0.0
	0.0
	0.0
	0.0
	0.0
	0.0
	0.0
	0.0
	0.0
	0.0
	0.0
	0.0
	0.0
	0.0
	0.0
	0.0
	0.0
	0.0
	0.0
	0.0
	0.0
	0.0
	0.0
	0.0
	0.0
	0.0
	0.0
	0.0
	0.0
	0.0
	0.0
	0.0
	0.0
	0.0
	0.0
	0.0
	0.0
	0.0
	0.0
	0.0
	0.0
	0.0
	0.0
	0.0
	0.0
	0.0
	0.0
	0.0
	0.0
	0.0
	0.0
	0.0
	0.0
	0.0
	0.0
	0.0
	0.0
	0.0
	0.0
	0.0
	0.0
	0.0
	0.0
	0.0
	0.0
	0.0
	0.0
	0.0
	0.0
	0.0
	0.0
	0.0
	0.0
	0.0
	0.0
	0.0
	0.0
	0.0
	0.0
	0.0
	0.0
	0.0
	0.0
	0.0
	0.0
	0.0
	0.0
	0.0
	0.0
	0.0
	0.0
	0.0
	0.0
	0.0
	0.0
	0.0
	0.0
	0.0
	0.0
	0.0
	0.0
	0.0
	0.0
	0.0
	0.0
	0.0
	0.0
	0.0
	0.0
	0.0
	0.0
	0.0
	0.0
	0.0
	0.0
	0.0
	0.0
	0.0
	0.0
	0.0
	0.0
	0.0
	0.0
	0.0
	0.0
	0.0
	0.0
	0.0
	0.0
	0.0
	0.0
	0.0
	0.0
	0.0
	0.0
	0.0
	0.0
	0.0
	0.0
	0.0
	0.0
	0.0
	0.0
	0.0
	0.0
	0.0
	0.0
	0.0
	0.0
	0.0
	0.0
	0.0
	0.0
	0.0
	0.0
	0.0
	0.0
	0.0
	0.0
	0.0
	0.0
	0.0
	0.0
	0.0
	0.0
	0.0
	0.0
	0.0
	0.0
	0.0
	0.0
	0.0
	0.0
	0.0
	0.0
	0.0
	0.0
	0.0
	0.0
	0.0
	0.0
	0.0
	0.0
	0.0
	0.0
	0.0
	0.0
	0.0
	0.0
	0.0
	0.0
	0.0
	0.0
	0.0
	0.0
	0.0
	0.0
	0.0
	0.0
	0.0
	0.0
	0.0
	0.0
	0.0
	0.0
	0.0
	0.0
	0.0
	0.0
	0.0
	0.0
	0.0
	0.0
	0.0
	0.0
	0.0
	0.0
	0.0
	0.0
	0.0
	0.0
	0.0
	0.0
	0.0
	0.0
	0.0
	0.0
	0.0
	0.0
	0.0
	0.0
	0.0
	0.0
	0.0
	0.0
	0.0
	0.0
	0.0
	0.0
	0.0
	0.0
	0.0
	0.0
	0.0
	0.0
	0.0
	0.0
	0.0
	0.0
	0.0
	0.0
	0.0
	0.0
	0.0
	0.0
	0.0
	0.0
	0.0
	0.0
	0.0
	0.0
	0.0
	0.0
	0.0
	0.0
	0.0
	0.0
	0.0
	0.0
	0.0
	0.0
	0.0
	0.0
	0.0
	0.0
	0.0
	0.0
	0.0
	0.0
	0.0
	0.0
	0.0
	0.0
	0.0
	0.0
	0.0
	0.0
	0.0
	0.0
	0.0
	0.0
	0.0
	0.0
	0.0
	0.0
	0.0
	0.0
	0.0
	0.0
	0.0
	0.0
	0.0
	0.0
	0.0
	0.0
	0.0
	0.0
	0.0
	0.0
	0.0
	0.0
	0.0
	0.0
	0.0
	0.0
	0.0
	0.0
	0.0
	0.0
	0.0
	0.0
	0.0
	0.0
	0.0
	0.0
	0.0
	0.0
	0.0
	0.0
	0.0
	0.0
	0.0
	0.0
	0.0
	0.0
	0.0
	0.0
	0.0
	0.0
	0.0
	0.0
	0.0
	0.0
	0.0
	0.0
	0.0
	0.0
	0.0
	0.0
	0.0
	0.0
	0.0
	0.0
	0.0
	0.0
	0.0
	0.0
	0.0
	0.0
	0.0
	0.0
	0.0
	0.0
	0.0
	0.0
	0.0
	0.0
	0.0
	0.0
	0.0
	0.0
	0.0
	0.0
	0.0
	0.0
	0.0
	0.0
	0.0
	0.0
	0.0
	0.0
	0.0
	0.0
	0.0
	0.0
	0.0
	0.0
	0.0
	0.0
	0.0
	0.0
	0.0
	0.0
	0.0
	0.0
	0.0
	0.0
	0.0
	0.0
	0.0
	0.0
	0.0
	0.0
	0.0
	0.0
	0.0
	0.0
	0.0
	0.0
	0.0
	0.0
	0.0
	0.0
	0.0
	0.0
	0.0
	0.0
	0.0
	0.0
	0.0
	0.0
	0.0
	0.0
	0.0
	0.0
	0.0
	0.0
	0.0
	0.0
	0.0
	0.0
	0.0
	0.0
	0.0
	0.0
	0.0
	0.0
	0.0
	0.0
	0.0
	0.0
	0.0
	0.0
	0.0
	0.0
	0.0
	0.0
	0.0
	0.0
	0.0
	0.0
	0.0
	0.0
	0.0
	0.0
	0.0
	0.0
	0.0
	0.0
	0.0
	0.0
	0.0
	0.0
	0.0
	0.0
	0.0
	0.0
	0.0
	0.0
	0.0
	0.0
	0.0
	0.0
	0.0
	0.0
	0.0
	0.0
	0.0
	0.0
	0.0
	0.0
	0.0
	0.0
	0.0
	0.0
	0.0
	0.0
	0.0
	0.0
	0.0
	0.0
	0.0
	0.0
	0.0
	0.0
	0.0
	0.0
	0.0
	0.0
	0.0
	0.0
	0.0
	0.0
	0.0
	0.0
	0.0
	0.0
]