[
	1.0797786712646484
	1.0798527002334595
	1.0798754692077637
	1.0798988342285156
	1.0799418687820435
	1.0799798965454102
	1.08000648021698
	1.0800466537475586
	1.0800518989562988
	1.0800472497940063
	1.0800840854644775
	1.0801271200180054
	1.0801410675048828
	1.080156922340393
	1.0801974534988403
	1.0802268981933594
	1.0802428722381592
	1.0802468061447144
	1.080283522605896
	1.08030366897583
	1.080323338508606
	1.0803626775741577
	1.0803776979446411
	1.0804212093353271
	1.0804332494735718
	1.0804704427719116
	1.0805200338363647
	1.08053719997406
	1.0805768966674805
	1.0805870294570923
	1.0806323289871216
	1.080652117729187
	1.0807042121887207
	1.0807409286499023
	1.0807651281356812
	1.0807796716690063
	1.0808004140853882
	1.0808124542236328
	1.0808414220809937
	1.0808687210083008
	1.0809141397476196
	1.0809603929519653
	1.0809811353683472
	1.0810112953186035
	1.081051230430603
	1.0810892581939697
	1.08111572265625
	1.081147313117981
	1.0811752080917358
	1.0812101364135742
	1.0812492370605469
	1.0812671184539795
	1.0812958478927612
	1.081309199333191
	1.081324815750122
	1.0813709497451782
	1.081392526626587
	1.081418752670288
	1.0814619064331055
	1.0814722776412964
	1.081473708152771
	1.0815151929855347
	1.0815536975860596
	1.0815707445144653
	1.0815798044204712
	1.081590175628662
	1.0816094875335693
	1.0816293954849243
	1.0816588401794434
	1.0817081928253174
	1.0817415714263916
	1.0817694664001465
	1.0817924737930298
	1.081817388534546
	1.0818407535552979
	1.0818512439727783
	1.0818841457366943
	1.0819059610366821
	1.081922173500061
	1.0819411277770996
	1.0819764137268066
	1.0820237398147583
	1.0820536613464355
	1.082070231437683
	1.082125186920166
	1.082168459892273
	1.0821959972381592
	1.082221269607544
	1.0822337865829468
	1.0822973251342773
	1.0823038816452026
	1.0823298692703247
	1.082360029220581
	1.0823951959609985
	1.0824159383773804
	1.0824369192123413
	1.0824532508850098
	1.0824941396713257
	1.0825226306915283
	1.0825419425964355
	1.0825817584991455
	1.0825995206832886
	1.0826407670974731
	1.0826785564422607
	1.0827223062515259
	1.0827488899230957
	1.0827842950820923
	1.0827873945236206
	1.0828419923782349
	1.0828593969345093
	1.0828832387924194
	1.082901120185852
	1.082908272743225
	1.0829366445541382
	1.0829602479934692
	1.083008885383606
	1.0830352306365967
	1.0830780267715454
	1.0830905437469482
	1.0831294059753418
	1.0831369161605835
	1.0831856727600098
	1.0832312107086182
	1.0832574367523193
	1.083295226097107
	1.0833123922348022
	1.0833461284637451
	1.083357572555542
	1.0833895206451416
	1.083437442779541
	1.0834717750549316
	1.0834981203079224
	1.0835338830947876
	1.0835529565811157
	1.0835814476013184
	1.0836101770401
	1.083634614944458
	1.0836600065231323
	1.0837109088897705
	1.083756923675537
	1.08378267288208
	1.0838310718536377
	1.0838648080825806
	1.083876609802246
	1.083886981010437
	1.0839118957519531
	1.083953619003296
	1.083977222442627
	1.0839956998825073
	1.0840219259262085
	1.084032416343689
	1.0840495824813843
	1.0840684175491333
	1.0840933322906494
	1.084114670753479
	1.0841412544250488
	1.0841675996780396
	1.084196925163269
	1.0842344760894775
	1.0842598676681519
	1.0842918157577515
	1.0843329429626465
	1.0843602418899536
	1.0843816995620728
	1.0844054222106934
	1.0844377279281616
	1.084466576576233
	1.08449387550354
	1.0845212936401367
	1.084547758102417
	1.0845824480056763
	1.0846129655838013
	1.0846524238586426
	1.084681749343872
	1.0847059488296509
	1.0847101211547852
	1.0847280025482178
	1.0847554206848145
	1.0847820043563843
	1.0848160982131958
	1.084833025932312
	1.0848668813705444
	1.0848933458328247
	1.0849353075027466
	1.0849732160568237
	1.085000991821289
	1.0850201845169067
	1.0850478410720825
	1.0850697755813599
	1.085099220275879
	1.0851365327835083
	1.0851614475250244
	1.0851826667785645
	1.0852123498916626
	1.0852680206298828
	1.085293173789978
	1.0853160619735718
	1.0853514671325684
	1.0853711366653442
	1.085387110710144
	1.0854215621948242
	1.0854345560073853
	1.0854661464691162
	1.0855047702789307
	1.0855249166488647
	1.0855580568313599
	1.085586428642273
	1.0856068134307861
	1.0856449604034424
	1.0856817960739136
	1.085712194442749
	1.0857468843460083
	1.0857770442962646
	1.0858020782470703
	1.085837721824646
	1.085869550704956
	1.0858994722366333
	1.0859347581863403
	1.0859601497650146
	1.085996150970459
	1.0860307216644287
	1.0860636234283447
	1.0860998630523682
	1.0861295461654663
	1.0861730575561523
	1.0862212181091309
	1.0862390995025635
	1.0862693786621094
	1.0863043069839478
	1.0863401889801025
	1.0863652229309082
	1.0864020586013794
	1.086445927619934
	1.0864746570587158
	1.0865193605422974
	1.0865519046783447
	1.086584210395813
	1.0866146087646484
	1.0866378545761108
	1.0866787433624268
	1.0867112874984741
	1.086747646331787
	1.0867856740951538
	1.0868226289749146
	1.086861252784729
	1.0869064331054688
	1.086929202079773
	1.086968183517456
	1.0870046615600586
	1.0870414972305298
	1.0870734453201294
	1.0871042013168335
	1.0871424674987793
	1.0871857404708862
	1.0872398614883423
	1.0872716903686523
	1.0872976779937744
	1.087327480316162
	1.0873459577560425
	1.0873770713806152
	1.0874079465866089
	1.087436556816101
	1.087472915649414
	1.0874998569488525
	1.0875264406204224
	1.0875515937805176
	1.0875815153121948
	1.087615728378296
	1.0876597166061401
	1.0876929759979248
	1.0877277851104736
	1.0877660512924194
	1.087801456451416
	1.0878468751907349
	1.0878818035125732
	1.0879074335098267
	1.0879415273666382
	1.087986707687378
	1.0880292654037476
	1.0880669355392456
	1.088103175163269
	1.088146686553955
	1.088191032409668
	1.0882200002670288
	1.0882580280303955
	1.0882779359817505
	1.0882997512817383
	1.0883376598358154
	1.0883740186691284
	1.0884194374084473
	1.0884588956832886
	1.088487982749939
	1.0885417461395264
	1.0885798931121826
	1.088620901107788
	1.0886584520339966
	1.0886880159378052
	1.0887383222579956
	1.0887852907180786
	1.0888234376907349
	1.08887779712677
	1.0889182090759277
	1.0889638662338257
	1.0889962911605835
	1.0890347957611084
	1.0890811681747437
	1.0891289710998535
	1.0891778469085693
	1.0892136096954346
	1.0892530679702759
	1.0892988443374634
	1.0893464088439941
	1.089385747909546
	1.0894148349761963
	1.089452862739563
	1.0895063877105713
	1.0895472764968872
	1.0895828008651733
	1.0896228551864624
	1.0896695852279663
	1.0897043943405151
	1.089755892753601
	1.0897901058197021
	1.089833378791809
	1.0898680686950684
	1.08991539478302
	1.08995521068573
	1.0899914503097534
	1.090031385421753
	1.0900732278823853
	1.0901275873184204
	1.0901597738265991
	1.0902055501937866
	1.0902618169784546
	1.0903016328811646
	1.0903375148773193
	1.0903931856155396
	1.090448021888733
	1.0905112028121948
	1.0905638933181763
	1.0905948877334595
	1.0906347036361694
	1.0906800031661987
	1.090718150138855
	1.0907526016235352
	1.0907871723175049
	1.0908316373825073
	1.0908628702163696
	1.090905785560608
	1.090950846672058
	1.091001033782959
	1.0910478830337524
	1.0910918712615967
	1.0911184549331665
	1.091148018836975
	1.0911933183670044
	1.0912443399429321
	1.0912989377975464
	1.091329574584961
	1.0913759469985962
	1.0914188623428345
	1.0914595127105713
	1.0915075540542603
	1.0915520191192627
	1.0915875434875488
	1.0916128158569336
	1.0916521549224854
	1.0916889905929565
	1.091727614402771
	1.0917807817459106
	1.0918209552764893
	1.0918611288070679
	1.0919139385223389
	1.0919551849365234
	1.0919930934906006
	1.0920428037643433
	1.0921075344085693
	1.0921516418457031
	1.0922038555145264
	1.0922728776931763
	1.0923218727111816
	1.0923587083816528
	1.0924066305160522
	1.092455506324768
	1.0924921035766602
	1.092522382736206
	1.092561960220337
	1.0926145315170288
	1.0926637649536133
	1.0926982164382935
	1.0927479267120361
	1.092804193496704
	1.0928435325622559
	1.0928908586502075
	1.0929524898529053
	1.0929958820343018
	1.0930371284484863
	1.093090295791626
	1.093141794204712
	1.0931870937347412
	1.093229055404663
	1.093277931213379
	1.0933325290679932
	1.0933785438537598
	1.0934386253356934
	1.093488097190857
	1.093533992767334
	1.0935817956924438
	1.093622088432312
	1.0936737060546875
	1.0937213897705078
	1.0937749147415161
	1.0938245058059692
	1.0938769578933716
	1.093927025794983
	1.0939792394638062
	1.0940335988998413
	1.0940840244293213
	1.0941307544708252
	1.0941839218139648
	1.0942398309707642
	1.0942857265472412
	1.0943429470062256
	1.0943841934204102
	1.0944316387176514
	1.0944812297821045
	1.094541311264038
	1.0945885181427002
	1.0946235656738281
	1.0946635007858276
	1.0947115421295166
	1.094765067100525
	1.0948160886764526
	1.0948576927185059
	1.0949169397354126
	1.094963788986206
	1.0950032472610474
	1.0950614213943481
	1.095091462135315
	1.095137357711792
	1.0951915979385376
	1.0952515602111816
	1.0953080654144287
	1.0953595638275146
	1.0954136848449707
	1.095455288887024
	1.095507264137268
	1.0955554246902466
	1.095596194267273
	1.0956451892852783
	1.0956895351409912
	1.0957274436950684
	1.0957831144332886
	1.0958393812179565
	1.0958822965621948
	1.0959481000900269
	1.0960001945495605
	1.0960512161254883
	1.0960972309112549
	1.096138834953308
	1.0961968898773193
	1.0962496995925903
	1.096307396888733
	1.0963417291641235
	1.0963935852050781
	1.0964343547821045
	1.096469759941101
	1.0965301990509033
	1.096591830253601
	1.0966569185256958
	1.0966981649398804
	1.096754789352417
	1.0967999696731567
	1.0968447923660278
	1.0968904495239258
	1.0969438552856445
	1.096990704536438
	1.097045660018921
	1.097095251083374
	1.0971412658691406
	1.0971757173538208
	1.097214937210083
	1.097274899482727
	1.0973312854766846
	1.0973987579345703
	1.097450852394104
	1.0975182056427002
	1.0975686311721802
	1.0976039171218872
	1.0976530313491821
	1.0977064371109009
	1.097761869430542
	1.0978227853775024
	1.097865104675293
	1.097904086112976
	1.097951054573059
	1.0979918241500854
	1.0980385541915894
	1.0980737209320068
	1.0981334447860718
	1.098169207572937
	1.098219871520996
	1.0982764959335327
	1.0983242988586426
	1.098360300064087
	1.098418116569519
	1.0984513759613037
	1.098502516746521
	1.0985608100891113
	1.0985937118530273
	1.098638653755188
	1.0986934900283813
	1.0987489223480225
	1.0988067388534546
	1.0988457202911377
	1.0988973379135132
	1.098956823348999
	1.0990055799484253
	1.0990605354309082
	1.0991230010986328
	1.0991780757904053
	1.0992417335510254
	1.09929358959198
	1.0993367433547974
	1.099370002746582
	1.0994197130203247
	1.0994583368301392
	1.0995153188705444
	1.0995558500289917
	1.099609136581421
	1.099666714668274
	1.0997347831726074
	1.0997909307479858
	1.0998486280441284
	1.0998896360397339
	1.0999460220336914
	1.1000157594680786
	1.1000744104385376
	1.1001250743865967
	1.1001646518707275
	1.1002159118652344
	1.1002624034881592
	1.100337266921997
	1.1003891229629517
	1.1004432439804077
	1.1005104780197144
	1.1005772352218628
	1.1006232500076294
	1.1006778478622437
	1.1007221937179565
	1.1007963418960571
	1.1008539199829102
	1.1009100675582886
	1.1009601354599
	1.1010102033615112
	1.101073145866394
	1.1011205911636353
	1.1011781692504883
	1.101231336593628
	1.101302146911621
	1.1013474464416504
	1.101401925086975
	1.1014666557312012
	1.1015214920043945
	1.101597785949707
	1.1016465425491333
	1.1017107963562012
	1.1017696857452393
	1.1018283367156982
	1.1018757820129395
	1.101923942565918
	1.1019766330718994
	1.1020302772521973
	1.1020926237106323
	1.1021535396575928
	1.1022069454193115
	1.10226571559906
	1.1023305654525757
	1.1023787260055542
	1.1024258136749268
	1.1024842262268066
	1.1025456190109253
	1.1026008129119873
	1.1026555299758911
	1.1026917695999146
	1.1027519702911377
	1.102804183959961
	1.1028461456298828
	1.1028882265090942
	1.1029314994812012
	1.10298490524292
	1.1030362844467163
	1.1030936241149902
	1.1031668186187744
	1.1032042503356934
	1.1032590866088867
	1.1033127307891846
	1.1033668518066406
	1.1034235954284668
	1.1034767627716064
	1.1035373210906982
	1.1035833358764648
	1.1036429405212402
	1.1036990880966187
	1.103754997253418
	1.1037929058074951
	1.1038331985473633
	1.1038917303085327
	1.1039437055587769
	1.1040040254592896
	1.1040594577789307
	1.1041069030761719
	1.1041630506515503
	1.1042100191116333
	1.1042588949203491
	1.1043131351470947
	1.104374647140503
	1.1044195890426636
	1.104479432106018
	1.1045385599136353
	1.1045857667922974
	1.1046319007873535
	1.1046873331069946
	1.1047307252883911
	1.104794979095459
	1.104859471321106
	1.1049212217330933
	1.1049742698669434
	1.1050422191619873
	1.105098843574524
	1.1051514148712158
	1.105204701423645
	1.1052693128585815
	1.1053112745285034
	1.1053640842437744
	1.1054270267486572
	1.1054911613464355
	1.1055561304092407
	1.1056182384490967
	1.1056877374649048
	1.1057363748550415
	1.1057982444763184
	1.105869174003601
	1.1059322357177734
	1.1060006618499756
	1.1060640811920166
	1.1061198711395264
	1.1061819791793823
	1.1062383651733398
	1.106282353401184
	1.1063367128372192
	1.1063964366912842
	1.1064488887786865
	1.1065118312835693
	1.1065700054168701
	1.106643795967102
	1.1067042350769043
	1.1067641973495483
	1.106835126876831
	1.1068943738937378
	1.1069587469100952
	1.10700523853302
	1.1070688962936401
	1.1071281433105469
	1.107179045677185
	1.1072397232055664
	1.1072877645492554
	1.1073436737060547
	1.1073946952819824
	1.107441782951355
	1.1075139045715332
	1.107571005821228
	1.107630968093872
	1.1076961755752563
	1.1077439785003662
	1.1077944040298462
	1.1078548431396484
	1.107922077178955
	1.1079806089401245
	1.1080354452133179
	1.1080917119979858
	1.1081613302230835
	1.1082305908203125
	1.108265995979309
	1.1083335876464844
	1.1084119081497192
	1.1084818840026855
	1.1085381507873535
	1.108607530593872
	1.1086673736572266
	1.1087290048599243
	1.1087791919708252
	1.1088382005691528
	1.108885645866394
	1.1089473962783813
	1.1089789867401123
	1.1090370416641235
	1.109096646308899
	1.1091597080230713
	1.1092164516448975
	1.10927152633667
	1.109320044517517
	1.1093859672546387
	1.1094355583190918
	1.109479546546936
	1.1095558404922485
	1.1096056699752808
	1.1096751689910889
	1.1097252368927002
	1.1097962856292725
	1.1098549365997314
	1.1099154949188232
	1.1099580526351929
	1.110028624534607
	1.1100832223892212
	1.1101362705230713
	1.1101841926574707
	1.1102262735366821
	1.1102601289749146
	1.1103143692016602
	1.1103872060775757
	1.1104363203048706
	1.1105033159255981
	1.1105542182922363
	1.1106185913085938
	1.1106728315353394
	1.1107085943222046
	1.11076021194458
	1.1108312606811523
	1.1108994483947754
	1.1109530925750732
	1.111011028289795
	1.1110687255859375
	1.111115574836731
	1.1111730337142944
	1.1112184524536133
	1.1112961769104004
	1.1113524436950684
	1.111406683921814
	1.1114662885665894
	1.1115177869796753
	1.1115869283676147
	1.111660122871399
	1.1117072105407715
	1.1117557287216187
	1.111820936203003
	1.1118755340576172
	1.1119338274002075
	1.1119853258132935
	1.1120381355285645
	1.1120948791503906
	1.1121493577957153
	1.1122088432312012
	1.1122546195983887
	1.1123058795928955
	1.1123759746551514
	1.1124216318130493
	1.112457036972046
	1.1125160455703735
	1.112576961517334
	1.1126255989074707
	1.1126712560653687
	1.1127328872680664
	1.1127846240997314
	1.1128453016281128
	1.112889051437378
	1.112935185432434
	1.1129957437515259
	1.113034725189209
	1.1130876541137695
	1.1131595373153687
	1.1132214069366455
	1.1132664680480957
	1.1133174896240234
	1.1133722066879272
	1.113417387008667
	1.113452672958374
	1.1135131120681763
	1.1135673522949219
	1.1136213541030884
	1.1136746406555176
	1.1137207746505737
	1.1137789487838745
	1.1138266324996948
	1.113877773284912
	1.1139330863952637
	1.1139843463897705
	1.1140339374542236
	1.1140964031219482
	1.1141549348831177
	1.114202857017517
	1.1142537593841553
	1.1143070459365845
	1.114367961883545
	1.114424705505371
	1.1144940853118896
	1.1145572662353516
	1.1146275997161865
	1.114683747291565
	1.114738941192627
	1.1148009300231934
	1.1148674488067627
	1.1149306297302246
	1.1149847507476807
	1.1150398254394531
	1.1150946617126465
	1.1151654720306396
	1.11521577835083
	1.1152560710906982
	1.1152998208999634
	1.1153558492660522
	1.1154026985168457
	1.115439534187317
	1.1154855489730835
	1.1155351400375366
	1.1155941486358643
	1.1156548261642456
	1.115707278251648
	1.1157481670379639
	1.1157984733581543
	1.1158472299575806
	1.1159032583236694
	1.1159698963165283
	1.1160353422164917
	1.1161161661148071
	1.1161774396896362
	1.116218090057373
	1.1162747144699097
	1.116331934928894
	1.11639404296875
	1.1164453029632568
	1.1165028810501099
	1.1165410280227661
	1.1166094541549683
	1.1166585683822632
	1.1167120933532715
	1.1167724132537842
	1.1168344020843506
	1.1168925762176514
	1.116956353187561
	1.1170111894607544
	1.1170623302459717
	1.1171238422393799
	1.1171855926513672
	1.117241621017456
	1.117289423942566
	1.1173455715179443
	1.1174122095108032
	1.117478609085083
	1.1175258159637451
	1.1175854206085205
	1.1176488399505615
	1.1177129745483398
	1.117776870727539
	1.1178309917449951
	1.1178898811340332
	1.1179460287094116
	1.1180201768875122
	1.1180976629257202
	1.1181554794311523
	1.1182148456573486
	1.1182695627212524
	1.1183348894119263
	1.1183876991271973
	1.1184355020523071
	1.1184943914413452
	1.118544101715088
	1.1186096668243408
	1.118659496307373
	1.1187013387680054
	1.1187437772750854
	1.1187914609909058
	1.1188435554504395
	1.1188921928405762
	1.1189371347427368
	1.1189930438995361
	1.1190472841262817
	1.1190857887268066
	1.1191405057907104
	1.1191822290420532
	1.1192489862442017
	1.1192810535430908
	1.1193389892578125
	1.119400143623352
	1.1194539070129395
	1.1195064783096313
	1.1195565462112427
	1.1196073293685913
	1.1196650266647339
	1.1197230815887451
	1.1197811365127563
	1.119826316833496
	1.1198763847351074
	1.119903326034546
	1.1199535131454468
	1.1200164556503296
	1.1200631856918335
	1.1201307773590088
	1.1201906204223633
	1.1202484369277954
	1.1203091144561768
	1.120353102684021
	1.1203927993774414
	1.120442509651184
	1.1205060482025146
	1.1205685138702393
	1.1206265687942505
	1.1206921339035034
	1.1207449436187744
	1.1207911968231201
	1.1208157539367676
	1.1208679676055908
	1.1209169626235962
	1.1209670305252075
	1.1210150718688965
	1.1210640668869019
	1.1211223602294922
	1.121168613433838
	1.121221661567688
	1.1212791204452515
	1.1213332414627075
	1.1213856935501099
	1.1214380264282227
	1.1214932203292847
	1.1215579509735107
	1.1216027736663818
	1.1216692924499512
	1.1217410564422607
	1.1217784881591797
	1.121829867362976
	1.1218841075897217
	1.1219375133514404
	1.1219894886016846
	1.1220405101776123
	1.1220978498458862
	1.1221450567245483
	1.1221941709518433
	1.1222543716430664
	1.122313380241394
	1.122352957725525
	1.1224019527435303
	1.1224550008773804
	1.1225152015686035
	1.1225764751434326
	1.1226450204849243
	1.1226917505264282
	1.1227487325668335
	1.1227964162826538
	1.1228381395339966
	1.122879981994629
	1.122939109802246
	1.122985601425171
	1.1230449676513672
	1.1230943202972412
	1.123131513595581
	1.123199224472046
	1.1232733726501465
	1.1233497858047485
	1.1234043836593628
	1.1234588623046875
	1.1235079765319824
	1.1235785484313965
	1.1236319541931152
	1.1236923933029175
	1.1237355470657349
	1.1237927675247192
	1.1238306760787964
	1.123891830444336
	1.1239546537399292
	1.124003291130066
	1.1240559816360474
	1.124112606048584
	1.124157190322876
	1.1242287158966064
	1.1242785453796387
	1.1243466138839722
	1.1243982315063477
	1.1244558095932007
	1.1245102882385254
	1.1245476007461548
	1.1246062517166138
	1.124645709991455
	1.1246860027313232
	1.1247371435165405
	1.1247961521148682
	1.1248441934585571
	1.1248852014541626
	1.1249555349349976
	1.1249958276748657
	1.1250600814819336
	1.1251091957092285
	1.1251744031906128
	1.1252233982086182
	1.1252877712249756
	1.1253626346588135
	1.1254037618637085
	1.125470757484436
	1.1255191564559937
	1.1255847215652466
	1.125640630722046
	1.1256883144378662
	1.1257463693618774
	1.1257811784744263
	1.125830888748169
	1.1258786916732788
	1.1259256601333618
	1.1259843111038208
	1.1260321140289307
	1.1260801553726196
	1.1261497735977173
	1.1262093782424927
	1.126243233680725
	1.1262842416763306
	1.1263242959976196
	1.1263859272003174
	1.1264402866363525
	1.1264960765838623
	1.1265498399734497
	1.1265828609466553
	1.1266165971755981
	1.1266725063323975
	1.126729965209961
	1.1267815828323364
	1.1268383264541626
	1.1268939971923828
	1.1269385814666748
	1.1269932985305786
	1.1270489692687988
	1.1270990371704102
	1.127156138420105
	1.1272050142288208
	1.12725830078125
	1.1273159980773926
	1.127381682395935
	1.1274168491363525
	1.1274546384811401
	1.1275062561035156
	1.1275599002838135
	1.1276215314865112
	1.127686619758606
	1.1277484893798828
	1.1278011798858643
	1.1278550624847412
	1.1279128789901733
	1.12797212600708
	1.1280349493026733
	1.128090739250183
	1.1281383037567139
	1.1281901597976685
	1.128243327140808
	1.1282939910888672
	1.1283528804779053
	1.128395438194275
	1.128448247909546
	1.128484845161438
	1.128550410270691
	1.1286044120788574
	1.1286468505859375
	1.1287009716033936
	1.1287572383880615
	1.1288117170333862
	1.128858208656311
	1.1289284229278564
	1.1289936304092407
	1.129055380821228
	1.1291065216064453
	1.129165530204773
	1.1291959285736084
	1.12925386428833
	1.1292983293533325
	1.1293585300445557
	1.1294097900390625
	1.1294625997543335
	1.129520297050476
	1.129577398300171
	1.1296539306640625
	1.1297115087509155
	1.1297705173492432
	1.1298335790634155
	1.1298736333847046
	1.1299338340759277
	1.129981279373169
	1.1300333738327026
	1.1300886869430542
	1.1301442384719849
	1.130208969116211
	1.130257248878479
	1.1303083896636963
	1.1303678750991821
	1.1304255723953247
	1.1304653882980347
	1.1305242776870728
	1.1305841207504272
	1.130638837814331
	1.1306946277618408
	1.130743384361267
	1.1307932138442993
	1.1308308839797974
	1.1308798789978027
	1.1309516429901123
	1.1309858560562134
	1.1310433149337769
	1.131105661392212
	1.1311566829681396
	1.1312024593353271
	1.1312505006790161
	1.131308913230896
	1.1313647031784058
	1.131419062614441
	1.1315021514892578
	1.131574034690857
	1.1316232681274414
	1.1316893100738525
	1.1317355632781982
	1.1317802667617798
	1.131830096244812
	1.1318840980529785
	1.1319295167922974
	1.1319966316223145
	1.1320481300354004
	1.132112979888916
	1.1321489810943604
	1.1322036981582642
	1.132248878479004
	1.1322962045669556
	1.1323384046554565
	1.1323916912078857
	1.1324434280395508
	1.132500410079956
	1.1325325965881348
	1.1325907707214355
	1.132637619972229
	1.1326937675476074
	1.1327522993087769
	1.1327979564666748
	1.132861852645874
	1.1329106092453003
	1.1329609155654907
	1.1330301761627197
	1.1330698728561401
	1.1331082582473755
	1.1331685781478882
	1.1332073211669922
	1.1332671642303467
	1.1333218812942505
	1.1333699226379395
	1.1334227323532104
	1.1334624290466309
	1.133512020111084
	1.1335656642913818
	1.1336207389831543
	1.1336722373962402
	1.133721947669983
	1.1337559223175049
	1.1338083744049072
	1.133859395980835
	1.1339162588119507
	1.1339702606201172
	1.1340161561965942
	1.1340748071670532
	1.1341233253479004
	1.1341867446899414
	1.1342328786849976
	1.1342756748199463
	1.1343178749084473
	1.1343660354614258
	1.1344270706176758
	1.1344597339630127
	1.134505271911621
	1.13457453250885
	1.1346136331558228
	1.1346580982208252
	1.1347110271453857
	1.1347726583480835
	1.1348326206207275
	1.1348888874053955
	1.1349252462387085
	1.1349796056747437
	1.1350349187850952
	1.135097861289978
	1.1351407766342163
	1.1351854801177979
	1.1352460384368896
	1.1352999210357666
	1.135343313217163
	1.1353775262832642
	1.1354248523712158
	1.1354731321334839
	1.1355059146881104
	1.1355708837509155
	1.1356098651885986
	1.1356678009033203
	1.135730504989624
	1.1357762813568115
	1.13583242893219
	1.1358659267425537
	1.135919451713562
	1.1359760761260986
	1.1360092163085938
	1.1360514163970947
	1.1361141204833984
	1.1361618041992188
	1.1362204551696777
	1.1362626552581787
	1.1363178491592407
	1.1363461017608643
	1.1364171504974365
	1.136462926864624
	1.1365171670913696
	1.1365717649459839
	1.13662850856781
	1.1367043256759644
	1.136758804321289
	1.1368200778961182
	1.1368532180786133
	1.1369116306304932
	1.1369792222976685
	1.1370220184326172
	1.1370668411254883
	1.1371238231658936
	1.137173056602478
	1.1372108459472656
	1.1372647285461426
	1.1373252868652344
	1.1373789310455322
	1.1374211311340332
	1.137479543685913
	1.1375263929367065
	1.137594223022461
	1.1376237869262695
	1.1376638412475586
	1.1377390623092651
	1.1377967596054077
	1.1378413438796997
	1.13788902759552
	1.137932538986206
	1.1379908323287964
	1.1380523443222046
	1.1381096839904785
	1.138158917427063
	1.138188123703003
	1.1382309198379517
	1.138296365737915
	1.1383527517318726
	1.1384119987487793
	1.1384680271148682
	1.1385282278060913
	1.1385642290115356
	1.1386265754699707
	1.1386774778366089
	1.1387155055999756
	1.1387684345245361
	1.138832926750183
	1.1388849020004272
	1.1389312744140625
	1.1389780044555664
	1.139011263847351
	1.139061689376831
	1.139115810394287
	1.1391767263412476
	1.1392194032669067
	1.139294981956482
	1.139357566833496
	1.1394240856170654
	1.1394797563552856
	1.1395256519317627
	1.1395772695541382
	1.1396334171295166
	1.1396865844726562
	1.1397372484207153
	1.139787197113037
	1.1398450136184692
	1.1399118900299072
	1.1399744749069214
	1.1400268077850342
	1.1400924921035767
	1.1401450634002686
	1.1401985883712769
	1.14024817943573
	1.1403050422668457
	1.140342354774475
	1.1403818130493164
	1.1404266357421875
	1.1404801607131958
	1.1405481100082397
	1.1405987739562988
	1.1406567096710205
	1.1407124996185303
	1.1407686471939087
	1.140804648399353
	1.1408611536026
	1.1409168243408203
	1.140962839126587
	1.141025424003601
	1.1410763263702393
	1.1411256790161133
	1.1411563158035278
	1.1411985158920288
	1.141241192817688
	1.141282558441162
	1.1413317918777466
	1.1413896083831787
	1.1414331197738647
	1.1414726972579956
	1.1415178775787354
	1.1415579319000244
	1.1416044235229492
	1.1416473388671875
	1.1416822671890259
	1.1417337656021118
	1.14178466796875
	1.1418280601501465
	1.141876459121704
	1.1419256925582886
	1.1419733762741089
	1.142025113105774
	1.1420722007751465
	1.1421126127243042
	1.1421595811843872
	1.1422076225280762
	1.1422491073608398
	1.1422998905181885
	1.142346978187561
	1.1423689126968384
	1.1424120664596558
	1.1424660682678223
	1.1425005197525024
	1.1425374746322632
	1.1425879001617432
	1.1426175832748413
	1.14265775680542
	1.142711877822876
	1.142777442932129
	1.1428415775299072
	1.1428805589675903
	1.1429139375686646
	1.142963171005249
	1.1430103778839111
	1.143050193786621
	1.1431236267089844
	1.1431689262390137
	1.143218994140625
	1.1432570219039917
	1.1433031558990479
	1.1433610916137695
	1.1434084177017212
	1.1434544324874878
	1.1435197591781616
	1.143554449081421
	1.1435872316360474
	1.1436114311218262
	1.1436576843261719
	1.1437056064605713
	1.1437188386917114
	1.1437608003616333
	1.1438004970550537
	1.143862009048462
	1.1438924074172974
	1.1439656019210815
	1.1440216302871704
	1.1440799236297607
	1.144134521484375
	1.14417564868927
	1.1442335844039917
	1.1442724466323853
	1.1443434953689575
	1.1443856954574585
	1.1444165706634521
	1.1444802284240723
	1.144540548324585
	1.1446077823638916
	1.1446573734283447
	1.1447173357009888
	1.1447395086288452
	1.144790530204773
	1.1448540687561035
	1.1448907852172852
	1.1449389457702637
	1.1449947357177734
	1.1450306177139282
	1.1450748443603516
	1.1451209783554077
	1.1451672315597534
	1.1452264785766602
	1.1452831029891968
	1.1453202962875366
	1.1453571319580078
	1.1454005241394043
	1.145444631576538
	1.1455037593841553
	1.14553964138031
	1.145606517791748
	1.1456693410873413
	1.1457147598266602
	1.145754098892212
	1.1458122730255127
	1.1458624601364136
	1.1459101438522339
	1.1459540128707886
	1.1459871530532837
	1.1460344791412354
	1.1460766792297363
	1.146121621131897
	1.1461758613586426
	1.1462373733520508
	1.1462825536727905
	1.146329641342163
	1.1463874578475952
	1.1464240550994873
	1.1464478969573975
	1.146506905555725
	1.146561861038208
	1.146618127822876
	1.1466636657714844
	1.1467080116271973
	1.1467496156692505
	1.1468082666397095
	1.14686918258667
	1.1469099521636963
	1.146958351135254
	1.1470173597335815
	1.1470686197280884
	1.1471037864685059
	1.1471408605575562
	1.1471868753433228
	1.1472399234771729
	1.1472973823547363
	1.147335171699524
	1.1473760604858398
	1.1474274396896362
	1.1474896669387817
	1.1475343704223633
	1.1475731134414673
	1.1476185321807861
	1.1476521492004395
	1.1477010250091553
	1.1477370262145996
	1.1477729082107544
	1.147810697555542
	1.147851586341858
	1.147882342338562
	1.1479284763336182
	1.14795982837677
	1.1479978561401367
	1.1480430364608765
	1.1480906009674072
	1.148132085800171
	1.1481603384017944
	1.148196816444397
	1.148234486579895
	1.1482852697372437
	1.1483231782913208
	1.1483519077301025
	1.148398518562317
	1.1484531164169312
	1.1485098600387573
	1.1485469341278076
	1.1485991477966309
	1.1486411094665527
	1.1486611366271973
	1.1486999988555908
	1.1487339735031128
	1.1487740278244019
	1.1488124132156372
	1.1488598585128784
	1.1489019393920898
	1.1489288806915283
	1.1489617824554443
	1.1490192413330078
	1.1490657329559326
	1.1490998268127441
	1.1491514444351196
	1.1491793394088745
	1.1492340564727783
	1.149274468421936
	1.1493003368377686
	1.1493206024169922
	1.1493586301803589
	1.1493988037109375
	1.1494431495666504
	1.14947509765625
	1.1494907140731812
	1.149548053741455
	1.149605393409729
	1.149655818939209
	1.149691104888916
	1.1497392654418945
	1.1498054265975952
	1.1498503684997559
	1.1499032974243164
	1.1499541997909546
	1.1499940156936646
	1.1500369310379028
	1.1500674486160278
	1.1501145362854004
	1.1501671075820923
	1.1502103805541992
	1.150259017944336
	1.150302529335022
	1.1503480672836304
	1.150410771369934
	1.1504665613174438
	1.1505153179168701
	1.1505577564239502
	1.1506080627441406
	1.1506427526474
	1.150687575340271
	1.1507314443588257
	1.1507666110992432
	1.150821328163147
	1.150864839553833
	1.1509088277816772
	1.1509716510772705
	1.1509820222854614
	1.1510369777679443
	1.1510664224624634
	1.1511204242706299
	1.151174783706665
	1.1512154340744019
	1.1512713432312012
	1.1513094902038574
	1.1513563394546509
	1.1513817310333252
	1.1514099836349487
	1.1514506340026855
	1.1515005826950073
	1.1515201330184937
	1.1515616178512573
	1.151599645614624
	1.1516419649124146
	1.1516871452331543
	1.151742935180664
	1.1517760753631592
	1.1518292427062988
	1.1518595218658447
	1.1519101858139038
	1.1519670486450195
	1.1520037651062012
	1.1520706415176392
	1.1520943641662598
	1.152123212814331
	1.1521532535552979
	1.1521998643875122
	1.1522446870803833
	1.1522880792617798
	1.1523351669311523
	1.152389645576477
	1.1524238586425781
	1.152462363243103
	1.1525037288665771
	1.1525378227233887
	1.152571439743042
	1.152601718902588
	1.1526538133621216
	1.1527003049850464
	1.1527245044708252
	1.152774691581726
	1.1528127193450928
	1.1528509855270386
	1.152888298034668
	1.1529159545898438
	1.1529598236083984
	1.1529909372329712
	1.1530653238296509
	1.1531167030334473
	1.1531624794006348
	1.1532020568847656
	1.1532413959503174
	1.1532607078552246
	1.1532846689224243
	1.1533114910125732
	1.1533385515213013
	1.1533725261688232
	1.1534020900726318
	1.1534358263015747
	1.153466820716858
	1.1535007953643799
	1.1535441875457764
	1.153587818145752
	1.1536376476287842
	1.1536730527877808
	1.1537150144577026
	1.1537501811981201
	1.1538255214691162
	1.153855323791504
	1.153901219367981
	1.1539297103881836
	1.153981328010559
	1.1540166139602661
	1.154043436050415
	1.1540992259979248
	1.1541564464569092
	1.1542038917541504
	1.154224157333374
	1.154242992401123
	1.154278039932251
	1.1543152332305908
	1.1543512344360352
	1.1543926000595093
	1.1544349193572998
	1.1544830799102783
	1.1545122861862183
	1.1545782089233398
	1.1546270847320557
	1.1546605825424194
	1.1546896696090698
	1.1547317504882812
	1.1547566652297974
	1.154786229133606
	1.1548316478729248
	1.1548418998718262
	1.1548932790756226
	1.1549263000488281
	1.1549721956253052
	1.1550078392028809
	1.1550227403640747
	1.1550639867782593
	1.155112862586975
	1.155152678489685
	1.1552050113677979
	1.1552338600158691
	1.1552773714065552
	1.1553187370300293
	1.1553455591201782
	1.1553651094436646
	1.1554006338119507
	1.155443787574768
	1.155499815940857
	1.1555461883544922
	1.1555864810943604
	1.155632734298706
	1.1556605100631714
	1.155710220336914
	1.1557495594024658
	1.1557639837265015
	1.1557985544204712
	1.1558409929275513
	1.1558576822280884
	1.155881643295288
	1.1559323072433472
	1.1559667587280273
	1.1560052633285522
	1.1560455560684204
	1.1560769081115723
	1.1561061143875122
	1.1561716794967651
	1.156187891960144
	1.156207799911499
	1.1562299728393555
	1.1562658548355103
	1.156302809715271
	1.1563658714294434
	1.156409502029419
	1.1564546823501587
	1.1564754247665405
	1.156515121459961
	1.156538963317871
	1.1565951108932495
	1.1566280126571655
	1.1566661596298218
	1.1567034721374512
	1.156730055809021
	1.1567509174346924
	1.1567740440368652
	1.15682053565979
	1.1568470001220703
	1.1568617820739746
	1.1569033861160278
	1.156917929649353
	1.1569734811782837
	1.157019853591919
	1.1570520401000977
	1.157085657119751
	1.1571061611175537
	1.157151699066162
	1.1572052240371704
	1.1572061777114868
	1.1572399139404297
	1.1572803258895874
	1.157325267791748
	1.1573481559753418
	1.157387614250183
	1.1574301719665527
	1.1574530601501465
	1.1574822664260864
	1.1575236320495605
	1.1575579643249512
	1.157596468925476
	1.1576285362243652
	1.1576449871063232
	1.1576802730560303
	1.1577249765396118
	1.1577643156051636
	1.1578160524368286
	1.157858967781067
	1.1578919887542725
	1.1579294204711914
	1.1579747200012207
	1.1580188274383545
	1.1580674648284912
	1.158105492591858
	1.1581475734710693
	1.1581735610961914
	1.1581963300704956
	1.1582212448120117
	1.158259630203247
	1.1582996845245361
	1.158331274986267
	1.1583725214004517
	1.1584196090698242
	1.1584575176239014
	1.1584903001785278
	1.1585156917572021
	1.158557653427124
	1.158577799797058
	1.1586048603057861
	1.1586503982543945
	1.158677101135254
	1.1587110757827759
	1.1587382555007935
	1.1587718725204468
	1.1588115692138672
	1.1588373184204102
	1.158860445022583
	1.1588953733444214
	1.1589202880859375
	1.1589654684066772
	1.1589800119400024
	1.1590396165847778
	1.1590702533721924
	1.1591109037399292
	1.1591500043869019
	1.1591615676879883
	1.159192681312561
	1.1592527627944946
	1.1592415571212769
	1.159271001815796
	1.159298300743103
	1.1593278646469116
	1.1593477725982666
	1.1593937873840332
	1.1594091653823853
	1.1594460010528564
	1.1594600677490234
	1.1595056056976318
	1.1595244407653809
	1.1595561504364014
	1.1595768928527832
	1.1596096754074097
	1.1596386432647705
	1.1596851348876953
	1.159716010093689
	1.159743309020996
	1.159786343574524
	1.1598362922668457
	1.1598666906356812
	1.159906029701233
	1.1599433422088623
	1.1599915027618408
	1.1600054502487183
	1.1600717306137085
	1.1601033210754395
	1.1601498126983643
	1.160172939300537
	1.1601858139038086
	1.1602188348770142
	1.1602461338043213
	1.1602778434753418
	1.1603082418441772
	1.1603434085845947
	1.1603929996490479
	1.1603915691375732
	1.1604416370391846
	1.1604886054992676
	1.1605288982391357
	1.160550594329834
	1.1605647802352905
	1.1606045961380005
	1.1606411933898926
	1.1606818437576294
	1.1607035398483276
	1.160763144493103
	1.1608057022094727
	1.1608561277389526
	1.1608545780181885
	1.1608757972717285
	1.160910964012146
	1.1609466075897217
	1.1609845161437988
	1.161009430885315
	1.1610554456710815
	1.1610978841781616
	1.161109209060669
	1.1611177921295166
	1.1611599922180176
	1.1611915826797485
	1.1612153053283691
	1.1612266302108765
	1.1612664461135864
	1.1613168716430664
	1.161368727684021
	1.1613953113555908
	1.1614166498184204
	1.161455750465393
	1.1614596843719482
	1.1615045070648193
	1.1615283489227295
	1.1615480184555054
	1.1615631580352783
	1.1615930795669556
	1.161629557609558
	1.1616690158843994
	1.1617000102996826
	1.161744475364685
	1.1617735624313354
	1.1618090867996216
	1.161839246749878
	1.1618660688400269
	1.1619060039520264
	1.1619360446929932
	1.1619423627853394
	1.1619658470153809
	1.1620038747787476
	1.1620161533355713
	1.1620482206344604
	1.162074327468872
	1.1621006727218628
	1.162157654762268
	1.1621966361999512
	1.1622302532196045
	1.1622461080551147
	1.1622735261917114
	1.1623029708862305
	1.1623369455337524
	1.1623663902282715
	1.1624032258987427
	1.1624219417572021
	1.1624395847320557
	1.1624494791030884
	1.1624619960784912
	1.1625057458877563
	1.162532091140747
	1.1625570058822632
	1.1626089811325073
	1.1626393795013428
	1.1626595258712769
	1.1626986265182495
	1.1627222299575806
	1.1627593040466309
	1.162758708000183
	1.1627925634384155
	1.1628131866455078
	1.1628466844558716
	1.1628623008728027
	1.1629019975662231
	1.16291344165802
	1.1629499197006226
	1.1629877090454102
	1.163010597229004
	1.163025975227356
	1.1630682945251465
	1.1630860567092896
	1.1631141901016235
	1.1631417274475098
	1.1631760597229004
	1.1632039546966553
	1.1632229089736938
	1.1632438898086548
	1.163273811340332
	1.1633156538009644
	1.1633433103561401
	1.1633771657943726
	1.1634061336517334
	1.1634173393249512
	1.1634564399719238
	1.1634896993637085
	1.1635109186172485
	1.1635167598724365
	1.1635582447052002
	1.1635684967041016
	1.1635935306549072
	1.163622498512268
	1.163644552230835
	1.1636557579040527
	1.163674235343933
	1.1636886596679688
	1.1637457609176636
	1.1637831926345825
	1.163818359375
	1.1638494729995728
	1.1638731956481934
	1.1638892889022827
	1.163920283317566
	1.1639494895935059
	1.1639890670776367
	1.1640352010726929
	1.164072036743164
	1.1641113758087158
	1.1641331911087036
	1.1641716957092285
	1.164175271987915
	1.1642035245895386
	1.1642297506332397
	1.1642752885818481
	1.1643054485321045
	1.1643364429473877
	1.1643515825271606
	1.1643762588500977
	1.16441011428833
	1.164425253868103
	1.164443016052246
	1.1644850969314575
	1.1645231246948242
	1.1645718812942505
	1.1646230220794678
	1.1646541357040405
	1.1647008657455444
	1.1647191047668457
	1.1647475957870483
	1.1647790670394897
	1.164798617362976
	1.1648226976394653
	1.1648465394973755
	1.1648510694503784
	1.1648783683776855
	1.1649017333984375
	1.1649184226989746
	1.1649551391601562
	1.1649503707885742
	1.164992332458496
	1.165024995803833
	1.1650587320327759
	1.1650822162628174
	1.165102481842041
	1.165103554725647
	1.1651190519332886
	1.1651437282562256
	1.1651581525802612
	1.1651910543441772
	1.1652084589004517
	1.1652307510375977
	1.165273904800415
	1.165294885635376
	1.1653306484222412
	1.1653764247894287
	1.1653972864151
	1.1654114723205566
	1.1654348373413086
	1.165450930595398
	1.1654926538467407
	1.1655157804489136
	1.1655277013778687
	1.1655535697937012
	1.1655621528625488
	1.1655738353729248
	1.1656163930892944
	1.165619969367981
	1.1656358242034912
	1.165665864944458
	1.1656887531280518
	1.165704369544983
	1.1657414436340332
	1.1657612323760986
	1.165795922279358
	1.165834903717041
	1.1658645868301392
	1.1658909320831299
	1.165930151939392
	1.1659650802612305
	1.1660182476043701
	1.1660473346710205
	1.1660850048065186
	1.1661080121994019
	1.166144609451294
	1.1661617755889893
	1.1662007570266724
	1.1662036180496216
	1.1662551164627075
	1.1662789583206177
	1.166311502456665
	1.1663459539413452
	1.1663556098937988
	1.1663717031478882
	1.1663850545883179
	1.1664139032363892
	1.1664501428604126
	1.166458249092102
	1.1664824485778809
	1.1665345430374146
	1.1665397882461548
	1.1665745973587036
	1.1666228771209717
	1.166649341583252
	1.1666613817214966
	1.1666935682296753
	1.1667208671569824
	1.166736125946045
	1.1667479276657104
	1.1667604446411133
	1.166774868965149
]