[
	1.187502384185791
	1.1874898672103882
	1.1874678134918213
	1.1874456405639648
	1.187437653541565
	1.1874366998672485
	1.1874160766601562
	1.1873877048492432
	1.18735933303833
	1.1873447895050049
	1.1872990131378174
	1.1872614622116089
	1.1872406005859375
	1.1872175931930542
	1.187205195426941
	1.1872200965881348
	1.18720281124115
	1.1871874332427979
	1.187201976776123
	1.1871936321258545
	1.1871678829193115
	1.1871732473373413
	1.1871798038482666
	1.187174677848816
	1.187183141708374
	1.1871848106384277
	1.1871775388717651
	1.1871709823608398
	1.1871681213378906
	1.187157154083252
	1.1871538162231445
	1.187134027481079
	1.1871261596679688
	1.1871155500411987
	1.1870983839035034
	1.187097191810608
	1.1870867013931274
	1.1870678663253784
	1.1870509386062622
	1.187026023864746
	1.1869932413101196
	1.1869632005691528
	1.1869444847106934
	1.1869384050369263
	1.1869086027145386
	1.186890959739685
	1.1868860721588135
	1.1868433952331543
	1.1868337392807007
	1.1868218183517456
	1.1868057250976562
	1.1867907047271729
	1.1867671012878418
	1.1867589950561523
	1.1867421865463257
	1.1867278814315796
	1.1867026090621948
	1.1866867542266846
	1.1866655349731445
	1.1866426467895508
	1.1866157054901123
	1.1865854263305664
	1.1865673065185547
	1.186559796333313
	1.1865419149398804
	1.1865363121032715
	1.1865134239196777
	1.1865144968032837
	1.1864984035491943
	1.186476469039917
	1.1864466667175293
	1.186409831047058
	1.1863975524902344
	1.1863847970962524
	1.1863676309585571
	1.1863484382629395
	1.1863425970077515
	1.1863054037094116
	1.1862976551055908
	1.1862753629684448
	1.1862398386001587
	1.1862139701843262
	1.1861975193023682
	1.1861885786056519
	1.1861705780029297
	1.1861470937728882
	1.1861149072647095
	1.1860803365707397
	1.186061978340149
	1.1860376596450806
	1.1860196590423584
	1.186002492904663
	1.1859924793243408
	1.1859638690948486
	1.185951828956604
	1.1859265565872192
	1.1858937740325928
	1.1858643293380737
	1.185856819152832
	1.1858432292938232
	1.1858187913894653
	1.185801386833191
	1.1857842206954956
	1.1857717037200928
	1.1857719421386719
	1.1857433319091797
	1.185721755027771
	1.1856974363327026
	1.185686469078064
	1.1856657266616821
	1.18563711643219
	1.1856131553649902
	1.1856003999710083
	1.1855753660202026
	1.1855493783950806
	1.185530662536621
	1.1855157613754272
	1.1854950189590454
	1.185482382774353
	1.1854631900787354
	1.1854475736618042
	1.185417890548706
	1.1854153871536255
	1.1853967905044556
	1.1853920221328735
	1.18538236618042
	1.185367465019226
	1.1853399276733398
	1.1853176355361938
	1.1852881908416748
	1.185262680053711
	1.1852655410766602
	1.1852551698684692
	1.1852446794509888
	1.185228705406189
	1.1851921081542969
	1.1851733922958374
	1.1851496696472168
	1.1851381063461304
	1.1851142644882202
	1.1850917339324951
	1.185064673423767
	1.1850464344024658
	1.1850427389144897
	1.185005784034729
	1.1849987506866455
	1.1849771738052368
	1.1849571466445923
	1.1849225759506226
	1.184892177581787
	1.1848797798156738
	1.1848496198654175
	1.1848289966583252
	1.184813380241394
	1.1847821474075317
	1.184760332107544
	1.1847341060638428
	1.1847195625305176
	1.1847000122070312
	1.1846895217895508
	1.184672236442566
	1.1846590042114258
	1.1846529245376587
	1.1846389770507812
	1.184645175933838
	1.1846318244934082
	1.1846174001693726
	1.1846075057983398
	1.1845860481262207
	1.1845722198486328
	1.184544324874878
	1.1845465898513794
	1.1845312118530273
	1.184509515762329
	1.1844984292984009
	1.1844664812088013
	1.184450387954712
	1.1844388246536255
	1.1844291687011719
	1.1844234466552734
	1.1844178438186646
	1.184401273727417
	1.1843879222869873
	1.1843839883804321
	1.1843653917312622
	1.1843509674072266
	1.1843376159667969
	1.1843247413635254
	1.1843088865280151
	1.1842907667160034
	1.1842724084854126
	1.1842552423477173
	1.1842362880706787
	1.1842095851898193
	1.1841840744018555
	1.1841696500778198
	1.1841472387313843
	1.1841305494308472
	1.1841014623641968
	1.1840794086456299
	1.1840800046920776
	1.184065341949463
	1.1840531826019287
	1.1840522289276123
	1.1840425729751587
	1.1840461492538452
	1.18405020236969
	1.1840389966964722
	1.1840252876281738
	1.1840269565582275
	1.1840142011642456
	1.1839991807937622
	1.1839925050735474
	1.1839722394943237
	1.1839663982391357
	1.1839587688446045
	1.1839293241500854
	1.1839174032211304
	1.1839243173599243
	1.1839128732681274
	1.1839075088500977
	1.1838945150375366
	1.1838711500167847
	1.183844804763794
	1.1838337182998657
	1.1838231086730957
	1.183810830116272
	1.1837998628616333
	1.183774471282959
	1.1837371587753296
	1.1837266683578491
	1.1837035417556763
	1.183692455291748
	1.1836762428283691
	1.1836603879928589
	1.1836494207382202
	1.1836373805999756
	1.183620572090149
	1.183600902557373
	1.1835856437683105
	1.183564305305481
	1.1835471391677856
	1.183545708656311
	1.1835315227508545
	1.1835235357284546
	1.1835072040557861
	1.183500051498413
	1.1834864616394043
	1.1834543943405151
	1.1834332942962646
	1.1834099292755127
	1.1833930015563965
	1.1833808422088623
	1.1833499670028687
	1.1833361387252808
	1.1833226680755615
	1.183302640914917
	1.1832853555679321
	1.1832886934280396
	1.1832720041275024
	1.1832633018493652
	1.183251142501831
	1.1832404136657715
	1.1832454204559326
	1.183230996131897
	1.1832213401794434
	1.1832176446914673
	1.183221697807312
	1.183214545249939
	1.1832002401351929
	1.1831766366958618
	1.1831804513931274
	1.1831698417663574
	1.1831529140472412
	1.183135747909546
	1.1831218004226685
	1.183109164237976
	1.1830953359603882
	1.1830685138702393
	1.1830583810806274
	1.1830439567565918
	1.1830074787139893
	1.1830134391784668
	1.1829993724822998
	1.182995319366455
	1.182998776435852
	1.1829843521118164
	1.1829800605773926
	1.1829463243484497
	1.1829458475112915
	1.1829286813735962
	1.1829257011413574
	1.1829211711883545
	1.1829079389572144
	1.1829010248184204
	1.1828892230987549
	1.1828796863555908
	1.1828703880310059
	1.1828590631484985
	1.1828540563583374
	1.1828584671020508
	1.1828371286392212
	1.1828181743621826
	1.18281090259552
	1.1828076839447021
	1.1827929019927979
	1.1827811002731323
	1.1827654838562012
	1.1827354431152344
	1.1827255487442017
	1.1827332973480225
	1.1827360391616821
	1.182736873626709
	1.1827336549758911
	1.182713508605957
	1.1827095746994019
	1.1826971769332886
	1.182691216468811
	1.1826878786087036
	1.1826674938201904
	1.1826750040054321
	1.1826605796813965
	1.1826510429382324
	1.1826438903808594
	1.1826311349868774
	1.182619333267212
	1.1825944185256958
	1.182589054107666
	1.1825857162475586
	1.182591438293457
	1.1825933456420898
	1.1825891733169556
	1.1825916767120361
	1.1825774908065796
	1.182570219039917
	1.1825547218322754
	1.1825523376464844
	1.1825376749038696
	1.1825236082077026
	1.1825319528579712
	1.1825220584869385
	1.1825058460235596
	1.1825116872787476
	1.1824952363967896
	1.1824909448623657
	1.1824963092803955
	1.1824814081192017
	1.182470679283142
	1.1824709177017212
	1.1824551820755005
	1.1824392080307007
	1.1824266910552979
	1.1824177503585815
	1.1824274063110352
	1.182425856590271
	1.182420253753662
	1.182418942451477
	1.1824314594268799
	1.1824222803115845
	1.1824101209640503
	1.1824005842208862
	1.1823909282684326
	1.1823657751083374
	1.182346224784851
	1.1823513507843018
	1.1823326349258423
	1.1823209524154663
	1.1823089122772217
	1.1822988986968994
	1.1822783946990967
	1.182282567024231
	1.1822760105133057
	1.1822631359100342
	1.182266354560852
	1.1822627782821655
	1.182255506515503
	1.1822543144226074
	1.1822607517242432
	1.182259440422058
	1.1822519302368164
	1.182254672050476
	1.1822723150253296
	1.1822599172592163
	1.1822459697723389
	1.182242512702942
	1.1822456121444702
	1.1822375059127808
	1.1822447776794434
	1.1822223663330078
	1.182213306427002
	1.1822079420089722
	1.1822030544281006
	1.1822197437286377
	1.1822350025177002
	1.1822257041931152
	1.1822175979614258
	1.1822034120559692
	1.1821953058242798
	1.1821784973144531
	1.1821783781051636
	1.1821627616882324
	1.1821638345718384
	1.182151198387146
	1.1821420192718506
	1.1821465492248535
	1.1821436882019043
	1.1821489334106445
	1.1821413040161133
	1.1821208000183105
	1.182136058807373
	1.1821285486221313
	1.1821315288543701
	1.1821134090423584
	1.1821097135543823
	1.1821199655532837
	1.1821138858795166
	1.1821061372756958
	1.182105541229248
	1.1820905208587646
	1.182093620300293
	1.1820898056030273
	1.1820757389068604
	1.182054877281189
	1.1820529699325562
	1.1820638179779053
	1.182071328163147
	1.1820671558380127
	1.1820666790008545
	1.182055115699768
	1.1820577383041382
	1.1820542812347412
	1.182061791419983
	1.1820597648620605
	1.1820576190948486
	1.1820768117904663
	1.182067632675171
	1.182072401046753
	1.18208646774292
	1.1820921897888184
	1.1820842027664185
	1.1820601224899292
	1.1820588111877441
	1.1820522546768188
	1.1820553541183472
	1.182045340538025
	1.182033658027649
	1.18202543258667
	1.1820181608200073
	1.1820285320281982
	1.1820135116577148
	1.181983470916748
	1.1819909811019897
	1.1819913387298584
	1.181982398033142
	1.1819947957992554
	1.1820043325424194
	1.1820042133331299
	1.1820068359375
	1.1820027828216553
	1.1820147037506104
	1.182011604309082
	1.1820043325424194
	1.182005763053894
	1.1820101737976074
	1.1820038557052612
	1.1819911003112793
	1.1820074319839478
	1.1820114850997925
	1.181992769241333
	1.1820036172866821
	1.181984305381775
	1.1819740533828735
	1.1819767951965332
	1.181971788406372
	1.1819733381271362
	1.181971788406372
	1.1819770336151123
	1.181972622871399
	1.1819745302200317
	1.1819795370101929
	1.1819871664047241
	1.1819837093353271
	1.1819870471954346
	1.1820015907287598
	1.1820012331008911
	1.182013988494873
	1.1820052862167358
	1.1820166110992432
	1.1820061206817627
	1.1820008754730225
	1.1820136308670044
	1.1820095777511597
	1.181997299194336
	1.1819777488708496
	1.18197500705719
	1.1819720268249512
	1.181976079940796
	1.1819864511489868
	1.1819722652435303
	1.1819766759872437
	1.181989073753357
	0.0
	0.0
	0.0
	0.0
	0.0
	0.0
	0.0
	0.0
	0.0
	0.0
	0.0
	0.0
	0.0
	0.0
	0.0
	0.0
	0.0
	0.0
	0.0
	0.0
	0.0
	0.0
	0.0
	0.0
	0.0
	0.0
	0.0
	0.0
	0.0
	0.0
	0.0
	0.0
	0.0
	0.0
	0.0
	0.0
	0.0
	0.0
	0.0
	0.0
	0.0
	0.0
	0.0
	0.0
	0.0
	0.0
	0.0
	0.0
	0.0
	0.0
	0.0
	0.0
	0.0
	0.0
	0.0
	0.0
	0.0
	0.0
	0.0
	0.0
	0.0
	0.0
	0.0
	0.0
	0.0
	0.0
	0.0
	0.0
	0.0
	0.0
	0.0
	0.0
	0.0
	0.0
	0.0
	0.0
	0.0
	0.0
	0.0
	0.0
	0.0
	0.0
	0.0
	0.0
	0.0
	0.0
	0.0
	0.0
	0.0
	0.0
	0.0
	0.0
	0.0
	0.0
	0.0
	0.0
	0.0
	0.0
	0.0
	0.0
	0.0
	0.0
	0.0
	0.0
	0.0
	0.0
	0.0
	0.0
	0.0
	0.0
	0.0
	0.0
	0.0
	0.0
	0.0
	0.0
	0.0
	0.0
	0.0
	0.0
	0.0
	0.0
	0.0
	0.0
	0.0
	0.0
	0.0
	0.0
	0.0
	0.0
	0.0
	0.0
	0.0
	0.0
	0.0
	0.0
	0.0
	0.0
	0.0
	0.0
	0.0
	0.0
	0.0
	0.0
	0.0
	0.0
	0.0
	0.0
	0.0
	0.0
	0.0
	0.0
	0.0
	0.0
	0.0
	0.0
	0.0
	0.0
	0.0
	0.0
	0.0
	0.0
	0.0
	0.0
	0.0
	0.0
	0.0
	0.0
	0.0
	0.0
	0.0
	0.0
	0.0
	0.0
	0.0
	0.0
	0.0
	0.0
	0.0
	0.0
	0.0
	0.0
	0.0
	0.0
	0.0
	0.0
	0.0
	0.0
	0.0
	0.0
	0.0
	0.0
	0.0
	0.0
	0.0
	0.0
	0.0
	0.0
	0.0
	0.0
	0.0
	0.0
	0.0
	0.0
	0.0
	0.0
	0.0
	0.0
	0.0
	0.0
	0.0
	0.0
	0.0
	0.0
	0.0
	0.0
	0.0
	0.0
	0.0
	0.0
	0.0
	0.0
	0.0
	0.0
	0.0
	0.0
	0.0
	0.0
	0.0
	0.0
	0.0
	0.0
	0.0
	0.0
	0.0
	0.0
	0.0
	0.0
	0.0
	0.0
	0.0
	0.0
	0.0
	0.0
	0.0
	0.0
	0.0
	0.0
	0.0
	0.0
	0.0
	0.0
	0.0
	0.0
	0.0
	0.0
	0.0
	0.0
	0.0
	0.0
	0.0
	0.0
	0.0
	0.0
	0.0
	0.0
	0.0
	0.0
	0.0
	0.0
	0.0
	0.0
	0.0
	0.0
	0.0
	0.0
	0.0
	0.0
	0.0
	0.0
	0.0
	0.0
	0.0
	0.0
	0.0
	0.0
	0.0
	0.0
	0.0
	0.0
	0.0
	0.0
	0.0
	0.0
	0.0
	0.0
	0.0
	0.0
	0.0
	0.0
	0.0
	0.0
	0.0
	0.0
	0.0
	0.0
	0.0
	0.0
	0.0
	0.0
	0.0
	0.0
	0.0
	0.0
	0.0
	0.0
	0.0
	0.0
	0.0
	0.0
	0.0
	0.0
	0.0
	0.0
	0.0
	0.0
	0.0
	0.0
	0.0
	0.0
	0.0
	0.0
	0.0
	0.0
	0.0
	0.0
	0.0
	0.0
	0.0
	0.0
	0.0
	0.0
	0.0
	0.0
	0.0
	0.0
	0.0
	0.0
	0.0
	0.0
	0.0
	0.0
	0.0
	0.0
	0.0
	0.0
	0.0
	0.0
	0.0
	0.0
	0.0
	0.0
	0.0
	0.0
	0.0
	0.0
	0.0
	0.0
	0.0
	0.0
	0.0
	0.0
	0.0
	0.0
	0.0
	0.0
	0.0
	0.0
	0.0
	0.0
	0.0
	0.0
	0.0
	0.0
	0.0
	0.0
	0.0
	0.0
	0.0
	0.0
	0.0
	0.0
	0.0
	0.0
	0.0
	0.0
	0.0
	0.0
	0.0
	0.0
	0.0
	0.0
	0.0
	0.0
	0.0
	0.0
	0.0
	0.0
	0.0
	0.0
	0.0
	0.0
	0.0
	0.0
	0.0
	0.0
	0.0
	0.0
	0.0
	0.0
	0.0
	0.0
	0.0
	0.0
	0.0
	0.0
	0.0
	0.0
	0.0
	0.0
	0.0
	0.0
	0.0
	0.0
	0.0
	0.0
	0.0
	0.0
	0.0
	0.0
	0.0
	0.0
	0.0
	0.0
	0.0
	0.0
	0.0
	0.0
	0.0
	0.0
	0.0
	0.0
	0.0
	0.0
	0.0
	0.0
	0.0
	0.0
	0.0
	0.0
	0.0
	0.0
	0.0
	0.0
	0.0
	0.0
	0.0
	0.0
	0.0
	0.0
	0.0
	0.0
	0.0
	0.0
	0.0
	0.0
	0.0
	0.0
	0.0
	0.0
	0.0
	0.0
	0.0
	0.0
	0.0
	0.0
	0.0
	0.0
	0.0
	0.0
	0.0
	0.0
	0.0
	0.0
	0.0
	0.0
	0.0
	0.0
	0.0
	0.0
	0.0
	0.0
	0.0
	0.0
	0.0
	0.0
	0.0
	0.0
	0.0
	0.0
	0.0
	0.0
	0.0
	0.0
	0.0
	0.0
	0.0
	0.0
	0.0
	0.0
	0.0
	0.0
	0.0
	0.0
	0.0
	0.0
	0.0
	0.0
	0.0
	0.0
	0.0
	0.0
	0.0
	0.0
	0.0
	0.0
	0.0
	0.0
	0.0
	0.0
	0.0
	0.0
	0.0
	0.0
	0.0
	0.0
	0.0
	0.0
	0.0
	0.0
	0.0
	0.0
	0.0
	0.0
	0.0
	0.0
	0.0
	0.0
	0.0
	0.0
	0.0
	0.0
	0.0
	0.0
	0.0
	0.0
	0.0
	0.0
	0.0
	0.0
	0.0
	0.0
	0.0
	0.0
	0.0
	0.0
	0.0
	0.0
	0.0
	0.0
	0.0
	0.0
	0.0
	0.0
	0.0
	0.0
	0.0
	0.0
	0.0
	0.0
	0.0
	0.0
	0.0
	0.0
	0.0
	0.0
	0.0
	0.0
	0.0
	0.0
	0.0
	0.0
	0.0
	0.0
	0.0
	0.0
	0.0
	0.0
	0.0
	0.0
	0.0
	0.0
	0.0
	0.0
	0.0
	0.0
	0.0
	0.0
	0.0
	0.0
	0.0
	0.0
	0.0
	0.0
	0.0
	0.0
	0.0
	0.0
	0.0
	0.0
	0.0
	0.0
	0.0
	0.0
	0.0
	0.0
	0.0
	0.0
	0.0
	0.0
	0.0
	0.0
	0.0
	0.0
	0.0
	0.0
	0.0
	0.0
	0.0
	0.0
	0.0
	0.0
	0.0
	0.0
	0.0
	0.0
	0.0
	0.0
	0.0
	0.0
	0.0
	0.0
	0.0
	0.0
	0.0
	0.0
	0.0
	0.0
	0.0
	0.0
	0.0
	0.0
	0.0
	0.0
	0.0
	0.0
	0.0
	0.0
	0.0
	0.0
	0.0
	0.0
	0.0
	0.0
	0.0
	0.0
	0.0
	0.0
	0.0
	0.0
	0.0
	0.0
	0.0
	0.0
	0.0
	0.0
	0.0
	0.0
	0.0
	0.0
	0.0
	0.0
	0.0
	0.0
	0.0
	0.0
	0.0
	0.0
	0.0
	0.0
	0.0
	0.0
	0.0
	0.0
	0.0
	0.0
	0.0
	0.0
	0.0
	0.0
	0.0
	0.0
	0.0
	0.0
	0.0
	0.0
	0.0
	0.0
	0.0
	0.0
	0.0
	0.0
	0.0
	0.0
	0.0
	0.0
	0.0
	0.0
	0.0
	0.0
	0.0
	0.0
	0.0
	0.0
	0.0
	0.0
	0.0
	0.0
	0.0
	0.0
	0.0
	0.0
	0.0
	0.0
	0.0
	0.0
	0.0
	0.0
	0.0
	0.0
	0.0
	0.0
	0.0
	0.0
	0.0
	0.0
	0.0
	0.0
	0.0
	0.0
	0.0
	0.0
	0.0
	0.0
	0.0
	0.0
	0.0
	0.0
	0.0
	0.0
	0.0
	0.0
	0.0
	0.0
	0.0
	0.0
	0.0
	0.0
	0.0
	0.0
	0.0
	0.0
	0.0
	0.0
	0.0
	0.0
	0.0
	0.0
	0.0
	0.0
	0.0
	0.0
	0.0
	0.0
	0.0
	0.0
	0.0
	0.0
	0.0
	0.0
	0.0
	0.0
	0.0
	0.0
	0.0
	0.0
	0.0
	0.0
	0.0
	0.0
	0.0
	0.0
	0.0
	0.0
	0.0
	0.0
	0.0
	0.0
	0.0
	0.0
	0.0
	0.0
	0.0
	0.0
	0.0
	0.0
	0.0
	0.0
	0.0
	0.0
	0.0
	0.0
	0.0
	0.0
	0.0
	0.0
	0.0
	0.0
	0.0
	0.0
	0.0
	0.0
	0.0
	0.0
	0.0
	0.0
	0.0
	0.0
	0.0
	0.0
	0.0
	0.0
	0.0
	0.0
	0.0
	0.0
	0.0
	0.0
	0.0
	0.0
	0.0
	0.0
	0.0
	0.0
	0.0
	0.0
	0.0
	0.0
	0.0
	0.0
	0.0
	0.0
	0.0
	0.0
	0.0
	0.0
	0.0
	0.0
	0.0
	0.0
	0.0
	0.0
	0.0
	0.0
	0.0
	0.0
	0.0
	0.0
	0.0
	0.0
	0.0
	0.0
	0.0
	0.0
	0.0
	0.0
	0.0
	0.0
	0.0
	0.0
	0.0
	0.0
	0.0
	0.0
	0.0
	0.0
	0.0
	0.0
	0.0
	0.0
	0.0
	0.0
	0.0
	0.0
	0.0
	0.0
	0.0
	0.0
	0.0
	0.0
	0.0
	0.0
	0.0
	0.0
	0.0
	0.0
	0.0
	0.0
	0.0
	0.0
	0.0
	0.0
	0.0
	0.0
	0.0
	0.0
	0.0
	0.0
	0.0
	0.0
	0.0
	0.0
	0.0
	0.0
	0.0
	0.0
	0.0
	0.0
	0.0
	0.0
	0.0
	0.0
	0.0
	0.0
	0.0
	0.0
	0.0
	0.0
	0.0
	0.0
	0.0
	0.0
	0.0
	0.0
	0.0
	0.0
	0.0
	0.0
	0.0
	0.0
	0.0
	0.0
	0.0
	0.0
	0.0
	0.0
	0.0
	0.0
	0.0
	0.0
	0.0
	0.0
	0.0
	0.0
	0.0
	0.0
	0.0
	0.0
	0.0
	0.0
	0.0
	0.0
	0.0
	0.0
	0.0
	0.0
	0.0
	0.0
	0.0
	0.0
	0.0
	0.0
	0.0
	0.0
	0.0
	0.0
	0.0
	0.0
	0.0
	0.0
	0.0
	0.0
	0.0
	0.0
	0.0
	0.0
	0.0
	0.0
	0.0
	0.0
	0.0
	0.0
	0.0
	0.0
	0.0
	0.0
	0.0
	0.0
	0.0
	0.0
	0.0
	0.0
	0.0
	0.0
	0.0
	0.0
	0.0
	0.0
	0.0
	0.0
	0.0
	0.0
	0.0
	0.0
	0.0
	0.0
	0.0
	0.0
	0.0
	0.0
	0.0
	0.0
	0.0
	0.0
	0.0
	0.0
	0.0
	0.0
	0.0
	0.0
	0.0
	0.0
	0.0
	0.0
	0.0
	0.0
	0.0
	0.0
	0.0
	0.0
	0.0
	0.0
	0.0
	0.0
	0.0
	0.0
	0.0
	0.0
	0.0
	0.0
	0.0
	0.0
	0.0
	0.0
	0.0
	0.0
	0.0
	0.0
	0.0
	0.0
	0.0
	0.0
	0.0
	0.0
	0.0
	0.0
	0.0
	0.0
	0.0
	0.0
	0.0
	0.0
	0.0
	0.0
	0.0
	0.0
	0.0
	0.0
	0.0
	0.0
	0.0
	0.0
	0.0
	0.0
	0.0
	0.0
	0.0
	0.0
	0.0
	0.0
	0.0
	0.0
	0.0
	0.0
	0.0
	0.0
	0.0
	0.0
	0.0
	0.0
	0.0
	0.0
	0.0
	0.0
	0.0
	0.0
	0.0
	0.0
	0.0
	0.0
	0.0
	0.0
	0.0
	0.0
	0.0
	0.0
	0.0
	0.0
	0.0
	0.0
	0.0
	0.0
	0.0
	0.0
	0.0
	0.0
	0.0
	0.0
	0.0
	0.0
	0.0
	0.0
	0.0
	0.0
	0.0
	0.0
	0.0
	0.0
	0.0
	0.0
	0.0
	0.0
	0.0
	0.0
	0.0
	0.0
	0.0
	0.0
	0.0
	0.0
	0.0
	0.0
	0.0
	0.0
	0.0
	0.0
	0.0
	0.0
	0.0
	0.0
	0.0
	0.0
	0.0
	0.0
	0.0
	0.0
	0.0
	0.0
	0.0
	0.0
	0.0
	0.0
	0.0
	0.0
	0.0
	0.0
	0.0
	0.0
	0.0
	0.0
	0.0
	0.0
	0.0
	0.0
	0.0
	0.0
	0.0
	0.0
	0.0
	0.0
	0.0
	0.0
	0.0
	0.0
	0.0
	0.0
	0.0
	0.0
	0.0
	0.0
	0.0
	0.0
	0.0
	0.0
	0.0
	0.0
	0.0
	0.0
	0.0
	0.0
	0.0
	0.0
	0.0
	0.0
	0.0
	0.0
	0.0
	0.0
	0.0
	0.0
	0.0
	0.0
	0.0
	0.0
	0.0
	0.0
	0.0
	0.0
	0.0
	0.0
	0.0
	0.0
	0.0
	0.0
	0.0
	0.0
	0.0
	0.0
	0.0
	0.0
	0.0
	0.0
	0.0
	0.0
	0.0
	0.0
	0.0
	0.0
	0.0
	0.0
	0.0
	0.0
	0.0
	0.0
	0.0
	0.0
	0.0
	0.0
	0.0
	0.0
	0.0
	0.0
	0.0
	0.0
	0.0
	0.0
	0.0
	0.0
	0.0
	0.0
	0.0
	0.0
	0.0
	0.0
	0.0
	0.0
	0.0
	0.0
	0.0
	0.0
	0.0
	0.0
	0.0
	0.0
	0.0
	0.0
	0.0
	0.0
	0.0
	0.0
	0.0
	0.0
	0.0
	0.0
	0.0
	0.0
	0.0
	0.0
	0.0
	0.0
	0.0
	0.0
	0.0
	0.0
	0.0
	0.0
	0.0
	0.0
	0.0
	0.0
	0.0
	0.0
	0.0
	0.0
	0.0
	0.0
	0.0
	0.0
	0.0
	0.0
	0.0
	0.0
	0.0
	0.0
	0.0
	0.0
	0.0
	0.0
	0.0
	0.0
	0.0
	0.0
	0.0
	0.0
	0.0
	0.0
	0.0
	0.0
	0.0
	0.0
	0.0
	0.0
	0.0
	0.0
	0.0
	0.0
	0.0
	0.0
	0.0
	0.0
	0.0
	0.0
	0.0
	0.0
	0.0
	0.0
	0.0
	0.0
	0.0
	0.0
	0.0
	0.0
	0.0
	0.0
	0.0
	0.0
	0.0
	0.0
	0.0
	0.0
	0.0
	0.0
	0.0
	0.0
	0.0
	0.0
	0.0
	0.0
	0.0
	0.0
	0.0
	0.0
	0.0
	0.0
	0.0
	0.0
	0.0
	0.0
	0.0
	0.0
	0.0
	0.0
	0.0
	0.0
	0.0
	0.0
	0.0
	0.0
	0.0
	0.0
	0.0
	0.0
	0.0
	0.0
	0.0
	0.0
	0.0
	0.0
	0.0
	0.0
	0.0
	0.0
	0.0
	0.0
	0.0
	0.0
	0.0
	0.0
	0.0
	0.0
	0.0
	0.0
	0.0
	0.0
	0.0
	0.0
	0.0
	0.0
	0.0
	0.0
	0.0
	0.0
	0.0
	0.0
	0.0
	0.0
	0.0
	0.0
	0.0
	0.0
	0.0
	0.0
	0.0
	0.0
	0.0
	0.0
	0.0
	0.0
	0.0
	0.0
	0.0
	0.0
	0.0
	0.0
	0.0
	0.0
	0.0
	0.0
	0.0
]