[
	0.8231094557977737
	0.8232458689912818
	0.823379508544614
	0.8235204804679069
	0.8236568429996467
	0.8237781051514476
	0.8239042608423193
	0.824032292853788
	0.824155230952468
	0.824257002020938
	0.8243829332020799
	0.8244852448012727
	0.8245942155329244
	0.8246963488435538
	0.8248054206735397
	0.8249131598059517
	0.8250046245340394
	0.8250941147798158
	0.8251944639277667
	0.8252957806368738
	0.8253684267249263
	0.8254592103569697
	0.8255328420509201
	0.8256048135447337
	0.8256830230043394
	0.8257468632074065
	0.8258258421463504
	0.8258894854944522
	0.8259552701480413
	0.8260190529453398
	0.8261049948525708
	0.8261872292699075
	0.826253062181864
	0.8263100314808393
	0.8263699490945141
	0.8264224393986676
	0.8264694781354515
	0.8265090137705731
	0.8265568149104595
	0.8265998276029917
	0.826637158929889
	0.8266758228220369
	0.8267278033518496
	0.8267680888871352
	0.8268165237455368
	0.826860881719705
	0.826891260007027
	0.8269217398545147
	0.8269655566956392
	0.8269917546375959
	0.8270388882220215
	0.827058337251711
	0.8271012604848006
	0.8271419107582194
	0.827169931146525
	0.8271913713843846
	0.8272266749678688
	0.8272527967867906
	0.8272849211964318
	0.8273085132216524
	0.8273417903542596
	0.8273511739421799
	0.8273717678732748
	0.8274035275269707
	0.8274128094284631
	0.8274382714509892
	0.8274670148082134
	0.8274886738254319
	0.8275127763161384
	0.8275354429232914
	0.8275498523785779
	0.827561055225362
	0.8275817219367766
	0.8276053809447705
	0.8276246217669189
	0.8276194596343707
	0.8276310350341709
	0.8276478551817518
	0.8276508935243175
	0.8276520184599554
	0.8276674664728841
	0.8276701985901135
	0.8276831767680369
	0.827700624688722
	0.8277108947122821
	0.8277127683526534
	0.8277369676044047
	0.827737265846048
	0.8277463990482521
	0.8277599441784727
	0.8277759320976495
	0.8277926539066495
	0.827793464199189
	0.8278004039645517
	0.8278047278868843
	0.8278048631414502
	0.8278041430132229
	0.8278088324457842
	0.8278103437127071
	0.8278153183511167
	0.8278185236009061
	0.8278159558385296
	0.8278202451527411
	0.8278165370004203
	0.8278287069220561
	0.8278287922569182
	0.8278330209479089
	0.8278270605411804
	0.827824294049261
	0.8278197504987372
	0.8278228205107065
	0.8278249851426603
	0.8278209465765287
	0.82782339488168
	0.8278238060259528
	0.827821732529964
	0.8278263048946768
	0.8278265473037549
	0.8278229623741483
	0.8278257291752386
	0.8278167193143515
	0.8278155651661286
	0.8278060831486668
	0.8278098048640743
	0.827813748009114
	0.8278090636994976
	0.8278052200969594
	0.8278023762252621
	0.8278002779820584
	0.827803604453773
	0.8278065935130061
	0.8278045072375625
	0.8277970480152974
	0.8277987790405659
	0.8277911164173362
	0.8277907117463706
	0.8277847108868365
	0.8277883352128199
	0.8277885706564913
	0.8277765078759352
	0.8277729494818301
	0.8277672893132761
	0.8277620089292137
	0.8277581497657551
	0.8277486060492664
	0.8277377209760738
	0.8277270772470103
	0.827723342391012
	0.827715604955571
	0.8277092618640378
	0.8277008122513785
	0.8276990026828877
	0.8276936108827864
	0.8276803372732975
	0.8276722333462371
	0.8276621420703223
	0.8276604953563077
	0.8276612123325253
	0.8276629808238952
	0.8276669823217084
	0.8276531622979373
	0.8276528935333817
	0.8276478883353138
	0.8276486617556094
	0.8276470503540373
	0.8276428102961347
	0.8276360097298086
	0.8276276365147628
	0.8276229985220125
	0.8276169656643424
	0.8276146214923447
	0.8276114971611677
	0.8276068478732851
	0.8275968905269432
	0.8275926153344678
	0.8275802346792508
	0.8275768641843947
	0.827568088249693
	0.8275562978698519
	0.8275420575811645
	0.8275314771359947
	0.8275199118076558
	0.8275146716330694
	0.8275013505758386
	0.8274991835962819
	0.8274940253379457
	0.8274837815633088
	0.8274734653468748
	0.8274714176665092
	0.8274623062270964
	0.8274484472357071
	0.8274467617184259
	0.8274364263487544
	0.8274370296774015
	0.8274295092900983
	0.8274206333074088
	0.8274161857150883
	0.827406704406706
	0.8273999123750739
	0.8273935418095635
	0.8273862066872655
	0.8273739033262947
	0.8273635049803264
	0.827353962171135
	0.827348058991456
	0.8273377630823701
	0.8273250242650383
	0.8273168009223538
	0.8273075293591391
	0.8273077893069188
	0.8273009103069076
	0.8272870023608838
	0.8272896147922841
	0.8272817196888037
	0.8272716989564637
	0.8272631264347353
	0.8272503644299124
	0.8272438690177019
	0.827237190981025
	0.8272302833032876
	0.8272303600277118
	0.8272247582656463
	0.827219803296717
	0.827216923338295
	0.827221769571829
	0.8272121383200703
	0.8272052858800107
	0.8272087491652105
	0.8272065635703562
	0.8271971390397653
	0.8271962235556415
	0.8271828448049102
	0.8271761522088809
	0.8271733297320809
	0.8271605462892757
	0.8271534941151013
	0.8271428555505922
	0.8271318006853782
	0.8271273702866492
	0.8271124961584932
	0.8271018640925373
	0.8270856417293074
	0.8270735927657566
	0.8270682093220413
	0.8270663655176818
	0.8270599119039319
	0.8270553279573171
	0.8270501137244223
	0.8270393179924042
	0.8270324739140383
	0.8270237189941937
	0.8270131624233851
	0.8270044365916203
	0.8269923377711893
	0.8269846907443742
	0.8269830912209823
	0.8269717603287672
	0.826963269149494
	0.82696090141213
	0.8269508633158448
	0.826947007784547
	0.8269405785655296
	0.8269363494458527
	0.8269296348186546
	0.8269224309452046
	0.8269182630476855
	0.8269141347413503
	0.8269046320786255
	0.8269015008622764
	0.8268943063065916
	0.82689813592373
	0.8268934037005742
	0.8268802312376384
	0.8268735083204901
	0.8268684833602156
	0.8268630588257257
	0.8268516042842353
	0.8268444854216498
	0.8268394247458353
	0.8268290475608081
	0.8268242934093398
	0.826816903545586
	0.826807257890358
	0.8268025852592435
	0.8267917750470379
	0.8267885061505303
	0.8267845871048981
	0.8267821288964183
	0.8267742414703225
	0.8267689270891038
	0.8267645221574961
	0.8267579270608066
	0.8267511043454777
	0.8267354553558337
	0.8267293223165408
	0.8267297291101726
	0.8267233277242781
	0.8267187417573123
	0.8267134930477944
	0.8267099897661765
	0.8267058418752318
	0.8267035700077092
	0.8266995758749976
	0.8266957218899242
	0.8266886247425509
	0.8266828831875707
	0.8266775916830704
	0.8266741413484616
	0.826674364037436
	0.8266668289474395
	0.8266612860793092
	0.8266600678719859
	0.8266569014575224
	0.8266571323537598
	0.8266519833900684
	0.8266430330846349
	0.8266372236881904
	0.8266347866490356
	0.8266313062212874
	0.8266303419228416
	0.8266281370318915
	0.8266223529351864
	0.8266151349837022
	0.826611502661253
	0.8266037025710999
	0.8266003051869286
	0.8266032095774759
	0.8265949465578519
	0.8265913795972031
	0.8265854209370063
	0.8265847566587343
	0.8265809119670408
	0.8265734708036904
	0.8265698741876646
	0.8265692161352907
	0.8265625297470955
	0.8265586689732572
	0.8265553490145485
	0.8265508253203505
	0.8265583716157644
	0.8265514578321745
	0.8265512962573714
	0.8265529265464959
	0.8265478167113378
	0.8265396694428451
	0.8265341466678302
	0.8265298093607134
	0.8265239770156901
	0.8265207695679724
	0.8265202844131149
	0.8265196369893388
	0.826514611376063
	0.8265123559265622
	0.8265095830793425
	0.8265057980539782
	0.8265055860031919
	0.8265039131112921
	0.8264986969856793
	0.8264967530989453
	0.8264896607938976
	0.8264862827968866
	0.8264835905619907
	0.8264808805103661
	0.8264771667058685
	0.8264669547026217
	0.8264634330887766
	0.8264563537049493
	0.8264503030303035
	0.82644775005464
	0.8264421328436177
	0.8264410107005614
	0.8264408919588507
	0.8264372604926921
	0.826432289413804
	0.8264306887895086
	0.8264273084921164
	0.8264291370647733
	0.8264252351433042
	0.8264240623165149
	0.8264210926198384
	0.8264148575901951
	0.8264121651437774
	0.8264085248674177
	0.8264087384344216
	0.8264072726265015
	0.8264022704195132
	0.8264013134416386
	0.8264010483493055
	0.8264031851346358
	0.8264026954798211
	0.826401193817923
	0.8263965414691558
	0.8263901968315301
	0.8263836175793623
	0.8263759511536698
	0.826367097596875
	0.8263643692059497
	0.8263637698012977
	0.8263641781779708
	0.8263674789370218
	0.8263615214870613
	0.8263567758358765
	0.8263543015249065
	0.8263521725209252
	0.8263546970012104
	0.826353347062354
	0.8263518666756262
	0.8263500295986755
	0.8263526082966365
	0.8263481709308945
	0.8263453314457767
	0.8263448739241073
	0.8263476285817001
	0.8263456050845068
	0.8263447953461319
	0.8263464017341109
	0.8263449133242476
	0.8263478088370033
	0.8263425025687194
	0.8263415133051735
	0.8263311000872453
	0.8263319382141925
	0.8263373340843674
	0.8263282371142628
	0.8263310432001467
	0.8263284632055844
	0.8263250174003407
	0.8263226064263215
	0.8263220271159378
	0.8263178559059811
	0.8263077546746798
	0.8263001395200114
	0.8262992404358654
	0.8262937361183218
	0.8262908079784866
	0.8262941211181247
	0.8262922348288131
	0.826289092230911
	0.826288541389182
	0.8262927603139387
	0.8262915733320727
	0.8262914731565062
	0.8262903013978434
	0.8262890609319764
	0.826294270561785
	0.8262972973811415
	0.8262918156353962
	0.826288894687414
	0.8262862310468658
	0.8262873237905572
	0.82628801500742
	0.826287014161759
	0.8262871480239512
	0.8262810089578351
	0.8262862858914
	0.826285043188485
	0.8262811346134267
	0.8262834396742257
	0.8262826158857414
	0.8262770768652624
	0.8262745294480732
	0.8262739970922262
	0.8262675116577592
	0.826271285151616
	0.8262707083555915
	0.8262706744490161
	0.8262623744716108
	0.82626297864444
	0.8262578232270416
	0.8262538155695354
	0.8262536830449995
	0.826249560657384
	0.8262491289308801
	0.8262441481476763
	0.8262487382589188
	0.8262471698407109
	0.8262463741912667
	0.826243103358825
	0.8262419881981282
	0.8262374891399503
	0.8262349279757456
	0.8262357716818886
	0.8262324448851641
	0.8262270720962533
	0.8262247072153248
	0.826224478482327
	0.8262289986976993
	0.826233478513845
	0.8262360390400674
	0.8262446367542121
	0.8262463171956884
	0.8262432720434726
	0.8262390081214381
	0.8262382198780628
	0.8262318387505682
	0.8262305181251653
	0.8262305968964626
	0.8262254617730391
	0.8262267910440357
	0.8262216707876394
	0.8262224533463736
	0.826216241070508
	0.8262125707720676
	0.8262190919331098
	0.8262183547699081
	0.8262163410758695
	0.8262231612609605
	0.8262261650556718
	0.8262261077436549
	0.8262293974702363
	0.8262321541345472
	0.8262331648001968
	0.8262370445434827
	0.8262354945028871
	0.8262308163394804
	0.826226690575882
	0.8262252469616029
	0.8262203516082046
	0.8262191461875039
	0.8262223947795112
	0.8262227175853849
	0.8262269998788998
	0.8262204912310199
	0.8262144703206641
	0.8262112438864988
	0.8262109606815224
	0.8262097283707794
	0.826209937882001
	0.8262060595502304
	0.8262063880995113
	0.8262128792743128
	0.826213677403118
	0.8262120512750021
	0.8262168548049009
	0.8262132282612119
	0.8262128510646722
	0.8262155030126812
	0.8262031787026932
	0.8262017336871369
	0.8262048177958182
	0.8262091951148697
	0.8262097033408726
	0.8262070110014255
	0.8262122993038777
	0.8262060181736324
	0.8262118304493182
	0.826211374404366
	0.8262103355024792
	0.8262072809584314
	0.8262008721434043
	0.8261990784674024
	0.8261969232341633
	0.8261932175144795
	0.8261906461204662
	0.8261954954646215
	0.8261916258770584
	0.8261922246855926
	0.8261932334416855
	0.8261868401663607
	0.8261863108437097
	0.8261895904801607
	0.8261884605562139
	0.8261936413785737
	0.8261898856461318
	0.8261922601982797
	0.8261957511646776
	0.8262007259177039
	0.8261975795422833
	0.8261982324181851
	0.8261966589549056
	0.8261887351155895
	0.8261962498617605
	0.8261980782685582
	0.8261980094139779
	0.826199307572557
	0.8261981130996604
	0.826195431840521
	0.8261934241037563
	0.826188034619483
	0.8261844556188889
	0.8261916542138656
	0.8261908151307182
	0.8261912697968883
	0.8261798041770981
	0.8261824819165755
	0.8261813876100251
	0.8261879955943695
	0.8261925342012576
	0.8261884670920001
	0.8261791711380635
	0.8261767023946709
	0.8261763710024881
	0.8261803775755278
	0.8261730374605984
	0.8261677512827299
	0.8261602175001458
	0.826162060009557
	0.8261637863594458
	0.8261658146443378
	0.8261661974911749
	0.826168450460105
	0.8261679973266365
	0.8261687778700888
	0.8261692454417817
	0.8261647112328785
	0.8261706578819693
	0.8261665633258026
	0.8261668068015686
	0.8261624213478266
	0.8261587872717335
	0.8261566856450999
	0.8261578791894922
	0.8261591077428133
	0.8261625917056695
	0.826161421303552
	0.8261510123717503
	0.8261501884935305
	0.8261433510175324
	0.8261467755439033
	0.8261518479088582
	0.8261518782632993
	0.8261545455529304
	0.8261603709480378
	0.8261570425788967
	0.8261547649023244
	0.8261555344994391
	0.8261554266227297
	0.8261512015673955
	0.8261416884223389
	0.8261417002088933
	0.8261486636776042
	0.8261445177880405
	0.8261443453789908
	0.8261453101351909
	0.8261445965716713
	0.8261447319278855
	0.8261441627036765
	0.8261375832207658
	0.8261376046373146
	0.8261449098605317
	0.8261496732380689
	0.8261527944195484
	0.8261525727142872
	0.8261559544566003
	0.8261528056290787
	0.8261515565380534
	0.8261579553479466
	0.8261577391599498
	0.8261590828226976
	0.8261581433965945
	0.826160474448008
	0.8261633325965405
	0.8261646091412211
	0.8261702705658821
	0.8261678869601066
	0.8261712579925449
	0.8261746629361881
	0.8261758041591456
	0.826175411181831
	0.8261758759700529
	0.826176687864015
	0.8261783082543491
	0.8261858920366509
	0.8261780292261269
	0.8261757008067933
	0.8261745819102432
	0.8261763850136462
	0.8261723050380849
	0.8261712151375484
	0.8261682314373422
	0.8261690374012242
	0.8261661730462667
	0.8261582010887032
	0.8261608522437999
	0.8261567550755474
	0.8261510559458222
	0.8261532739218577
	0.8261594600618667
	0.8261549666721738
	0.8261590206123585
	0.826161419621237
	0.8261631769265333
	0.8261621894181117
	0.8261542214360674
	0.826161922842211
	0.8261594061769031
	0.8261616722219608
	0.8261569976770272
	0.8261582576383097
	0.8261591635454772
	0.8261664056515858
	0.8261707844264348
	0.8261714755704013
	0.826169466473709
	0.8261694918081809
	0.8261687636655581
	0.8261667604399872
	0.8261603068489471
	0.8261571998380339
	0.8261581760059014
	0.8261504440036342
	0.8261540208347596
	0.8261549777587935
	0.826150071106752
	0.8261491979818903
	0.8261542059525282
	0.8261502258960437
	0.8261468144802069
	0.8261503145708736
	0.8261429314341286
	0.82614410809534
	0.8261435937827006
	0.8261462204112793
	0.8261476911629573
	0.8261416837956512
	0.8261436991929827
	0.826150663122128
	0.8261498426951842
	0.8261538026267182
	0.8261520381005617
	0.826157015943254
	0.8261572006517592
	0.8261573908425063
	0.8261576900837102
	0.8261560285874031
	0.8261544282058513
	0.8261580808322434
	0.8261634627843476
	0.8261659869271496
	0.8261704303151877
	0.8261699315565845
	0.8261655071806383
	0.8261637017777891
	0.8261640686438187
	0.8261621934830394
	0.8261615920164047
	0.8261648758196989
	0.826169542384986
	0.8261715440529908
	0.8261760724339277
	0.8261792058331507
	0.8261794009767102
	0.8261771262153117
	0.8261740858204384
	0.8261715133525281
	0.8261693123967522
	0.8261718894963866
	0.8261682859539002
	0.8261655598961566
	0.8261657560550074
	0.8261694580580402
	0.8261698498002167
	0.8261680734383053
	0.8261667142587157
	0.826167861969873
	0.8261620496689632
	0.8261633836471396
	0.8261566589636472
	0.8261482561224339
	0.8261484068687979
	0.8261463130912788
	0.8261511442510592
	0.826151540874838
	0.8261490478566937
	0.8261505711255925
	0.8261511241626321
	0.826151686082677
	0.8261520658904438
	0.8261457982842556
	0.8261480224423502
	0.8261516644905567
	0.8261536115149254
	0.8261561103592586
	0.826151783273838
	0.8261491596082458
	0.8261540324648718
	0.8261519000672606
	0.8261481359571988
	0.8261416088081629
	0.8261415746954148
	0.8261458562519645
	0.8261434945976631
	0.8261406242980744
	0.8261414510163142
	0.8261454615127535
	0.8261503623364966
	0.8261458822591983
	0.8261483683233144
	0.8261477125948015
	0.8261477190666986
	0.8261468785773388
	0.8261511001996704
	0.8261499719426593
	0.8261550727037331
	0.8261526302636126
	0.8261531462889312
	0.8261616961793739
	0.8261668371989761
	0.8261694753738803
	0.8261707685484289
	0.8261651406314812
	0.8261603559216121
	0.8261619516555797
	0.8261634135969866
	0.8261617609853679
	0.8261611262600267
	0.8261618544555751
	0.8261707646576362
	0.8261674769625225
	0.8261707339544043
	0.82617102829839
	0.8261693044604996
	0.8261707473016325
	0.826163303895318
	0.8261614428179592
	0.8261610285161957
	0.8261548569000691
	0.8261521929778151
	0.8261545659116032
	0.8261609307817762
	0.826160399311702
	0.826165942493402
	0.8261591898002387
	0.8261655722568665
	0.826169056436501
	0.8261758253159379
	0.8261752053402247
	0.8261747807197253
	0.8261704789799423
	0.8261696668833087
	0.8261657476037689
	0.8261642591446521
	0.8261679910503624
	0.8261661280809842
	0.8261675778349842
	0.8261689009988149
	0.8261652343821909
	0.8261659089898147
	0.8261650885476072
	0.8261632739769048
	0.8261622508902071
	0.8261663877701172
	0.8261620240521249
	0.8261662803035489
	0.8261654142862741
	0.8261643302420872
	0.8261631687844352
	0.8261690271659389
	0.8261714277772209
	0.8261706118817381
	0.8261644208857575
	0.8261676171127257
	0.8261659261842151
	0.8261673803134714
	0.8261611786502987
	0.8261576070669495
	0.8261635489648526
	0.8261631616298585
	0.8261633412325553
	0.8261657329029929
	0.8261588731186226
	0.82615680842616
	0.8261533349159695
	0.8261609866219669
	0.8261535937463672
	0.8261492654113506
	0.8261443089626993
	0.8261474885721596
	0.8261498892463818
	0.8261494718321054
	0.8261542937002097
	0.8261531765450413
	0.8261506684947512
	0.8261451159241726
	0.8261408157928873
	0.826141678198688
	0.8261439678163334
	0.8261501921783477
	0.8261455013307946
	0.8261497182288902
	0.8261527577681783
	0.8261516023127169
	0.826156056891054
	0.8261504165078537
	0.8261506946926995
	0.8261486908081368
	0.8261492685152956
	0.8261433677759336
	0.8261441505382667
	0.8261451822679152
	0.8261424357749817
	0.8261410940951643
	0.8261372618726528
	0.8261333296323815
	0.8261338127519827
	0.8261373775423707
	0.826131803355803
	0.82613339928264
	0.82613434807581
	0.8261373793046013
	0.8261296338818064
	0.8261282863370312
	0.8261285729371888
	0.8261267237701568
	0.8261326955960687
	0.8261330586446572
	0.8261318328726345
	0.8261238119396834
	0.8261233915135453
	0.8261249260324883
	0.8261284111610812
	0.8261253138821637
	0.8261292552719202
	0.8261250810091769
	0.8261228746422479
	0.8261236116897905
	0.8261276315842105
	0.8261269821739238
	0.8261231132769742
	0.8261207801060588
	0.8261180506272743
	0.8261156322660478
	0.8261151545008883
	0.8261136082136321
	0.8261121458696024
	0.8261104105153961
	0.8261110671153221
	0.8261154362774615
	0.8261189646197185
	0.8261223287505581
	0.8261183210010649
	0.82611423598792
	0.8261157908567714
	0.8261206761182184
	0.8261198281222284
	0.8261221240611064
	0.8261276049396158
	0.8261335922000832
	0.8261339261436875
	0.8261305351084652
	0.8261383055504458
	0.8261347533824357
	0.8261379832740616
	0.826138193763875
	0.8261443375757246
	0.8261470074233177
	0.8261386239738309
	0.8261414323047551
	0.8261371722032093
	0.8261363062638052
	0.8261432341139994
	0.8261410334907573
	0.8261404763835986
	0.8261439450453052
	0.8261446295118448
	0.8261424908572595
	0.826138559998724
	0.8261363358197756
	0.8261324739622907
	0.8261312829660954
	0.8261328359515723
	0.8261294090940842
	0.8261331880533977
	0.8261293775098444
	0.8261298810769362
	0.8261283598348993
	0.826122543103751
	0.8261191919985168
	0.8261246341149776
	0.8261336778514393
	0.8261285874686987
	0.8261353582141492
	0.8261389354001221
	0.8261419911950458
	0.8261459380662292
	0.8261495516824757
	0.8261564089301119
	0.8261568795532593
	0.8261580891706137
	0.8261539766090922
	0.8261542155508663
	0.8261555481864011
	0.8261537771959188
	0.8261597844633729
	0.826152902769522
	0.8261532250919007
	0.8261570045894623
	0.8261576283869415
	0.8261546396587918
	0.8261518753413623
	0.8261536347424713
	0.8261555849029144
	0.8261567429539523
	0.8261645224678136
	0.8261678280035678
	0.826167595644259
	0.8261693013352488
	0.8261782962334945
	0.826174198761643
	0.8261761904272084
	0.8261791254751009
	0.8261784124008822
	0.826180497143217
	0.8261796763576165
	0.8261815675158062
	0.8261694302920756
	0.8261706570907573
	0.8261688794150158
	0.8261637360506848
	0.8261605464544675
	0.8261624945332184
	0.8261686312686595
	0.8261671955379359
	0.8261629710578756
	0.8261644202896067
	0.826165243962371
	0.8261568572198957
	0.8261588096911262
	0.8261580979221488
	0.8261580767902144
	0.8261636018634763
	0.8261569948803928
	0.8261546819360494
	0.8261571051663498
	0.8261527709674452
	0.8261489079397761
	0.8261497703321636
	0.8261443746371454
	0.8261442642892466
	0.8261394607530519
	0.8261392865261191
	0.8261407524663842
	0.8261380764978092
	0.8261325651161254
	0.8261274226896589
	0.8261200979103935
	0.8261169590757198
	0.8261107362646601
	0.8261098306807851
	0.8261039967611414
	0.8261072997063327
	0.8261141988348147
	0.8261131997756153
	0.8261186428307381
	0.8261240874738023
	0.8261278354710933
	0.8261310834032296
	0.8261367842354989
	0.8261346839585197
	0.8261312893010472
	0.8261294099329998
	0.8261341515391816
	0.8261332471503439
	0.8261348363602841
	0.8261306077448809
	0.8261331505226794
	0.8261405968701236
	0.8261421749723346
	0.8261417596834492
	0.8261396933542485
	0.8261430689007954
	0.8261486330250469
	0.8261446886078946
	0.8261489692634115
	0.8261605408379399
	0.8261608866012777
	0.826159041013894
	0.8261630547637001
	0.8261658313957745
	0.8261682524791963
	0.8261632681083639
	0.8261667346899456
	0.8261756994859657
	0.826173935636287
	0.8261710712480124
	0.8261702446682321
	0.826166770010757
	0.8261594354398925
	0.8261619066534241
	0.8261609711840552
	0.8261606892973822
	0.826162346490755
	0.8261684969886844
	0.826175702577818
	0.8261769914124893
	0.8261756861588829
	0.8261807784582094
	0.8261753906143353
	0.8261799885182658
	0.8261836957077299
	0.8261892193735557
	0.8261901406329348
	0.8261909608293496
	0.8261908392002609
	0.8261958048156802
	0.82619674098462
	0.826193683136785
	0.8261935033452559
	0.826199544622044
	0.826194241986366
	0.8261955473071206
	0.8261942845632166
	0.8261941733228059
	0.8261908661944198
	0.8261865123025968
	0.8261833450103879
	0.8261833104443679
	0.8261854272151689
	0.826181723340915
	0.8261827539077442
	0.8261894204406912
	0.826192156204937
	0.8261899731688164
	0.8261897529891559
	0.8261940041531575
	0.8261986813722655
	0.8262004434818171
	0.8261961508498685
	0.8261965651339036
	0.8262012223141398
	0.8262014080235321
	0.826199562939033
	0.8261966376179456
	0.8261949589997163
	0.8261949598669303
	0.8261947853521384
	0.8261987894973217
	0.8261979004570402
	0.8262019619495062
	0.8261956361531756
	0.8261926910574008
	0.8261920811115323
	0.8261982372414548
	0.8262018895053025
	0.826197570021971
	0.8262032806617322
	0.826203894347267
	0.826201903820175
	0.8261924377208448
	0.8261904702073914
	0.8261894056341802
	0.8261884387720785
	0.8261837189838342
	0.8261817957032687
	0.8261818336433608
	0.8261800088152471
	0.8261813209212668
	0.8261831007600053
	0.8261851561825035
	0.826188655268266
	0.8261853291293563
	0.8261829682775512
	0.8261812280869159
	0.8261800159874318
	0.8261785991495798
	0.8261804203461024
	0.8261789101621098
	0.8261748317354598
	0.8261723044009999
	0.8261721966906926
	0.8261699355921317
	0.8261679008407238
	0.8261692217507836
	0.82617410111951
	0.8261787892047664
	0.8261873945805844
	0.8261908987054257
	0.8261936819068174
	0.826191592541079
	0.8261945698096154
	0.8261959014422106
	0.8261989594183636
	0.8261959499140386
	0.826192780085523
	0.8261894021829056
	0.826191054769463
	0.8261941535890056
	0.8261887561363066
	0.8261867857993727
	0.8261850401013231
	0.8261870405212615
	0.8261938199557576
	0.8261921532696845
	0.8261923779599603
	0.826194931757597
	0.8261975318754033
	0.8261982953872855
	0.8261968713515928
	0.8261878882158308
	0.8261884073404799
	0.8261922145525412
	0.8261939553808063
	0.8261838719875556
	0.8261890559641961
	0.8261874495252026
	0.8261861479884061
	0.8261835323142129
	0.8261808799728657
	0.8261802662527112
	0.8261804897110454
	0.8261816069857758
	0.8261819303671281
	0.8261830453802516
	0.8261798200984725
	0.8261731684405279
	0.8261808373826599
	0.8261828115469971
	0.8261923338424657
	0.8261893665131138
	0.8261883128928618
	0.8261916925265419
	0.8261821437832807
	0.8261796430662919
	0.8261778422011979
	0.8261806167817625
	0.8261838009122544
	0.8261779082127254
	0.826181400324718
	0.8261805228890712
	0.8261750333213254
	0.82617368847809
	0.8261681585246766
	0.8261641186159002
	0.826167477352673
	0.8261643795549756
	0.8261615384211491
	0.8261622522065625
	0.826160721046937
	0.8261689745403565
	0.8261713979623727
	0.826173737642094
	0.8261777082169254
	0.8261777273964115
	0.8261777809875613
	0.8261788610842076
	0.826181643415227
	0.8261856089381492
	0.8261854959251195
	0.826187992002922
	0.8261846819179772
	0.8261893010684579
	0.8261903365115361
	0.8261988441341496
	0.8261990061855125
	0.8261970475132228
	0.8261916402630859
	0.8261923298032655
	0.8261931319398124
	0.8261934938134216
	0.8261901584453453
	0.8261856054040887
	0.8261871465852916
	0.826180188444499
	0.826177989175584
	0.826179310813368
	0.8261823868347706
	0.8261790502408177
	0.8261869403934008
	0.8261918847602541
	0.8261859347307589
	0.8261833548811593
	0.8261842695890032
	0.8261840281647811
	0.8261864455429424
	0.8261880937845325
	0.8261923375419588
	0.8261937842914552
	0.8261967567906271
	0.8262001585841876
	0.826204503940091
	0.8262018486165915
	0.8261923584431976
	0.8261935580511005
	0.8261882073393191
	0.8261940943007702
	0.8261967300679215
	0.8262010041575447
	0.8262053102563838
	0.8262048779200708
	0.8262034628071753
	0.8262071456537952
	0.8262094005883573
	0.8262231612102158
	0.8262161671120185
	0.8262223917275707
	0.8262426112655333
	0.826243338600177
	0.8262381928698358
	0.8262385515564948
	0.8262355371557892
	0.8262401506030104
	0.8262435215253365
	0.8262474515534152
	0.8262491388828611
	0.8262519826263558
	0.8262514424825369
	0.8262507913183673
	0.8262555591306003
	0.8262534667715775
	0.8262517039331354
	0.8262493502956169
	0.8262501607560252
	0.8262548187503315
	0.8262469610178192
	0.8262457067892336
	0.826244441843976
	0.826245559548327
	0.8262450403081207
	0.82624484653658
	0.8262432260742963
	0.8262368861282785
	0.8262312916270691
	0.8262276069930797
	0.8262287103131302
	0.8262309206989434
	0.8262351775575799
	0.826234597161361
	0.8262295746478661
	0.8262188068273769
	0.8262210997312269
	0.8262171675142128
	0.8262283359973926
	0.8262276516961983
	0.8262325701510203
	0.8262310315176126
	0.8262296124867311
	0.8262310351722542
	0.8262332180202907
	0.8262374254617316
	0.8262349036792206
	0.8262368442367283
	0.8262384333960409
	0.8262430849386875
	0.8262451082551835
	0.826240182419779
	0.8262393584794084
	0.8262395069094706
	0.8262429278171566
	0.8262442012563277
	0.8262414699324371
	0.8262364969462727
	0.8262351635238312
	0.8262356378427032
	0.826235236842575
	0.8262296667490436
	0.8262338919123877
	0.826233296062512
	0.8262355938133821
	0.8262361451920062
	0.8262317719792134
	0.8262300861053425
	0.8262265322285444
	0.8262255197173176
	0.8262248267383525
	0.8262261068471312
	0.826228119447805
	0.8262272362505128
	0.8262272288211856
	0.8262249710602115
	0.8262212918468368
	0.8262220320135154
	0.8262197210607907
	0.8262240086569326
	0.8262225208134822
	0.8262198893588603
	0.8262181915487719
	0.8262159991357958
	0.8262167668028534
	0.8262171828626792
	0.8262254800892427
	0.8262195203382178
	0.8262208365231888
	0.826221587011072
	0.8262224716118597
	0.8262229660171435
	0.8262219678487931
	0.8262179827882851
	0.8262214544315903
	0.8262254343902071
	0.8262254747265698
	0.8262226481034363
	0.826225030168991
	0.8262282146271634
	0.8262320309176737
	0.8262244435865225
	0.8262227987353368
	0.8262256380446645
	0.8262324733033903
	0.826241192048982
	0.8262350729933546
	0.8262385698444102
	0.826237263188938
	0.8262380429419414
	0.826242176782159
	0.8262411775826329
	0.8262417970418411
	0.8262362791875714
	0.826237741130432
	0.826237652460273
	0.8262435485336271
	0.8262492530665826
	0.8262519321957864
	0.8262464596898542
	0.8262510407629174
	0.8262475207706417
	0.8262427980425886
	0.8262364350902466
	0.8262350320814615
	0.8262382729848021
	0.8262369852372597
	0.8262394683162786
	0.8262408289371963
	0.8262419291916094
	0.8262380198529677
	0.8262358187076729
	0.8262376962618604
	0.8262414812334761
	0.8262473082815825
	0.8262479895564302
	0.8262525997856538
	0.8262572406402803
	0.8262609721673273
	0.8262564675843651
	0.826259004962423
	0.8262601405025819
	0.8262572409281576
	0.8262527829548129
	0.8262524854104113
	0.8262549798878477
	0.826258951990577
	0.8262615772047673
	0.8262591757843323
	0.8262555054880177
	0.8262585473653157
	0.8262609573651416
	0.8262563438463307
	0.8262560861784127
	0.8262587510570706
	0.8262674549366726
	0.8262681803775571
	0.8262652320799465
	0.8262614302366492
	0.8262644045868272
	0.8262671828071075
	0.826264224403457
	0.8262632502062829
	0.8262571767035072
	0.8262635552599673
	0.8262596337702142
	0.8262572787895924
	0.8262479242159134
	0.8262471843628231
	0.8262430715259482
	0.8262390398025181
	0.8262346678314696
	0.8262383861329703
	0.82623311920284
	0.8262369368493052
	0.8262303494008136
	0.826233828789529
	0.826241376812314
	0.8262428473251128
	0.8262442237129326
	0.8262438541671964
	0.8262416004358216
	0.8262426205542526
	0.8262490253538295
	0.8262482310582318
	0.8262496892290614
	0.8262474180690288
	0.8262471855018793
	0.8262499355555908
	0.8262478348304715
	0.8262490080888797
	0.8262485298371345
	0.8262481360901174
	0.8262519881944066
	0.8262512712289611
	0.8262450418851786
	0.8262507906052285
	0.8262469197803659
	0.8262459735359184
	0.8262453086028406
	0.8262466640060274
	0.8262442542294309
	0.8262468546045884
	0.8262451249597323
	0.8262444469196862
	0.8262432332506057
	0.8262414719912708
	0.8262408894233555
	0.8262415430994856
	0.8262421949209372
	0.8262398472027443
	0.8262377764055927
	0.826237595059678
	0.826246052482418
	0.8262400579735548
	0.8262410617710862
	0.8262439612461256
	0.8262425808985777
	0.8262385488673156
	0.826229528608573
	0.8262269671126343
	0.8262238335999708
	0.8262233382021525
	0.8262182009226271
	0.8262173685928049
	0.8262190779816604
	0.8262172563147006
	0.826217855403932
	0.8262134089147274
	0.8262084417849811
	0.8262097372535084
	0.826206020524582
	0.8262069058930838
	0.8262052228100336
	0.8262041974320173
	0.8261990719395291
	0.8261991074363597
	0.8261965144922201
	0.8262022493260511
	0.8261970697058572
	0.8261959151658701
	0.8261980432159464
	0.8261958151470837
	0.8261993042871956
	0.8261922209624766
	0.8261978155859377
	0.8261942822897078
	0.8261930514441641
	0.8261893583486765
	0.8261847809326319
	0.8261908645536848
	0.8261904056298438
	0.8261925933608694
	0.826194425881419
	0.8261928938029117
	0.8261867588238007
	0.826179469231197
	0.8261811447823729
	0.8261766494781901
	0.8261765112896586
	0.8261769448930883
	0.8261795400570893
	0.8261786868312521
	0.8261796308194995
	0.8261819789828307
	0.826182370749197
	0.826181314568425
	0.826184247260396
	0.8261857267943009
	0.8261849422154811
	0.8261811515670985
	0.8261816656924584
	0.8261791332509805
	0.8261824790414867
	0.826180637072205
	0.8261782911681176
	0.8261711012167672
	0.8261703708928876
	0.826167526207706
	0.8261633918213772
	0.8261638131045771
	0.8261592368488685
	0.8261565225309649
	0.8261557038971744
	0.8261526990978467
	0.8261535843922589
	0.8261553645699538
	0.826151037982752
	0.8261500362133022
	0.8261532129912557
	0.8261481452644899
	0.8261442121836879
	0.8261434910180077
	0.8261450414613993
	0.8261494568143841
	0.8261455190131503
	0.8261465764402526
	0.8261452601766979
	0.8261386195681765
	0.8261363558314015
	0.8261361964616087
	0.826139189087847
	0.8261338106107127
	0.8261304614911328
	0.8261306931509088
	0.8261324153793314
	0.8261395151889307
	0.826138926860634
	0.8261376062394465
	0.8261425258493987
	0.826135581129691
	0.8261334565011116
	0.8261355606873637
	0.8261398688815192
	0.8261429496246983
	0.8261416626916382
	0.826138637749614
	0.826143810375066
	0.8261385976337555
	0.8261357549525346
	0.826141889439041
	0.8261366714889895
	0.8261434257967997
	0.826145371028826
	0.8261481814415631
	0.8261494724811221
	0.8261476157117077
	0.8261448027004601
	0.8261452714834443
	0.8261517206481136
	0.8261523379293233
	0.8261492509121554
	0.8261463405987428
	0.8261466602715072
	0.826148298677404
	0.8261391456213213
	0.8261385210896238
	0.8261366599715442
	0.826130970041242
	0.8261294966607164
	0.8261300861613209
	0.8261328272376736
	0.8261324738422934
	0.826133484618441
	0.8261269459623757
	0.8261248771141707
	0.8261212627547209
	0.8261233194875494
	0.8261237143436474
	0.8261249241730281
	0.8261227117302015
	0.8261241963733564
	0.8261317160291051
	0.8261391024462843
	0.8261379422329194
	0.826137064627699
	0.8261372910752344
	0.8261368354772474
	0.8261394437642084
	0.826139988425234
	0.8261380514145694
	0.8261373371739748
	0.8261419944789526
	0.8261422594827902
	0.8261424807388048
	0.8261462847567944
	0.826146765609023
	0.8261506692439444
	0.8261527562865398
	0.8261545753890818
	0.8261546227186675
	0.8261576460434081
	0.8261562286706957
	0.8261505114654745
	0.8261452297961782
	0.8261393561725208
	0.8261358417049178
	0.8261353742031977
	0.826140338511463
	0.8261428168073544
	0.8261482536182474
	0.8261446807568887
	0.8261434994635934
	0.8261459895615383
	0.8261485708326922
	0.8261423246794083
	0.8261431847124507
	0.8261433273311511
	0.8261438747295844
	0.8261407712854502
	0.8261395086646852
	0.8261379560196508
	0.8261291395258038
	0.8261296028574531
	0.8261328061479184
	0.8261322969929958
	0.82613517863556
	0.8261404255859955
	0.8261415770854199
	0.8261416776242391
	0.826146875422012
	0.8261492787700607
	0.8261538344663496
	0.8261512103257527
	0.826147122758385
	0.8261461650481838
	0.826147536992407
	0.8261414098996328
	0.8261426932866667
	0.8261435789321834
	0.8261422535371249
	0.8261420662959645
	0.8261473487146265
	0.8261513217444144
	0.8261502015152529
	0.826151346169334
	0.8261504880753515
	0.8261555819004573
	0.8261577640315458
	0.8261557411556719
	0.8261552857853777
	0.8261513162811063
	0.8261563422737743
	0.8261549407972303
	0.8261560333126162
	0.8261528644956797
	0.826149362550723
	0.8261435868068356
	0.8261405512277322
	0.8261393068064788
	0.8261381996307594
	0.8261441360932404
	0.8261496791524249
	0.8261521362431434
	0.826151620817215
	0.8261561952640675
	0.8261515432647305
	0.8261567684397778
	0.8261586866232039
	0.8261496459534047
	0.8261531316117062
	0.8261530021671202
	0.8261510437810661
	0.8261491180286212
	0.8261479985645916
	0.8261421659355281
	0.8261455739385386
	0.8261459567573559
	0.8261513833395386
	0.8261517657119342
	0.8261548478404792
	0.8261544838596132
	0.826149229272824
	0.8261492897244039
	0.8261443410162501
	0.8261459806223096
	0.8261492144975608
	0.82615427928994
	0.8261562274232652
	0.8261553579956156
	0.8261585969470839
	0.8261611236697756
	0.8261653534143459
	0.8261680451286446
	0.8261729092322235
	0.8261720839843625
	0.8261710789306677
	0.8261739177085888
	0.8261737680265923
	0.8261797170563994
	0.8261788269324202
	0.8261828261601627
	0.8261852284023558
	0.8261875771273112
	0.8261893193705184
	0.826187714559978
	0.8261875391810253
	0.8261870890338717
	0.8261902073863967
	0.8261958251527534
	0.8261953359864307
	0.8261989968782228
	0.8262025669349378
	0.8261998386487083
	0.82619908205926
	0.8261945759714688
	0.8261946940186853
	0.8261949997266693
	0.8261919389296366
	0.8261883811205277
	0.8261850641641113
	0.8261833918774247
	0.8261851149357292
	0.8261901369190506
	0.8261926231678576
	0.8261848017918133
	0.8261869124835399
	0.8261888438965023
	0.8261917578648602
	0.8261932895256979
	0.8261939489000835
	0.8261926585688388
	0.8261929610411961
	0.8261951186785187
	0.8261909641408645
	0.8261850473147706
	0.8261802233873652
	0.8261802325069891
	0.8261794952944771
	0.8261740496287666
	0.8261679690843359
	0.8261724971453626
	0.8261700171721743
	0.8261713773183034
	0.8261681333732609
	0.8261691548537994
	0.8261711430059044
	0.8261782298185265
	0.8261763548426352
	0.826169460562259
	0.8261651780247018
	0.8261644259332863
	0.8261633575207535
	0.8261639545745235
	0.8261607725778206
	0.8261584129010383
	0.8261612722642646
	0.826169680403034
	0.8261673495950808
	0.8261639678685835
	0.8261672828054202
	0.82617380168738
	0.82616830233708
	0.8261760898373727
	0.826173692962461
	0.8261677744425033
	0.8261642902107709
	0.8261668580598093
	0.8261691046279509
	0.8261707237428173
	0.8261686658912981
	0.8261641608946041
	0.8261664421493381
	0.8261636138645242
	0.8261685590093547
	0.8261637316128118
	0.826163983214
	0.8261558040735504
	0.8261576564994743
	0.8261618258443117
	0.8261600307111595
	0.8261634408573882
	0.8261589151189243
	0.8261534344408844
	0.82615342999291
	0.8261538844972723
	0.8261635130811336
	0.8261571097327993
	0.8261621105691691
	0.8261622045818816
	0.8261600060358522
	0.8261605275438013
	0.8261605897594396
	0.8261599392086153
	0.8261587493042618
	0.8261583723913929
	0.8261619523644264
	0.8261611640931903
	0.8261583943204553
	0.8261596763209148
	0.8261566082865468
	0.8261636369298748
	0.8261740196093857
	0.8261702293378292
	0.826170714248273
	0.8261743681041321
	0.8261736966085991
	0.8261744168418831
	0.8261780350266491
	0.8261795401871528
	0.8261780469702382
	0.8261736043806149
	0.8261656951466771
	0.8261701578854124
	0.8261760332466568
	0.8261777897967748
	0.8261746946174384
	0.8261775985494775
	0.8261738490592293
	0.8261758209994137
	0.8261777354264329
	0.8261803665955642
	0.8261785094540613
	0.8261801341093374
	0.8261837392678886
	0.8261789656415474
	0.8261816985880243
	0.8261824038073248
	0.8261813781246043
	0.8261779043854361
	0.8261725971925663
	0.8261708899163183
	0.8261729308307805
	0.8261664986049261
	0.8261682540522561
	0.8261672062590663
	0.8261627005558423
	0.826162679458214
	0.8261617233063732
	0.8261645071978518
	0.8261673747058836
	0.8261707484596625
	0.8261720609024732
	0.8261665302149476
	0.8261637630287071
	0.8261670990544971
	0.8261685895352824
	0.8261640706189219
	0.8261697622509414
	0.8261717290030243
	0.8261704985780641
	0.8261719632341858
	0.8261736454578923
	0.826169197672475
	0.8261703638848916
	0.8261728756879655
	0.8261771286063763
	0.8261853766577798
	0.8261819436846949
	0.8261800005069341
	0.8261796124459792
	0.8261842746739338
	0.8261847422956056
	0.8261844353335207
	0.826181952103791
	0.8261772230454626
	0.8261767172794644
	0.8261767773717866
	0.8261781139446457
	0.8261807041923862
	0.8261805438612996
	0.8261768275078225
	0.8261767346880384
	0.8261807538887743
	0.8261720243106216
	0.8261684984431238
	0.8261729912089534
	0.8261769617246199
	0.8261806693961964
	0.8261781594137085
	0.8261790359213543
	0.8261769169127589
	0.8261816031678875
	0.8261867498005336
	0.8261877096950268
	0.8261815323143586
	0.8261796102107392
	0.8261783555110022
	0.8261817557228992
	0.8261797858626541
	0.8261815661779461
	0.8261804966856436
	0.8261800535745626
	0.8261811757749832
	0.8261789106390901
	0.8261736312475157
	0.8261740885908684
	0.8261825892021496
	0.8261787102698416
	0.8261813586507234
	0.826181522148881
	0.8261836640283409
	0.8261770638339658
	0.8261776350911582
	0.8261800447817657
	0.8261786512265109
	0.8261800101574693
	0.8261817494257291
	0.8261731184447151
	0.8261706667739713
	0.826169723210996
	0.8261754283944343
	0.8261741896598888
	0.8261701163382198
	0.8261703480481278
	0.8261697220301235
	0.8261730682446184
	0.8261770392117876
	0.8261839671006697
	0.8261810862371927
	0.8261777275556723
	0.8261787992826375
	0.8261752125652004
	0.8261745831169366
	0.8261728641140401
	0.8261709607339535
	0.8261685140847841
	0.8261685201294285
	0.8261664427872009
	0.8261621504991346
	0.8261579354304819
	0.8261595686117302
	0.8261615336420719
	0.8261641588742121
	0.8261702723748695
	0.8261705540244932
	0.8261690739756257
	0.8261650810511225
	0.8261663339474674
	0.8261606020240844
	0.8261586582162884
	0.8261513037079581
	0.8261542428225592
	0.8261566511043618
	0.8261566693268675
	0.8261638473307698
	0.8261566923639796
]