[
	1.2394258975982666
	1.2392412424087524
	1.2390894889831543
	1.238936185836792
	1.2387820482254028
	1.2386221885681152
	1.2384772300720215
	1.238325834274292
	1.2381819486618042
	1.2380239963531494
	1.2378700971603394
	1.237710952758789
	1.2375502586364746
	1.2374002933502197
	1.2372446060180664
	1.2370845079421997
	1.236928939819336
	1.2367743253707886
	1.2366217374801636
	1.2364720106124878
	1.2363150119781494
	1.2361663579940796
	1.2360137701034546
	1.2358644008636475
	1.2357133626937866
	1.2355703115463257
	1.2354180812835693
	1.235269546508789
	1.2351235151290894
	1.2349673509597778
	1.2348172664642334
	1.2346621751785278
	1.2345174551010132
	1.2343610525131226
	1.234209656715393
	1.2340548038482666
	1.2339191436767578
	1.233781099319458
	1.2336345911026
	1.2334952354431152
	1.233351707458496
	1.233208417892456
	1.2330677509307861
	1.232917070388794
	1.2327748537063599
	1.2326253652572632
	1.2324846982955933
	1.2323483228683472
	1.232208251953125
	1.2320630550384521
	1.2319227457046509
	1.2317816019058228
	1.2316384315490723
	1.2315027713775635
	1.2313718795776367
	1.2312241792678833
	1.231088638305664
	1.2309492826461792
	1.2308127880096436
	1.2306814193725586
	1.2305349111557007
	1.2304019927978516
	1.230276346206665
	1.2301387786865234
	1.230009913444519
	1.229878544807434
	1.2297370433807373
	1.2295918464660645
	1.2294540405273438
	1.2293211221694946
	1.2291922569274902
	1.2290552854537964
	1.228916883468628
	1.2287863492965698
	1.2286360263824463
	1.2285089492797852
	1.2283828258514404
	1.2282406091690063
	1.228117823600769
	1.227988362312317
	1.227851152420044
	1.2277262210845947
	1.227597951889038
	1.2274667024612427
	1.227344036102295
	1.227221131324768
	1.227095603942871
	1.2269840240478516
	1.2268503904342651
	1.2267324924468994
	1.2266008853912354
	1.226467490196228
	1.2263466119766235
	1.2262142896652222
	1.2260847091674805
	1.2259573936462402
	1.2258472442626953
	1.2257261276245117
	1.2255983352661133
	1.2254738807678223
	1.2253519296646118
	1.2252228260040283
	1.225102424621582
	1.2249729633331299
	1.2248419523239136
	1.224721908569336
	1.2246040105819702
	1.2244861125946045
	1.2243610620498657
	1.2242432832717896
	1.2241055965423584
	1.223978042602539
	1.2238590717315674
	1.2237439155578613
	1.2236216068267822
	1.223500370979309
	1.223376750946045
	1.223268985748291
	1.2231554985046387
	1.223036289215088
	1.2229175567626953
	1.2228038311004639
	1.222699761390686
	1.2225847244262695
	1.2224810123443604
	1.2223776578903198
	1.22226083278656
	1.2221457958221436
	1.2220382690429688
	1.2219239473342896
	1.2218164205551147
	1.2217013835906982
	1.2215884923934937
	1.2214772701263428
	1.2213608026504517
	1.2212457656860352
	1.221139669418335
	1.221036434173584
	1.2209235429763794
	1.2208149433135986
	1.220706582069397
	1.2206004858016968
	1.220492959022522
	1.220389485359192
	1.2202709913253784
	1.2201675176620483
	1.2200627326965332
	1.2199662923812866
	1.219853401184082
	1.2197531461715698
	1.2196563482284546
	1.219544529914856
	1.2194406986236572
	1.2193313837051392
	1.219226360321045
	1.2191088199615479
	1.2190008163452148
	1.218891978263855
	1.2187883853912354
	1.218693733215332
	1.2185965776443481
	1.2184925079345703
	1.2183892726898193
	1.2182891368865967
	1.21818208694458
	1.2180722951889038
	1.21796715259552
	1.217865228652954
	1.217753291130066
	1.2176413536071777
	1.217534065246582
	1.2174350023269653
	1.217331051826477
	1.2172266244888306
	1.2171299457550049
	1.2170315980911255
	1.2169355154037476
	1.216828465461731
	1.2167410850524902
	1.2166296243667603
	1.2165251970291138
	1.2164171934127808
	1.2163174152374268
	1.2162193059921265
	1.216116189956665
	1.216023325920105
	1.215921401977539
	1.2158305644989014
	1.2157306671142578
	1.2156239748001099
	1.2155201435089111
	1.215416669845581
	1.2153209447860718
	1.215218186378479
	1.2151219844818115
	1.2150179147720337
	1.2149078845977783
	1.2148158550262451
	1.2147172689437866
	1.214624047279358
	1.214516282081604
	1.2144086360931396
	1.214314579963684
	1.2142128944396973
	1.2141140699386597
	1.2140233516693115
	1.2139230966567993
	1.2138209342956543
	1.2137196063995361
	1.2136247158050537
	1.2135275602340698
	1.2134288549423218
	1.213335394859314
	1.2132354974746704
	1.2131402492523193
	1.213043451309204
	1.2129497528076172
	1.2128453254699707
	1.2127432823181152
	1.212647795677185
	1.2125533819198608
	1.2124558687210083
	1.2123667001724243
	1.2122706174850464
	1.2121808528900146
	1.2120707035064697
	1.2119765281677246
	1.2118765115737915
	1.2117857933044434
	1.21169114112854
	1.211600661277771
	1.2115137577056885
	1.211419939994812
	1.2113245725631714
	1.2112263441085815
	1.2111260890960693
	1.2110328674316406
	1.210950255393982
	1.2108663320541382
	1.2107774019241333
	1.2106800079345703
	1.2105739116668701
	1.2104791402816772
	1.2103776931762695
	1.2102882862091064
	1.2101819515228271
	1.2100900411605835
	1.2100006341934204
	1.2099144458770752
	1.209826946258545
	1.2097266912460327
	1.2096344232559204
	1.2095468044281006
	1.2094557285308838
	1.2093647718429565
	1.2092745304107666
	1.209184169769287
	1.2090911865234375
	1.209006428718567
	1.2089128494262695
	1.2088141441345215
	1.2087209224700928
	1.2086273431777954
	1.2085357904434204
	1.20844566822052
	1.2083557844161987
	1.208258867263794
	1.2081642150878906
	1.2080706357955933
	1.2079821825027466
	1.2078850269317627
	1.2077959775924683
	1.20770263671875
	1.207618236541748
	1.2075303792953491
	1.207436203956604
	1.207336664199829
	1.2072421312332153
	1.2071568965911865
	1.2070573568344116
	1.2069650888442993
	1.2068817615509033
	1.2067903280258179
	1.2067033052444458
	1.2066075801849365
	1.2065192461013794
	1.2064379453659058
	1.2063429355621338
	1.206254482269287
	1.206157922744751
	1.2060781717300415
	1.205983281135559
	1.2058943510055542
	1.2058013677597046
	1.2057090997695923
	1.2056198120117188
	1.2055259943008423
	1.2054412364959717
	1.2053451538085938
	1.2052661180496216
	1.2051812410354614
	1.2050973176956177
	1.205015778541565
	1.2049347162246704
	1.2048498392105103
	1.2047617435455322
	1.2046704292297363
	1.204576015472412
	1.2044893503189087
	1.2043957710266113
	1.2043102979660034
	1.204215168952942
	1.2041352987289429
	1.2040430307388306
	1.2039510011672974
	1.2038666009902954
	1.203784465789795
	1.2037057876586914
	1.203614354133606
	1.203520655632019
	1.2034403085708618
	1.2033517360687256
	1.2032732963562012
	1.203178882598877
	1.2031019926071167
	1.2030189037322998
	1.2029391527175903
	1.202854871749878
	1.202762246131897
	1.2026753425598145
	1.202584147453308
	1.2025033235549927
	1.202415943145752
	1.2023296356201172
	1.2022391557693481
	1.2021523714065552
	1.2020630836486816
	1.2019829750061035
	1.2018877267837524
	1.201806664466858
	1.2017269134521484
	1.2016379833221436
	1.2015540599822998
	1.201471209526062
	1.2013825178146362
	1.2013013362884521
	1.2012171745300293
	1.2011319398880005
	1.2010478973388672
	1.200958013534546
	1.2008739709854126
	1.2007886171340942
	1.200701117515564
	1.2006158828735352
	1.200536847114563
	1.2004488706588745
	1.2003635168075562
	1.2002893686294556
	1.2002050876617432
	1.2001286745071411
	1.20004403591156
	1.1999659538269043
	1.199891209602356
	1.1998072862625122
	1.1997225284576416
	1.199634313583374
	1.199550747871399
	1.199471116065979
	1.199388027191162
	1.1992994546890259
	1.1992213726043701
	1.1991299390792847
	1.199044942855835
	1.1989593505859375
	1.1988732814788818
	1.1987943649291992
	1.198714256286621
	1.1986262798309326
	1.1985384225845337
	1.1984562873840332
	1.1983698606491089
	1.1982840299606323
	1.198188066482544
	1.1981056928634644
	1.198032021522522
	1.197952151298523
	1.1978694200515747
	1.19779372215271
	1.1977076530456543
	1.197628378868103
	1.1975504159927368
	1.1974650621414185
	1.1973844766616821
	1.197300672531128
	1.1972123384475708
	1.1971288919448853
	1.1970576047897339
	1.1969797611236572
	1.1968907117843628
	1.196800708770752
	1.1967228651046753
	1.1966438293457031
	1.1965587139129639
	1.1964834928512573
	1.196396827697754
	1.1963127851486206
	1.1962270736694336
	1.196156620979309
	1.1960804462432861
	1.19600510597229
	1.1959261894226074
	1.1958537101745605
	1.1957706212997437
	1.195682406425476
	1.1956020593643188
	1.1955251693725586
	1.195444941520691
	1.1953710317611694
	1.1952881813049316
	1.1952072381973267
	1.1951268911361694
	1.1950464248657227
	1.1949578523635864
	1.1948851346969604
	1.1948031187057495
	1.1947202682495117
	1.1946425437927246
	1.1945550441741943
	1.1944741010665894
	1.1943854093551636
	1.1943151950836182
	1.1942310333251953
	1.1941426992416382
	1.1940675973892212
	1.1939902305603027
	1.1939122676849365
	1.1938300132751465
	1.1937508583068848
	1.1936627626419067
	1.19358229637146
	1.1935114860534668
	1.1934281587600708
	1.1933479309082031
	1.1932716369628906
	1.1931967735290527
	1.1931211948394775
	1.1930451393127441
	1.1929736137390137
	1.1928929090499878
	1.192818522453308
	1.1927331686019897
	1.1926467418670654
	1.192568302154541
	1.1924920082092285
	1.1924147605895996
	1.1923418045043945
	1.1922606229782104
	1.1921801567077637
	1.1921043395996094
	1.1920267343521118
	1.191939353942871
	1.1918597221374512
	1.1917833089828491
	1.1917078495025635
	1.1916319131851196
	1.1915541887283325
	1.1914628744125366
	1.1913830041885376
	1.1913000345230103
	1.1912152767181396
	1.1911332607269287
	1.1910580396652222
	1.190983533859253
	1.190905213356018
	1.1908429861068726
	1.1907721757888794
	1.1907016038894653
	1.1906238794326782
	1.1905449628829956
	1.1904741525650024
	1.190397024154663
	1.1903201341629028
	1.1902426481246948
	1.1901719570159912
	1.1900992393493652
	1.190024971961975
	1.1899495124816895
	1.1898747682571411
	1.1897937059402466
	1.189720869064331
	1.189643383026123
	1.1895753145217896
	1.1895052194595337
	1.1894296407699585
	1.1893543004989624
	1.1892786026000977
	1.1891992092132568
	1.1891236305236816
	1.1890568733215332
	1.1889727115631104
	1.1888946294784546
]