[
	0.6655226945877075
	0.6653843522071838
	0.6652502417564392
	0.6651504635810852
	0.6650115251541138
	0.664869487285614
	0.6647564172744751
	0.6646394729614258
	0.6645088791847229
	0.6643908619880676
	0.6642704606056213
	0.6641506552696228
	0.6640340685844421
	0.6639344692230225
	0.6638309955596924
	0.6636958122253418
	0.6635767817497253
	0.6634470820426941
	0.6633301973342896
	0.6632070541381836
	0.6630585193634033
	0.6629213690757751
	0.6627963185310364
	0.6626838445663452
	0.6625843644142151
	0.6624553203582764
	0.6623561978340149
	0.662225604057312
	0.6620904803276062
	0.6619894504547119
	0.6618832945823669
	0.6617646217346191
	0.6616374254226685
	0.6615164875984192
	0.6614015102386475
	0.6612902283668518
	0.6611591577529907
	0.6610494256019592
	0.6609388589859009
	0.6608316898345947
	0.6607109904289246
	0.6605807542800903
	0.6604503989219666
	0.6603315472602844
	0.6602194905281067
	0.6601113677024841
	0.6599926948547363
	0.6598948240280151
	0.6597893834114075
	0.6596965789794922
	0.6595722436904907
	0.6594586372375488
	0.659354567527771
	0.6592698097229004
	0.6591721773147583
	0.6590538024902344
	0.6589520573616028
	0.6588460206985474
	0.6587526202201843
	0.6586757898330688
	0.6585738658905029
	0.6584712266921997
	0.6583711504936218
	0.6582999229431152
	0.6581979990005493
	0.6581103205680847
	0.6580171585083008
	0.6579152941703796
	0.6578291058540344
	0.6577433347702026
	0.657666027545929
	0.6575729250907898
	0.6574773192405701
	0.6573720574378967
	0.6572733521461487
	0.6571623682975769
	0.6570824980735779
	0.6569893956184387
	0.6569010019302368
	0.6568166613578796
	0.6567190289497375
	0.6566234827041626
	0.656544029712677
	0.6564497947692871
	0.6563617587089539
	0.6562713384628296
	0.6561706066131592
	0.656090497970581
	0.6559966802597046
	0.6558911800384521
	0.6558233499526978
	0.655764102935791
	0.6557025909423828
	0.6556131839752197
	0.6555315256118774
	0.6554611325263977
	0.655386209487915
	0.6553212404251099
	0.6552523970603943
	0.6551551222801208
	0.6550736427307129
	0.6549971699714661
	0.6549285054206848
	0.6548412442207336
	0.6547617316246033
	0.6546947360038757
	0.6546327471733093
	0.6545586585998535
	0.6544855833053589
	0.6544221043586731
	0.6543495655059814
	0.6542727947235107
	0.6541967988014221
	0.6541280746459961
	0.6540571451187134
	0.6539798378944397
	0.653897762298584
	0.6538151502609253
	0.6537478566169739
	0.6536974906921387
	0.6536505818367004
	0.6535851359367371
	0.6535187363624573
	0.6534510850906372
	0.6533759832382202
	0.653299868106842
	0.6532385945320129
	0.6531805396080017
	0.6531317830085754
	0.6530719995498657
	0.6530025601387024
	0.6529368758201599
	0.6528723835945129
	0.6527952551841736
	0.6527184247970581
	0.6526646018028259
	0.6525959968566895
	0.6525374054908752
	0.6524806618690491
	0.652428150177002
	0.6523739695549011
	0.652312695980072
	0.6522652506828308
	0.6522071361541748
	0.6521596908569336
	0.6521152257919312
	0.6520645022392273
	0.652005672454834
	0.6519622802734375
	0.651909589767456
	0.6518725752830505
	0.6518221497535706
	0.6517701745033264
	0.6517191529273987
	0.6516585350036621
	0.6516028046607971
	0.651543140411377
	0.6514866352081299
	0.6514419317245483
	0.6513855457305908
	0.6513367891311646
	0.6512898206710815
	0.651238203048706
	0.6511895656585693
	0.6511447429656982
	0.6510947942733765
	0.6510515213012695
	0.651007354259491
	0.650946855545044
	0.650901734828949
	0.650846540927887
	0.650797426700592
	0.6507552862167358
	0.6507113575935364
	0.6506834030151367
	0.650634765625
	0.6505910158157349
	0.6505452990531921
	0.6505053639411926
	0.6504586338996887
	0.6504115462303162
	0.6503736972808838
	0.6503356099128723
	0.6502849459648132
	0.6502388119697571
	0.6501888036727905
	0.6501561999320984
	0.6501078009605408
	0.6500640511512756
	0.650032103061676
	0.6499935388565063
	0.6499468088150024
	0.6499059796333313
	0.6498716473579407
	0.6498336791992188
	0.6497871279716492
	0.6497422456741333
	0.6496970653533936
	0.6496531367301941
	0.6496309041976929
	0.6495976448059082
	0.649544894695282
	0.6495097875595093
	0.6494809985160828
	0.649449348449707
	0.6494095325469971
	0.6493767499923706
	0.6493322849273682
	0.6492977142333984
	0.6492636799812317
	0.6492282152175903
	0.6491929292678833
	0.6491602659225464
	0.649121880531311
	0.64908766746521
	0.6490633487701416
	0.6490290760993958
	0.6490022540092468
	0.6489751935005188
	0.6489309668540955
	0.6489090919494629
	0.6488847136497498
	0.6488527059555054
	0.6488295197486877
	0.6488023996353149
	0.6487696170806885
	0.6487336754798889
	0.6487119793891907
	0.6486899852752686
	0.648650050163269
	0.648626446723938
	0.6485927104949951
	0.6485576033592224
	0.6485223770141602
	0.6484830975532532
	0.6484699249267578
	0.6484421491622925
	0.6484225988388062
	0.6483871340751648
	0.6483709812164307
	0.6483387351036072
	0.6483181118965149
	0.6483052968978882
	0.6482769250869751
	0.6482482552528381
	0.6482159495353699
	0.6481862664222717
	0.6481649875640869
	0.6481364369392395
	0.6481090188026428
	0.6480849981307983
	0.6480578184127808
	0.6480175256729126
	0.6479875445365906
	0.6479675769805908
	0.6479573249816895
	0.6479213833808899
	0.6479041576385498
	0.6478885412216187
	0.6478617787361145
	0.6478300094604492
	0.6478015184402466
	0.6477665901184082
	0.6477394104003906
	0.64772629737854
	0.6477031707763672
	0.6477085947990417
	0.6477016806602478
	0.6476725339889526
	0.6476585268974304
	0.6476351618766785
	0.6476255655288696
	0.6476066708564758
	0.6475814580917358
	0.6475638151168823
	0.6475393176078796
	0.6475260257720947
	0.6475085616111755
	0.6474833488464355
	0.6474683284759521
	0.6474548578262329
	0.6474372148513794
	0.6474310159683228
	0.6474003791809082
	0.6473849415779114
	0.6473788619041443
	0.6473615169525146
	0.6473357677459717
	0.6473172307014465
	0.6473047137260437
	0.6472843885421753
	0.6472774744033813
	0.647261381149292
	0.6472457647323608
	0.6472222805023193
	0.647209882736206
	0.6471960544586182
	0.6471880674362183
	0.6471701264381409
	0.6471635699272156
	0.6471404433250427
	0.6471245288848877
	0.647099494934082
	0.6470841765403748
	0.647071361541748
	0.6470616459846497
	0.6470479965209961
	0.647019624710083
	0.6470170617103577
	0.6469982266426086
	0.6469884514808655
	0.6469832062721252
	0.6469727158546448
	0.6469631195068359
	0.6469496488571167
	0.6469301581382751
	0.6469149589538574
	0.6469067931175232
	0.6468996405601501
	0.6468890309333801
	0.6468788981437683
	0.6468733549118042
	0.6468673944473267
	0.6468587517738342
	0.6468517184257507
	0.6468425393104553
	0.646831214427948
	0.6468147039413452
	0.6468001008033752
	0.646782636642456
	0.6467757821083069
	0.6467603445053101
	0.6467495560646057
	0.6467455625534058
	0.6467263698577881
	0.6467260718345642
	0.6467204093933105
	0.6467167139053345
	0.6467010378837585
	0.6466973423957825
	0.6466795802116394
	0.646671712398529
	0.6466591954231262
	0.6466532945632935
	0.646635115146637
	0.6466364860534668
	0.6466290950775146
	0.6466200351715088
	0.6466124057769775
	0.6466024518013
	0.6465945243835449
	0.646582305431366
	0.6465750932693481
	0.6465664505958557
	0.6465693712234497
	0.6465631127357483
	0.6465505957603455
	0.6465541124343872
	0.6465542316436768
	0.646550178527832
	0.6465326547622681
	0.6465246081352234
	0.6465121507644653
	0.6465071439743042
	0.6465036869049072
	0.646492600440979
	0.6464798450469971
	0.6464717388153076
	0.6464634537696838
	0.6464533805847168
	0.646440327167511
	0.6464396715164185
	0.6464388370513916
	0.6464331150054932
	0.6464192867279053
	0.6464033722877502
	0.6463967561721802
	0.6463823914527893
	0.6463802456855774
	0.6463732123374939
	0.6463590860366821
	0.6463634967803955
	0.6463640928268433
	0.6463682055473328
	0.6463668346405029
	0.6463587284088135
	0.6463562846183777
	0.6463490724563599
	0.6463485360145569
	0.6463379263877869
	0.6463356614112854
	0.6463366150856018
	0.6463306546211243
	0.6463119387626648
	0.6463061571121216
	0.6463048458099365
	0.6463212370872498
	0.6463097929954529
	0.6463086605072021
	0.6463105082511902
	0.646317183971405
	0.6463117599487305
	0.646312952041626
	0.6463190317153931
	0.6463251113891602
	0.646319568157196
	0.6463179588317871
	0.646310567855835
	0.6463070511817932
	0.6463027000427246
	0.6462987065315247
	0.6462892889976501
	0.6462982296943665
	0.6462875008583069
	0.646287739276886
	0.6462879776954651
	0.6463027596473694
	0.6463004350662231
	0.6463021636009216
	0.6463092565536499
	0.6463189125061035
	0.646317183971405
	0.6463126540184021
	0.6463131308555603
	0.6463128924369812
	0.6463184952735901
	0.6463122963905334
	0.6463068127632141
	0.6462942957878113
	0.646284282207489
	0.6462839245796204
	0.6462761759757996
	0.6462831497192383
	0.6462724208831787
	0.6462675333023071
	0.6462644338607788
	0.6462689638137817
	0.6462735533714294
	0.6462721228599548
	0.6462745070457458
	0.6462759375572205
	0.6462700366973877
	0.6462806463241577
	0.6462705731391907
	0.6462730765342712
	0.6462574601173401
	0.646261990070343
	0.6462548971176147
	0.6462630033493042
	0.6462552547454834
	0.6462633609771729
	0.6462620496749878
	0.6462643146514893
	0.6462670564651489
	0.6462600231170654
	0.6462598443031311
	0.646256148815155
	0.6462565660476685
	0.6462571024894714
	0.6462581753730774
	0.6462571024894714
	0.6462559103965759
	0.6462556719779968
	0.6462548971176147
	0.6462628245353699
	0.6462666988372803
	0.6462680101394653
	0.6462713479995728
	0.6462581753730774
	0.6462745666503906
	0.6462813019752502
	0.6462841033935547
	0.6462953686714172
	0.6462910771369934
	0.646298885345459
	0.6462991237640381
	0.6462927460670471
	0.6462922096252441
	0.6462920308113098
	0.6462863087654114
	0.6463008522987366
	0.6463024020195007
	0.6463027000427246
	0.6463202238082886
	0.6463324427604675
	0.6463310718536377
	0.6463335156440735
	0.6463291645050049
	0.6463297605514526
	0.6463295221328735
	0.6463379859924316
	0.6463425159454346
	0.6463497281074524
	0.6463548541069031
	0.6463536620140076
	0.6463561058044434
	0.6463614702224731
	0.6463621854782104
	0.6463700532913208
	0.646374523639679
	0.6463784575462341
	0.6463818550109863
	0.646382212638855
	0.6463830471038818
	0.6463870406150818
	0.6463841795921326
	0.6463822722434998
	0.6463845372200012
	0.6463901400566101
	0.646381139755249
	0.6463799476623535
	0.646385669708252
	0.6463978290557861
	0.6463910341262817
	0.6464059948921204
	0.6464138031005859
	0.6464167833328247
	0.6464132070541382
	0.6464162468910217
	0.6464322209358215
	0.6464362740516663
	0.646439254283905
	0.6464354991912842
	0.6464369893074036
	0.6464458107948303
	0.6464552283287048
	0.6464627981185913
	0.6464645862579346
	0.6464616656303406
	0.6464655995368958
	0.6464633941650391
	0.6464688181877136
	0.6464713215827942
	0.6464678049087524
	0.6464748382568359
	0.6464826464653015
	0.6464931964874268
	0.64650559425354
	0.6465110182762146
	0.6465120911598206
	0.6465228796005249
	0.6465298533439636
	0.6465261578559875
	0.6465317010879517
	0.6465403437614441
	0.6465519070625305
	0.646565318107605
	0.6465888619422913
	0.646600604057312
	0.6466010212898254
	0.6465961933135986
	0.6466017365455627
	0.6466031670570374
	0.6465961933135986
	0.6466035842895508
	0.6466024518013
	0.6466081142425537
	0.6466203927993774
	0.6466339230537415
	0.646632969379425
	0.6466298699378967
	0.6466269493103027
	0.6466283798217773
	0.6466405987739563
	0.6466391682624817
	0.6466420292854309
	0.6466435790061951
	0.6466510891914368
	0.6466520428657532
	0.6466553211212158
	0.6466532945632935
	0.646660327911377
	0.6466758847236633
	0.6466842293739319
	0.6466910243034363
	0.6467114090919495
	0.6467233300209045
	0.6467359066009521
	0.6467496752738953
	0.6467549800872803
	0.6467655301094055
	0.6467716693878174
	0.6467893719673157
	0.6467927098274231
	0.6467968225479126
	0.6467961072921753
	0.6468092799186707
	0.6468059420585632
	0.6468124985694885
	0.6468263864517212
	0.6468247771263123
	0.6468268036842346
	0.6468219757080078
	0.6468304991722107
	0.6468366980552673
	0.6468400955200195
	0.646848738193512
	0.646857500076294
	0.646878719329834
	0.6469005346298218
	0.6469084024429321
	0.6469139456748962
	0.6469205021858215
	0.6469288468360901
	0.6469285488128662
	0.6469296813011169
	0.6469345688819885
	0.6469336748123169
	0.6469374895095825
	0.6469470262527466
	0.6469510197639465
	0.6469547748565674
	0.6469613313674927
	0.6469711661338806
	0.6469814777374268
	0.6470000147819519
	0.6470166444778442
	0.6470211148262024
	0.6470256447792053
	0.6470377445220947
	0.647048830986023
	0.6470575332641602
	0.6470585465431213
	0.6470658183097839
	0.6470812559127808
	0.6470884084701538
	0.6470932364463806
	0.6471040844917297
	0.6471113562583923
	0.6471166610717773
	0.6471166014671326
	0.6471164226531982
	0.6471303105354309
	0.6471459269523621
	0.6471570730209351
	0.6471546292304993
	0.6471644043922424
	0.6471754312515259
	0.647193968296051
	0.6471890807151794
	0.6471998691558838
	0.6472090482711792
	0.6472178101539612
	0.6472328305244446
	0.6472445130348206
	0.6472523212432861
	0.6472718715667725
	0.6472705006599426
	0.6472777724266052
	0.6472916007041931
	0.647301971912384
	0.64731365442276
	0.6473365426063538
	0.64734947681427
	0.6473486423492432
	0.6473518013954163
	0.6473527550697327
	0.6473636031150818
	0.6473880410194397
	0.6473908424377441
	0.6473929286003113
	0.6473991870880127
	0.647417426109314
	0.647426187992096
	0.6474358439445496
	0.6474487781524658
	0.6474578976631165
	0.6474616527557373
	0.6474700570106506
	0.6474769711494446
	0.6474813222885132
	0.6474853754043579
	0.6474984288215637
	0.6475186347961426
	0.6475328803062439
	0.6475394368171692
	0.6475633978843689
	0.6475711464881897
	0.647582471370697
	0.6475983262062073
	0.6476025581359863
	0.647606372833252
	0.6476356983184814
	0.6476479172706604
	0.6476617455482483
	0.6476795077323914
	0.6476908922195435
	0.6476954221725464
	0.6477044224739075
	0.6477083563804626
	0.6477223038673401
	0.6477293372154236
	0.647739827632904
	0.6477593183517456
	0.6477710008621216
	0.6477710604667664
	0.6477818489074707
	0.6477856636047363
	0.6478028893470764
	0.6478149890899658
	0.6478294134140015
	0.6478525400161743
	0.6478581428527832
	0.6478736996650696
	0.6478868126869202
	0.6478920578956604
	0.6479021310806274
	0.6479170322418213
	0.6479259729385376
	0.6479235887527466
	0.6479364037513733
	0.6479558348655701
	0.6479653716087341
	0.6479691863059998
	0.6479852199554443
	0.6479994058609009
	0.648005485534668
	0.6480178236961365
	0.6480330228805542
	0.6480461359024048
	0.6480571627616882
	0.6480742692947388
	0.648088812828064
	0.6480933427810669
	0.6481126546859741
	0.6481174230575562
	0.6481247544288635
	0.6481339931488037
	0.6481426358222961
	0.6481550931930542
	0.6481630206108093
	0.6481687426567078
	0.6481750011444092
	0.6481848359107971
	0.6482129693031311
	0.6482266187667847
	0.6482489705085754
	0.6482533812522888
	0.6482638120651245
	0.6482752561569214
	0.6482790112495422
	0.6482903957366943
	0.6482998728752136
	0.6483048796653748
	0.648316502571106
	0.6483312845230103
	0.6483327746391296
	0.6483485698699951
	0.6483521461486816
	0.6483413577079773
	0.6483471393585205
	0.6483732461929321
	0.6483755111694336
	0.648392915725708
	0.6484034061431885
	0.6484250426292419
	0.6484365463256836
	0.6484488248825073
	0.6484598517417908
	0.6484721899032593
	0.6484856605529785
	0.6485152244567871
	0.6485347747802734
	0.648544430732727
	0.6485487222671509
	0.6485650539398193
	0.6485836505889893
	0.6485954523086548
	0.6486144661903381
	0.6486249566078186
	0.6486508250236511
	0.6486631631851196
	0.6486744284629822
	0.6486853361129761
	0.6486990451812744
	0.6487132906913757
	0.6487239003181458
	0.6487339735031128
	0.6487370729446411
	0.6487489342689514
	0.6487652063369751
	0.6487680077552795
	0.6487841010093689
	0.6488101482391357
	0.6488205790519714
	0.6488356590270996
	0.6488410234451294
	0.6488497257232666
	0.6488735675811768
	0.6488918662071228
	0.6489087343215942
	0.6489275693893433
	0.6489353775978088
	0.6489471793174744
	0.6489571332931519
	0.6489641070365906
	0.6489701271057129
	0.6489831805229187
	0.6489896178245544
	0.6490132212638855
	0.6490299105644226
	0.6490578651428223
	0.649086058139801
	0.6491026878356934
	0.6491185426712036
	0.6491240859031677
	0.6491307616233826
	0.6491450667381287
	0.6491639018058777
	0.6491926908493042
	0.6492215991020203
	0.6492404937744141
	0.6492485404014587
	0.6492607593536377
	0.6492655873298645
	0.6492886543273926
	0.649300217628479
	0.6492992043495178
	0.6493214964866638
	0.6493276357650757
	0.6493349671363831
	0.6493406295776367
	0.64934241771698
	0.6493464708328247
	0.6493467092514038
	0.6493584513664246
	0.6493645310401917
	0.6493775248527527
	0.6493943333625793
	0.6494174599647522
	0.6494287252426147
	0.6494466066360474
	0.6494664549827576
	0.6494767069816589
	0.6494808793067932
	0.6494961977005005
	0.6495087146759033
	0.6495389342308044
	0.6495499610900879
	0.649552047252655
	0.6495720744132996
	0.6495799422264099
	0.6495844125747681
	0.6495863795280457
	0.649603009223938
	0.6496261358261108
	0.6496400237083435
	0.649656355381012
	0.6496663093566895
	0.649688720703125
	0.6497005224227905
	0.6497103571891785
	0.6497352123260498
	0.649747371673584
	0.6497495174407959
	0.6497728228569031
	0.6497904062271118
	0.6498022675514221
	0.6498146653175354
	0.6498206853866577
	0.6498330235481262
	0.6498605608940125
	0.6498764753341675
	0.6498855352401733
	0.6499230861663818
	0.6499350666999817
	0.6499552726745605
	0.6499717831611633
	0.6499819755554199
	0.6499969959259033
	0.6500135064125061
	0.6500310301780701
	0.6500582695007324
	0.6500768661499023
	0.6500977277755737
	0.6501121520996094
	0.6501277685165405
	0.6501550674438477
	0.6501713395118713
	0.6501824259757996
	0.6502013206481934
	0.6502166390419006
	0.6502349376678467
	0.6502662301063538
	0.6502782702445984
	0.6502898335456848
	0.6503167152404785
	0.6503360867500305
	0.6503439545631409
	0.6503453850746155
	0.6503494381904602
	0.6503667831420898
	0.6503990292549133
	0.6504287123680115
	0.6504440903663635
	0.6504601240158081
	0.6504793763160706
	0.6504943370819092
	0.6504989862442017
	0.6505221724510193
	0.6505314707756042
	0.650545597076416
	0.6505623459815979
	0.6505797505378723
	0.6505793333053589
	0.650587260723114
	0.6506051421165466
	0.6506161689758301
	0.6506475210189819
	0.6506648063659668
	0.6506696343421936
	0.6506791114807129
	0.6506971716880798
	0.6507052183151245
	0.6507301926612854
	0.6507405638694763
	0.6507471799850464
	0.6507658362388611
	0.6507756114006042
	0.6508066654205322
	0.6508324146270752
	0.6508490443229675
	0.65086430311203
	0.6508969068527222
	0.6509029865264893
	0.6509104371070862
	0.6509255766868591
	0.6509315967559814
	0.6509432792663574
	0.6509563326835632
	0.6509743332862854
	0.6509856581687927
	0.6509995460510254
	0.6510161757469177
	0.6510316729545593
	0.6510435342788696
	0.6510663032531738
	0.651083767414093
	0.6510993838310242
	0.651113748550415
	0.6511291265487671
	0.6511380076408386
	0.651154637336731
	0.6511847972869873
	0.6512050032615662
	0.6512104868888855
	0.6512238383293152
	0.651240885257721
	0.6512423157691956
	0.6512709856033325
	0.6512982249259949
	0.6513060927391052
	0.6513131856918335
	0.6513293981552124
	0.6513484120368958
	0.6513484716415405
	0.6513639688491821
	0.6513800621032715
	0.6514044404029846
	0.6514090895652771
	0.6514312028884888
	0.651454508304596
	0.6514691710472107
	0.6514781713485718
	0.6514893174171448
	0.6514999270439148
	0.6515212059020996
	0.6515247225761414
	0.6515353322029114
	0.651546061038971
	0.6515604853630066
	0.6515805125236511
	0.6516055464744568
	0.6516178846359253
	0.6516344547271729
	0.6516549587249756
	0.6516686677932739
	0.6516923308372498
	0.6517115831375122
	0.6517265439033508
	0.6517584323883057
	0.6517689228057861
	0.6517773866653442
	0.6517974734306335
	0.6518199443817139
	0.6518315672874451
	0.6518474817276001
	0.651857316493988
	0.6518774628639221
	0.651897132396698
	0.6519144177436829
	0.6519326567649841
	0.6519529819488525
	0.6519608497619629
	0.6519771218299866
	0.6519988179206848
	0.6520175933837891
	0.6520324945449829
	0.6520444750785828
	0.6520591974258423
	0.652076780796051
	0.6520845890045166
	0.6521114110946655
	0.652125895023346
	0.6521514654159546
	0.652172327041626
	0.6521905660629272
	0.6522091627120972
	0.6522305607795715
	0.6522543430328369
	0.6522775292396545
	0.6522973775863647
	0.6523033976554871
	0.6523261070251465
	0.6523429155349731
	0.6523637175559998
	0.6523807048797607
	0.6523822546005249
	0.6523982882499695
	0.6524237990379333
	0.6524611711502075
	0.6524901986122131
	0.6525172591209412
	0.6525424718856812
	0.6525526642799377
	0.6525496244430542
	0.6525700092315674
	0.6525970697402954
	0.6526215672492981
	0.6526286005973816
	0.6526455283164978
	0.6526736617088318
	0.6526918411254883
	0.6527149081230164
	0.6527361273765564
	0.6527488231658936
	0.6527623534202576
	0.6527736186981201
	0.6527893543243408
	0.65279620885849
	0.6528254151344299
	0.6528357267379761
	0.6528670191764832
	0.652877151966095
	0.652888834476471
	0.652916669845581
	0.652932345867157
	0.6529457569122314
	0.6529592871665955
	0.6529803276062012
	0.6530025601387024
	0.6530089378356934
	0.6530283093452454
	0.6530377268791199
	0.653042197227478
	0.6530536413192749
	0.6530694961547852
	0.6530935764312744
	0.6531170010566711
	0.6531384587287903
	0.6531527042388916
	0.6531672477722168
	0.6531804203987122
	0.6531978845596313
	0.6532262563705444
	0.6532533764839172
	0.6532634496688843
	0.6532781720161438
	0.6532904505729675
	0.6533133387565613
	0.6533378958702087
	0.6533530950546265
	0.6533593535423279
	0.6533783674240112
	0.6533895134925842
	0.6534036993980408
	0.6534199714660645
	0.6534424424171448
	0.6534618139266968
	0.6534754037857056
	0.6534945368766785
	0.6535077095031738
	0.6535111665725708
	0.6535235643386841
	0.6535341143608093
	0.6535508632659912
	0.6535659432411194
	0.6535849571228027
	0.6536087393760681
	0.6536157131195068
	0.6536367535591125
	0.6536582112312317
	0.6536714434623718
	0.6537007689476013
	0.6537205576896667
	0.6537315845489502
	0.6537458300590515
	0.6537603735923767
	0.6537713408470154
	0.653790295124054
	0.653800904750824
	0.6538181304931641
	0.6538445949554443
	0.6538752317428589
	0.6538985967636108
	0.6539201140403748
	0.6539403200149536
	0.6539654731750488
	0.6539885401725769
	0.6539878845214844
	0.6540144681930542
	0.6540251970291138
	0.6540384292602539
	0.6540586948394775
	0.6540708541870117
	0.6540858149528503
	0.6541002988815308
	0.6541195511817932
	0.6541478037834167
	0.6541685461997986
	0.6541879177093506
	0.6542145013809204
	0.6542193293571472
	0.65425044298172
	0.6542685627937317
	0.6542830467224121
	0.6542969942092896
	0.6543098092079163
	0.654329776763916
	0.654339075088501
	0.6543570756912231
	0.6543687582015991
	0.6543935537338257
	0.654403805732727
	0.6544191837310791
	0.6544375419616699
	0.654454231262207
	0.6544718742370605
	0.6544913649559021
	0.6545096635818481
	0.6545354127883911
	0.6545558571815491
	0.6545804738998413
	0.6546025276184082
	0.654617428779602
	0.6546323895454407
	0.6546509265899658
	0.6546761393547058
	0.6547032594680786
	0.6547272205352783
	0.6547496318817139
	0.6547747254371643
	0.6548009514808655
	0.6548148989677429
	0.6548227071762085
	0.6548448801040649
	0.6548556089401245
	0.6548725962638855
	0.6548894047737122
	0.6549108624458313
	0.6549244523048401
	0.6549418568611145
	0.6549467444419861
	0.6549513339996338
	0.6549705862998962
	0.6549878120422363
	0.6550052165985107
	0.655023992061615
	0.6550382971763611
	0.6550518870353699
	0.6550655961036682
	0.6550988554954529
	0.655113935470581
	0.6551443338394165
	0.6551533341407776
	0.6551799178123474
	0.6552021503448486
	0.655225396156311
	0.6552548408508301
	0.6552768349647522
	0.6552975177764893
	0.6553148627281189
	0.6553183794021606
	0.6553317904472351
	0.6553566455841064
	0.6553943753242493
	0.65541672706604
	0.6554337739944458
	0.6554509401321411
	0.6554700136184692
	0.6555002331733704
	0.6555230617523193
	0.6555480360984802
	0.6555760502815247
	0.6555992364883423
	0.6556179523468018
	0.655647873878479
	0.6556652784347534
	0.6556732058525085
	0.6556920409202576
	0.6557133197784424
	0.6557267904281616
	0.6557362675666809
	0.6557620763778687
	0.6557754278182983
	0.6557990312576294
	0.6558119654655457
	0.6558468341827393
	0.6558671593666077
	0.6558867692947388
	0.6558958292007446
	0.6559135317802429
	0.6559409499168396
	0.6559574604034424
	0.6559788584709167
	0.6559985876083374
	0.6560199856758118
	0.6560423374176025
	0.6560688018798828
	0.6560880541801453
	0.6561052799224854
	0.6561229228973389
	0.6561375856399536
	0.6561620831489563
	0.6561779975891113
	0.6561859250068665
	0.6562104225158691
	0.6562249064445496
	0.65625
	0.6562666296958923
	0.6562873125076294
	0.656302809715271
	0.6563184857368469
	0.6563286781311035
	0.6563418507575989
	0.6563538312911987
	0.6563751101493835
	0.6563861966133118
	0.6564116477966309
	0.6564335227012634
	0.6564461588859558
	0.6564682722091675
	0.6564909219741821
	0.6565150618553162
	0.6565259695053101
	0.6565560698509216
	0.6565695405006409
	0.656586766242981
	0.6566130518913269
	0.6566300392150879
	0.656650960445404
	0.6566648483276367
	0.6566784977912903
	0.656694769859314
	0.6567071676254272
	0.656714916229248
	0.6567190289497375
	0.656744658946991
	0.6567577123641968
	0.6567775011062622
	0.656802773475647
	0.656825065612793
	0.6568387746810913
	0.6568472981452942
	0.6568859815597534
	0.6568946242332458
	0.656930148601532
	0.656959056854248
	0.6569737792015076
	0.6570017337799072
	0.6570146679878235
	0.6570414304733276
	0.6570592522621155
	0.6570686101913452
	0.6570917367935181
	0.6571056246757507
	0.6571112275123596
	0.6571287512779236
	0.6571559309959412
	0.6571682691574097
	0.6571995615959167
	0.6572290658950806
	0.6572399735450745
	0.6572504043579102
	0.6572779417037964
	0.65729159116745
	0.6573164463043213
	0.6573402285575867
	0.6573653221130371
	0.6573901772499084
	0.6574177145957947
	0.6574358344078064
	0.6574470400810242
	0.6574659943580627
	0.6574984788894653
	0.6575108170509338
	0.6575388312339783
	0.6575532555580139
	0.6575812697410583
	0.6575791239738464
	0.6576006412506104
	0.6576219201087952
	0.6576433181762695
	0.6576631665229797
	0.6576745510101318
	0.6576948761940002
	0.6577039361000061
	0.657726526260376
	0.6577516794204712
	0.6577566266059875
	0.6577825546264648
	0.6577997207641602
	0.6578129529953003
	0.6578173041343689
	0.657829761505127
	0.6578372716903687
	0.6578673720359802
	0.657876193523407
	0.6578798294067383
	0.657904863357544
	0.6579141616821289
	0.6579349040985107
	0.6579618453979492
	0.6579808592796326
	0.6580057740211487
	0.6580212116241455
	0.6580342054367065
	0.6580491662025452
	0.6580485701560974
	0.6580694913864136
	0.6580957174301147
	0.6581212282180786
	0.6581417322158813
	0.6581647992134094
	0.6581919193267822
	0.6581980586051941
	0.6582178473472595
	0.6582556962966919
	0.6582764387130737
	0.658295750617981
	0.6583207845687866
	0.6583324074745178
	0.6583516597747803
	0.6583765149116516
	0.6583978533744812
	0.6583964824676514
	0.6584236025810242
	0.6584525108337402
	0.6584663987159729
	0.6584888100624084
	0.6585079431533813
	0.6585285663604736
	0.6585590243339539
	0.6585776805877686
	0.6585991382598877
	0.65861576795578
	0.6586205363273621
	0.658659040927887
	0.6586763262748718
	0.6586974859237671
	0.6587095260620117
	0.6587221622467041
	0.6587371826171875
	0.658749520778656
	0.6587664484977722
	0.6587908267974854
	0.6588046550750732
	0.6588238477706909
	0.6588308215141296
	0.6588553786277771
	0.6588693857192993
	0.6588963270187378
	0.6589259505271912
	0.6589481234550476
	0.658966600894928
	0.6589826941490173
	0.6590054035186768
	0.6590341925621033
	0.6590476036071777
	0.6590684652328491
	0.6590747833251953
	0.6590880751609802
	0.6591171026229858
	0.6591236591339111
	0.659146785736084
	0.6591622233390808
	0.6591717004776001
	0.659180760383606
	0.6592127084732056
	0.6592293381690979
	0.659260630607605
	0.6592746376991272
	0.6592901945114136
	0.6593136787414551
	0.6593403220176697
	0.6593650579452515
	0.6593798398971558
	0.6593976020812988
	0.6594172120094299
	0.6594370603561401
	0.6594593524932861
	0.6594750881195068
	0.6594963669776917
	0.6595320105552673
	0.6595468521118164
	0.6595756411552429
	0.6596097350120544
	0.6596300601959229
	0.6596441268920898
	0.659670352935791
	0.6596839427947998
	0.6597078442573547
	0.6597424745559692
	0.6597541570663452
	0.6597656011581421
	0.659781277179718
	0.659807562828064
	0.659835934638977
	0.6598562002182007
	0.6598833203315735
	0.6599168181419373
	0.6599454879760742
	0.659960150718689
	0.6599763631820679
	0.6600004434585571
	0.6600286960601807
	0.6600399613380432
	0.6600493788719177
	0.6600699424743652
	0.6600906848907471
	0.6600975394248962
	0.6601188778877258
	0.6601287722587585
	0.6601617932319641
	0.6601760387420654
	0.6601999402046204
	0.6602262854576111
	0.66024249792099
	0.6602712273597717
	0.6602895855903625
	0.660304844379425
	0.6603251695632935
	0.6603450179100037
	0.6603684425354004
	0.660405695438385
	0.6604295372962952
	0.6604580283164978
	0.6604641079902649
	0.6604866981506348
	0.6605179309844971
	0.6605374813079834
	0.6605727076530457
	0.660602867603302
	0.6606174111366272
	0.6606314778327942
	0.6606460809707642
	0.6606752276420593
	0.6606907248497009
	0.660711944103241
	0.6607301831245422
	0.660754919052124
	0.6607690453529358
	0.6607822179794312
	0.6607966423034668
	0.6608220934867859
	0.6608424782752991
	0.6608543992042542
	0.6608691215515137
	0.660886287689209
	0.6608978509902954
	0.6609218120574951
	0.6609369516372681
	0.6609579920768738
	0.6609779596328735
	0.6609982848167419
	0.661007821559906
	0.6610320806503296
	0.6610506176948547
	0.6610621809959412
	0.6610892415046692
	0.6611047983169556
	0.661124587059021
	0.6611506342887878
	0.6611654162406921
	0.6611717343330383
	0.6611877679824829
	0.661202073097229
	0.6612247228622437
	0.6612420082092285
	0.6612427234649658
	0.6612699627876282
	0.6612791419029236
	0.6612939238548279
	0.6613146662712097
	0.661329448223114
	0.6613541841506958
	0.6613671779632568
	0.6613954901695251
	0.6614261865615845
	0.6614515781402588
	0.6614770889282227
	0.6614940762519836
	0.6615045070648193
	0.6615232229232788
	0.6615442633628845
	0.6615743041038513
	0.6615898013114929
	0.6616089940071106
	0.6616195440292358
	0.6616445183753967
	0.661650538444519
	0.6616652607917786
	0.6616796255111694
	0.661703884601593
	0.6617244482040405
	0.6617370843887329
	0.6617666482925415
	0.6617769598960876
	0.6617887020111084
	0.6618238687515259
	0.6618452668190002
	0.6618645191192627
	0.6618719100952148
	0.6618940830230713
	0.661919355392456
	0.6619396805763245
	0.6619523763656616
	0.6619689464569092
	0.6619747877120972
	0.6619827747344971
	0.6620035767555237
	0.6620230078697205
	0.6620504856109619
	0.66206955909729
	0.6620864272117615
	0.6620997190475464
	0.6621167659759521
	0.6621207594871521
	0.6621289849281311
	0.662149965763092
	0.662167489528656
	0.6621896028518677
	0.6621944904327393
	0.6622023582458496
	0.6622191667556763
	0.6622425317764282
	0.6622723937034607
	0.6622933149337769
	0.6623073220252991
	0.6623278260231018
	0.6623504161834717
	0.662375271320343
	0.6623935103416443
	0.6624112129211426
	0.6624194979667664
	0.6624448299407959
	0.6624529957771301
	0.662476122379303
	0.6624868512153625
	0.662501335144043
	0.6625109910964966
	0.6625343561172485
	0.6625416874885559
	0.662543773651123
	0.6625569462776184
	0.662574827671051
	0.6626023054122925
	0.6626384854316711
	0.6626625657081604
	0.6626827120780945
	0.6626982092857361
	0.6627106070518494
	0.6627278923988342
	0.6627443432807922
	0.6627594232559204
	0.6627776622772217
	0.6628008484840393
	0.6628188490867615
	0.6628429889678955
	0.6628733277320862
	0.6628953218460083
	0.6629176735877991
	0.6629371047019958
	0.6629713177680969
	0.6629801988601685
	0.6629955768585205
	0.6630226969718933
	0.6630266308784485
	0.6630383133888245
	0.6630451679229736
	0.6630587577819824
	0.6630800366401672
	0.6630943417549133
	0.6631104946136475
	0.6631423830986023
	0.6631689071655273
	0.6631848216056824
	0.6631990075111389
	0.6632068753242493
	0.6632386445999146
	0.6632664203643799
	0.6632864475250244
	0.6632906198501587
	0.6633157730102539
	0.6633298993110657
	0.6633565425872803
	0.6633756756782532
	0.6634018421173096
	0.6634178161621094
	0.6634313464164734
	0.663453996181488
	0.6634831428527832
	0.6635164022445679
	0.6635369062423706
	0.6635671257972717
	0.6636030673980713
	0.6636308431625366
	0.6636496186256409
	0.6636760830879211
	0.6636989116668701
	0.6637124419212341
	0.6637295484542847
	0.663739025592804
	0.6637460589408875
	0.6637722849845886
	0.6637883186340332
	0.6638009548187256
	0.6638392210006714
	0.6638613939285278
	0.6638923287391663
	0.6639185547828674
	0.6639351844787598
	0.6639499068260193
	0.6639722585678101
	0.6639854907989502
	0.6640111207962036
	0.6640338897705078
	0.6640611886978149
	0.6640881299972534
	0.6641018390655518
	0.6641083359718323
	0.6641350984573364
	0.6641474366188049
	0.6641687154769897
	0.6641765832901001
	0.6641835570335388
	0.6641950011253357
	0.6642014980316162
	0.6642203330993652
	0.664242148399353
	0.66426020860672
	0.6642728447914124
	0.6642842888832092
	0.6643109321594238
	0.6643278002738953
	0.6643384099006653
	0.6643568277359009
	0.6643831133842468
	0.6644010543823242
	0.664412260055542
	0.6644440293312073
	0.6644738912582397
	0.664485514163971
	0.6644992232322693
	0.6645021438598633
	0.6645117402076721
	0.6645410656929016
	0.664555013179779
	0.66456538438797
	0.6645858287811279
	0.6646084189414978
	0.6646245121955872
	0.6646554470062256
	0.6646738648414612
	0.6646990776062012
	0.664725661277771
	0.6647375226020813
	0.6647385358810425
	0.6647490859031677
	0.6647873520851135
	0.6647923588752747
	0.6648154258728027
	0.6648436784744263
	0.6648377180099487
	0.664871871471405
	0.6648834943771362
	0.6648933291435242
	0.6649251580238342
	0.6649502515792847
	0.6649726629257202
	0.6649883985519409
	0.6650081872940063
	0.6650294661521912
	0.6650522947311401
	0.6650879979133606
	0.6650985479354858
	0.6651239395141602
	0.6651607155799866
	0.6651605367660522
	0.6651677489280701
	0.6651936173439026
	0.6652302145957947
	0.6652501225471497
	0.6652692556381226
	0.6652840971946716
	0.6653106808662415
	0.6653338074684143
	0.6653598546981812
	0.6653779745101929
	0.665386438369751
	0.665402352809906
	0.6654138565063477
	0.6654458045959473
	0.6654570698738098
	0.6654748916625977
	0.6655018925666809
	0.6655170917510986
	0.6655380129814148
	0.6655615568161011
	0.6655760407447815
	0.6655909419059753
	0.6656161546707153
	0.6656497120857239
	0.6656666398048401
	0.6656699180603027
	0.6656869649887085
	0.6657019853591919
	0.6657205820083618
	0.6657336950302124
	0.6657480001449585
	0.6657657027244568
	0.6657755374908447
	0.6657944917678833
	0.6658087968826294
	0.665824830532074
	0.6658399105072021
	0.6658593416213989
	0.6658775210380554
	0.6658949851989746
	0.6659131646156311
	0.6659326553344727
	0.6659517288208008
	0.6659618020057678
	0.6659958362579346
	0.666009783744812
	0.6660383939743042
	0.6660632491111755
	0.6660854816436768
	0.6661055684089661
	0.6661231517791748
	0.6661379933357239
	0.6661613583564758
	0.6661864519119263
	0.6662018895149231
	0.6662286520004272
	0.6662416458129883
	0.6662683486938477
	0.6662952303886414
	0.6663166880607605
	0.6663303375244141
	0.666354238986969
	0.6663684248924255
	0.6663833260536194
	0.6663972735404968
	0.666418194770813
	0.6664422154426575
	0.6664583086967468
	0.6664859652519226
	0.6664991974830627
	0.6665034294128418
	0.6665207743644714
	0.666545569896698
	0.6665555834770203
	0.6665672063827515
	0.6665931940078735
	0.6666052937507629
	0.6666383147239685
	0.6666628122329712
	0.666682243347168
	0.6667079925537109
	0.6667291522026062
	0.6667567491531372
	0.6667758226394653
	0.6668216586112976
	0.6668543815612793
	0.6668730974197388
	0.6668994426727295
	0.6669042706489563
	0.6669143438339233
	0.666948676109314
	0.6669688820838928
	0.6669806838035583
	0.6669998168945312
	0.6670131683349609
	0.6670228242874146
	0.6670340895652771
	0.6670472025871277
	0.6670686602592468
	0.6670817732810974
	0.6670969724655151
	0.6671099066734314
	0.667113721370697
	0.6671335101127625
	0.6671603322029114
	0.667182981967926
	0.6671921014785767
	0.6672045588493347
	0.6672103404998779
	0.6672319769859314
	0.6672449111938477
	0.667264461517334
	0.6672755479812622
	0.6673014760017395
	0.6673197746276855
	0.6673526167869568
	0.6673555970191956
	0.6673733592033386
	0.6673896312713623
	0.6674166321754456
	0.6674401164054871
	0.6674706339836121
	0.6674917340278625
	0.6674985289573669
	0.6675065159797668
	0.6675298810005188
	0.6675580739974976
	0.6675853729248047
	0.667610228061676
	0.6676211357116699
	0.6676418781280518
	0.6676579713821411
	0.6676706671714783
	0.6676937937736511
	0.6677065491676331
	0.6677249073982239
	0.667742908000946
	0.667766273021698
	0.6677871346473694
	0.6678204536437988
	0.6678593158721924
	0.667874276638031
	0.667892336845398
	0.6679099798202515
	0.6679322719573975
	0.6679591536521912
	0.6679785847663879
	0.667992115020752
	0.6680070161819458
	0.6680278182029724
	0.6680377125740051
	0.6680623292922974
	0.6680712699890137
	0.6680817604064941
	0.668091893196106
	0.6681163311004639
	0.6681243181228638
	0.6681367754936218
	0.6681511402130127
	0.6681696176528931
	0.6681863069534302
	0.6681956648826599
	0.6682340502738953
	0.6682416796684265
	0.6682601571083069
	0.6682687997817993
	0.6682719588279724
	0.668289065361023
	0.6682999730110168
	0.668318510055542
	0.6683269739151001
	0.6683502197265625
	0.66837477684021
	0.6683992147445679
	0.6684152483940125
	0.6684314608573914
	0.6684556007385254
	0.668463408946991
	0.6684849262237549
	0.6685014367103577
	0.6685143709182739
	0.6685235500335693
	0.6685287356376648
	0.6685400605201721
	0.6685574650764465
	0.6685723066329956
	0.6685833930969238
	0.6685956120491028
	0.6686087846755981
	0.668624222278595
	0.6686408519744873
	0.6686449646949768
	0.6686500310897827
	0.6686667799949646
	0.6686916947364807
	0.6687245965003967
	0.6687440872192383
	0.6687474250793457
	0.668772280216217
	0.6687812805175781
	0.6687934994697571
	0.6688140034675598
	0.6688327789306641
	0.6688590049743652
	0.6688697338104248
	0.6688966155052185
	0.6689152717590332
	0.6689342260360718
	0.6689621210098267
	0.668979823589325
	0.6690065264701843
	0.6690131425857544
	0.6690423488616943
	0.6690565347671509
	0.6690667867660522
	0.6690722703933716
	0.6690927743911743
	0.6691083312034607
	0.6691353917121887
	0.6691601276397705
	0.6691818237304688
	0.6691964864730835
	0.6692158579826355
	0.6692420840263367
	0.6692624688148499
	0.6692754030227661
	0.6693023443222046
	0.6693093776702881
	0.6693431735038757
	0.6693663597106934
	0.6693778038024902
	0.6693887710571289
	0.6694011688232422
	0.6694204211235046
	0.6694216728210449
	0.6694339513778687
	0.6694551706314087
	0.6694750785827637
	0.6694926023483276
	0.6695194244384766
	0.6695227026939392
	0.6695405840873718
	0.6695516705513
	0.6695762276649475
	0.6695817112922668
	0.6696082353591919
	0.6696223020553589
	0.6696362495422363
	0.669658362865448
	0.6696680784225464
	0.6696922183036804
	0.669696033000946
	0.6697188019752502
	0.6697463393211365
	0.6697609424591064
	0.6697810888290405
	0.669796347618103
	0.6698269844055176
	0.6698427200317383
	0.6698516011238098
	0.6698685884475708
	0.669870913028717
	0.6698895692825317
	0.6699128746986389
	0.6699296236038208
	0.6699386239051819
	0.6699444055557251
	0.6699614524841309
	0.669976532459259
	0.6699967980384827
	0.6700231432914734
	0.6700358986854553
	0.6700475811958313
	0.670066237449646
	0.6700804829597473
	0.6701123118400574
	0.670134425163269
	0.6701527237892151
	0.6701638698577881
	0.6701753735542297
	0.6701967716217041
	0.670203685760498
	0.6702166795730591
	0.670249342918396
	0.6702750325202942
	0.6702727675437927
	0.6702917218208313
	0.6703242063522339
	0.6703410148620605
	0.6703578233718872
	0.670374870300293
	0.6703820824623108
	0.670395016670227
	0.6704067587852478
	0.6704306602478027
	0.6704440712928772
	0.6704613566398621
	0.6704718470573425
	0.670486569404602
	0.6705148220062256
	0.6705342531204224
]