[
	0.9418747933353633
	0.9420999470832978
	0.9423499941008301
	0.9425971150569871
	0.9428399004182832
	0.9430426012420091
	0.9432348617689373
	0.9434400377749157
	0.9436500172201523
	0.9438734642324684
	0.9440748521819962
	0.9442309569048841
	0.9444143450472416
	0.9445973316090518
	0.9447719037491462
	0.9449444414995454
	0.9451101202027801
	0.945269745568811
	0.9454515749016058
	0.9456145379818331
	0.9457825570916047
	0.9459504703645241
	0.9461223426956883
	0.9462761927756606
	0.9464336631335135
	0.9465730859554009
	0.9467249243993996
	0.9468544076551281
	0.9470007402546237
	0.9471676868498653
	0.9473180483315112
	0.9474603727327744
	0.9476122137585375
	0.9477448047954201
	0.9478699645055089
	0.9479652530767474
	0.9480796537789021
	0.9482086395972922
	0.9483458036260057
	0.9484471573817425
	0.9485454388161298
	0.9486693518158431
	0.948768636057757
	0.948871644796116
	0.9489661009182355
	0.9490744049007741
	0.9491654500193015
	0.9492621936588993
	0.9493519099653481
	0.9494394176349638
	0.9495371018122709
	0.9496335072296243
	0.9497528357997148
	0.9498476403941077
	0.9499411642315168
	0.9500116018674136
	0.950102225277051
	0.950166739934469
	0.9502252246084371
	0.9502964792753923
	0.9503740287275518
	0.9504634367172959
	0.95051919821177
	0.9506089988794939
	0.9506667361419553
	0.9507487872641194
	0.95082146795709
	0.9508906751885277
	0.9509637677221378
	0.9510229151519232
	0.9510939824248891
	0.9511579382063359
	0.9512101115925171
	0.9512916112026774
	0.9513545375196545
	0.9514058224041497
	0.9514669876549071
	0.9515422900828565
	0.9515848227079502
	0.9516415546645665
	0.951691947946454
	0.9517448808497561
	0.9518058664565434
	0.9518569336189513
	0.9519195773302501
	0.9519774416014168
	0.9520479296102773
	0.952091147709538
	0.9521318696199376
	0.9521860638477938
	0.9522343559352455
	0.9522885938972161
	0.9523375539920866
	0.9523858575519385
	0.9524419193925276
	0.9524807644885067
	0.95252416612274
	0.9525549645218616
	0.9525964559650512
	0.9526550045743288
	0.9527054647333603
	0.9527509311526757
	0.9528067328857399
	0.9528431610749494
	0.9528851361942767
	0.9529205231874366
	0.9529502994650128
	0.9529766442227361
	0.9530184624385135
	0.9530461350059135
	0.9530812349452893
	0.9531002823006023
	0.9531341827713937
	0.9531727120780724
	0.9532118226489107
	0.9532496444480707
	0.9532850217784651
	0.9533167017093143
	0.9533414953664499
	0.9533757977337706
	0.9534091317405354
	0.9534402230070619
	0.9534756116580645
	0.9535301938105283
	0.953569101641871
	0.9535938335821789
	0.9536248550060158
	0.9536570629373428
	0.9536892546335255
	0.9537091108052792
	0.9537441208009012
	0.9537660642306085
	0.9537958645278909
	0.953828560606442
	0.9538529461821296
	0.953876375376038
	0.9539054745025967
	0.9539200174656287
	0.9539539291462672
	0.9539746353700124
	0.9540021353550289
	0.9540320258928974
	0.9540558405432368
	0.9540753378795288
	0.9541049883164009
	0.9541270451067839
	0.9541494526501116
	0.9541622284240677
	0.9541829451671419
	0.9542060984953192
	0.9542252692151177
	0.9542464164513336
	0.9542790912533817
	0.9543014440489157
	0.9543237926389256
	0.954344471341383
	0.9543621454299271
	0.954383382558449
	0.9544131332445327
	0.9544398556319578
	0.9544546747673875
	0.9544731484695117
	0.9544916179506129
	0.9545163534602454
	0.9545398648688499
	0.9545520191866469
	0.9545710352202611
	0.9545833195640718
	0.9546030747438303
	0.9546079655165975
	0.9546143734996912
	0.9546254533372662
	0.9546321271294916
	0.9546396097600519
	0.9546635741787917
	0.9546826263309237
	0.95470209624492
	0.9547125293001847
	0.9547232076323083
	0.9547330233970192
	0.9547361239152041
	0.9547471999500787
	0.9547615356239529
	0.9547806714510324
	0.9547890708801061
	0.9547930593428652
	0.9548117862148999
	0.9548160516592608
	0.9548263904196908
	0.9548475592668818
	0.9548595033812676
	0.9548714222095239
	0.9548901486071182
	0.9549206461212565
	0.9549375626821162
	0.9549395953466967
	0.9549559685740822
	0.9549671057189143
	0.9549672869570044
	0.9549714814261696
	0.954984148225718
	0.9549910789950807
	0.9550048524297301
	0.9550087588464994
	0.9550208309764346
	0.9550299442077508
	0.9550405851596637
	0.9550435778354942
	0.9550549172996008
	0.9550708402545095
	0.9550761021799326
	0.9550814287121855
	0.9550934458419119
	0.9550996335515448
	0.9551134846534317
	0.9551218302686767
	0.9551325054947126
	0.9551388332614209
	0.9551493046228143
	0.9551556635771573
	0.9551726778829439
	0.9551767609038212
	0.9551853975402735
	0.9552029913539406
	0.955218298664245
	0.9552188383091423
	0.9552365262680279
	0.9552499830830695
	0.9552534553920603
	0.9552546019729469
	0.9552664746225219
	0.9552746701291397
	0.9552878684905236
	0.9553030143340377
	0.9553132075262017
	0.9553234512319
	0.955327424890958
	0.9553241856354469
	0.9553322386881388
	0.9553340826387798
	0.9553434681835993
	0.955343150711045
	0.9553446985295371
	0.9553550950000556
	0.9553708498702516
	0.9553817452956834
	0.9553889846211293
	0.9553955398114735
	0.9554073838999595
	0.9554162236955231
	0.9554344171019582
	0.955438722993787
	0.9554353562508939
	0.9554351907769949
	0.9554420677532144
	0.9554449884719571
	0.9554438878365931
	0.9554533424592252
	0.9554585809704821
	0.9554672795909694
	0.9554677239657006
	0.9554738800921513
	0.9554777251480986
	0.955484667689019
	0.9554886845632895
	0.9554967333694526
	0.9555033048242275
	0.9555079913965722
	0.9555240748094066
	0.9555296977505715
	0.955531153210334
	0.9555301633807957
	0.9555291633543096
	0.9555343914947967
	0.9555393507586873
	0.9555408424707693
	0.9555465428087488
	0.9555508996273135
	0.9555572721488311
	0.9555666001244534
	0.9555739322863613
	0.955579401775988
	0.9555831363550602
	0.9555806560312339
	0.9555820219543889
	0.9555939215257196
	0.9555905332556855
	0.9555992254827154
	0.955609037444736
	0.9556170507754197
	0.9556181315404428
	0.9556281306321918
	0.9556196078226149
	0.9556171402970395
	0.9556175616884541
	0.9556246797843944
	0.9556257727851771
	0.9556271819615123
	0.9556356008433946
	0.9556344593597549
	0.9556364589178543
	0.9556459788731599
	0.9556522571626509
	0.9556563616546709
	0.95565149134926
	0.9556582131943703
	0.9556572561863063
	0.9556738071536519
	0.9556744376966723
	0.9556735514201896
	0.9556743366705269
	0.9556741995890059
	0.9556735349778449
	0.9556755967105427
	0.9556755987687469
	0.9556728822686967
	0.955672056977795
	0.9556809387687575
	0.9556828182124478
	0.9556872925327932
	0.9556918252481567
	0.9556975629466976
	0.9557068904639082
	0.9557132095416682
	0.9557079051899589
	0.955715103247498
	0.9557197807272256
	0.9557286055715173
	0.9557348556107185
	0.955730694730254
	0.955732093820355
	0.955736232835075
	0.9557386661863453
	0.9557418096104631
	0.955743560469208
	0.9557473824320142
	0.9557501254273802
	0.9557566459886222
	0.9557563559077489
	0.9557563386567173
	0.9557603197252066
	0.955771514655566
	0.9557814375534879
	0.9557873241635564
	0.9557829763240511
	0.9557945945312634
	0.9557989263922525
	0.9557948277991571
	0.9558003380437836
	0.9558026486935702
	0.955805132732658
	0.9558096562246003
	0.9558165391900465
	0.9558177152825228
	0.9558204174487518
	0.9558200122792047
	0.9558248903251544
	0.9558265000835529
	0.955838598474219
	0.955837487107876
	0.9558421723932101
	0.9558407246317604
	0.955846515224298
	0.9558477563186528
	0.955850437485586
	0.9558540655592979
	0.9558509965485055
	0.9558585592575002
	0.9558644588819112
	0.9558720730561712
	0.9558735077186448
	0.9558737707618702
	0.9558828112437522
	0.9558822853176833
	0.9558789196654649
	0.9558855745337718
	0.9558868527620182
	0.9558864726177358
	0.9558879901653929
	0.955896203746253
	0.9558988372644704
	0.9558932331632269
	0.9558926100830094
	0.9558869806184099
	0.9558902064559764
	0.9558966785423548
	0.9558997300108382
	0.9559084790190668
	0.9559111773591533
	0.9559192164495691
	0.9559164530291957
	0.9559156006495476
	0.9559186397238877
	0.9559146723192979
	0.9559157619093704
	0.9559146333955169
	0.9559197545683131
	0.9559250734748829
	0.9559283289466658
	0.9559237620761712
	0.9559245198272156
	0.9559267181521999
	0.955925013715477
	0.9559312265065667
	0.955932479641786
	0.9559369431992568
	0.9559386876729222
	0.9559424721086123
	0.955943139370721
	0.9559480011800336
	0.9559478982029442
	0.955944321798314
	0.9559546476056001
	0.9559537033731743
	0.9559543961655288
	0.9559551606342614
	0.9559511227414753
	0.9559478420311885
	0.9559520500252193
	0.9559513858891143
	0.9559506555633809
	0.9559518745889064
	0.9559491707552836
	0.9559558888729369
	0.9559592303350111
	0.9559632548351726
	0.9559654240097839
	0.9559678327886074
	0.9559639748992955
	0.9559623171542644
	0.955961956418651
	0.9559646501048464
	0.9559635773738181
	0.955964926882247
	0.9559658751683964
	0.9559693495514741
	0.9559683812500519
	0.9559662117162968
	0.9559617941606692
	0.9559729405521897
	0.9559716397493829
	0.9559717395535513
	0.9559777630775756
	0.9559722973920972
	0.9559855906587833
	0.955988918201351
	0.9559908534308988
	0.9559897050507992
	0.9559879152859976
	0.9559933815365228
	0.9559963154751026
	0.9560016176800779
	0.9560074848193414
	0.9560159501061776
	0.9560161234533023
	0.956018945989632
	0.9560168850417847
	0.956018132171257
	0.9560181457886298
	0.9560192522744941
	0.9560260404652656
	0.9560272144736959
	0.9560250054805443
	0.9560296780757834
	0.9560287511940598
	0.9560269422947492
	0.9560309253362534
	0.9560344430017698
	0.9560381136111852
	0.9560385393652648
	0.9560431656511464
	0.9560457434330176
	0.9560474962827994
	0.9560536903974002
	0.9560549163432993
	0.9560535117987667
	0.9560495858552847
	0.9560526384689413
	0.956058960432191
	0.9560556943526378
	0.9560533746790998
	0.956053305459602
	0.9560567915230106
	0.9560571335855369
	0.9560679471383285
	0.9560700750017788
	0.9560686079530559
	0.9560706647854316
	0.9560696231351383
	0.9560733485988563
	0.9560753675273197
	0.956073515325872
	0.9560698823362729
	0.9560743163335954
	0.9560746283026724
	0.9560694464464919
	0.9560668920940285
	0.9560684902042997
	0.9560727988268
	0.9560687608303935
	0.9560685801546318
	0.9560706215072949
	0.9560704224211936
	0.9560713911947794
	0.9560686110379462
	0.956065539265674
	0.9560602473986145
	0.9560594079608705
	0.9560670646679299
	0.9560661177993174
	0.9560687329330594
	0.9560690610433606
	0.9560584036636169
	0.9560608471067589
	0.9560638931199601
	0.9560668804092837
	0.9560635975695092
	0.956062242133756
	0.9560689554614669
	0.9560629209987753
	0.9560754480244251
	0.9560766297292462
	0.9560805316005316
	0.9560818474980747
	0.9560815328644762
	0.9560875734065554
	0.9560932797190086
	0.9560977657810689
	0.9561006394135974
	0.9560951123243606
	0.9560933991211256
	0.9561012308733559
	0.9561086316547508
	0.956111655395091
	0.9561147927231384
	0.9561180374286194
	0.9561129254380271
	0.9561157379706389
	0.9561173532528231
	0.9561191641456721
	0.9561136385511743
	0.9561090789281015
	0.9561084797437606
	0.9561144127545192
	0.9561112039415064
	0.9561134736317771
	0.9561135303370261
	0.9561083689848103
	0.9561032723261896
	0.9561006831407406
	0.9561032441449472
	0.9561112568926688
	0.9561091244589796
	0.9561125408672115
	0.9561086246541333
	0.9560999785493952
	0.9561034291533801
	0.9561078892851491
	0.9561060854954122
	0.9561039309171512
	0.9561050602089614
	0.9561060739475208
	0.9561010667260745
	0.9560985278146661
	0.9561030116651575
	0.9561020068340911
	0.956095768255504
	0.9561001687092132
	0.956105260104656
	0.956110631122994
	0.9561065408843883
	0.9561109394993088
	0.9561162502056707
	0.9561213532793162
	0.9561231146320666
	0.9561173410318106
	0.9561177444956246
	0.9561138402439521
	0.9561125421216956
	0.9561074955277562
	0.9561086843488419
	0.9561047381754574
	0.9561053685356318
	0.956104285768402
	0.9560977597321906
	0.9560963938092172
	0.9560949263256191
	0.9560962177477067
	0.9560928683288059
	0.9560911968692585
	0.9560885054193488
	0.9560910181474926
	0.9560957619246676
	0.9560976485425304
	0.9560948637477907
	0.9561030213257297
	0.9561051613296154
	0.9560983123884578
	0.9561023443582028
	0.9561045904509464
	0.956107214958144
	0.9561058556058896
	0.956100237773324
	0.9560984381140933
	0.9560952796184277
	0.9560942818207234
	0.9560944997661869
	0.9560954253378886
	0.9560937734877272
	0.956095679868205
	0.9560944364516986
	0.9560931870678558
	0.9561002475896033
	0.9560956303026487
	0.9560988999944829
	0.9561078589353438
	0.9561084003117466
	0.9561082932894925
	0.956109220207361
	0.9561094870292928
	0.9561112763230433
	0.95611121002782
	0.9561081083653489
	0.9561099659635973
	0.9561154590326904
	0.9561151932224142
	0.956120638776121
	0.9561215250404375
	0.9561319501030885
	0.9561280491452063
	0.9561261534534614
	0.9561283593433305
	0.9561343653554365
	0.9561340487382742
	0.9561309436766978
	0.956129363120185
	0.9561236612051629
	0.9561309296461623
	0.9561279169596608
	0.9561245111696618
	0.9561205140597676
	0.9561211204767411
	0.95611934141982
	0.9561226787273948
	0.956124661743036
	0.9561284954245609
	0.956133768764161
	0.9561327848302945
	0.956136652307783
	0.956135990667228
	0.9561348035256418
	0.9561332946888309
	0.956126579303021
	0.9561263491269794
	0.9561301684716376
	0.9561313087258375
	0.956128922168677
	0.9561376828527919
	0.9561385871644431
	0.9561398076211791
	0.9561405618794764
	0.956143196091193
	0.9561467952307245
	0.9561486310030899
	0.9561521041536057
	0.9561530039067663
	0.9561611821588777
	0.9561616569370873
	0.9561674791644986
	0.9561700279279024
	0.9561660313145868
	0.9561671083350586
	0.9561677147869923
	0.9561620112123904
	0.9561619955343362
	0.9561649710437943
	0.9561681957859911
	0.9561720952191468
	0.9561772047603079
	0.9561769719215828
	0.9561816419774356
	0.9561798318723986
	0.9561853571015079
	0.9561911442787749
	0.9561909178971909
	0.9561867458702497
	0.9561888518632093
	0.9561881707899795
	0.9561962329830795
	0.9561965871030834
	0.9561978940318483
	0.9562022599889515
	0.9562041435709097
	0.956207547153939
	0.9562021381629475
	0.9561992937044319
	0.9561941933149938
	0.9561970890000749
	0.956196134575335
	0.9561939471926002
	0.95619014086885
	0.9561935768753512
	0.9561850028343337
	0.9561788844231626
	0.956182154091264
	0.9561876571989996
	0.9561859115946317
	0.9561827381379826
	0.9561874925184494
	0.9561879646112607
	0.9561897712200659
	0.9561889932419108
	0.9561868326550693
	0.9561885988205743
	0.9561871265359769
	0.9561912659882276
	0.9561889682838615
	0.9561889151096598
	0.9561954495973214
	0.956197804550853
	0.9561914597357317
	0.9561903453733777
	0.9561894584719529
	0.9561867513766188
	0.9561885225068036
	0.9561849834077443
	0.9561828242712076
	0.9561833664381765
	0.9561826600711225
	0.9561881964042426
	0.9561976685385768
	0.9561993968930823
	0.9562130195512265
	0.9562151085286397
	0.9562219944839391
	0.9562176646276471
	0.9562204087851056
	0.9562253681294377
	0.9562256149904914
	0.9562294276185563
	0.9562328033859704
	0.9562385332427573
	0.9562457620990569
	0.9562469644334661
	0.9562514255502618
	0.9562478035220189
	0.9562456329828692
	0.9562451516425682
	0.9562470037051183
	0.9562505524560044
	0.9562501535657093
	0.9562505621976226
	0.9562467062016886
	0.9562505209538379
	0.956257103465025
	0.9562565867553878
	0.9562537598038127
	0.9562508156367283
	0.9562564435313559
	0.956259542819213
	0.9562572494651834
	0.9562575457965994
	0.9562662370767969
	0.9562641086403837
	0.9562639902595435
	0.9562626525214563
	0.9562584754724232
	0.9562573064329408
	0.9562600800281286
	0.956260869264493
	0.9562623547209806
	0.9562618397073713
	0.9562644690568533
	0.9562606723888888
	0.9562612772176003
	0.9562623312584553
	0.9562594507442105
	0.9562598355565398
	0.9562569258369324
	0.9562625577808325
	0.9562629409429046
	0.9562635130330667
	0.9562589886217574
	0.9562532468876398
	0.9562490184023026
	0.9562474120689441
	0.9562453284228337
	0.9562455898858179
	0.9562494007521517
	0.9562499949666157
	0.9562502215929009
	0.9562569376305309
	0.9562555391364191
	0.9562589044420136
	0.9562552024128897
	0.9562584443073427
	0.9562590909766454
	0.9562529556899858
	0.9562527217970661
	0.956254194072636
	0.956262692947606
	0.9562669594459842
	0.9562709392409614
	0.9562769231100384
	0.9562843849496387
	0.9562853988612825
	0.9562854037504493
	0.956282841337557
	0.9562842658832635
	0.9562858234351481
	0.9562833496590418
	0.9562848701925443
	0.9562820000205583
	0.9562836840897844
	0.9562816018985196
	0.9562844918292985
	0.9562772276347185
	0.9562736514484742
	0.9562706431680273
	0.9562678125099278
	0.9562765197297171
	0.956283532467997
	0.9562813972668357
	0.9562873555780168
	0.9562886043956024
	0.9562870273913099
	0.9562868220548649
	0.9562927411876169
	0.9562962359905386
	0.9562952421777869
	0.9562968352165034
	0.956294780604692
	0.9562969872412791
	0.9562976145730365
	0.9562985061955893
	0.9563007572935479
	0.9563015885680601
	0.9562969783914324
	0.9562979969178915
	0.9563031855083283
	0.9563026350833388
	0.9563002357495581
	0.956299432886663
	0.956301763695923
	0.9563026507515665
	0.9562993439373144
	0.9562975604545091
	0.9562970399794882
	0.9562998179166851
	0.9563013009381618
	0.9563032122548875
	0.956306022899525
	0.9563057245366089
	0.9563059300826995
	0.9563028472591261
	0.9563077884398486
	0.9563063891602815
	0.956310005195707
	0.9563040911115597
	0.9563034992423224
	0.956305005106242
	0.9563020201460025
	0.9562986430392129
	0.9562956019336784
	0.956296529860611
	0.9562933880290811
	0.9562874903308867
	0.956293765028301
	0.9562891661865752
	0.9562868659038816
	0.9562846968430432
	0.9562822099580961
	0.9562843084403472
	0.9562814841473626
	0.9562809797064682
	0.9562778317087852
	0.9562902778483992
	0.9562903294902361
	0.9562959702666863
	0.9562942692526629
	0.9562932561520545
	0.9562923977581297
	0.9562919505984894
	0.9562949218816778
	0.9562993835546659
	0.9563015029226771
	0.9563061140409367
	0.9563053822050295
	0.956299611845511
	0.956303635928563
	0.95630672283626
	0.9563019619917609
	0.956303730341841
	0.9563027343163057
	0.9563015806148002
	0.9563020494529307
	0.9563020876755717
	0.9563030631802204
	0.9563030688848878
	0.9563076480364116
	0.9563060055775483
	0.9563054520798013
	0.9563077234591029
	0.9563126154463617
	0.9563153561150326
	0.9563198848669656
	0.9563194827281181
	0.956318928478829
	0.9563191612607782
	0.9563222803240943
	0.9563204737796497
	0.9563180946821316
	0.9563140947224598
	0.9563136213923163
	0.9563146547734793
	0.9563192354027974
	0.9563172694388804
	0.9563186774421718
	0.9563186892143373
	0.9563227758630669
	0.9563168023794603
	0.9563159046772615
	0.9563131036884166
	0.9563134184868338
	0.9563145920036106
	0.9563096596400403
	0.9563096125612615
	0.9563067208389305
	0.9563112679790092
	0.9563120885453499
	0.9563111837516073
	0.9563054475110117
	0.9563052670984744
	0.956316539756237
	0.9563090610050238
	0.9563078990654387
	0.9563156031640828
	0.9563180385975397
	0.9563163570803184
	0.9563189725497626
	0.9563207433982295
	0.9563154612546089
	0.9563211501672426
	0.9563219213922002
	0.9563234062555678
	0.9563182416923531
	0.9563161790156537
	0.9563252288042458
	0.9563214325394636
	0.9563195159930571
	0.9563183067830603
	0.9563183902912955
	0.9563185544220222
	0.9563219710756975
	0.9563199401644624
	0.9563129064504121
	0.9563108949157504
	0.956310104510377
	0.9563137953556649
	0.9563172573407009
	0.9563146030674343
	0.9563141451366579
	0.9563109184480534
	0.9563085617418794
	0.9563106055908823
	0.9563170405107455
	0.9563140644975843
	0.9563186789091082
	0.9563149799626383
	0.956312059509887
	0.9563084517182195
	0.9563105589206067
	0.9563092259085293
	0.9563077833086685
	0.9563072774011583
	0.9563173011878536
	0.9563167079342363
	0.9563217022542415
	0.9563230780187486
	0.9563277455532706
	0.9563268876277444
	0.956321793141101
	0.9563225082089155
	0.95632465044838
	0.9563319230037479
	0.956329739637043
	0.9563336141532691
	0.9563295879146658
	0.9563302426629643
	0.9563237423773501
	0.956325133203739
	0.9563236200556969
	0.9563207400544538
	0.9563226014337681
	0.9563079344902523
	0.9563068687109831
	0.9563085551124662
	0.9563103436331497
	0.9563136818950023
	0.9563175213222207
	0.9563163600408365
	0.9563145653461377
	0.9563144847416079
	0.9563162704600732
	0.9563130912287925
	0.9563123649014413
	0.9563155709236367
	0.9563137109227966
	0.9563125911243284
	0.9563120180254006
	0.9563195721327598
	0.9563240329052437
	0.9563280884022818
	0.9563267744978886
	0.9563272596080439
	0.956328617714387
	0.9563299925070059
	0.9563280725056046
	0.9563250138368259
	0.9563224370422776
	0.956328722618281
	0.9563280455564849
	0.9563301975184482
	0.9563306326058072
	0.9563288387832314
	0.9563264621271464
	0.9563231797753142
	0.9563225013789343
	0.9563227495613739
	0.9563237648368529
	0.9563160960001865
	0.9563212435378332
	0.9563192893873055
	0.9563188913492237
	0.9563190889323754
	0.956315718337473
	0.9563233800752075
	0.956323129500393
	0.9563276438998496
	0.9563363236902628
	0.9563347924559227
	0.9563327149439831
	0.9563400088224187
	0.9563440631703555
	0.9563430052812054
	0.9563451475142329
	0.9563473219405549
	0.9563427287034127
	0.9563372975381559
	0.9563306684740899
	0.956327894007702
	0.9563288941003413
	0.9563251453258841
	0.9563242402318967
	0.9563306425004303
	0.9563295775753226
	0.9563310172407238
	0.9563301512014974
	0.9563318498227027
	0.9563350140772972
	0.9563415462374171
	0.9563420687323213
	0.9563470872076684
	0.9563403294342357
	0.9563478139826307
	0.9563471969805467
	0.9563459267603373
	0.9563490633408751
	0.9563505120201646
	0.9563499224107203
	0.9563516962557743
	0.9563504759644209
	0.9563453008143452
	0.9563508900307762
	0.9563599750773981
	0.956360355105323
	0.9563600828538958
	0.9563604146368582
	0.9563629787821486
	0.95636149783049
	0.9563600588086641
	0.9563583081311571
	0.9563575958987436
	0.9563569072477217
	0.9563498830433209
	0.9563535612511472
	0.956351116430468
	0.9563613678212483
	0.9563601519784374
	0.9563625706093897
	0.9563717429283001
	0.9563710937109368
	0.95636473807345
	0.9563607252508343
	0.9563628585278195
	0.9563616196185933
	0.9563646020300772
	0.9563585278037918
	0.9563634036312609
	0.956362075183179
	0.9563665125608671
	0.9563626996824302
	0.9563622414780152
	0.9563656923461737
	0.9563656236339741
	0.9563665679646333
	0.9563732184002014
	0.9563716954086748
	0.956370946416103
	0.956370280611659
	0.9563685388663301
	0.9563714778754747
	0.956376660415929
	0.9563738155405236
	0.9563754657415703
	0.956376287090415
	0.9563784375643176
	0.9563823253717414
	0.9563867736364763
	0.9563931647625918
	0.9563940066457212
	0.9563850979605603
	0.9563953769305208
	0.9563969604457879
	0.956389222341401
	0.9563843488763335
	0.9563846158567783
	0.9563780339366232
	0.9563749374477115
	0.9563763914902289
	0.9563719184105746
	0.9563745570601073
	0.956376975559627
	0.9563795375256945
	0.9563811526810043
	0.9563870573882907
	0.9563990082880506
	0.9564027427258495
	0.9564086371789106
	0.9564129732821961
	0.9564142569078378
	0.9564172863038792
	0.956416467614509
	0.9564151421633764
	0.9564211656036969
	0.9564230077382171
	0.956421403504999
	0.9564205346914098
	0.9564171767761925
	0.9564214332798486
	0.9564155123570783
	0.95641617624111
	0.9564144554011552
	0.9564098858968161
	0.9564111747568752
	0.9564067759431449
	0.956405683157854
	0.9563984436873355
	0.9563913670843266
	0.9563929835497127
	0.9563873694057287
	0.9563905271946624
	0.9563918503509132
	0.956391313656411
	0.9563891161286316
	0.9563883113968168
	0.9563959562890024
	0.9563889593120525
	0.9563843562273935
	0.9563874508769681
	0.9563837675651581
	0.956382369282504
	0.9563806835636757
	0.956381506000032
	0.9563788333983665
	0.9563831207868614
	0.9563855832850691
	0.9563827429004164
	0.9563847057991965
	0.9563873904612121
	0.9563864732691781
	0.9563878552611875
	0.9563920380830868
	0.9563957242765468
	0.9563890254245095
	0.9563909813315588
	0.9563917324902079
	0.9563949967260825
	0.9563976040656211
	0.9563982874292379
	0.9563953117079999
	0.9564012318275715
	0.9563969663751464
	0.9563991371058088
	0.9563983590884549
	0.9563945030545054
	0.9563893352714812
	0.9563873162297283
	0.9563838703262832
	0.956382783301875
	0.9563834872620464
	0.9563823136312773
	0.9563847870850068
	0.9563824009315117
	0.9563844620670447
	0.956389207579138
	0.956386902706755
	0.9563940494413821
	0.9563948397635678
	0.9563967160044742
	0.9563956278491216
	0.9563916500882433
	0.956391697820208
	0.9563900601475012
	0.9563901626986683
	0.9563903528340413
	0.9563857644966074
	0.9563816800335229
	0.956378720936337
	0.9563804322319261
	0.9563767492722651
	0.9563843559537084
	0.9563860722154491
	0.9563853390671682
	0.9563859574089373
	0.9563889981968152
	0.9563904804878526
	0.9563843864492714
	0.956385125564941
	0.9563800776682346
	0.9563855721930867
	0.9563894311687763
	0.9563905627326751
	0.9563955096727735
	0.9563969074569617
	0.9563906408508226
	0.9563884243986142
	0.9563902738796008
	0.9563893186538739
	0.9563890631536841
	0.9563916540395775
	0.956388027104571
	0.9563955041018747
	0.9564003395682815
	0.9564027520937703
	0.9563998653775384
	0.9563967571599344
	0.9563890671032745
	0.9563880195052087
	0.9563941724444994
	0.9563989910113126
	0.9563943057249377
	0.9563925291470158
	0.9563948571950147
	0.9564007773318904
	0.9564020045999804
	0.9564059701589074
	0.9564069340474394
	0.9564064976575466
	0.956400766091088
	0.9564009805783622
	0.9564057180449332
	0.9564006114369908
	0.9563983370286914
	0.9564035756292032
	0.9564039669007806
	0.9564041618939161
	0.9564066661008009
	0.9564093456144336
	0.9564136457152381
	0.9564121523002738
	0.9564109079810186
	0.9564103068962431
	0.9564091815061677
	0.9564110232047341
	0.9564164385684353
	0.9564117729322948
	0.9564113462341893
	0.9564097777025105
	0.9564100245094603
	0.9564130045116616
	0.9564137395237885
	0.9564083762757265
	0.9564091865733815
	0.9564145209409166
	0.9564248665240298
	0.9564221805158868
	0.9564195671625104
	0.9564207789863886
	0.9564179414475453
	0.9564209001762396
	0.9564226472521364
	0.9564249664004116
	0.9564190083611402
	0.9564174242458563
	0.9564194630335606
	0.9564201634493602
	0.9564231666192601
	0.9564221112048729
	0.9564259306028539
	0.9564294148054315
	0.956427252401234
	0.9564307336320009
	0.9564282831416289
	0.9564241801175059
	0.956427227249735
	0.9564255369641186
	0.956424878872244
	0.9564296958856751
	0.9564338243884865
	0.9564312812256707
	0.9564341284068855
	0.95643132070307
	0.9564371487730561
	0.9564406049708151
	0.9564408850342051
	0.956441866704446
	0.9564426952424917
	0.956439304056729
	0.9564379074905184
	0.9564348855539889
	0.9564327655898737
	0.9564362284836514
	0.9564336813956033
	0.9564330389608281
	0.956427345376265
	0.9564320444582964
	0.9564313427793579
	0.956432330361611
	0.9564355743499922
	0.9564345082385857
	0.9564403836969646
	0.9564406829406789
	0.9564398316302241
	0.956435117151384
	0.9564333414620442
	0.9564322106774357
	0.9564340944491495
	0.9564352032065483
	0.9564347466916886
	0.9564368414263894
	0.9564362366089791
	0.9564324250770703
	0.9564303490015905
	0.956430188366603
	0.9564332180967643
	0.9564315095162683
	0.9564355685536231
	0.9564355041572999
	0.9564388603899915
	0.9564391823644715
	0.9564429811686749
	0.9564441448799301
	0.9564442252404257
	0.9564411001818844
	0.9564432820294506
	0.9564445341065455
	0.9564477070298302
	0.9564468381425381
	0.956446630599739
	0.9564449124824767
	0.9564498266793463
	0.9564495188067467
	0.9564469202717308
	0.9564521084801967
	0.9564492201428292
	0.9564447907899613
	0.9564525493395019
	0.9564496915206732
	0.9564483206248752
	0.9564528878015769
	0.9564570460342476
	0.9564585016827255
	0.9564566687663938
	0.9564525515204602
	0.9564594530008583
	0.9564628913659475
	0.9564605882327208
	0.9564603249817653
	0.9564607283250652
	0.9564615602676645
	0.9564560697060562
	0.9564516563631072
	0.956455867882719
	0.9564602332312233
	0.9564590649696407
	0.9564635145467217
	0.9564644199873324
	0.9564692367635423
	0.9564673146899713
	0.9564649996149822
	0.9564620607393264
	0.9564651121664225
	0.9564677424225297
	0.9564640063544485
	0.9564695887205149
	0.956472313006476
	0.9564785259300842
	0.9564712538309967
	0.956469342248814
	0.9564728122330615
	0.9564718355436771
	0.9564712197678454
	0.956478799297981
	0.9564822305657484
	0.9564795054549214
	0.9564711038961453
	0.956474402971475
	0.9564717611869202
	0.9564703984221927
	0.9564716412389412
	0.9564683621386517
	0.9564604338857476
	0.9564553225171719
	0.9564563486106176
	0.9564558153228374
	0.9564560593594327
	0.9564522725881455
	0.9564515968293984
	0.956448745900949
	0.9564506843283858
	0.9564490468207592
	0.9564499204876281
	0.9564499348853647
	0.9564507149183404
	0.9564563736923688
	0.9564534390916505
	0.9564565818091154
	0.9564555727522505
	0.9564537709136153
	0.9564564133710519
	0.9564561597958938
	0.9564620215022391
	0.9564669564276771
	0.9564699305053546
	0.9564688593723992
	0.956467268923494
	0.9564672977622765
	0.9564656103288366
	0.9564635176794074
	0.9564659342722376
	0.956465082339537
	0.9564625770765148
	0.9564634503021205
	0.9564672027119187
	0.9564680102219977
	0.9564710284714945
	0.9564758939192642
	0.9564788312431127
	0.956481759268466
	0.9564797872832413
	0.9564753308644252
	0.956483426843699
	0.9564807879433261
	0.9564860709504153
	0.9564868533936894
	0.9564852907843313
	0.9564880308519174
	0.9564878112256435
	0.9564853719402863
	0.9564819499944148
	0.9564784547979516
	0.9564784299850951
	0.95647820413538
	0.9564811171070211
	0.9564825753382694
	0.9564807188862468
	0.9564796976794445
	0.9564773148424742
	0.9564780838379651
	0.9564773650969207
	0.9564807712062596
	0.9564792603339007
	0.9564800576519866
	0.9564747608756735
	0.9564834063883173
	0.9564816779138899
	0.9564840869788817
	0.9564847804918898
	0.9564881055656429
	0.9564888003894488
	0.9564941203426521
	0.9564910188833444
	0.9564920509125382
	0.9564918816047123
	0.9564910810855368
	0.9564980438601118
	0.9565003410234013
	0.956501016233001
	0.956494457779955
	0.9564965370981721
	0.956499473023163
	0.9564994399079488
	0.9564975199814367
	0.9564981026957852
	0.9565014678319536
	0.9565074958657505
	0.9565114102407692
	0.9565104889163354
	0.9565031594140564
	0.9565035362883413
	0.9565037245779738
	0.9565062890926983
	0.956508353436057
	0.9565028449206818
	0.9565073314404197
	0.9565088618495512
	0.9565052420824881
	0.9565059068543846
	0.9565118228188373
	0.9565131207251741
	0.9565089490135485
	0.9565036958116327
	0.956501467464397
	0.9565003403131659
	0.9565016672357503
	0.9564996047282269
	0.9565005912277719
	0.9564965655993976
	0.9565004938902529
	0.9564985227735596
	0.9565022426931744
	0.9565044268429733
	0.9565026190750632
	0.9565072408814035
	0.9565012117019775
	0.9564991661319214
	0.9565039330300469
	0.956507471340359
	0.9565024985020474
	0.9565031569273601
	0.9565065165337437
	0.9565095718395156
	0.9565115731048061
	0.956510146130838
	0.9565142498675713
	0.9565102473258817
	0.9565173879003352
	0.9565220989331319
	0.9565176536896545
	0.9565162644004322
	0.9565129198603145
	0.95651014850657
	0.9565104694575484
	0.9565149265383647
	0.9565120841596282
	0.9565126679408344
	0.9565099083003389
	0.9565117377333824
	0.9565041684011859
	0.9565070846525359
	0.9565046553367853
	0.9565072324076122
	0.9565043392566991
	0.956509271686986
	0.956507622036233
	0.9565085454312505
	0.9565057386049439
	0.9565063761936593
	0.9565059548636596
	0.9565112366477984
	0.9565106761409742
	0.9565093968997064
	0.9565119023271184
	0.9565165069350865
	0.9565162427420497
	0.9565196341698065
	0.9565189462708586
	0.9565167741837434
	0.9565161384816379
	0.9565181647029437
	0.9565196014668396
	0.9565238321101178
	0.9565241855886728
	0.9565296688380571
	0.9565273631076523
	0.9565313292284271
	0.9565267283106221
	0.9565262397237104
	0.9565264378565117
	0.9565274615873987
	0.9565242588555527
	0.9565255787610429
	0.9565332293408261
	0.9565403670165429
	0.9565416867084952
	0.9565384917099704
	0.9565396869940651
	0.956544113616838
	0.9565456864144816
	0.9565410639853508
	0.9565359229925656
	0.9565337790990183
	0.9565335783658427
	0.9565388918160409
	0.9565376029757275
	0.956538744183868
	0.9565400328974765
	0.9565375963443188
	0.9565405209311498
	0.9565464860689054
	0.9565391432393063
	0.9565402552819978
	0.9565444590029906
	0.9565456098630224
	0.956536897761844
	0.9565402450307015
	0.9565402383010794
	0.9565415846264781
	0.9565405495642482
	0.9565411483312447
	0.9565442181758932
	0.9565466214658422
	0.9565438308843801
	0.95653585075751
	0.9565401004806566
	0.9565388591153249
	0.9565391324087696
	0.9565368090427596
	0.956543548617883
	0.9565418844102997
	0.9565369139649007
	0.9565376019926526
	0.9565298824997446
	0.9565297647593846
	0.9565277498000421
	0.956528622220807
	0.9565262780816804
	0.9565280047377256
	0.9565292302684674
	0.956521418213497
	0.956523588524382
	0.9565281669414544
	0.956530540539157
	0.9565290102401465
	0.9565284140477277
	0.9565300361254904
	0.9565218017925798
	0.956521952608591
	0.9565234813299561
	0.9565189079401472
	0.9565156923404969
	0.9565215407960024
	0.9565197703880517
	0.9565128330944598
	0.9565133356626218
	0.9565117288374486
	0.9565116420455397
	0.9565138097184092
	0.9565149290599125
	0.9565117861733173
	0.9565147507996937
	0.956517541696422
	0.9565205678950298
	0.9565202897322819
	0.9565247880910034
	0.9565280926410334
	0.9565277767227021
	0.9565229202197085
	0.9565233645635477
	0.9565259048979216
	0.9565321250524134
	0.9565298016470043
	0.9565225158741534
	0.956523029962168
	0.9565235705940183
	0.9565242194662372
	0.9565253419168666
	0.9565198986734563
	0.9565245998772316
	0.9565195407459504
	0.9565203496886806
	0.9565166804170787
	0.9565163995815168
	0.9565214909778434
	0.9565242088483749
	0.956523419076786
	0.9565258719592503
	0.956525594757443
	0.9565263935549118
	0.9565235135843232
	0.9565293984612171
	0.956524830773178
	0.956525541286185
	0.9565275374373001
	0.9565327534195974
	0.9565310527742763
	0.9565338357356838
	0.9565404295192742
	0.9565368514096347
	0.956543628679041
	0.9565383960651497
	0.9565392547386031
	0.9565382703260589
	0.9565386984214863
	0.9565361127447787
	0.9565343904776181
	0.956528718391823
	0.956524202397475
	0.9565262971603493
	0.9565286886746515
	0.9565337006339504
	0.9565343488983182
	0.9565384340433273
	0.9565317063967087
	0.9565278916016844
	0.9565331494393088
	0.9565358305140171
	0.956536518564822
	0.9565364695251721
	0.9565385810011086
	0.956542828435853
	0.9565401795697408
	0.9565335554762407
	0.956540828620976
	0.9565426813999147
	0.9565432854663398
	0.9565473523331132
	0.9565555035764388
	0.9565583013349658
	0.9565592848736173
	0.9565592156634064
	0.9565597578446043
	0.9565591234355342
	0.9565564781767864
	0.9565598918730986
	0.9565618988649547
	0.9565653043553648
	0.9565682149028629
	0.956569769757511
	0.9565648954381749
	0.956563448395637
	0.9565724228610734
	0.9565738548696956
	0.9565700434445765
	0.9565691130076925
	0.9565696650939217
	0.9565752119585884
	0.9565719096482957
	0.9565775300623887
	0.9565785922197088
	0.9565797075179082
	0.9565799987061515
	0.956580283221721
	0.9565836389317768
	0.956581981124626
	0.9565774220073759
	0.9565797220519919
	0.9565771433816501
	0.956570324278204
	0.9565665663380721
	0.9565679389772475
	0.9565721842138856
	0.9565720345158713
	0.9565742223041171
	0.9565755315225295
	0.9565732352867558
	0.9565719716146113
	0.9565765991059522
	0.9565799953971206
	0.9565819454084274
	0.9565811352521446
	0.9565895132722846
	0.956585810167651
	0.956590443043797
	0.9565932821068983
	0.9565955523823318
	0.9565933788866204
	0.956593598667956
	0.956586315217048
	0.9565921127522121
	0.9565888557367351
	0.956591858554304
	0.9565910453921421
	0.9565903072742222
	0.9565875007191182
	0.956588577470377
	0.9565889034671035
	0.9565856322040549
	0.9565858093723214
	0.9565902554590713
	0.956587987728173
	0.9565851739634293
	0.9565837707451562
	0.9565898514013363
	0.956587863492713
	0.9565911978620729
	0.956586445673491
	0.956588272581392
	0.9565888732385295
	0.9565845542001539
	0.9565915606854927
	0.9565877268827631
	0.9565858731598842
	0.9565860976672329
	0.9565865793611318
	0.9565894868484155
	0.9565923968968696
	0.9565978839184175
	0.9565999013553176
	0.9565915820812599
	0.9565923440725336
	0.9565908624715729
	0.9565853660594922
	0.9565841200509875
	0.9565839984932145
	0.9565827524604902
	0.9565753598367833
	0.9565706998951523
	0.9565701687059781
	0.9565751111879226
	0.9565723196430108
	0.9565714335923426
	0.9565696970322108
	0.9565688388610142
	0.9565654348544906
	0.956569473505871
	0.9565688416731302
	0.9565691301625046
	0.9565699202113515
	0.9565693501883531
	0.9565772282868151
	0.9565775461613976
	0.9565789490435033
	0.9565717352995758
	0.9565668577919686
	0.9565669168757693
	0.9565692249458255
	0.9565626485762646
	0.9565627574020015
	0.9565642867635575
	0.9565607785212995
	0.9565566253415292
	0.9565462099074467
	0.9565401825671426
	0.956545800172749
	0.9565468004875883
	0.9565470208770431
	0.9565431797894236
	0.9565400110129016
	0.9565363897581225
	0.9565377109131994
	0.9565393069991333
	0.956541720239867
	0.9565390340698537
	0.956536088485563
	0.9565362954121106
	0.9565327123015377
	0.9565324797982099
	0.9565322455934779
	0.9565305018949648
	0.9565346233644414
	0.9565418231381623
	0.9565364222485764
	0.9565420324275893
	0.9565401413266096
	0.9565415196768072
	0.9565374282924701
	0.9565303412777718
	0.956531308328625
	0.9565301478087059
	0.9565269866985138
	0.9565309259717265
	0.9565299526476088
	0.9565271882338231
	0.9565234892440561
	0.9565244735645223
	0.9565267568350498
	0.9565302439459559
	0.9565298984029966
	0.9565268797747025
	0.9565248805597046
	0.9565233986262601
	0.9565235814967946
	0.9565179431109493
	0.9565160134084959
	0.9565219145527202
	0.9565238192063545
	0.9565248887712414
	0.9565262925173099
	0.9565285270956035
	0.9565259329476828
	0.9565214953023975
	0.9565232772966642
	0.9565277123210784
	0.9565271945425334
	0.9565247242901458
	0.9565212329347507
	0.956526233322427
	0.9565186697607558
	0.9565181275048245
	0.9565187617743436
	0.9565182628164586
	0.9565157659892436
	0.956512802764928
	0.9565132714866211
	0.9565164031094006
	0.9565197566108088
	0.9565204379668178
	0.9565230700317064
	0.9565244924575185
	0.9565237679285585
	0.956517958941364
	0.9565112745227388
	0.9565158365833762
	0.9565176156010885
	0.9565152987064649
	0.9565139565621479
	0.9565122118959121
	0.9565130927265095
	0.9565072018332051
	0.9565069332358284
	0.9565100095492108
	0.9565088122344588
	0.9565101444766158
	0.9565095561441492
	0.9565113186998939
	0.9565130182871363
	0.9565106577449425
	0.9565124255435871
	0.9565155341345335
	0.9565229590069713
	0.9565215991289769
	0.9565236372676154
	0.9565214798531372
	0.9565260733711997
	0.9565269836589817
	0.9565238656992393
	0.9565229695951856
	0.9565210555250054
	0.9565197838383368
	0.9565207437600977
	0.9565234734738263
	0.9565195656174849
	0.9565225043680413
	0.9565265851483372
	0.9565304238240742
	0.9565319663657902
	0.9565293717819406
	0.9565239183114189
	0.9565276303377909
	0.9565268101182489
	0.9565291057324116
	0.9565298926980563
	0.9565339906196529
	0.956534556637292
	0.9565319687178022
	0.9565328420951152
	0.9565319213197349
	0.9565293480978021
	0.956525832622421
	0.9565243687284325
	0.9565225442849523
	0.9565236738916948
	0.9565244160784155
	0.9565226477750893
	0.9565228453253205
	0.956527710801855
	0.9565266544470689
	0.9565210106859416
	0.9565233178602943
	0.9565199778094127
	0.9565201250674908
	0.9565193576944182
	0.9565098880509626
	0.956502987869973
	0.9565068264061187
	0.9565092447726298
	0.9565089610017238
	0.9565017791789853
	0.9565056183699137
	0.9565056520662749
	0.9565065137741128
	0.9565058901092015
	0.9565142932045277
	0.9565208755896463
	0.9565172305579833
	0.9565158079161729
	0.9565111532296151
	0.956508843879764
	0.9565068316501364
	0.9565010392021889
	0.956504308621969
	0.956508956809198
	0.9565087500646442
	0.956512076754672
	0.9565113406088174
	0.9565209125256393
	0.9565179383155908
	0.9565162172264203
	0.956516165538296
	0.956518817310653
	0.9565163448435817
	0.9565146536868402
	0.956520244977142
	0.9565187354669501
	0.9565230993739788
	0.9565182090086495
	0.9565156962399571
	0.9565066174975998
]