[
	0.8551523089408875
	0.8549731373786926
	0.8547821044921875
	0.8546095490455627
	0.8544440865516663
	0.8542419075965881
	0.8540659546852112
	0.8538808226585388
	0.8537040948867798
	0.8535116910934448
	0.8533211350440979
	0.8531456589698792
	0.8529794216156006
	0.8528257608413696
	0.8526307344436646
	0.8524384498596191
	0.8522798418998718
	0.8521060347557068
	0.8519396781921387
	0.8517619967460632
	0.8515838384628296
	0.8514398336410522
	0.8512712717056274
	0.8511136174201965
	0.8509441018104553
	0.8507662415504456
	0.850609302520752
	0.8504523634910583
	0.8502923846244812
	0.8501248359680176
	0.8499522805213928
	0.8497944474220276
	0.8496288061141968
	0.8494431972503662
	0.8492854833602905
	0.8491337299346924
	0.8489871025085449
	0.8488208651542664
	0.8486607074737549
	0.8484992384910583
	0.8483399748802185
	0.8481810688972473
	0.8480302691459656
	0.8478831052780151
	0.8477247357368469
	0.8475735187530518
	0.8474358916282654
	0.8472878336906433
	0.8471341133117676
	0.8469927906990051
	0.8468353748321533
	0.8466805815696716
	0.8465286493301392
	0.8463895320892334
	0.8462390899658203
	0.8460796475410461
	0.8459203243255615
	0.845769464969635
	0.8456287980079651
	0.8455018401145935
	0.8453646898269653
	0.8452293276786804
	0.8450998663902283
	0.8449596166610718
	0.8448124527931213
	0.8446794748306274
	0.8445429801940918
	0.8444035053253174
	0.8442678451538086
	0.8441339135169983
	0.8439822793006897
	0.843847930431366
	0.8437056541442871
	0.8435657620429993
	0.8434265851974487
	0.8432910442352295
	0.8431565165519714
	0.8430352807044983
	0.8429065346717834
	0.8427735567092896
	0.8426436185836792
	0.8425045609474182
	0.8423712849617004
	0.8422332406044006
	0.8420930504798889
	0.8419616222381592
	0.8418257236480713
	0.8416898250579834
	0.8415714502334595
	0.8414375185966492
	0.8413066267967224
	0.8411778807640076
	0.8410531282424927
	0.8409230709075928
	0.8407867550849915
	0.840656042098999
	0.8405299782752991
	0.8404034972190857
	0.8402813673019409
	0.8401471376419067
	0.8400241136550903
	0.8398941159248352
	0.8397594690322876
	0.8396177291870117
	0.8394773006439209
	0.8393539190292358
	0.8392401933670044
	0.8391233682632446
	0.838992714881897
	0.8388606309890747
	0.8387289643287659
	0.8386062383651733
	0.8384932279586792
	0.8383802175521851
	0.8382672667503357
	0.8381418585777283
	0.8380056619644165
	0.8378710746765137
	0.837754487991333
	0.8376235365867615
	0.8374998569488525
	0.8373653292655945
	0.8372240662574768
	0.8371092081069946
	0.8369835615158081
	0.8368628025054932
	0.836753249168396
	0.8366355895996094
	0.8365100622177124
	0.8364037871360779
	0.8362888693809509
	0.8361749649047852
	0.8360694050788879
	0.835966169834137
	0.835843563079834
	0.8357377052307129
	0.835631251335144
	0.8355222940444946
	0.8353927135467529
	0.8352861404418945
	0.8351556658744812
	0.8350546956062317
	0.834958553314209
	0.8348519802093506
	0.8347436189651489
	0.8346392512321472
	0.8345184326171875
	0.8344082236289978
	0.8343043923377991
	0.8342026472091675
	0.8340969085693359
	0.8339868783950806
	0.833886444568634
	0.8337774872779846
	0.8336637616157532
	0.8335584402084351
	0.8334609866142273
	0.8333558440208435
	0.8332295417785645
	0.8331183195114136
	0.833020031452179
	0.832918643951416
	0.8328184485435486
	0.8327056169509888
	0.8325960636138916
	0.8324923515319824
	0.8323799967765808
	0.8322744369506836
	0.8321665525436401
	0.8320611715316772
	0.8319469094276428
	0.8318502306938171
	0.8317357897758484
	0.831633985042572
	0.8315284252166748
	0.8314231634140015
	0.8313283324241638
	0.831234335899353
	0.831115186214447
	0.8310022950172424
	0.8309091925621033
	0.8307973742485046
	0.8306899666786194
	0.8305845856666565
	0.8304929733276367
	0.8303852677345276
	0.830284595489502
	0.8301906585693359
	0.830098569393158
	0.8299922347068787
	0.8298779129981995
	0.8297768235206604
	0.8296599388122559
	0.829566478729248
	0.8294724822044373
	0.8293646574020386
	0.8292587995529175
	0.8291581273078918
	0.8290579915046692
	0.8289729356765747
	0.8288910388946533
	0.8287949562072754
	0.8286856412887573
	0.8285825252532959
	0.8284796476364136
	0.8283783793449402
	0.8282827138900757
	0.8281724452972412
	0.828079342842102
	0.8279716372489929
	0.8278631567955017
	0.8277561664581299
	0.8276534676551819
	0.8275524973869324
	0.827451765537262
	0.827359676361084
	0.8272584676742554
	0.8271620273590088
	0.8270584344863892
	0.8269606828689575
	0.8268700838088989
	0.8267694711685181
	0.8266683220863342
	0.8265735507011414
	0.8264672160148621
	0.8263658881187439
	0.8262701630592346
	0.8261775970458984
	0.8260818719863892
	0.8259850740432739
	0.8258832097053528
	0.825793445110321
	0.8256941437721252
	0.8256009817123413
	0.8255153298377991
	0.8254099488258362
	0.825315535068512
	0.8252325654029846
	0.8251323103904724
	0.8250576257705688
	0.8249689936637878
	0.8248839974403381
	0.8247962594032288
	0.8247020244598389
	0.8246051073074341
	0.8245033025741577
	0.8244190812110901
	0.8243287801742554
	0.8242351412773132
	0.824148952960968
	0.8240629434585571
	0.823971152305603
	0.8238797783851624
	0.8237844705581665
	0.823689877986908
	0.8235909938812256
	0.8234949111938477
	0.823415994644165
	0.8233340978622437
	0.8232348561286926
	0.8231502175331116
	0.8230586051940918
	0.8229730129241943
	0.8228769898414612
	0.8227875232696533
	0.8227033615112305
	0.8226072788238525
	0.822507381439209
	0.8224142789840698
	0.8223297595977783
	0.8222473859786987
	0.8221588134765625
	0.822075605392456
	0.821990430355072
	0.8219202160835266
	0.8218327760696411
	0.821749746799469
	0.8216722011566162
	0.8215877413749695
	0.8215011954307556
	0.8214210271835327
	0.821325421333313
	0.821245014667511
	0.8211548328399658
	0.8210635185241699
	0.8209704756736755
	0.820890486240387
	0.8207979202270508
	0.8207076191902161
	0.8206197619438171
	0.8205377459526062
	0.8204613924026489
	0.8203845024108887
	0.8203060030937195
	0.8202149868011475
	0.8201439380645752
	0.8200598955154419
	0.8199806809425354
	0.8198898434638977
	0.8197989463806152
	0.8197143077850342
	0.8196342587471008
	0.8195370435714722
	0.8194446563720703
	0.8193536996841431
	0.8192676305770874
	0.8191834688186646
	0.819119930267334
	0.8190392851829529
	0.8189518451690674
	0.8188784718513489
	0.8187928795814514
	0.818717360496521
	0.8186398148536682
	0.8185541033744812
	0.8184770345687866
	0.8183835744857788
	0.8182951211929321
	0.8182207345962524
	0.8181479573249817
	0.8180580735206604
	0.8179805278778076
	0.8178873658180237
	0.8178034424781799
	0.8177204728126526
	0.817649245262146
	0.8175725340843201
	0.817487359046936
	0.8174124360084534
	0.8173366189002991
	0.8172593712806702
	0.8171801567077637
	0.8171184062957764
	0.8170421123504639
	0.8169673085212708
	0.8168919086456299
	0.8168112635612488
	0.8167428970336914
	0.8166714310646057
	0.8165944814682007
	0.8165158033370972
	0.8164437413215637
	0.8163720965385437
	0.8162943124771118
	0.8162104487419128
	0.8161373734474182
	0.8160626888275146
	0.8159986138343811
	0.8159258365631104
	0.8158430457115173
	0.8157724142074585
	0.8156970739364624
	0.8156150579452515
	0.8155534267425537
	0.8154842257499695
	0.8154138326644897
	0.8153452277183533
	0.8152627348899841
	0.8151898980140686
	0.8151196241378784
	0.8150352835655212
	0.8149673342704773
	0.8148781657218933
	0.814804196357727
	0.8147274255752563
	0.8146386742591858
	0.8145755529403687
	0.8145027756690979
	0.8144183158874512
	0.8143492937088013
	0.8142709732055664
	0.8142032027244568
	0.814125657081604
	0.8140499591827393
	0.8139781355857849
	0.8138996362686157
	0.8138291835784912
	0.8137528896331787
	0.8136788010597229
	0.8136022090911865
	0.8135251998901367
	0.8134511113166809
	0.8133771419525146
	0.8133181929588318
	0.8132598400115967
	0.8131800889968872
	0.8131099343299866
	0.8130349516868591
	0.8129554390907288
	0.8128896951675415
	0.8128251433372498
	0.8127567172050476
	0.8126842379570007
	0.8126308917999268
	0.812558114528656
	0.8124881386756897
	0.8124262094497681
	0.8123675584793091
	0.8122873306274414
	0.8122270703315735
	0.8121537566184998
	0.8120869398117065
	0.8120113611221313
	0.8119499087333679
	0.8118729591369629
	0.8118000626564026
	0.8117314577102661
	0.811682403087616
	0.8116148710250854
	0.8115565776824951
	0.8114805221557617
	0.811412513256073
	0.8113386631011963
	0.8112634420394897
	0.8112035989761353
	0.8111429214477539
	0.8110700249671936
	0.810993492603302
	0.8109270930290222
	0.8108646273612976
	0.8108019232749939
	0.8107379078865051
	0.8106749057769775
	0.8105964660644531
	0.8105284571647644
	0.8104546666145325
	0.8103857636451721
	0.8103206753730774
	0.8102567195892334
	0.8101929426193237
	0.8101240396499634
	0.8100539445877075
	0.809988260269165
	0.8099290132522583
	0.8098598718643188
	0.8097987174987793
	0.8097371459007263
	0.809666097164154
	0.8096029162406921
	0.809544563293457
	0.80947345495224
	0.8094100952148438
	0.809342622756958
	0.8092737793922424
	0.8092069625854492
	0.8091524839401245
	0.8090915083885193
	0.8090260028839111
	0.8089566826820374
	0.8088915944099426
	0.8088313341140747
	0.8087608218193054
	0.808700680732727
	0.8086304664611816
	0.8085718750953674
	0.8085110187530518
	0.8084458112716675
	0.8083844780921936
	0.8083158731460571
	0.8082437515258789
	0.8081822991371155
	0.8081293702125549
	0.8080773949623108
	0.8080121874809265
	0.80794757604599
	0.8078852891921997
	0.8078256249427795
	0.8077583312988281
	0.8076965808868408
	0.8076379299163818
	0.8075788617134094
	0.8075121641159058
	0.8074479699134827
	0.8073877692222595
	0.8073351979255676
	0.8072679042816162
	0.8072161078453064
	0.8071622848510742
	0.8070933222770691
	0.8070263266563416
	0.8069707155227661
	0.8068991303443909
	0.8068342804908752
	0.8067721724510193
	0.8067113161087036
	0.8066530227661133
	0.8065914511680603
	0.8065378665924072
	0.806476891040802
	0.8064289093017578
	0.8063694834709167
	0.8063176870346069
	0.8062571883201599
	0.8061949014663696
	0.8061383366584778
	0.806078314781189
	0.8060210943222046
	0.8059737682342529
	0.8059117794036865
	0.8058515191078186
	0.8058002591133118
	0.8057472705841064
	0.8056898713111877
	0.8056318759918213
	0.8055748343467712
	0.8055146336555481
	0.8054469227790833
	0.8053922057151794
	0.8053297996520996
	0.8052712678909302
	0.8052188754081726
	0.8051579594612122
	0.8051035404205322
	0.8050416111946106
	0.8049793839454651
	0.804931104183197
	0.804874837398529
	0.8048179149627686
	0.8047531247138977
	0.8047065138816833
	0.8046606779098511
	0.804591953754425
	0.8045305013656616
	0.8044691681861877
	0.8044030070304871
	0.8043519258499146
	0.8042868971824646
	0.8042335510253906
	0.8041746616363525
	0.8041199445724487
	0.8040634989738464
	0.8040018081665039
	0.803947389125824
	0.8038880825042725
	0.8038262724876404
	0.8037688732147217
	0.8037108182907104
	0.8036496639251709
	0.8035891056060791
	0.8035253882408142
	0.8034672737121582
	0.8033971786499023
	0.8033482432365417
	0.8033143281936646
	0.8032480478286743
	0.8031907677650452
	0.8031370639801025
	0.8030862808227539
	0.8030281066894531
	0.802974283695221
	0.8029133677482605
	0.8028501272201538
	0.8027957677841187
	0.8027408123016357
	0.8026806116104126
	0.8026341795921326
	0.8025726675987244
	0.802517831325531
	0.8024650812149048
	0.8024068474769592
	0.8023474812507629
	0.8022981882095337
	0.8022401928901672
	0.8021902441978455
	0.802143931388855
	0.8020837903022766
	0.8020215630531311
	0.8019677400588989
	0.8019112348556519
	0.8018556833267212
	0.8018060326576233
	0.801754355430603
	0.8017030954360962
	0.8016655445098877
	0.8016048073768616
	0.8015510439872742
	0.8015086650848389
	0.8014556765556335
	0.8014036417007446
	0.8013419508934021
	0.8012914657592773
	0.8012340664863586
	0.8011813759803772
	0.8011350035667419
	0.8010748624801636
	0.8010262250900269
	0.8009709715843201
	0.8009186387062073
	0.800873339176178
	0.8008142113685608
	0.8007530570030212
	0.8007004857063293
	0.8006441593170166
	0.8005917072296143
	0.8005321025848389
	0.8004759550094604
	0.8004242181777954
	0.8003759980201721
	0.8003310561180115
	0.8002774119377136
	0.8002218008041382
	0.8001726865768433
	0.8001324534416199
	0.800075888633728
	0.8000300526618958
	0.7999674677848816
	0.7999240756034851
	0.7998750805854797
	0.7998195886611938
	0.7997643351554871
	0.7997139096260071
	0.7996620535850525
	0.7996165156364441
	0.799574613571167
	0.7995102405548096
	0.799458920955658
	0.7994105219841003
	0.79936283826828
	0.7993122339248657
	0.7992641925811768
	0.7992256283760071
	0.7991766929626465
	0.7991245985031128
	0.7990797162055969
	0.7990279793739319
	0.7989720106124878
	0.798929750919342
	0.7988876700401306
	0.7988341450691223
	0.798785924911499
	0.7987304329872131
	0.7986794710159302
	0.7986282706260681
	0.7985749840736389
	0.7985190153121948
	0.7984657287597656
	0.798413097858429
	0.798369288444519
	0.7983150482177734
	0.7982562780380249
	0.7982182502746582
	0.7981730699539185
	0.798133909702301
	0.7980793118476868
	0.7980276942253113
	0.7979761958122253
	0.7979296445846558
	0.7978751063346863
	0.797829270362854
	0.7977766990661621
	0.7977282404899597
	0.7976903915405273
	0.7976409196853638
	0.7975915670394897
	0.797529399394989
	0.7974780797958374
	0.7974341511726379
	0.7973909974098206
	0.7973520159721375
	0.7973014116287231
	0.7972568273544312
	0.7972074747085571
	0.7971654534339905
	0.7971183061599731
	0.7970582246780396
	0.797012448310852
	0.7969602346420288
	0.7969139218330383
	0.7968726754188538
	0.7968260049819946
	0.7967867851257324
	0.7967475652694702
	0.796701192855835
	0.7966553568840027
	0.7966002821922302
	0.7965496182441711
	0.7965031862258911
	0.7964610457420349
	0.7964067459106445
	0.7963640689849854
	0.7963117957115173
	0.7962703108787537
	0.7962296605110168
	0.796194314956665
	0.7961425185203552
	0.7961012125015259
	0.7960564494132996
	0.796012818813324
	0.7959650158882141
	0.7959153056144714
	0.7958651185035706
	0.7958224415779114
	0.7957732677459717
	0.7957373261451721
	0.7956902384757996
	0.795645534992218
	0.7955974340438843
	0.7955447435379028
	0.7954934239387512
	0.7954455614089966
	0.7953927516937256
	0.7953368425369263
	0.7952856421470642
	0.7952443361282349
	0.7952045202255249
	0.7951614856719971
	0.7951200604438782
	0.7950676679611206
	0.7950184941291809
	0.7949761152267456
	0.7949352860450745
	0.7948814630508423
	0.7948307991027832
	0.7947772741317749
	0.7947277426719666
	0.7946907877922058
	0.7946591377258301
	0.7946153879165649
	0.7945660352706909
	0.7945182919502258
	0.7944686412811279
	0.7944272756576538
	0.7943899035453796
	0.7943411469459534
	0.7942973375320435
	0.7942447662353516
	0.7941996455192566
	0.7941626906394958
	0.7941175699234009
	0.7940782904624939
	0.7940335273742676
	0.7939906716346741
	0.7939470410346985
	0.7939043641090393
	0.7938563823699951
	0.7938085198402405
	0.7937736511230469
	0.7937334179878235
	0.7937021851539612
	0.7936581969261169
	0.793601393699646
	0.7935602068901062
	0.7935143113136292
	0.7934704422950745
	0.7934186458587646
	0.7933691143989563
	0.7933317422866821
	0.7932833433151245
	0.7932488322257996
	0.7932043671607971
	0.7931604981422424
	0.7931129932403564
	0.7930642366409302
	0.7930290699005127
	0.7929830551147461
	0.7929475903511047
	0.7929065227508545
	0.7928584218025208
	0.7928222417831421
	0.7927760481834412
	0.792739987373352
	0.792694628238678
	0.7926580309867859
	0.7926274538040161
	0.7925872206687927
	0.7925379276275635
	0.7924980521202087
	0.7924529314041138
	0.7924069762229919
	0.7923776507377625
	0.7923480868339539
	0.7923156023025513
	0.7922776341438293
	0.7922285199165344
	0.7921935319900513
	0.7921600341796875
	0.7921192646026611
	0.7920717000961304
	0.7920316457748413
	0.7919909358024597
	0.7919465899467468
	0.7919058203697205
	0.7918597459793091
	0.7918165326118469
	0.7917764782905579
	0.7917354702949524
	0.7916920185089111
	0.7916544079780579
	0.7916128635406494
	0.7915722727775574
	0.791534423828125
	0.791497528553009
	0.791458010673523
	0.7914063930511475
	0.7913592457771301
	0.7913218140602112
	0.791278064250946
	0.7912350296974182
	0.7911964654922485
	0.7911485433578491
	0.7911109328269958
	0.7910770177841187
	0.7910345792770386
	0.7909811735153198
	0.790943443775177
	0.7909094095230103
	0.7908754944801331
	0.7908417582511902
	0.7907963395118713
	0.7907537817955017
	0.7907136678695679
	0.7906849384307861
	0.7906367182731628
	0.7906015515327454
	0.7905578017234802
	0.7905161380767822
	0.7904752492904663
	0.7904453277587891
	0.7904002070426941
	0.7903700470924377
	0.790328860282898
	0.7902881503105164
	0.7902451753616333
	0.7902002334594727
	0.7901610136032104
	0.7901135683059692
	0.7900738716125488
	0.790034830570221
	0.7899976372718811
	0.7899696826934814
	0.7899267673492432
	0.7898932695388794
	0.7898566722869873
	0.789813220500946
	0.7897763252258301
	0.7897374629974365
	0.7897059917449951
	0.7896576523780823
	0.7896159887313843
	0.7895748615264893
	0.7895439863204956
	0.7895044684410095
	0.7894676923751831
	0.7894251942634583
	0.7893818020820618
	0.7893381118774414
	0.7893110513687134
	0.789271891117096
	0.7892282009124756
	0.7891871333122253
	0.7891567945480347
	0.7891141772270203
	0.7890770435333252
	0.7890306711196899
	0.7889957427978516
	0.788965106010437
	0.788935661315918
	0.7888855338096619
	0.7888502478599548
	0.7888132929801941
	0.788776695728302
	0.7887383699417114
	0.7886967658996582
	0.7886611819267273
	0.7886276245117188
	0.7885845303535461
	0.7885391712188721
	0.7885059714317322
	0.78846675157547
	0.7884307503700256
	0.7883962392807007
	0.7883627414703369
	0.7883309721946716
	0.7883033752441406
	0.7882680296897888
	0.7882325649261475
	0.788209855556488
	0.7881662249565125
	0.7881260514259338
	0.7880876064300537
	0.7880502343177795
	0.7880107760429382
	0.787973940372467
	0.7879401445388794
	0.7878969311714172
	0.7878504395484924
	0.7878131866455078
	0.7877663969993591
	0.7877262234687805
	0.7876953482627869
	0.7876637578010559
	0.7876164317131042
	0.7875783443450928
	0.7875418066978455
	0.7874991297721863
	0.7874714136123657
	0.7874311208724976
	0.7873926758766174
	0.7873511910438538
	0.7873104810714722
	0.7872707843780518
	0.7872313857078552
	0.7871870398521423
	0.7871553897857666
	0.787115752696991
	0.7870813608169556
	0.7870430946350098
	0.7870131731033325
	0.7869798541069031
	0.7869406938552856
	0.7869068384170532
	0.7868775725364685
	0.7868412733078003
	0.7867916822433472
	0.7867650985717773
	0.7867348790168762
	0.7867043018341064
	0.7866619825363159
	0.7866304516792297
	0.7865950465202332
	0.7865632176399231
	0.7865243554115295
	0.7864885330200195
	0.7864589095115662
	0.7864187359809875
	0.7863802313804626
	0.7863441109657288
	0.7863056659698486
	0.7862734198570251
	0.7862383723258972
	0.7861990332603455
	0.7861649990081787
	0.7861306071281433
	0.7860994338989258
	0.7860581278800964
	0.7860361337661743
	0.7860007882118225
	0.7859681844711304
	0.7859255075454712
	0.785893976688385
	0.7858578562736511
	0.7858242392539978
	0.7857810258865356
	0.7857463359832764
	0.785723865032196
	0.7856924533843994
	0.7856491804122925
	0.7856154441833496
	0.7855794429779053
	0.7855350971221924
	0.785499095916748
	0.7854580879211426
	0.7854258418083191
	0.7853915095329285
	0.7853575348854065
	0.785322904586792
	0.7852879166603088
	0.7852550148963928
	0.7852160930633545
	0.7851755619049072
	0.785136878490448
	0.7850953340530396
	0.7850641012191772
	0.7850342392921448
	0.7849973440170288
	0.7849696278572083
	0.7849370241165161
	0.7849037051200867
	0.7848609089851379
	0.7848231792449951
	0.7847906351089478
	0.7847534418106079
	0.7847175002098083
	0.7846855521202087
	0.784658670425415
	0.7846188545227051
	0.7845920324325562
	0.7845622897148132
	0.784516453742981
	0.7844887971878052
	0.7844632863998413
	0.7844163775444031
	0.7843846082687378
	0.784356415271759
	0.784322202205658
	0.7842859029769897
	0.7842524647712708
	0.7842128276824951
	0.7841713428497314
	0.78413325548172
	0.7841061949729919
	0.7840713858604431
	0.7840412855148315
	0.7840026617050171
	0.7839657664299011
	0.7839416265487671
	0.7839089035987854
	0.7838698625564575
	0.7838358879089355
	0.7837944626808167
	0.7837569713592529
	0.7837203145027161
	0.783693253993988
	0.7836551666259766
	0.7836143374443054
	0.7835789918899536
	0.7835433483123779
	0.7835087180137634
	0.7834732532501221
	0.7834522128105164
	0.7834187746047974
	0.7833824753761292
	0.7833380103111267
	0.7833124995231628
	0.7832736968994141
	0.7832418084144592
	0.7832049131393433
	0.7831718325614929
	0.7831383943557739
	0.7831066250801086
	0.7830634117126465
	0.7830256819725037
	0.7829993367195129
	0.7829630374908447
	0.782924234867096
	0.7828969359397888
	0.782863438129425
	0.7828357219696045
	0.7828020453453064
	0.7827748656272888
	0.782751202583313
	0.7827125191688538
	0.7826787829399109
	0.7826409339904785
	0.782600462436676
	0.7825649976730347
	0.7825267910957336
	0.7824960947036743
	0.7824702858924866
	0.7824347019195557
	0.7824074625968933
	0.7823672294616699
	0.7823361158370972
	0.7823042273521423
	0.7822753190994263
	0.78225177526474
	0.7822180986404419
	0.7821820974349976
	0.782148003578186
	0.7821140885353088
	0.7820943593978882
	0.7820664048194885
	0.7820361852645874
	0.782004714012146
	0.7819774150848389
	0.7819463014602661
	0.7819199562072754
	0.7818853259086609
	0.7818543314933777
	0.781818151473999
	0.7817867398262024
	0.7817630767822266
	0.7817293405532837
	0.7817002534866333
	0.7816711664199829
	0.7816474437713623
	0.7816228866577148
	0.7815871238708496
	0.7815530896186829
	0.7815284729003906
	0.7815022468566895
	0.7814669013023376
	0.7814422249794006
	0.7814065217971802
	0.781370997428894
	0.7813414335250854
	0.7813165783882141
	0.7812724113464355
	0.7812350988388062
	0.7812100648880005
	0.7811802625656128
	0.7811533808708191
	0.7811230421066284
	0.7810910940170288
	0.7810551524162292
	0.7810322046279907
	0.7809942960739136
	0.7809723615646362
	0.7809318900108337
	0.7808934450149536
	0.7808669209480286
	0.7808459997177124
	0.7808161377906799
	0.7807874083518982
	0.7807607054710388
	0.7807259559631348
	0.780692994594574
	0.7806717753410339
	0.7806363701820374
	0.7806088924407959
	0.7805861234664917
	0.7805456519126892
	0.7805114984512329
	0.7804881930351257
	0.7804548740386963
	0.7804349064826965
	0.7803990840911865
	0.7803773283958435
	0.7803384065628052
	0.780308723449707
	0.7802875638008118
	0.7802526354789734
	0.7802141308784485
	0.7801903486251831
	0.7801659107208252
	0.7801433801651001
	0.7801135778427124
	0.780097484588623
	0.78006511926651
	0.7800330519676208
	0.7800039052963257
	0.7799789309501648
	0.7799371480941772
	0.7799118757247925
	0.7798802256584167
	0.7798570990562439
	0.7798212766647339
	0.7797826528549194
	0.7797500491142273
	0.7797203660011292
	0.7796847224235535
	0.779653787612915
	0.7796263098716736
	0.7795912027359009
	0.7795611619949341
	0.7795243263244629
	0.7794939279556274
	0.7794609665870667
	0.7794315814971924
	0.7793990969657898
	0.7793614864349365
	0.7793333530426025
	0.779303252696991
	0.7792661190032959
	0.779248833656311
	0.7792165875434875
	0.7791792750358582
	0.7791483402252197
	0.779123842716217
	0.7791033387184143
	0.7790775895118713
	0.779045581817627
	0.7790127396583557
	0.7789852023124695
	0.7789580225944519
	0.778924286365509
	0.7788983583450317
	0.7788755297660828
	0.7788436412811279
	0.7788123488426208
	0.7787818908691406
	0.7787580490112305
	0.7787266373634338
	0.7786900997161865
	0.7786628603935242
	0.7786327600479126
	0.7786081433296204
	0.7785727977752686
	0.7785407900810242
	0.7785061001777649
	0.7784706354141235
	0.7784416675567627
	0.7784140110015869
	0.7783914804458618
	0.7783668041229248
	0.7783343195915222
	0.7783046364784241
	0.778275728225708
	0.7782495617866516
	0.7782198190689087
	0.7781834602355957
	0.7781593799591064
	0.778124213218689
	0.7780910730361938
	0.7780623435974121
	0.7780301570892334
	0.7780030965805054
	0.7779784798622131
	0.7779538035392761
	0.7779349088668823
	0.7778984308242798
	0.77786785364151
	0.777845025062561
	0.7778152227401733
	0.7777793407440186
	0.7777588367462158
	0.7777217626571655
	0.7776907086372375
	0.7776532769203186
	0.7776235342025757
	0.7776015400886536
	0.7775651812553406
	0.7775317430496216
	0.7775101661682129
	0.7774767875671387
	0.7774494886398315
	0.7774224877357483
	0.7774004936218262
	0.7773690223693848
	0.7773382067680359
	0.7773211002349854
	0.7772935032844543
	0.7772629857063293
	0.7772386074066162
	0.7772108912467957
	0.7771829962730408
	0.7771505117416382
	0.7771168351173401
	0.7770977020263672
	0.7770819067955017
	0.7770577073097229
	0.7770282030105591
	0.7769961953163147
	0.7769652009010315
	0.776941180229187
	0.7769204378128052
	0.7768874168395996
	0.7768546938896179
	0.7768319249153137
	0.776796281337738
	0.7767698764801025
	0.77674400806427
	0.7767085433006287
	0.7766923904418945
	0.776667058467865
	0.7766438722610474
	0.7766132354736328
	0.7765796780586243
	0.7765491008758545
	0.7765190601348877
	0.7764822840690613
	0.7764570713043213
	0.7764238715171814
	0.776395857334137
	0.7763653993606567
]