[
	1.2575349807739258
	1.2572342157363892
	1.256927490234375
	1.2566312551498413
	1.2563368082046509
	1.256027340888977
	1.2557233572006226
	1.255428433418274
	1.2551394701004028
	1.2548428773880005
	1.2545472383499146
	1.2542585134506226
	1.2539716958999634
	1.2536934614181519
	1.2534068822860718
	1.2531120777130127
	1.2528351545333862
	1.252551555633545
	1.2522730827331543
	1.2519954442977905
	1.2517040967941284
	1.2514370679855347
	1.2511478662490845
	1.2508740425109863
	1.2506005764007568
	1.2503151893615723
	1.25004243850708
	1.2497676610946655
	1.249496340751648
	1.2492151260375977
	1.248946189880371
	1.2486776113510132
	1.2484065294265747
	1.2481237649917603
	1.2478581666946411
	1.2475978136062622
	1.2473386526107788
	1.247065544128418
	1.2468050718307495
	1.2465391159057617
	1.2462732791900635
	1.2460095882415771
	1.2457475662231445
	1.245491623878479
	1.2452348470687866
	1.2449828386306763
	1.2447354793548584
	1.2444853782653809
	1.244221568107605
	1.2439743280410767
	1.2437140941619873
	1.2434606552124023
	1.2432070970535278
	1.2429598569869995
	1.2427046298980713
	1.2424466609954834
	1.2421842813491821
	1.2419291734695435
	1.2416839599609375
	1.2414456605911255
	1.241201400756836
	1.240959644317627
	1.2407116889953613
	1.2404721975326538
	1.2402273416519165
	1.2399860620498657
	1.2397370338439941
	1.2394951581954956
	1.2392542362213135
	1.239019513130188
	1.2387713193893433
	1.2385300397872925
	1.2382872104644775
	1.238050103187561
	1.2378106117248535
	1.2375737428665161
	1.2373237609863281
	1.237094759941101
	1.2368550300598145
	1.2366284132003784
	1.236390233039856
	1.2361586093902588
	1.2359226942062378
	1.235680103302002
	1.2354429960250854
	1.235210657119751
	1.2349802255630493
	1.2347451448440552
	1.2345184087753296
	1.2342958450317383
	1.2340714931488037
	1.2338497638702393
	1.2336320877075195
	1.2333965301513672
	1.233162522315979
	1.2329386472702026
	1.2327152490615845
	1.2324904203414917
	1.2322732210159302
	1.2320407629013062
	1.2318202257156372
	1.2315967082977295
	1.2313756942749023
	1.2311360836029053
	1.2309014797210693
	1.2306803464889526
	1.2304695844650269
	1.230251669883728
	1.2300294637680054
	1.2298052310943604
	1.2295763492584229
	1.2293603420257568
	1.2291370630264282
	1.228925347328186
	1.2287191152572632
	1.2285035848617554
	1.2282804250717163
	1.2280572652816772
	1.2278456687927246
	1.227626919746399
	1.2274129390716553
	1.2271913290023804
	1.226965069770813
	1.2267578840255737
	1.2265375852584839
	1.226319670677185
	1.226112961769104
	1.2258914709091187
	1.2256718873977661
	1.225469708442688
	1.225256323814392
	1.2250458002090454
	1.2248401641845703
	1.2246310710906982
	1.2244136333465576
	1.224206805229187
	1.224003553390503
	1.223800539970398
	1.2235848903656006
	1.2233821153640747
	1.223161220550537
	1.2229652404785156
	1.2227697372436523
	1.222563624382019
	1.2223632335662842
	1.2221574783325195
	1.221954584121704
	1.2217527627944946
	1.2215566635131836
	1.221368432044983
	1.2211661338806152
	1.220967411994934
	1.2207738161087036
	1.2205744981765747
	1.2203691005706787
	1.2201766967773438
	1.2199798822402954
	1.2197797298431396
	1.2195611000061035
	1.2193543910980225
	1.219165325164795
	1.2189656496047974
	1.2187705039978027
	1.2185652256011963
	1.218367576599121
	1.2181757688522339
	1.2179731130599976
	1.2177833318710327
	1.2175707817077637
	1.2173792123794556
	1.217179775238037
	1.2169876098632812
	1.2167876958847046
	1.2165964841842651
	1.216403603553772
	1.2162054777145386
	1.2160197496414185
	1.215839147567749
	1.2156291007995605
	1.2154332399368286
	1.2152451276779175
	1.2150413990020752
	1.214847445487976
	1.2146531343460083
	1.2144614458084106
	1.2142608165740967
	1.2140684127807617
	1.213883638381958
	1.2137031555175781
	1.2135121822357178
	1.213304042816162
	1.2131133079528809
	1.2129141092300415
	1.212723970413208
	1.2125414609909058
	1.2123464345932007
	1.2121596336364746
	1.2119678258895874
	1.2117877006530762
	1.211613416671753
	1.2114441394805908
	1.2112557888031006
	1.2110620737075806
	1.2108718156814575
	1.2106891870498657
	1.210496187210083
	1.210319995880127
	1.2101235389709473
	1.2099412679672241
	1.2097454071044922
	1.2095539569854736
	1.2093663215637207
	1.209175705909729
	1.2089855670928955
	1.2088018655776978
	1.2086236476898193
	1.2084403038024902
	1.2082581520080566
	1.2080621719360352
	1.2078784704208374
	1.207697868347168
	1.2075141668319702
	1.2073256969451904
	1.2071481943130493
	1.206958293914795
	1.2067759037017822
	1.206593632698059
	1.206410527229309
	1.2062339782714844
	1.2060519456863403
	1.2058629989624023
	1.2056872844696045
	1.2054986953735352
	1.2053245306015015
	1.2051535844802856
	1.2049623727798462
	1.2047840356826782
	1.2046136856079102
	1.204426646232605
	1.2042542695999146
	1.2040804624557495
	1.203905463218689
	1.203727126121521
	1.203549861907959
	1.2033798694610596
	1.203196406364441
	1.2030274868011475
	1.202857255935669
	1.2026771306991577
	1.2025096416473389
	1.2023448944091797
	1.2021676301956177
	1.2019912004470825
	1.2018126249313354
	1.2016383409500122
	1.2014548778533936
	1.201272964477539
	1.2011058330535889
	1.200938105583191
	1.2007554769515991
	1.200591802597046
	1.2004131078720093
	1.200238823890686
	1.200050950050354
	1.1998845338821411
	1.1997121572494507
	1.1995338201522827
	1.199349284172058
	1.1991732120513916
	1.1990008354187012
	1.1988314390182495
	1.1986531019210815
	1.1984872817993164
	1.1983226537704468
	1.1981663703918457
	1.1979987621307373
	1.197831630706787
	1.1976683139801025
	1.197504997253418
	1.1973387002944946
	1.1971768140792847
	1.1969977617263794
	1.1968313455581665
	1.1966552734375
	1.1964776515960693
	1.1963081359863281
	1.196143388748169
	1.1959742307662964
	1.1958025693893433
	1.1956311464309692
	1.1954625844955444
	1.195303201675415
	1.1951406002044678
	1.194977045059204
	1.194799542427063
	1.194644570350647
	1.1944767236709595
	1.1943187713623047
	1.1941468715667725
	1.1939793825149536
	1.1938141584396362
	1.1936508417129517
	1.1934783458709717
	1.19330894947052
	1.1931415796279907
	1.1929852962493896
	1.1928210258483887
	1.1926689147949219
	1.1925008296966553
	1.1923367977142334
	1.1921778917312622
	1.1920112371444702
	1.1918494701385498
	1.1916892528533936
	1.191519021987915
	1.1913608312606812
	1.19119393825531
	1.1910295486450195
	1.190872311592102
	1.190718412399292
	1.190552830696106
	1.190394639968872
	1.1902203559875488
	1.1900591850280762
	1.1899000406265259
	1.189744472503662
	1.189584732055664
	1.1894234418869019
	1.1892611980438232
	1.1891133785247803
	1.1889526844024658
	1.1887956857681274
	1.1886515617370605
	1.188498616218567
	1.1883347034454346
	1.1881834268569946
	1.1880239248275757
	1.1878705024719238
	1.1877162456512451
	1.1875587701797485
	1.18739914894104
	1.1872484683990479
	1.1870989799499512
	1.1869463920593262
	1.1867800951004028
	1.186632752418518
	1.1864768266677856
	1.186331868171692
	1.1861807107925415
	1.1860194206237793
	1.1858656406402588
	1.18571138381958
	1.1855523586273193
	1.1854050159454346
	1.1852467060089111
	1.1851022243499756
	1.1849573850631714
	1.1847960948944092
	1.1846444606781006
	1.1844972372055054
	1.184333086013794
	1.184180498123169
	1.1840158700942993
	1.1838626861572266
	1.183706521987915
	1.1835371255874634
	1.1833847761154175
	1.1832282543182373
	1.1830692291259766
	1.1829228401184082
	1.182765245437622
	1.1826190948486328
	1.1824626922607422
	1.1823103427886963
	1.1821658611297607
	1.182008981704712
	1.1818588972091675
	1.1817052364349365
	1.1815472841262817
	1.1813874244689941
	1.1812350749969482
	1.1810768842697144
	1.1809251308441162
	1.180783987045288
	1.1806498765945435
	1.1804944276809692
	1.1803535223007202
	1.1802036762237549
	1.1800508499145508
	1.1799111366271973
	1.1797642707824707
	1.1796143054962158
	1.1794601678848267
	1.179329514503479
	1.1791757345199585
	1.1790220737457275
	1.1788769960403442
	1.1787396669387817
	1.1785836219787598
	1.1784359216690063
	1.1782881021499634
	1.1781492233276367
	1.1779950857162476
	1.1778496503829956
	1.1776984930038452
	1.1775469779968262
	1.1774026155471802
	1.17727530002594
	1.1771259307861328
	1.1769864559173584
	1.176833987236023
	1.1766939163208008
	1.1765446662902832
	1.176397681236267
	1.1762537956237793
	1.1761153936386108
	1.1759662628173828
	1.1758131980895996
	1.1756680011749268
	1.175525426864624
	1.1753807067871094
	1.1752381324768066
	1.175093650817871
	1.1749438047409058
	1.174796462059021
	1.1746519804000854
	1.174512505531311
	1.1743656396865845
	1.1742273569107056
	1.1740831136703491
	1.173940658569336
	1.1737911701202393
	1.173652172088623
	1.1735177040100098
	1.1733698844909668
	1.1732248067855835
	1.1730868816375732
	1.172943353652954
	1.172810673713684
	1.1726744174957275
	1.1725292205810547
	1.172390341758728
	1.1722460985183716
	1.172103762626648
	1.1719615459442139
	1.171829342842102
	1.171689510345459
	1.1715539693832397
	1.1714024543762207
	1.1712580919265747
	1.171117901802063
	1.1709712743759155
	1.1708359718322754
	1.1706947088241577
	1.1705653667449951
	1.1704312562942505
	1.1702872514724731
	1.1701480150222778
	1.1700066328048706
	1.1698592901229858
	1.1697269678115845
	1.1695971488952637
	1.1694629192352295
	1.1693248748779297
	1.1691850423812866
	1.1690499782562256
	1.1689130067825317
	1.168774962425232
	1.1686370372772217
	1.1685019731521606
	1.1683677434921265
	1.168232798576355
	1.168099045753479
	1.167966365814209
	1.1678372621536255
	1.167693853378296
	1.1675668954849243
	1.1674392223358154
	1.167297124862671
	1.1671581268310547
	1.1670273542404175
	1.1668829917907715
	1.1667462587356567
	1.166603446006775
	1.1664801836013794
	1.16635262966156
	1.1662182807922363
	1.166088581085205
	1.1659618616104126
	1.1658381223678589
	1.165706753730774
	1.1655771732330322
	1.165443778038025
	1.1653059720993042
	1.1651710271835327
	1.1650347709655762
	1.1649068593978882
	1.1647909879684448
	1.1646589040756226
	1.1645350456237793
	1.1644152402877808
	1.1642894744873047
	1.1641581058502197
	1.164028286933899
	1.1638981103897095
	1.1637694835662842
	1.163635015487671
	1.163503646850586
	1.1633652448654175
	1.1632354259490967
	1.1631066799163818
	1.1629745960235596
	1.1628496646881104
	1.1627185344696045
	1.162585735321045
	1.1624630689620972
	1.1623340845108032
	1.1622036695480347
	1.1620652675628662
	1.1619433164596558
	1.161821722984314
	1.1616878509521484
	1.161557674407959
	1.161413311958313
	1.1612696647644043
	1.1611485481262207
	1.161015510559082
	1.1608933210372925
	1.1607624292373657
	1.16063392162323
	1.1605072021484375
	1.1603730916976929
	1.1602466106414795
	1.16011643409729
	1.1599812507629395
	1.1598498821258545
	1.1597167253494263
	1.1595840454101562
	1.1594547033309937
	1.1593245267868042
	1.159196138381958
	1.1590639352798462
	1.1589412689208984
	1.1588228940963745
	1.1586898565292358
	1.1585667133331299
	1.1584457159042358
	1.1583229303359985
	1.158194661140442
	1.1580750942230225
	1.157943844795227
	1.1578168869018555
	1.1576955318450928
	1.157568335533142
	1.1574424505233765
	1.1573289632797241
	1.1571987867355347
	1.157070517539978
	1.1569453477859497
	1.1568150520324707
	1.1566799879074097
	1.1565613746643066
	1.1564373970031738
	1.156314492225647
	1.1561967134475708
	1.1560641527175903
	1.1559326648712158
	1.155806303024292
	1.1556756496429443
	1.1555463075637817
	1.155423879623413
	1.1553049087524414
	1.1551804542541504
	1.1550625562667847
	1.1549266576766968
	1.1548036336898804
	1.1546940803527832
	1.154570460319519
	1.1544548273086548
	1.154318928718567
	1.1541894674301147
	1.154059886932373
	1.1539418697357178
	1.1538223028182983
	1.1536917686462402
	1.1535639762878418
	1.1534391641616821
	1.1533186435699463
	1.1532057523727417
	1.1530832052230835
	1.1529594659805298
	1.1528397798538208
	1.15272057056427
	1.152597427368164
	1.1524722576141357
	1.1523393392562866
	1.152226448059082
	1.1521116495132446
	1.1519980430603027
	1.1518738269805908
	1.1517512798309326
	1.1516283750534058
	1.1515198945999146
	1.1513965129852295
	1.151279091835022
	1.1511532068252563
	1.1510323286056519
	1.1509159803390503
	1.1507952213287354
	1.15067458152771
	1.1505550146102905
	1.1504359245300293
	1.150321125984192
	1.1502118110656738
	1.1500775814056396
	1.1499645709991455
	1.1498504877090454
	1.1497408151626587
	1.149621844291687
	1.1495072841644287
	1.1493909358978271
	1.1492758989334106
	1.1491605043411255
	1.149048924446106
	1.1489254236221313
	1.1487988233566284
	1.1486852169036865
	1.1485666036605835
	1.1484485864639282
	1.1483330726623535
	1.1482129096984863
	1.1480985879898071
	1.1479835510253906
	1.147866129875183
	1.1477502584457397
	1.1476374864578247
	1.147517442703247
	1.147409439086914
	1.1472954750061035
	1.1471761465072632
	1.1470699310302734
	1.1469570398330688
	1.1468440294265747
	1.146727204322815
	1.146613597869873
	1.1465049982070923
	1.1463916301727295
	1.1462780237197876
	1.1461650133132935
	1.1460517644882202
	1.1459356546401978
	1.145829439163208
	1.1457123756408691
	1.1455941200256348
	1.1454747915267944
	1.145358681678772
	1.1452414989471436
	1.1451387405395508
	1.1450306177139282
	1.1449111700057983
	1.144797921180725
	1.1446844339370728
	1.1445752382278442
	1.1444648504257202
	1.1443403959274292
	1.144233226776123
	1.1441165208816528
	1.1440047025680542
	1.1439017057418823
	1.1437846422195435
	1.1436833143234253
	1.1435785293579102
	1.1434687376022339
	1.1433568000793457
	1.1432360410690308
	1.1431210041046143
	1.1430078744888306
	1.1428983211517334
	1.1427844762802124
	1.142677664756775
	1.142558217048645
	1.1424541473388672
	1.142351746559143
	1.1422429084777832
	1.1421343088150024
	1.1420234441757202
	1.1419172286987305
	1.1418054103851318
	1.1416945457458496
	1.1415799856185913
	1.141471266746521
	1.1413671970367432
	1.1412566900253296
	1.1411488056182861
	1.141040325164795
	1.140930414199829
	1.1408189535140991
	1.1407034397125244
	1.140587568283081
	1.140473484992981
	1.140360951423645
	1.1402469873428345
	1.1401352882385254
	1.140032172203064
	1.139923095703125
	1.1398135423660278
	1.139711856842041
	1.139600157737732
	1.1394898891448975
	1.1393827199935913
	1.139278769493103
	1.1391687393188477
	1.1390597820281982
	1.1389422416687012
	1.1388295888900757
	1.138726830482483
	1.1386314630508423
	1.1385234594345093
	1.138415813446045
	1.138304352760315
	1.1381925344467163
	1.138087511062622
	1.1379859447479248
	1.137876272201538
	1.1377736330032349
	1.1376631259918213
	1.1375541687011719
	1.1374545097351074
	1.137349247932434
	1.1372437477111816
	1.137130856513977
	1.1370151042938232
	1.1369071006774902
	1.136802077293396
	1.1366921663284302
	1.136579155921936
	1.1364827156066895
	1.1363834142684937
	1.1362861394882202
	1.1361783742904663
	1.1360621452331543
	1.1359633207321167
	1.1358577013015747
	1.135751724243164
	1.1356441974639893
	1.1355316638946533
	1.1354302167892456
	1.1353182792663574
	1.1352243423461914
	1.1351202726364136
	1.135021686553955
	1.1349141597747803
	1.1348069906234741
	1.134702444076538
	1.1345902681350708
	1.1344859600067139
	1.1343817710876465
	1.134270429611206
	1.134169578552246
	1.1340627670288086
	1.1339631080627441
	1.133852243423462
	1.1337566375732422
	1.1336652040481567
	1.1335662603378296
	1.1334611177444458
	1.1333568096160889
	1.133251428604126
	1.1331462860107422
	1.1330537796020508
	1.1329598426818848
	1.1328644752502441
	1.1327654123306274
	1.1326571702957153
	1.132566213607788
	1.1324762105941772
	1.1323773860931396
	1.1322741508483887
	1.1321755647659302
	1.1320812702178955
	1.1319749355316162
	1.1318711042404175
	1.1317726373672485
	1.1316685676574707
	1.1315706968307495
	1.1314705610275269
	1.1313633918762207
	1.1312708854675293
	1.131172776222229
	1.1310746669769287
	1.1309773921966553
	1.1308848857879639
	1.1307923793792725
	1.130683422088623
	1.130576491355896
	1.1304818391799927
	1.1303799152374268
	1.1302738189697266
	1.1301766633987427
	1.1300715208053589
	1.1299729347229004
	1.1298751831054688
	1.129767656326294
	1.12965726852417
	1.1295580863952637
	1.129469633102417
	1.1293666362762451
	1.1292723417282104
	1.1291704177856445
	1.1290736198425293
	1.1289697885513306
	1.1288795471191406
	1.1287813186645508
	1.1286864280700684
	1.128584861755371
	1.128491759300232
	1.1283912658691406
	1.1283009052276611
	1.1281955242156982
	1.1281059980392456
	1.1280097961425781
	1.1279116868972778
	1.1278048753738403
	1.127707600593567
	1.1276108026504517
	1.1275080442428589
	1.1274056434631348
	1.1273075342178345
	1.1272118091583252
	1.1271239519119263
	1.1270304918289185
	1.1269376277923584
	1.1268399953842163
	1.1267396211624146
	1.126643419265747
	1.1265435218811035
	1.1264511346817017
	1.1263545751571655
	1.126253604888916
	1.1261581182479858
	1.126067042350769
	1.125980019569397
	1.125886082649231
	1.1257855892181396
	1.1256885528564453
	1.1255950927734375
	1.1255065202713013
	1.1254137754440308
	1.1253153085708618
	1.1252214908599854
	1.1251336336135864
	1.1250344514846802
	1.1249350309371948
	1.1248382329940796
	1.124743938446045
	1.1246612071990967
	1.1245744228363037
	1.1244711875915527
	1.1243743896484375
	1.1242831945419312
	1.124192714691162
	1.124096155166626
	1.1240016222000122
	1.1239031553268433
	1.1238114833831787
	1.123712420463562
	1.123612642288208
	1.1235288381576538
	1.1234310865402222
	1.1233371496200562
	1.123245358467102
	1.1231541633605957
	1.1230651140213013
	1.1229737997055054
	1.122881531715393
	1.1227947473526
	1.1227099895477295
	1.1226147413253784
	1.1225231885910034
	1.122433066368103
	1.1223418712615967
	1.1222537755966187
	1.1221600770950317
	1.1220722198486328
	1.1219761371612549
	1.1218767166137695
	1.121781349182129
	1.121682047843933
	1.1215827465057373
	1.1214946508407593
	1.121407389640808
	1.1213066577911377
	1.1212117671966553
	1.1211260557174683
	1.1210272312164307
	1.120941400527954
	1.1208534240722656
	1.120762825012207
	1.120666265487671
	1.120577096939087
	1.120483636856079
	1.1203954219818115
	1.1203022003173828
	1.1202056407928467
	1.1201136112213135
	1.120025634765625
	1.1199371814727783
	1.119852066040039
	1.1197669506072998
	1.1196688413619995
	1.11957585811615
	1.1194924116134644
	1.1194076538085938
	1.1193081140518188
	1.1192233562469482
	1.1191431283950806
	1.1190581321716309
	1.1189697980880737
	1.1188724040985107
	1.1187809705734253
	1.1187032461166382
	1.1186213493347168
	1.1185320615768433
	1.1184511184692383
	1.1183656454086304
	1.1182743310928345
	1.1181867122650146
	1.118100643157959
	1.1180148124694824
	1.1179296970367432
	1.1178396940231323
	1.1177539825439453
	1.117668628692627
	1.1175771951675415
	1.117490530014038
	1.1174076795578003
	1.1173251867294312
	1.1172478199005127
	1.1171534061431885
	1.1170744895935059
	1.1169856786727905
	1.1169023513793945
	1.116815209388733
	1.1167352199554443
	1.1166554689407349
	1.116573691368103
	1.116486668586731
	1.1164016723632812
	1.1163100004196167
	1.116219401359558
	1.1161330938339233
	1.1160439252853394
	1.1159579753875732
	1.1158729791641235
	1.1157852411270142
	1.1156973838806152
	1.1156139373779297
	1.115522861480713
	1.1154347658157349
	1.1153433322906494
	1.1152549982070923
	1.115172028541565
	1.1150931119918823
	1.1150120496749878
	1.1149249076843262
	1.1148465871810913
	1.1147626638412476
	1.1146775484085083
	1.1145875453948975
	1.1145037412643433
	1.1144192218780518
	1.114333987236023
	1.1142477989196777
	1.1141606569290161
	1.1140830516815186
	1.113994836807251
	1.1139134168624878
	1.1138339042663574
	1.1137471199035645
	1.1136690378189087
	1.1135923862457275
	1.1135002374649048
	1.1134189367294312
	1.1133390665054321
	1.113254427909851
	1.1131665706634521
	1.1130846738815308
	1.1130051612854004
	1.1129145622253418
	1.1128264665603638
	1.1127434968948364
	1.1126559972763062
	1.1125733852386475
	1.1124844551086426
	1.112399697303772
	1.1123216152191162
	1.1122392416000366
	1.112147569656372
	1.1120623350143433
	1.1119788885116577
	1.111893653869629
	1.1118125915527344
	1.1117361783981323
	1.111647367477417
	1.111559510231018
	1.1114752292633057
	1.1113938093185425
	1.1113122701644897
	1.1112277507781982
	1.1111561059951782
	1.1110761165618896
	1.1109896898269653
	1.1109057664871216
	1.1108311414718628
	1.1107409000396729
	1.1106611490249634
	1.110576868057251
	1.1104953289031982
	1.1104176044464111
	1.1103347539901733
	1.1102442741394043
	1.110162615776062
	1.1100871562957764
	1.1100014448165894
	1.1099143028259277
	1.109839916229248
	1.1097537279129028
	1.109674334526062
	1.1095932722091675
	1.1095161437988281
	1.109437108039856
	1.1093569993972778
	1.1092720031738281
	1.1091914176940918
	1.1091053485870361
	1.1090260744094849
	1.1089409589767456
	1.1088634729385376
	1.108787178993225
	1.1087056398391724
	1.1086266040802002
	1.108540654182434
	1.1084599494934082
	1.1083799600601196
	1.1082991361618042
	1.1082322597503662
	1.1081520318984985
	1.1080719232559204
	1.1079918146133423
	1.1079124212265015
	1.1078453063964844
	1.1077675819396973
	1.1076899766921997
	1.1076140403747559
	1.107539176940918
	1.107460618019104
	1.1073912382125854
	1.1073124408721924
	1.1072335243225098
	1.107155203819275
	1.1070761680603027
	1.1070016622543335
	1.1069180965423584
	1.1068404912948608
	1.1067618131637573
	1.1066871881484985
	1.1066163778305054
	1.1065329313278198
	1.1064541339874268
	1.1063833236694336
	1.1063077449798584
	1.1062195301055908
	1.1061458587646484
	1.1060667037963867
	1.1059876680374146
	1.105913519859314
	1.1058390140533447
	1.1057548522949219
	1.1056705713272095
	1.1056016683578491
	1.105525016784668
	1.1054527759552002
	1.105374813079834
	1.105294942855835
	1.105212926864624
	1.1051406860351562
	1.1050652265548706
	1.1049935817718506
	1.104911208152771
	1.1048367023468018
	1.104760766029358
	1.1046878099441528
	1.1046110391616821
	1.104533076286316
	1.1044570207595825
	1.1043765544891357
	1.1042983531951904
	1.1042299270629883
	1.1041507720947266
	1.1040840148925781
	1.1040153503417969
	1.1039276123046875
	1.10385000705719
	1.1037769317626953
	1.1037017107009888
	1.103635311126709
	1.1035597324371338
	1.1034917831420898
	1.1034084558486938
	1.103331446647644
	1.1032596826553345
	1.1031842231750488
	1.1031078100204468
	1.103041172027588
	1.102971076965332
	1.1029075384140015
	1.1028300523757935
	1.102764368057251
	1.1026893854141235
	1.1026142835617065
	1.1025394201278687
	1.1024657487869263
	1.1023823022842407
	1.1023101806640625
	1.1022303104400635
	1.1021597385406494
	1.1020822525024414
	1.1020032167434692
	1.101927638053894
	1.1018495559692383
	1.1017706394195557
	1.1016926765441895
	1.1016204357147217
	1.1015470027923584
	1.1014682054519653
	1.1013890504837036
	1.1013151407241821
	1.1012415885925293
	1.1011652946472168
	1.1010876893997192
	1.101006269454956
	1.1009340286254883
	1.1008602380752563
	1.100783109664917
	1.1007205247879028
	1.1006475687026978
	1.1005688905715942
	1.1004939079284668
	1.1004244089126587
	1.100356936454773
	1.100284457206726
	1.1002092361450195
	1.10013747215271
	1.10006582736969
	1.0999972820281982
	1.0999231338500977
	1.099852442741394
	1.0997860431671143
	1.0997159481048584
	1.099645733833313
	1.099572777748108
	1.0995057821273804
	1.0994328260421753
	1.0993598699569702
	1.0992876291275024
	1.099209189414978
	1.0991419553756714
	1.0990588665008545
	1.0989789962768555
	1.0989049673080444
	1.0988290309906006
	1.0987575054168701
	1.098685622215271
	1.0986249446868896
	1.0985589027404785
	1.0984846353530884
	1.0984175205230713
	1.0983463525772095
	1.09827721118927
	1.0982069969177246
	1.0981298685073853
	1.098061442375183
	1.0979899168014526
	1.0979169607162476
	1.0978500843048096
	1.0977773666381836
	1.0977078676223755
	1.097638487815857
	1.097578525543213
	1.0975133180618286
	1.0974395275115967
	1.097365379333496
	1.0972988605499268
	1.0972294807434082
	1.0971559286117554
	1.0970876216888428
	1.0970146656036377
	1.0969456434249878
	1.0968716144561768
	1.0968012809753418
	1.0967386960983276
	1.0966674089431763
	1.0965888500213623
	1.0965254306793213
	1.096455454826355
	1.0963788032531738
	1.0963126420974731
	1.0962467193603516
	1.0961744785308838
	1.0961027145385742
	1.0960462093353271
	1.0959739685058594
	1.0959047079086304
	1.0958317518234253
	1.0957680940628052
	1.0956991910934448
	1.095624327659607
	1.0955493450164795
	1.0954864025115967
	1.0954241752624512
	1.0953588485717773
	1.0952882766723633
	1.0952165126800537
	1.0951454639434814
	1.0950814485549927
	1.095023274421692
	1.0949519872665405
	1.0948779582977295
	1.0948145389556885
	1.0947365760803223
	1.094669222831726
	1.0946043729782104
	1.09453284740448
	1.094472050666809
	1.094407081604004
	1.0943443775177002
	1.0942763090133667
	1.0942050218582153
	1.0941413640975952
	1.0940709114074707
	1.0939927101135254
	1.093927264213562
	1.0938599109649658
	1.0937983989715576
	1.0937353372573853
]