[
	0.9700704551554263
	0.9700704551554268
	0.9700704551556363
	0.9700704553250015
	0.9700704562973637
	0.9700709379733412
	0.9701245012220833
	0.9702697698671214
	0.9704067234372333
	0.9705324391970703
	0.9706744663861664
	0.9708036144231945
	0.9709420191050263
	0.9710701250141742
	0.9711974571416532
	0.971312697948085
	0.9714365277667615
	0.9715356396666738
	0.9716361239327741
	0.9717479924759842
	0.9718452425737676
	0.9719626013611542
	0.9720694112274879
	0.9721908955967438
	0.9722832282486565
	0.9723930541826006
	0.9725086893244667
	0.9725968387955997
	0.9727002464335446
	0.9728026448540922
	0.9728942549774424
	0.9729736779223326
	0.9730356965227368
	0.9731199120479304
	0.9732080475213822
	0.9732912106821822
	0.9733747101921929
	0.9734392965506966
	0.9735213090030914
	0.9735971279096428
	0.9736600014117506
	0.9737266063274737
	0.9737870360325306
	0.9738500418796595
	0.9739091053637996
	0.9740029878441107
	0.9740424842204276
	0.974095004229413
	0.9741480591438378
	0.9742023259607346
	0.9742623447417076
	0.9743038237667815
	0.974386152531604
	0.9744240850307109
	0.9744663190529407
	0.9744989321444202
	0.9745250397630608
	0.9745929894052577
	0.9746397258625654
	0.9746787745180114
	0.9747247645733789
	0.974761905317493
	0.9747937549458249
	0.9748281713078588
	0.9748742338328206
	0.9749103450807455
	0.9749421512804548
	0.9749598906424826
	0.9749989907980351
	0.9750116076029232
	0.9750438439456506
	0.9750689723396126
	0.9751096430230332
	0.975169430498267
	0.9752225243049484
	0.9752444687369576
	0.9752843883477672
	0.9753087105380668
	0.975327755617602
	0.975361609781715
	0.9754108641779574
	0.9754520876612128
	0.975478110860131
	0.9755065640784177
	0.9755447837729448
	0.9755715325852141
	0.9755918965863715
	0.9756009530663347
	0.9756120864577416
	0.9756612475062864
	0.9756887937843283
	0.975701019896766
	0.9757095307742508
	0.9757462894285295
	0.9757780601758717
	0.9757888219992511
	0.975808994667582
	0.9758180693042536
	0.9758570392943413
	0.9758732387736289
	0.9759016529447395
	0.9759184108275859
	0.9759342637068495
	0.9759518575307992
	0.9759578342377815
	0.9759736541992567
	0.9759798501612769
	0.9759948136494397
	0.9760162476840571
	0.9760435151433005
	0.9760477889274842
	0.9760716621789335
	0.9760702461130302
	0.976108892835151
	0.9761235291310213
	0.9761371675911589
	0.9761447620301313
	0.9761476477724885
	0.9761585248547612
	0.9761675325619711
	0.9762092403711746
	0.9762192910697074
	0.9762380596652528
	0.9762514567865043
	0.9762629334531128
	0.9762807328194416
	0.9763261440563167
	0.9763326700837043
	0.976332448566332
	0.9763519894829851
	0.9763605116710989
	0.9763700363018936
	0.9763648364687628
	0.9763625359883062
	0.9763661733389557
	0.9763715265221364
	0.9764135644993225
	0.9764235531605026
	0.9764337043624911
	0.9764329051080048
	0.9764476567282704
	0.9764484224414249
	0.9764458360244445
	0.9764746479565637
	0.9764824962941567
	0.9764801967110165
	0.9764870609913111
	0.9765036377147354
	0.9765052493272522
	0.9765026771623068
	0.976511118078168
	0.9764981854950873
	0.9765052632630916
	0.9765242549496543
	0.976540483090166
	0.9765350563833483
	0.9765393199870941
	0.9765506419942748
	0.9765513286545465
	0.9765406923657268
	0.9765361382945698
	0.976556603054021
	0.9765596336066891
	0.976552314069371
	0.9765554568953962
	0.9765583240076895
	0.9765763356216719
	0.9765927914492514
	0.9766023726292061
	0.9765991443003665
	0.9765989810405065
	0.9766317208712526
	0.9766314137084164
	0.9766273907981349
	0.9766537862687341
	0.9766698117137363
	0.9766619802537546
	0.9766568349738644
	0.9766651431739601
	0.9766608796054643
	0.9766618133920049
	0.976658736612944
	0.9766506769966815
	0.9766472987878403
	0.9766404362039101
	0.9766392777461923
	0.9766402373199337
	0.9766391069396699
	0.9766343105800012
	0.9766510898404075
	0.9766431181795701
	0.9766433262960901
	0.9766445308574031
	0.9766577725208008
	0.976659428762009
	0.9766440788912463
	0.976631533342662
	0.9766187230001383
	0.9766209927955894
	0.9766143755065878
	0.9766233688132545
	0.9766353249011762
	0.9766281662640254
	0.9766252232787492
	0.9766327737964345
	0.9766311802555603
	0.9766499215830383
	0.9766567521608608
	0.9766533789793124
	0.9766459713255738
	0.9766690931346905
	0.9766529293677508
	0.9766409873766753
	0.9766444253001787
	0.9766336290179752
	0.976630824888238
	0.9766239709593654
	0.9766277512139562
	0.9766282188080463
	0.9766230754582391
	0.97663988581838
	0.9766327094526019
	0.9766252726391934
	0.9766276397015953
	0.9766572552127041
	0.976669394739389
	0.9766637883597032
	0.9766616039731151
	0.9766613525783662
	0.9766603917234964
	0.9766460238369556
	0.9766422811427027
	0.976640668355769
	0.976640361051688
	0.9766504790990365
	0.9766588818076527
	0.9766482736568258
	0.9766450222167975
	0.9766472844189308
	0.9766440630856952
	0.9766399301764409
	0.9766376203094448
	0.9766191897423347
	0.9766148576903244
	0.9766279188876594
	0.9766442167668032
	0.9766395106124142
	0.9766570258542545
	0.976646781676337
	0.9766654249552271
	0.9766484677907151
	0.9766780595806207
	0.976668447646763
	0.9766588797877013
	0.9766477108521328
	0.9766534457589597
	0.9766434105662158
	0.976644242336641
	0.9766475706134207
	0.9766416706498567
	0.9766454593357871
	0.9766397221172816
	0.9766477205657026
	0.976641886802901
	0.9766283372454432
	0.9766254608164355
	0.9766211489060803
	0.9766201303928878
	0.9766232313045385
	0.9766127846130972
	0.9766033109012965
	0.9765897169319149
	0.9765859618232283
	0.976579397591301
	0.9765724624618098
	0.976566971024384
	0.9765609425675411
	0.9765724010245164
	0.9765775139354912
	0.97656564378769
	0.9765672029813213
	0.9765802815614246
	0.9765723589396849
	0.9765672908900223
	0.9765732536069769
	0.9765941211101676
	0.9765926924531132
	0.9765979157488135
	0.9765887265164583
	0.9765968134202916
	0.9766160228989749
	0.9766134136392433
	0.9766114531150543
	0.9766099449954566
	0.9766081923891187
	0.9765989123328239
	0.9766046819168298
	0.9765996705468861
	0.9765921928358156
	0.9765879951310208
	0.976583762811408
	0.9765794085600518
	0.9765709902789719
	0.9765626763007088
	0.9765622622028276
	0.9765514806121897
	0.9765416441650825
	0.9765279931173363
	0.9765286176560481
	0.976525363352304
	0.9765308665033477
	0.9765203495371781
	0.9765105429721598
	0.9765189756905602
	0.9765116576312737
	0.9764955996300305
	0.9764948207631874
	0.9764946789745166
	0.9764833905655717
	0.9764891858463948
	0.976487798030714
	0.9764868564298522
	0.9764773210271985
	0.976471257569752
	0.9764793562110456
	0.9764720785428453
	0.9764617386044901
	0.9764609294833545
	0.976448598345862
	0.9764406093856304
	0.9764361783090147
	0.9764289013419541
	0.9764231943691051
	0.976405513008202
	0.976399821306887
	0.9763979357539699
	0.976391012683928
	0.976388249615197
	0.9763860370594516
	0.9763774134695137
	0.9763705480640814
	0.9763775823015608
	0.9763842620751186
	0.9763689619851698
	0.9763713253299837
	0.9763547592560519
	0.9763540021787256
	0.97633925712736
	0.976345327483867
	0.9763434359792371
	0.9763360921376841
	0.9763316636049082
	0.9763192846706035
	0.9763068719837841
	0.9763044372826979
	0.9763097055028773
	0.9763032699983715
	0.9762875727852673
	0.9763004011632029
	0.9763003349255245
	0.9762918852981289
	0.9762925956983615
	0.9762818251636665
	0.9762777001327636
	0.9762712475478358
	0.9762702614691077
	0.976260406999574
	0.9762570833776288
	0.9762631263854773
	0.9762563734801117
	0.9762548802059355
	0.9762438056336447
	0.9762319924531496
	0.9762589491580442
	0.9762510011247857
	0.9762391845050034
	0.9762459935872692
	0.976237355579487
	0.976221220624847
	0.9762122326936895
	0.9762093758303062
	0.9761997380370953
	0.9761933794707777
	0.9761875677295846
	0.9761908265762637
	0.9761853175211876
	0.9761706867573121
	0.9761710039451271
	0.9761778988533655
	0.9761811284104318
	0.9761736894021166
	0.9761683443148879
	0.976166232773282
	0.9761678869305287
	0.9761669101375909
	0.9761612968892239
	0.9761608227533352
	0.9761642066290227
	0.9761597609870963
	0.9761558000853819
	0.9761483201708557
	0.976143517363701
	0.9761437698656181
	0.9761362993987072
	0.9761401191067355
	0.976160220552823
	0.9761541264484817
	0.976151816236291
	0.9761506880517533
	0.9761496574819983
	0.9761397347721882
	0.9761376552607292
	0.9761583145876098
	0.9761506503317102
	0.97613931289761
	0.9761370458004548
	0.9761261432021514
	0.9761199995556966
	0.976130987989961
	0.9761232942189072
	0.9761182402334792
	0.9761115851353952
	0.9761111898690993
	0.9761054913055045
	0.9761012364839224
	0.9760991258968152
	0.9760957647665961
	0.9760963463875464
	0.9760912258967172
	0.976084704356622
	0.9760767378128868
	0.9760756648433957
	0.976074183766111
	0.976062367923878
	0.9760598973371621
	0.9760544285138152
	0.9760514833322287
	0.9760710891729792
	0.9760630118813876
	0.9760716863319986
	0.9760641370799059
	0.9760708585829183
	0.9760637922602124
	0.9760603247167405
	0.976071328770739
	0.9760713379239896
	0.9760771748735108
	0.9760824552005836
	0.976086208799635
	0.9760977214877509
	0.976085001405553
	0.9760747064371155
	0.976069492840581
	0.9760892850953382
	0.9760850822834034
	0.9761004673502885
	0.976091679366161
	0.9760886074228472
	0.9760808416393019
	0.9760851773599394
	0.9760953688781246
	0.9760860216758556
	0.9760756770069461
	0.976076774495901
	0.976082068940538
	0.976095604018982
	0.9760927668459082
	0.9761143260365323
	0.9761059682748556
	0.9761058471010826
	0.9761090302374477
	0.97612947910422
	0.9761416498028872
	0.9761469465197384
	0.9761558956431566
	0.9761685496927905
	0.9761652562806976
	0.9761685655656169
	0.976162737115307
	0.976152341800789
	0.9761583225095957
	0.9761478382482688
	0.9761372391817397
	0.9761342300144737
	0.9761276987002877
	0.9761255630201752
	0.9761340868592773
	0.9761318839947698
	0.9761285953164015
	0.9761236079053527
	0.9761211143178558
	0.9761120576082692
	0.9761132531081993
	0.9761102258242238
	0.9761174485726468
	0.9761223889690744
	0.9761194485937693
	0.9761145338152994
	0.9761127233519031
	0.9761080615313462
	0.9760994233393023
	0.9760942570703596
	0.9760911617724228
	0.9760773259278944
	0.9760743658634702
	0.9760642990763281
	0.9760629426120466
	0.9760619486857586
	0.9760602202216109
	0.9760597356717643
	0.9760476579317885
	0.9760405430889965
	0.9760446694736024
	0.9760445461668708
	0.9760322513397515
	0.9760278460390481
	0.9760273113287795
	0.9760197534732983
	0.9760292510515993
	0.9760364621692091
	0.9760361019740654
	0.9760290602167764
	0.9760300441093769
	0.9760330985747349
	0.9760354056957007
	0.9760310512651239
	0.97602897921531
	0.9760221771503206
	0.9760125133023828
	0.9760212127457244
	0.9760291036365291
	0.9760252031809207
	0.9760174999935589
	0.9760205739540785
	0.9760118653706122
	0.9760233092803219
	0.976009936211964
	0.9760150926868922
	0.9760075516071677
	0.9759999309952269
	0.9759949579827201
	0.9759890979744463
	0.9759904860058275
	0.9759860033889853
	0.9759801182919143
	0.9759777004491715
	0.9759779004289805
	0.9759740877738705
	0.975976653377369
	0.9759712394535889
	0.9759803347997262
	0.9759758794139962
	0.9759702300604307
	0.975963371369488
	0.9759563249663282
	0.9759523892915212
	0.9759468027166356
	0.9759468322087559
	0.9759372939340729
	0.9759339000484903
	0.9759217676633583
	0.9759150064442661
	0.9759106376087965
	0.9759104709056636
	0.9759024666059374
	0.9758926353895419
	0.9758856978867821
	0.975899311000381
	0.9758892590763132
	0.975886507373578
	0.9758879743937799
	0.9758909841011311
	0.97588014575777
	0.9758733280198422
	0.9758798220785563
	0.975870281797955
	0.9758556683317362
	0.975848693333216
	0.9758481551111342
	0.9758399762072587
	0.9758493733330114
	0.9758505282545666
	0.9758657280385714
	0.9758643575015881
	0.975857730413636
	0.9758587758058894
	0.9758620727302673
	0.9758685306544507
	0.9758618139103487
	0.9758669196847893
	0.9758620190881261
	0.975857799038408
	0.975853182493697
	0.9758505645300813
	0.9758489984698967
	0.975846853670104
	0.9758460697066982
	0.9758453475472535
	0.9758402315383212
	0.9758467143825155
	0.9758421740225371
	0.9758356492305463
	0.9758327401718832
	0.9758209888485104
	0.9758172803337104
	0.9758132236619503
	0.9758109058398023
	0.9758034789445451
	0.975802696145907
	0.9757970389192723
	0.9757922741152937
	0.9757939857079713
	0.9757891345258366
	0.9757943475445798
	0.9757934919603951
	0.9757868995375573
	0.9757802806379169
	0.9757829452439853
	0.9757796916987551
	0.9757717713327453
	0.9757686929087193
	0.9757685007598041
	0.975776684328603
	0.9757694428985881
	0.9757601538895576
	0.9757506385349877
	0.975754990760684
	0.9757545603895666
	0.9757462591725826
	0.9757499351714878
	0.9757492881223293
	0.9757513871281301
	0.9757640892770547
	0.9757592643549236
	0.9757547861429949
	0.9757528784482096
	0.9757530978261268
	0.9757494502688194
	0.9757482990173919
	0.9757566693698374
	0.9757603508976569
	0.9757615839246236
	0.9757592096147536
	0.975755527459795
	0.9757595067359618
	0.9757544565518097
	0.9757631151602965
	0.975754681102985
	0.9757531716897437
	0.9757470439601584
	0.9757423826498726
	0.975742527029963
	0.9757451658982753
	0.9757488049852588
	0.9757438906672831
	0.9757524742623938
	0.9757509435704795
	0.9757503998498895
	0.9757460940720616
	0.97575091444452
	0.9757442465728927
	0.975735900906212
	0.9757337745473589
	0.9757340221775544
	0.9757281690699677
	0.9757387772462689
	0.9757354378183806
	0.9757504815839599
	0.9757495104230206
	0.9757411701143297
	0.9757323239777775
	0.9757337774392633
	0.975735003251069
	0.9757203180275258
	0.9757200185383675
	0.9757295642367827
	0.9757462131719737
	0.97574749414084
	0.9757546387349834
	0.9757711715535569
	0.9757687773785586
	0.975760728888669
	0.9757639730076132
	0.9757681347384305
	0.9757654076757324
	0.9757713006178321
	0.9757643685628146
	0.9757609388858125
	0.9757592817591347
	0.9757565477558416
	0.9757622282357767
	0.9757656635639305
	0.9757653542133894
	0.9757619276341085
	0.9757592768233578
	0.9757562426738399
	0.975757035915044
	0.9757665361359754
	0.975764895979041
	0.9757612549046765
	0.975754067979479
	0.9757491552231599
	0.975744316650559
	0.9757520458017885
	0.9757465408904553
	0.9757405371073947
	0.9757465098377819
	0.9757386936491217
	0.9757377771237961
	0.9757223412249778
	0.9757223761369032
	0.9757210569052951
	0.9757244277988916
	0.9757357735430764
	0.9757308102610254
	0.9757336610229277
	0.9757378943039108
	0.9757400771965186
	0.9757395465021287
	0.9757359249001998
	0.9757515344505164
	0.9757434058268029
	0.9757442999082689
	0.9757379794157953
	0.9757392493230463
	0.9757320526540694
	0.9757284343601829
	0.9757251244255509
	0.9757272782413334
	0.975721036904065
	0.9757280918181979
	0.9757241542747492
	0.9757312765198047
	0.9757320663160045
	0.9757406186159158
	0.9757477976751809
	0.9757638767560876
	0.9757681943417353
	0.9757727353157992
	0.9757652443415762
	0.9757637418483394
	0.9757607951816718
	0.975750842341445
	0.9757469515866443
	0.9757381821701547
	0.9757356540987363
	0.975739722003431
	0.9757400301552609
	0.9757331371960895
	0.9757368186417846
	0.9757442657672721
	0.9757465021061856
	0.975742217616975
	0.9757447358931449
	0.9757329314883444
	0.9757243709367882
	0.9757337787410573
	0.9757384012369219
	0.9757404410392181
	0.9757396664948668
	0.9757379950971701
	0.9757330049048432
	0.975728331627717
	0.9757230690713955
	0.9757223839388153
	0.9757093625009939
	0.9757019599090961
	0.975699690501715
	0.9756941911092322
	0.9757038413173781
	0.9757027493143494
	0.9757065489874288
	0.9757107444634296
	0.9757031222577478
	0.9757176450642207
	0.9757087186248516
	0.975714495496809
	0.975710481390796
	0.9757105573974251
	0.9757047432347714
	0.9757001403516509
	0.9756997004046144
	0.9756992990336856
	0.9757019023553604
	0.9756901720193238
	0.9756873051026319
	0.9756851501749404
	0.9756921448040771
	0.9756918540379373
	0.9756961057203906
	0.9756904610355055
	0.975688444545226
	0.975677325278539
	0.9756663016960581
	0.9756643759701511
	0.9756601611269072
	0.9756748979644198
	0.9756734068461697
	0.9756729863975746
	0.9756680275398951
	0.975668885125391
	0.9756650147555889
	0.9756855147956968
	0.9756788995481975
	0.975689965963323
	0.9756878681894106
	0.9756855011540985
	0.9756849414974285
	0.9756814634094519
	0.975687489992832
	0.9756841260485656
	0.9756799698862462
	0.9756741871159932
	0.9756889988548625
	0.9756801331794389
	0.975686213867312
	0.9756828280393299
	0.9756851890473873
	0.9756813869765397
	0.9756847387658005
	0.9756848044823965
	0.9756911036266673
	0.9757020553686725
	0.9756994204117254
	0.9756967424353105
	0.9757037392746755
	0.9757029429095027
	0.9757047740255149
	0.9757180546398506
	0.9757232535748358
	0.9757201542474029
	0.9757261815976281
	0.9757328124786125
	0.9757261171049751
	0.9757233093761681
	0.9757241876752293
	0.9757191146543359
	0.9757203142178354
	0.9757270469476452
	0.975724224935655
	0.975716308878381
	0.9757195173819154
	0.9757200952466797
	0.9757170483377192
	0.9757104532685691
	0.9757087828084651
	0.9757026694637446
	0.9757029982224619
	0.9757038185196121
	0.9757148359759267
	0.9757114644962086
	0.9757184458206838
	0.9757235175769474
	0.9757204714790417
	0.9757225136659837
	0.9757199002547663
	0.9757351291469949
	0.9757288669811084
	0.975736346247541
	0.9757366008044717
	0.9757297073260421
	0.9757271836036656
	0.9757271121608683
	0.9757449088619928
	0.9757481755528545
	0.9757493367282405
	0.9757528277402053
	0.9757461094264986
	0.9757455983959218
	0.9757442539546555
	0.9757512118134262
	0.9757493304609631
	0.9757447219658041
	0.9757450389650542
	0.9757471175157949
	0.9757502871734802
	0.975750601807447
	0.9757432637876762
	0.9757399306480641
	0.9757375646093935
	0.9757298436745839
	0.9757530002282805
	0.9757520405397659
	0.9757496692546216
	0.9757497556797693
	0.9757574169843423
	0.9757660450829749
	0.9757673184969814
	0.9757779902281034
	0.9757763012751862
	0.975769140778847
	0.9757666037835794
	0.975778222904152
	0.9757763505081072
	0.9757718699736312
	0.9757759864223869
	0.9757942073417142
	0.9757982797915393
	0.9757879588552627
	0.9757980895682674
	0.9757944735684232
	0.9757982013469352
	0.9757966050683919
	0.9758128056036818
	0.9758077873188274
	0.9758058844222705
	0.9757975693639959
	0.9757995278653658
	0.9757891825768729
	0.9757924303933222
	0.9757888923749695
	0.9757933171390923
	0.9757925018352034
	0.9757908530400377
	0.9757929274118412
	0.9757917637413508
	0.9757892984495764
	0.9757801717140017
	0.9757816996372606
	0.9757859981794268
	0.9757827200147465
	0.9757864959239128
	0.9757809842816138
	0.9757783156222999
	0.9757771558578928
	0.9757705300141687
	0.9757653851278633
	0.9757755603020939
	0.9757698621962274
	0.9757665994718714
	0.9757601630221704
	0.9757684749600456
	0.9757623036228554
	0.9757654700954079
	0.9757664483862262
	0.9757618167468342
	0.9757718829825408
	0.9757718014251762
	0.9757820688723381
	0.9757789354015709
	0.9757762666573578
	0.9757822485840165
	0.9757766635045519
	0.9757730409229424
	0.9757805422499016
	0.975780166828176
	0.9757799696422578
	0.9757948139522193
	0.9757882918469885
	0.9757869665506222
	0.975783218716065
	0.9757759447715532
	0.9757899789456711
	0.9757802972346176
	0.9757781887172654
	0.9757741270979485
	0.9757762943170635
	0.9757753855437029
	0.9757798651596845
	0.9757865949057138
	0.9757854349839044
	0.9757794140126648
	0.9757836787976476
	0.9757827111053559
	0.9757961496874595
	0.9757789612295991
	0.9757792718873114
	0.9757849026693027
	0.975780345374499
	0.9757750735522538
	0.975776408373363
	0.9757747258001586
	0.9757652477417065
	0.9757656255523549
	0.9757712807345481
	0.975769994207056
	0.9757653066559382
	0.975765642497206
	0.9757607324870534
	0.97575240678834
	0.975758797449084
	0.9757590149525681
	0.9757656197217123
	0.9757605418760067
	0.97575746432698
	0.9757538888948442
	0.9757461675880184
	0.9757480677544987
	0.9757408035771795
	0.9757370702063151
	0.9757346427019723
	0.9757280320923044
	0.9757214578014652
	0.9757137090130876
	0.9757113251066086
	0.9757150485713171
	0.9757148286427524
	0.9757221141309909
	0.9757275080327578
	0.9757225460116675
	0.9757236766490464
	0.9757244579282405
	0.9757342598361171
	0.9757149962210856
	0.9757132212730741
	0.9757049530359198
	0.975712524667112
	0.975709171221205
	0.9757068184288277
	0.9757037828099621
	0.9756990963992134
	0.9756949653426197
	0.9756943493913397
	0.9756906156117497
	0.9756850690091997
	0.975681403615838
	0.9756813179802741
	0.9756833107425213
	0.9756836877701988
	0.9756866347284496
	0.9756818153740585
	0.9756876976499652
	0.9756975706719836
	0.9756910482280662
	0.9756917426391692
	0.9756836347246868
	0.9756745670836028
	0.9756708566375843
	0.9756841550580552
	0.9756818488281898
	0.9756767609983071
	0.9756875603365979
	0.975691612998069
	0.9756834774910006
	0.9756735431657575
	0.9756704774092776
	0.9756777883053961
	0.9756818424395599
	0.9756743887323428
	0.9756714638112097
	0.9756689793885787
	0.9756645512664709
	0.975663192739105
	0.9756615675380232
	0.9756576714952577
	0.9756559322112242
	0.975651973733289
	0.9756445738963531
	0.9756410450018095
	0.9756363677973969
	0.9756417048127808
	0.9756467853514424
	0.9756372426110228
	0.975634935661411
	0.9756256697333993
	0.9756224831430597
	0.9756230962051121
	0.9756326506465515
	0.9756408070275078
	0.9756386233568051
	0.9756335044077611
	0.9756297776478677
	0.9756214524449067
	0.9756119063723712
	0.9756045214715188
	0.9756028059422119
	0.9755972920243154
	0.9755910295528217
	0.9755935570326526
	0.9755885285291582
	0.9755805297891172
	0.9755826720747558
	0.9755752073661277
	0.9755806281613626
	0.9755773502758771
	0.9755742183171383
	0.9755735371917275
	0.9755777133891149
	0.9755770608690483
	0.9755697712523583
	0.9755715916634173
	0.9755772390875921
	0.9755784230116636
	0.9755852756940098
	0.9755898244814839
	0.9755884522028917
	0.975588750947302
	0.9755932404787387
	0.9755841460178687
	0.9755767415877461
	0.9755738411513957
	0.9755742775847452
	0.9755867521878581
	0.9755923039443158
	0.9755946823850387
	0.975594345164086
	0.9755919651375273
	0.9755866920282581
	0.975584324271651
	0.9755829356190305
	0.9755792805497716
	0.9755846419179239
	0.9755851980725233
	0.9755823619406797
	0.9755803612914049
	0.9755871840531906
	0.9755872755885981
	0.9755883305548482
	0.9755870227389785
	0.975590677181347
	0.9755861899522047
	0.9755892764689006
	0.975585676408269
	0.9755927177282381
	0.975602842737215
	0.9756001723953708
	0.9756031970834449
	0.9755965388870673
	0.975588738674668
	0.9755833360007736
	0.975587641692065
	0.9755830347945762
	0.9755819297174336
	0.9755815169015615
	0.9755785987211865
	0.9755903627292487
	0.9755966957986095
	0.9756017636136237
	0.9756045467287021
	0.9756010841501569
	0.9755984590833104
	0.9756009983635793
	0.9756002973201199
	0.9756044929559807
	0.9756044876880294
	0.9756043045032952
	0.9756097362515044
	0.9756044021736185
	0.9755909630452227
	0.9755848551530053
	0.975579895574082
	0.9755849762200685
	0.9755696362680458
	0.9755743951467372
	0.9755681140893144
	0.9755796397292815
	0.9755840663000684
	0.9755895767459479
	0.9755888189149857
	0.9755891527432502
	0.9755887935977114
	0.975589462891596
	0.9755914050921684
	0.9755916299342835
	0.9755873144254306
	0.9755834034690256
	0.9755876048920522
	0.975582993523834
	0.975573093679904
	0.9755671547269776
	0.9755687349512591
	0.9755732041214145
	0.9755742200366706
	0.9755707388511657
	0.9755720987238916
	0.9755636296389062
	0.9755685941949871
	0.9755676569609107
	0.9755636612680091
	0.9755569949791434
	0.9755551916523567
	0.9755628767556282
	0.975560121929446
	0.9755566578445828
	0.9755505060904929
	0.975548259055665
	0.9755494733401789
	0.9755481892273034
	0.9755436332510639
	0.9755409816552676
	0.9755580275257156
	0.975555209791862
	0.9755534756076933
	0.9755515529327864
	0.9755504403822461
	0.9755464074163509
	0.9755404776734319
	0.9755383809589546
	0.9755427489094678
	0.9755403621707323
	0.9755357827901755
	0.975538496600973
	0.9755343984395496
	0.9755346420485657
	0.9755299685504616
	0.9755261799850198
	0.9755269933255697
	0.9755264321678969
	0.9755284970773382
	0.9755245595908741
	0.9755181689597252
	0.9755203428257443
	0.9755140537338417
	0.9755166480093079
	0.9755241037447461
	0.9755269039638155
	0.9755246226596543
	0.9755287945243099
	0.9755236848312162
	0.975528258163344
	0.975540309424623
	0.9755442775269672
	0.9755401643662336
	0.9755421605944845
	0.9755343895172899
	0.9755409253313632
	0.9755425798171627
	0.9755354816081817
	0.9755376472284352
	0.9755412757253502
	0.9755380385240913
	0.9755287145466013
	0.9755212166951372
	0.9755247689670957
	0.9755195587993798
	0.9755166865936119
	0.9755123640520961
	0.9755076758351641
	0.975513643271665
	0.9755219897223334
	0.9755163445082483
	0.975511745436501
	0.9755156100759426
	0.9755110608911469
	0.9755178605219746
	0.9755218800666093
	0.9755209907177982
	0.9755204430625787
	0.9755211280762977
	0.9755316903163511
	0.9755395091313419
	0.9755398870351644
	0.9755404984956085
	0.9755332599875751
	0.9755336057729224
	0.975541959065637
	0.9755433183196563
	0.9755398378964957
	0.9755356278087552
	0.9755322863835901
	0.9755349124879268
	0.9755399918093899
	0.9755283464656753
	0.975529870444067
	0.9755387880291301
	0.9755423164269953
	0.9755422345857988
	0.9755371702563795
	0.9755325799025617
	0.9755397692217027
	0.9755543748718187
	0.9755523826009012
	0.9755469261957184
	0.9755491357321309
	0.9755495624765608
	0.9755430308103509
	0.9755439881296215
	0.9755403201009964
	0.9755478860568745
	0.9755431310208512
	0.9755420468871171
	0.9755438599102526
	0.9755398742513078
	0.9755377112704883
	0.9755366236082875
	0.9755254104923871
	0.9755202897626031
	0.9755235131739987
	0.9755302768300378
	0.9755321059214342
	0.9755328191955711
	0.9755263611372692
	0.9755177343128517
	0.9755216167290917
	0.9755183476963896
	0.9755243910119831
	0.9755227572774643
	0.9755350245613401
	0.9755280000600793
	0.975527461998459
	0.9755342757404615
	0.9755355248865606
	0.9755305575565151
	0.9755288225924905
	0.9755326060141504
	0.9755311736099516
	0.9755292767110246
	0.9755287337071822
	0.975529825604183
	0.9755257419605218
	0.9755305270480681
	0.9755273677289121
	0.9755250805780058
	0.9755310648282309
	0.9755284569299058
	0.9755282595019257
	0.975526739114735
	0.9755220002513942
	0.9755183050822113
	0.975521282674101
	0.9755307047166274
	0.9755347726471346
	0.975542716748979
	0.9755361625812986
	0.9755379770940876
	0.9755357665181161
	0.9755271526102095
	0.9755177201607453
	0.9755133200129589
	0.9755174547092318
	0.9755353074332951
	0.9755470623418132
	0.9755456197447011
	0.9755383405666581
	0.9755388673074471
	0.9755334605564584
	0.9755291071314505
	0.9755286299918083
	0.9755349913260799
	0.9755238639179915
	0.9755235583130765
	0.9755179053806117
	0.9755151858721398
	0.9755120150799906
	0.9755083745296866
	0.9755081008836729
	0.9755037128723969
	0.9755086464828071
	0.9755082041452044
	0.9755130343804695
	0.9755169656378025
	0.9755093549396384
	0.9755133219516734
	0.9755216721495047
	0.9755166538649863
	0.9755183545727486
	0.9755198550342742
	0.9755161699739363
	0.9755130382208717
	0.9755098490534097
	0.9755090469014343
	0.9755094685686864
	0.9754979601341704
	0.9754927245319056
	0.9754931606077619
	0.9754897689945246
	0.975490800544005
	0.9754907666908151
	0.9754896182123317
	0.9754823741404424
	0.9754844505519583
	0.9754823611889378
	0.9754797248417196
	0.9754765546824764
	0.9754805829019418
	0.9754786325757795
	0.9754814676888698
	0.9754843054867928
	0.9754915830734234
	0.975493131479725
	0.975494223484065
	0.975484421087687
	0.975477799652951
	0.9754800005558921
	0.9754770371903922
	0.9754792402211775
	0.9754792292603309
	0.9754811319034888
	0.975493378095236
	0.9754968536417418
	0.9754920230855829
	0.9754916762388555
	0.9755034952429772
	0.9755031534230458
	0.9755030672280601
	0.9755033223691768
	0.975521373554882
	0.9755132012670059
	0.9755092109120516
	0.9755011818615387
	0.9755051140694818
	0.9755032465222317
	0.9755034588312297
	0.9755116942714707
	0.9755014533301114
	0.9755029538874097
	0.9755038367592921
	0.9755121817959735
	0.975519171814335
	0.9755204577109539
	0.9755167773819173
	0.9755169086378551
	0.97552113046907
	0.9755227798784148
	0.9755190781011186
	0.9755134758114656
	0.9755084351171559
	0.9755118479274882
	0.9755126169678833
	0.975507560598442
	0.9755009520556319
	0.9755002193786184
	0.9754968018252482
	0.9754889929657854
	0.9754845070120216
	0.975477578157322
	0.9754751119918632
	0.9754720493363387
	0.9754716989747944
	0.9754709182036088
	0.9754773632304893
	0.9754804182198296
	0.975479358568997
	0.9754782635830243
	0.9754692608292678
	0.9754803461541386
	0.9754814900897739
	0.9754749182092177
	0.9754800300866826
	0.9754821927161946
	0.9754835674850345
	0.9754856680572637
	0.9754897153205432
	0.9754828002185577
	0.9754922546356581
	0.9754873167764497
	0.975495544913188
	0.9754959351296721
	0.9754922733066397
	0.975492952428523
	0.9754930940811345
	0.9754956828153731
	0.9754970395844517
	0.9754964029841322
	0.975499021907733
	0.9755001305889047
	0.975498845617274
	0.9755081363002513
	0.9755063613403057
	0.9755094967288589
	0.9755166715710826
	0.9755152659134864
	0.975509514967719
	0.9755120168000693
	0.9755107129757539
	0.9755049508338404
	0.9755033182546867
	0.9754999944834442
	0.9754943466644284
	0.9754945992802679
	0.975491772698365
	0.9754880400747931
	0.975487634685938
	0.975482929420687
	0.9754851338107321
	0.9754802438225042
	0.9754890501613785
	0.9754980975235643
	0.9755043629283716
	0.9755203861686371
	0.9755158417269525
	0.9755095643192807
	0.9755070807474113
	0.975504474318307
	0.9754984261631157
	0.9754987773576083
	0.9755064960231472
	0.9755120085897667
	0.9755125321874294
	0.97550854491033
	0.9754961731089
	0.9754858722426363
	0.9754898407334563
	0.9754887118622062
	0.9754870942947534
	0.9754896833706926
	0.9754925972211448
	0.9754929602103207
	0.9754974389444866
	0.9754997287681263
	0.975498547839016
	0.9754970459858961
	0.9755083858632764
	0.9755028026680903
	0.9755102848082069
	0.9755150687454711
	0.9755172674655262
	0.9755160108449176
	0.9755183373571222
	0.9755172173396621
	0.975512641268108
	0.9755108620552934
	0.9755206900680458
	0.9755258564327006
	0.9755203979803603
	0.975518726715596
	0.9755214438018803
	0.975522861246489
	0.9755193053522495
	0.9755324844671924
	0.975533149963829
	0.9755300424902221
	0.9755323789675221
	0.9755380773024628
	0.97553770355368
	0.9755340854702342
	0.9755306748818856
	0.975528009555403
	0.9755342332762745
	0.9755304124040849
	0.9755281908639293
	0.9755263189102784
	0.9755256449243686
	0.9755234413359256
	0.9755168829496611
	0.9755129590677771
	0.9755147064712941
	0.9755112287545633
	0.9755109849359461
	0.9755052048640832
	0.9755025047652378
	0.9755004791765995
	0.9755053824368515
	0.9754988856166337
	0.9755061189054129
	0.9754997359278367
	0.9754989288877567
	0.9755037843121633
	0.975501290956513
	0.9755096725366349
	0.9755105942241341
	0.9755194227822692
	0.9755229440087286
	0.97552453897019
	0.9755221244820023
	0.9755233138221834
	0.9755225544334521
	0.9755168539524387
	0.9755167488726844
	0.9755122394640041
	0.9755108204907724
	0.9755061859102884
	0.9755075914569645
	0.9755149443958689
	0.975509169756359
	0.9755115735510264
	0.9755109710523425
	0.9755213561680546
	0.9755236174057353
	0.9755338710574821
	0.975527523294458
	0.9755314120562197
	0.9755300509160209
	0.975531606140655
	0.9755336503574104
	0.9755326913433726
	0.9755356039371826
	0.9755363355308154
	0.9755404363901563
	0.9755496726520266
	0.9755446335543135
	0.9755471499820391
	0.9755414199488992
	0.9755290708768208
	0.9755292252758885
	0.9755263934885084
	0.9755241928192138
	0.975522909548723
	0.9755232222037108
	0.9755242083440695
	0.9755301749462694
	0.9755406254036325
	0.9755375467583121
	0.9755341139406254
	0.9755352125682681
	0.9755292854427238
	0.9755242283133317
	0.9755280296697657
	0.97553071068075
	0.9755251755497307
	0.97551959507006
	0.97552011550086
	0.9755232228473227
	0.9755285144089666
	0.9755260719634471
	0.9755253977703535
	0.9755319944566727
	0.9755280333899773
	0.9755309951968386
	0.9755344408193473
	0.9755342197422203
	0.9755293664865263
	0.9755356783839753
	0.9755372256189797
	0.9755386116725044
	0.9755357075659856
	0.9755373841691557
	0.9755326544261425
	0.9755308812649467
	0.9755286862751996
	0.975532613075203
	0.9755346361206182
	0.975532250152865
	0.9755291679230388
	0.9755223492837239
	0.9755156336041647
	0.9755124606533655
	0.9755070372423352
	0.975508933456562
	0.9755035831533003
	0.9755032117400524
	0.9755039157553459
	0.9755019153825214
	0.9755024201143034
	0.9754986947108478
	0.9754950390669075
	0.9754853802811001
	0.9754835398673698
	0.9754824447132514
	0.9754783393506941
	0.9754811959124364
	0.9754866697271019
	0.9754939676004992
	0.9755005740865371
	0.9754991813636595
	0.9754979955083324
	0.9754960705600689
	0.9754979094309569
	0.975499054233027
	0.9755048187917218
	0.9755016819635801
	0.9755028981601538
	0.9754990508813012
	0.9755030941581265
	0.975503314489361
	0.9755039438443345
	0.9755074006152311
	0.9754998250367115
	0.9755063711549838
	0.9755061975253223
	0.9754955531348187
	0.9754939570751693
	0.975486315533113
	0.9754912333826813
	0.9754924737223326
	0.9754906389416274
	0.9754908726955334
	0.9754929727703802
	0.9754926257200333
	0.9754880488246301
	0.9754857256730537
	0.9754852662204567
	0.9754841137939411
	0.9754818437459212
	0.975481193220441
	0.9754805733710981
	0.9754772907538446
	0.9754701719018234
	0.9754723342393092
	0.9754683045901588
	0.9754656120102074
	0.9754623031822796
	0.9754613174567335
	0.9754554096877471
	0.9754572747457404
	0.9754529922746555
	0.9754458708591913
	0.9754484965027592
	0.9754527825912562
	0.9754535875049875
	0.9754522133429298
	0.9754584829849843
	0.9754574904401276
	0.9754516361597634
	0.9754426613020285
	0.9754431489933938
	0.9754378402553163
	0.9754399351117022
	0.9754436248927602
	0.9754400593564228
	0.9754384457219223
	0.9754395011796164
	0.9754432329076392
	0.975440882149658
	0.9754382468844724
	0.9754463826602195
	0.9754426248009825
	0.9754472319370688
	0.9754500048125996
	0.9754489040246986
	0.9754528162911006
	0.9754492679428556
	0.9754529601296628
	0.9754538146811872
	0.9754500411325312
	0.9754497619215065
	0.9754435586019747
	0.9754499145536647
	0.9754501203008085
	0.9754496374000494
	0.9754560189365604
	0.9754569578132928
	0.9754583479462227
	0.9754602104480684
	0.9754631394945625
	0.9754628759303623
	0.9754675113564366
	0.9754667142640612
	0.9754713262217019
	0.9754700606418324
	0.9754725241931133
	0.9754742339124045
	0.9754687874035899
	0.9754679694289361
	0.9754738702938405
	0.9754806133312803
	0.9754831492080585
	0.9754860443202396
	0.9754917224638738
	0.9754951109654519
	0.9754918829147758
	0.9754903993306554
	0.9754862363286034
	0.9754815853138339
	0.9754820589563864
	0.9754851852353602
	0.9754912260754324
	0.9754929199534047
	0.9754950346921794
	0.9754940598834612
	0.9754982344844851
	0.9754981376586531
	0.9754950513526373
	0.9754888628280787
	0.9754915364613304
	0.9754920245828707
	0.9754890566720006
	0.9754850307646811
	0.9754812216216507
	0.9754782012480248
	0.9754741448564468
	0.975466415012973
	0.9754656187961481
	0.9754754041033021
	0.9754738462736329
	0.9754687636845999
	0.9754672915063661
	0.9754684501562044
	0.975468714424414
	0.9754650844228518
	0.9754717944896993
	0.975475998408571
	0.9754759783328015
	0.975480202391572
	0.975475887911823
	0.9754729653094502
	0.9754647267423215
	0.9754769896508276
	0.9754703286012584
	0.9754681645323382
	0.9754747788494339
	0.9754750531296539
	0.9754749592881029
	0.9754800440545307
	0.9754832395243642
	0.9754752480171182
	0.9754799730693798
	0.9754867624248453
	0.9754851762941117
	0.9754816048881385
	0.9754795598614004
	0.9754803557559597
	0.9754848246591182
	0.9754857904714769
	0.9754778161412379
	0.9754782906838851
	0.9754832385532697
	0.9754869392879463
	0.9754871744866048
	0.9754867730716789
	0.975485811098593
	0.9754920877730989
	0.9754948701280678
	0.9754912062896955
	0.975499542435292
	0.9754991367742587
	0.9755048150765312
	0.9755153974811874
	0.9755217091510959
	0.975526915945808
	0.9755260052543697
	0.9755274068854992
	0.9755273972075779
	0.9755314460317307
	0.9755394176107471
	0.975534797934171
	0.9755317549440482
	0.9755270568755533
	0.975526742536148
	0.9755237169318871
	0.9755355450196909
	0.975538790579365
	0.9755389967363173
	0.9755394931286129
	0.9755399670021266
	0.975541961197114
	0.9755446661938835
	0.975547096062005
	0.9755492873765739
	0.9755473819117737
	0.9755444825927787
	0.9755464912321343
	0.9755405231848969
	0.975536452608927
	0.9755432222016803
	0.9755529062727379
	0.9755504402271515
	0.9755473874391362
	0.9755464778873962
	0.9755444501275962
	0.9755394821661285
	0.975535812261842
	0.975538080357848
	0.97554460870387
	0.9755462515393999
	0.9755456576741852
	0.9755453806216834
	0.9755464032866514
	0.9755391154067895
	0.9755386307760818
	0.975542671956663
	0.9755414833622122
	0.9755437758172046
	0.9755428717973865
	0.9755459854369256
	0.9755446614936172
	0.9755440772231617
	0.9755509025502327
	0.9755529441398969
	0.9755555598664626
	0.9755547936031452
	0.9755600905829745
	0.9755573880142668
	0.9755506061885879
	0.975557345305626
	0.9755567892794014
	0.9755568688923163
	0.975546664643186
	0.9755506127632667
	0.9755492029884942
	0.9755508395711662
	0.975551972908707
	0.9755544067538291
	0.9755545435145928
	0.9755565788183294
	0.9755576424893804
	0.9755569686794439
	0.9755606480466635
	0.9755649851073884
	0.9755673086353458
	0.9755741902685189
	0.975570765065035
	0.9755677850427821
	0.9755718662093636
	0.9755720433597849
	0.9755754080373561
	0.975580395178599
	0.9755772270729745
	0.9755731391237714
	0.9755732666859916
	0.9755766177582608
	0.9755795295655553
	0.9755887749661871
	0.9755868817912619
	0.9755911326966873
	0.9755866563182604
	0.9755839275580724
	0.9755832531713032
	0.9755871955909037
	0.9755913746199177
	0.9755847639431042
	0.9755901654880882
	0.9755904385650497
	0.9755954403719771
	0.9755976114191558
	0.9756018142082798
	0.9755963595858792
	0.9755945501728904
	0.97560004904269
	0.9755990465148593
	0.9755941829752692
	0.975597352037978
	0.9755912607999292
	0.9755881588979146
	0.9755888629872432
	0.9755911888832386
	0.9755877706170991
	0.9755904991912578
	0.9755866730886139
	0.9755893034738204
	0.9755936476278741
	0.9755922713056168
	0.9755886229113645
	0.9755913816055147
	0.975584768733296
	0.9755823111935366
	0.9755791403767557
	0.9755709635874977
	0.9755614055553002
	0.9755586902267782
	0.9755568283239501
	0.9755577124205943
	0.9755604231887571
	0.9755638667227012
	0.9755741306015258
	0.9755717113837488
	0.9755655671632303
	0.9755652376274118
	0.9755632608282767
	0.975565178938792
	0.9755660335754708
	0.9755667540770798
	0.9755604166068366
	0.9755628459839508
	0.9755673795070305
	0.9755595212244808
	0.9755583013137692
	0.9755617339777636
	0.9755693854034171
	0.975571075466661
	0.9755719914959845
	0.9755742725225695
	0.975575832809565
	0.9755767931842725
	0.9755840628923292
	0.9755845551738063
	0.9755775292032884
	0.9755778931963918
	0.9755747267802592
	0.9755719858872076
	0.975577124478328
	0.9755815839586093
	0.97558361860696
	0.9755833761872085
	0.9755862264192309
	0.975587822591547
	0.9755814840060066
	0.975577497830793
	0.9755819951106571
	0.975580141766158
	0.9755868476882511
	0.9755860611792697
	0.9755806391854503
	0.975580626199241
	0.9755793800955368
	0.9755735059664502
	0.9755680912751796
	0.9755694828496001
	0.9755667370090035
	0.9755667758325808
	0.9755739613690981
	0.9755754679881177
	0.9755746541335293
	0.9755770957620254
	0.9755722562946098
	0.9755671188081926
	0.9755743667425586
	0.9755745193535651
	0.9755757832302933
	0.975574198045914
	0.9755710871323569
	0.9755735830859855
	0.9755732923721283
	0.9755745328056582
	0.9755781435099271
	0.975576821992279
	0.9755750072745828
	0.9755730594789606
	0.9755728009002638
	0.9755713977572283
	0.9755679250195276
	0.9755743588394362
	0.975566688648868
	0.9755688177559895
	0.9755710464116402
	0.975576853278679
	0.97557651141603
	0.9755765923846269
	0.9755770806826617
	0.9755749822462985
]