[
	0.866935133934021
	0.8667574524879456
	0.8665816187858582
	0.8664238452911377
	0.8662140369415283
	0.8660345673561096
	0.8658537864685059
	0.8656618595123291
	0.8654752969741821
	0.8652874231338501
	0.8651313185691833
	0.864954948425293
	0.8647922277450562
	0.8646149635314941
	0.8644421696662903
	0.8642471432685852
	0.8640522956848145
	0.8638529181480408
	0.8636508584022522
	0.8634795546531677
	0.8633015751838684
	0.8631060719490051
	0.8629289269447327
	0.8627497553825378
	0.8625686168670654
	0.8624001741409302
	0.8622283935546875
	0.8620339035987854
	0.8618597388267517
	0.861674964427948
	0.8615285158157349
	0.8613523244857788
	0.8611894845962524
	0.86100172996521
	0.8608264327049255
	0.8606733083724976
	0.8604769110679626
	0.8603162169456482
	0.8601369857788086
	0.8599576354026794
	0.8597748279571533
	0.8596230149269104
	0.8594623804092407
	0.8593058586120605
	0.8591488003730774
	0.8589755296707153
	0.8587957620620728
	0.8586323857307434
	0.8584592342376709
	0.8583044409751892
	0.8581483960151672
	0.8579930663108826
	0.8578453063964844
	0.8576954007148743
	0.8575572967529297
	0.8574058413505554
	0.8572607636451721
	0.857118546962738
	0.8569692373275757
	0.8568025827407837
	0.8566699624061584
	0.8565158843994141
	0.8563547730445862
	0.8562239408493042
	0.856070876121521
	0.8559265732765198
	0.8557977080345154
	0.8556673526763916
	0.8555314540863037
	0.8553840517997742
	0.8552422523498535
	0.8550979495048523
	0.8549689054489136
	0.8548371195793152
	0.854691207408905
	0.8545441031455994
	0.8543804883956909
	0.8542221188545227
	0.8540822267532349
	0.8539198040962219
	0.8537850379943848
	0.8536564111709595
	0.8535186052322388
	0.8533976674079895
	0.8532605767250061
	0.85311359167099
	0.8529805541038513
	0.8528333306312561
	0.8527070879936218
	0.8525813221931458
	0.8524664640426636
	0.8523373007774353
	0.8522071838378906
	0.8520871996879578
	0.8519718647003174
	0.8518460988998413
	0.8517210483551025
	0.8516106605529785
	0.8514936566352844
	0.8513699173927307
	0.8512680530548096
	0.8511266708374023
	0.8510006666183472
	0.8508785367012024
	0.8507599830627441
	0.8506284356117249
	0.8504900336265564
	0.8503746390342712
	0.8502451181411743
	0.8501368165016174
	0.8500365018844604
	0.8499409556388855
	0.8498321175575256
	0.8497021794319153
	0.8495966792106628
	0.8494957089424133
	0.8493914604187012
	0.8492844700813293
	0.8491573929786682
	0.8490774035453796
	0.8489513993263245
	0.8488450050354004
	0.8487327098846436
	0.8486372232437134
	0.8485099077224731
	0.8483920693397522
	0.8482933044433594
	0.8481815457344055
	0.84807950258255
	0.8479657173156738
	0.8478904962539673
	0.8477889895439148
	0.847700834274292
	0.8475874066352844
	0.8474895358085632
	0.8473730087280273
	0.847270131111145
	0.8471466898918152
	0.8470568656921387
	0.8469461798667908
	0.8468384146690369
	0.8467221260070801
	0.8466121554374695
	0.8464967012405396
	0.8463885188102722
	0.8462985157966614
	0.8461884260177612
	0.846099853515625
	0.8460137248039246
	0.8459292650222778
	0.8458448648452759
	0.8457499742507935
	0.845643162727356
	0.8455455303192139
	0.8454472422599792
	0.8453614115715027
	0.8452686071395874
	0.8451617956161499
	0.8450800180435181
	0.8449883460998535
	0.8448948860168457
	0.8447936773300171
	0.8447092771530151
	0.8446292281150818
	0.8445475101470947
	0.8444411158561707
	0.8443741202354431
	0.8442823886871338
	0.844216525554657
	0.8441187143325806
	0.8440369367599487
	0.8439568877220154
	0.843876302242279
	0.8437979221343994
	0.8437053561210632
	0.843613862991333
	0.8435272574424744
	0.843426525592804
	0.8433434367179871
	0.8432649970054626
	0.8431803584098816
	0.8430925607681274
	0.843008816242218
	0.8429378271102905
	0.8428630232810974
	0.8427805304527283
	0.8426905274391174
	0.8426147103309631
	0.8425179123878479
	0.8424348831176758
	0.8423584699630737
	0.8422886729240417
	0.842223584651947
	0.8421503901481628
	0.8420766592025757
	0.8420025110244751
	0.8419223427772522
	0.8418403267860413
	0.8417493104934692
	0.8416674733161926
	0.8415875434875488
	0.8415035605430603
	0.8414410352706909
	0.8413658738136292
	0.8412911891937256
	0.8412090539932251
	0.8411444425582886
	0.8410581946372986
	0.8409954905509949
	0.8409156799316406
	0.8408460021018982
	0.8407769799232483
	0.8406800627708435
	0.8406132459640503
	0.8405463099479675
	0.8404560089111328
	0.8403865098953247
	0.8403114080429077
	0.8402315974235535
	0.8401627540588379
	0.8401044011116028
	0.8400332927703857
	0.8399752378463745
	0.839910626411438
	0.8398488163948059
	0.8397765159606934
	0.839724600315094
	0.839667797088623
	0.8396065831184387
	0.8395226001739502
	0.8394492268562317
	0.8393709063529968
	0.8393137454986572
	0.8392449617385864
	0.839181661605835
	0.8391274213790894
	0.8390653133392334
	0.8389956951141357
	0.8389336466789246
	0.8388713002204895
	0.8387870192527771
	0.8387409448623657
	0.8386820554733276
	0.8386245965957642
	0.8385763764381409
	0.8385111689567566
	0.8384571075439453
	0.8384008407592773
	0.8383336067199707
	0.8382753729820251
	0.8382200002670288
	0.838175356388092
	0.8381126523017883
	0.8380569815635681
	0.83800208568573
	0.8379425406455994
	0.8379002809524536
	0.8378424048423767
	0.8377863168716431
	0.8377227187156677
	0.8376591205596924
	0.8376127481460571
	0.8375623822212219
	0.8374956250190735
	0.8374421000480652
	0.8373745679855347
	0.8373249173164368
	0.8372628688812256
	0.8371971249580383
	0.8371347188949585
	0.8370890617370605
	0.8370340466499329
	0.8369836807250977
	0.8369238376617432
	0.836885929107666
	0.8368411064147949
	0.8367985486984253
	0.8367466926574707
	0.8366848826408386
	0.8366293907165527
	0.8365609645843506
	0.8364942073822021
	0.8364335894584656
	0.8363815546035767
	0.8363431096076965
	0.8362966775894165
	0.8362260460853577
	0.8361504077911377
	0.8361002206802368
	0.8360595703125
	0.8359984159469604
	0.8359353542327881
	0.8358876705169678
	0.835837721824646
	0.8357983827590942
	0.8357536792755127
	0.8356999158859253
	0.8356572985649109
	0.83561110496521
	0.8355650305747986
	0.8355094790458679
	0.8354582190513611
	0.8354160785675049
	0.8353594541549683
	0.8353084921836853
	0.8352686762809753
	0.8352266550064087
	0.8351855278015137
	0.8351461887359619
	0.8351096510887146
	0.8350732326507568
	0.8350399732589722
	0.8349929451942444
	0.8349449038505554
	0.8348987698554993
	0.8348621129989624
	0.8348204493522644
	0.8347646594047546
	0.8347393274307251
	0.8346906304359436
	0.8346428871154785
	0.8346088528633118
	0.8345581889152527
	0.8345211744308472
	0.8344748616218567
	0.8344161510467529
	0.8343653678894043
	0.8343113660812378
	0.834269642829895
	0.8342223167419434
	0.834181010723114
	0.8341392874717712
	0.8340896964073181
	0.834060549736023
	0.8339998722076416
	0.8339560627937317
	0.8339138627052307
	0.833861768245697
	0.8338239789009094
	0.8337920904159546
	0.8337418437004089
	0.8336988091468811
	0.8336566686630249
	0.8336216807365417
	0.8335818648338318
	0.8335492610931396
	0.833487868309021
	0.8334447741508484
	0.8334050178527832
	0.8333767056465149
	0.8333415985107422
	0.8333038687705994
	0.8332592844963074
	0.8332226276397705
	0.8331899642944336
	0.8331568837165833
	0.833122730255127
	0.833071768283844
	0.8330345749855042
	0.832999587059021
	0.8329505324363708
	0.8329060673713684
	0.8328577876091003
	0.8328203558921814
	0.8327909111976624
	0.8327583074569702
	0.8327159285545349
	0.832678496837616
	0.8326351046562195
	0.832597553730011
	0.8325608372688293
	0.8325278162956238
	0.8324868083000183
	0.8324525356292725
	0.8324183821678162
	0.8323824405670166
	0.832343339920044
	0.8323118686676025
	0.8322789072990417
	0.8322436809539795
	0.8322092890739441
	0.8321763277053833
	0.8321358561515808
	0.8320958614349365
	0.8320546746253967
	0.8320172429084778
	0.8319815993309021
	0.831953227519989
	0.8319160342216492
	0.8318895101547241
	0.8318471908569336
	0.8318086862564087
	0.8317868709564209
	0.8317530751228333
	0.8317269682884216
	0.8316935896873474
	0.8316669464111328
	0.8316394090652466
	0.8315986394882202
	0.8315736055374146
	0.8315520882606506
	0.8315170407295227
	0.8314796090126038
	0.8314451575279236
	0.8314245343208313
	0.8313831686973572
	0.8313490152359009
	0.8313214182853699
	0.8312972187995911
	0.8312519788742065
	0.8312250971794128
	0.8311953544616699
	0.8311689496040344
	0.8311493992805481
	0.8311206698417664
	0.8311061263084412
	0.8310689330101013
	0.8310407400131226
	0.8309999108314514
	0.8309639096260071
	0.8309358358383179
	0.8309066295623779
	0.8308658599853516
	0.8308215141296387
	0.830797016620636
	0.8307734131813049
	0.8307428956031799
	0.8307162523269653
	0.8306889533996582
	0.8306761980056763
	0.8306528925895691
	0.8306201696395874
	0.8305931091308594
	0.8305530548095703
	0.8305350542068481
	0.8305047750473022
	0.8304752111434937
	0.8304572105407715
	0.830438494682312
	0.8304078578948975
	0.8303722143173218
	0.8303350806236267
	0.8303195238113403
	0.8302955031394958
	0.8302655816078186
	0.8302385807037354
	0.8302094340324402
	0.8301863074302673
	0.8301542401313782
	0.830133855342865
	0.8301152586936951
	0.8300778269767761
	0.8300630450248718
	0.8300251364707947
	0.8300092220306396
	0.8299812078475952
	0.8299542665481567
	0.8299265503883362
	0.8299077749252319
	0.8298811912536621
	0.8298642635345459
	0.8298435211181641
	0.829806923866272
	0.8297921419143677
	0.8297730684280396
	0.8297500610351562
	0.829734206199646
	0.8297030329704285
	0.8296757340431213
	0.8296473026275635
	0.8296272158622742
	0.829596757888794
	0.8295795917510986
	0.8295571208000183
	0.8295356035232544
	0.8295145630836487
	0.8294889330863953
	0.829461932182312
	0.8294389843940735
	0.8294157981872559
	0.8293942213058472
	0.829369843006134
	0.829346776008606
	0.8293259739875793
	0.8292955756187439
	0.8292573094367981
	0.8292310237884521
	0.829201340675354
	0.8291727900505066
	0.8291473388671875
	0.8291186690330505
	0.8291015028953552
	0.8290870189666748
	0.8290700316429138
	0.8290566205978394
	0.8290349841117859
	0.8290098309516907
	0.8289855718612671
	0.8289510607719421
	0.8289192318916321
	0.828894317150116
	0.828875720500946
	0.8288556337356567
	0.8288339376449585
	0.8288023471832275
	0.8287737369537354
	0.8287614583969116
	0.8287448287010193
	0.8287302851676941
	0.8287085890769958
	0.8286924362182617
	0.828668475151062
	0.8286482095718384
	0.8286336660385132
	0.828618586063385
	0.8286006450653076
	0.8285754919052124
	0.8285598754882812
	0.8285335898399353
	0.8285149335861206
	0.8285017609596252
	0.8284809589385986
	0.8284739255905151
	0.8284435868263245
	0.8284229040145874
	0.8284062743186951
	0.8283868432044983
	0.8283746242523193
	0.8283563256263733
	0.8283421397209167
	0.8283215761184692
	0.8283029794692993
	0.8282908797264099
	0.8282757997512817
	0.8282569050788879
	0.8282405138015747
	0.8282315135002136
	0.8282159566879272
	0.8282048106193542
	0.8281919956207275
	0.8281785845756531
	0.8281641006469727
	0.8281410932540894
	0.828133761882782
	0.8281164765357971
	0.8280997276306152
	0.8280795216560364
	0.8280669450759888
	0.8280509114265442
	0.8280246257781982
	0.8280079364776611
	0.8279904127120972
	0.827967643737793
	0.8279464244842529
	0.8279314637184143
	0.8279151320457458
	0.8279007077217102
	0.8278875350952148
	0.8278734087944031
	0.8278602361679077
	0.8278416395187378
	0.8278222680091858
	0.8278141021728516
	0.8277955651283264
	0.8277806043624878
	0.8277604579925537
	0.8277438282966614
	0.8277260065078735
	0.8277099132537842
	0.8276941776275635
	0.8276724219322205
	0.8276661038398743
	0.8276495337486267
	0.827623188495636
	0.8275988101959229
	0.8275896310806274
	0.8275666832923889
	0.8275532126426697
	0.8275322318077087
	0.8275150060653687
	0.8274968862533569
	0.8274855017662048
	0.8274775743484497
	0.8274602890014648
	0.8274430632591248
]