[
	0.7074351906776428
	0.7073040008544922
	0.7071589231491089
	0.7070242762565613
	0.7068684697151184
	0.7067329287528992
	0.706597089767456
	0.7064541578292847
	0.706317126750946
	0.706171452999115
	0.7060256004333496
	0.7058947682380676
	0.7057512998580933
	0.7056301236152649
	0.7054943442344666
	0.7053508758544922
	0.7052198052406311
	0.7051001191139221
	0.7049674391746521
	0.70482337474823
	0.7047143578529358
	0.70457923412323
	0.704474151134491
	0.7043434381484985
	0.7042116522789001
	0.7040930390357971
	0.703963041305542
	0.7038350701332092
	0.7037103176116943
	0.7035856246948242
	0.703454315662384
	0.7033381462097168
	0.7032061219215393
	0.7030880451202393
	0.7029638290405273
	0.7028334140777588
	0.7027072310447693
	0.702585756778717
	0.702459990978241
	0.7023288011550903
	0.7022080421447754
	0.7020929455757141
	0.7019613981246948
	0.7018397450447083
	0.7017074823379517
	0.7015815377235413
	0.7014680504798889
	0.7013403177261353
	0.7012202143669128
	0.7010895609855652
	0.7009748816490173
	0.7008684873580933
	0.7007501721382141
	0.7006257772445679
	0.7005128264427185
	0.7003993988037109
	0.7002944946289062
	0.7001802325248718
	0.7000876069068909
	0.6999645829200745
	0.6998587846755981
	0.699765682220459
	0.6996604800224304
	0.6995549201965332
	0.6994410157203674
	0.6993358731269836
	0.6992312073707581
	0.6991214156150818
	0.6990196108818054
	0.698926568031311
	0.6988204717636108
	0.6987202763557434
	0.698613166809082
	0.6985095143318176
	0.6984128355979919
	0.6983146667480469
	0.6982167959213257
	0.6981180906295776
	0.6980112791061401
	0.6979225873947144
	0.6978381276130676
	0.6977440118789673
	0.6976464986801147
	0.6975603699684143
	0.6974591612815857
	0.6973664164543152
	0.6972728371620178
	0.6971917152404785
	0.6970934867858887
	0.6969974637031555
	0.69691401720047
	0.6968229413032532
	0.6967372894287109
	0.6966442465782166
	0.6965703368186951
	0.6964953541755676
	0.6964054703712463
	0.6963297724723816
	0.6962479948997498
	0.6961786150932312
	0.6961044073104858
	0.6960300803184509
	0.6959484219551086
	0.6958789825439453
	0.6957817077636719
	0.6957008242607117
	0.6956268548965454
	0.6955625414848328
	0.695484459400177
	0.6954141855239868
	0.6953352689743042
	0.6952629089355469
	0.6951858997344971
	0.6951133608818054
	0.6950326561927795
	0.6949531435966492
	0.6948846578598022
	0.6948003172874451
	0.6947256922721863
	0.6946595907211304
	0.6945831179618835
	0.6945111155509949
	0.6944291591644287
	0.6943674683570862
	0.6942958831787109
	0.6942282915115356
	0.694154679775238
	0.6940873861312866
	0.6940100193023682
	0.693960428237915
	0.6938959956169128
	0.6938310861587524
	0.6937550902366638
	0.6936928629875183
	0.6936248540878296
	0.6935693025588989
	0.6935190558433533
	0.6934535503387451
	0.6934159398078918
	0.6933560371398926
	0.6932928562164307
	0.6932312250137329
	0.6931652426719666
	0.6931020021438599
	0.6930370330810547
	0.6929852366447449
	0.6929303407669067
	0.6928773522377014
	0.6928173303604126
	0.6927690505981445
	0.692725419998169
	0.6926720142364502
	0.6926226019859314
	0.6925642490386963
	0.6925044655799866
	0.6924483776092529
	0.6924006342887878
	0.6923520565032959
	0.6923093795776367
	0.6922582983970642
	0.6922063827514648
	0.6921468377113342
	0.6921023726463318
	0.6920486092567444
	0.6919991374015808
	0.6919568777084351
	0.6919107437133789
	0.6918611526489258
	0.6918143033981323
	0.691770613193512
	0.6917228698730469
	0.6916884183883667
	0.6916366219520569
	0.6915820837020874
	0.6915470361709595
	0.6915069222450256
	0.6914678812026978
	0.6914353966712952
	0.6913995742797852
	0.6913568377494812
	0.6913174390792847
	0.6912827491760254
	0.6912411451339722
	0.6912127733230591
	0.6911650896072388
	0.6911391615867615
	0.6910979151725769
	0.6910615563392639
	0.6910252571105957
	0.6909886002540588
	0.6909621357917786
	0.6909274458885193
	0.6908808350563049
	0.6908387541770935
	0.690793514251709
	0.6907525062561035
	0.6907221078872681
	0.6906996965408325
	0.690669596195221
	0.6906394362449646
	0.690599799156189
	0.690564751625061
	0.6905364394187927
	0.6904999613761902
	0.6904691457748413
	0.6904421448707581
	0.6904251575469971
	0.6904007792472839
	0.690388023853302
	0.690355658531189
	0.6903361678123474
	0.690311074256897
	0.6902807950973511
	0.6902438998222351
	0.6902126669883728
	0.6901870965957642
	0.6901665329933167
	0.6901458501815796
	0.6901174187660217
	0.690096378326416
	0.6900678873062134
	0.6900490522384644
	0.690021812915802
	0.6899915933609009
	0.689974308013916
	0.6899411678314209
	0.6899265050888062
	0.6899111866950989
	0.6898918151855469
	0.6898708939552307
	0.6898564100265503
	0.6898370385169983
	0.6898176670074463
	0.6897906064987183
	0.6897556781768799
	0.6897462010383606
	0.6897212266921997
	0.6897028088569641
	0.6896883845329285
	0.6896679401397705
	0.689641535282135
	0.6896299719810486
	0.6896089911460876
	0.6895856857299805
	0.6895686388015747
	0.6895438432693481
	0.6895245313644409
	0.6895042657852173
	0.6894847750663757
	0.6894663572311401
	0.6894596219062805
	0.6894438862800598
	0.6894242167472839
	0.6894050240516663
	0.6893835067749023
	0.6893623471260071
	0.689350426197052
	0.6893292665481567
	0.6892954111099243
	0.6892774701118469
	0.6892620325088501
	0.6892558336257935
	0.6892384886741638
	0.6892208456993103
	0.6892139911651611
	0.6892156600952148
	0.6892068386077881
	0.6891810297966003
	0.6891648173332214
	0.6891598105430603
	0.6891541481018066
	0.6891451478004456
	0.6891346573829651
	0.6891204714775085
	0.68910813331604
	0.6890924572944641
	0.6890902519226074
	0.6890881657600403
	0.6890639066696167
	0.6890445947647095
	0.6890357136726379
	0.6890316009521484
	0.689023494720459
	0.6890189051628113
	0.6890038847923279
	0.6890066862106323
	0.6890006065368652
	0.6889894604682922
	0.6889767646789551
	0.6889622211456299
	0.6889567375183105
	0.6889551877975464
	0.6889598369598389
	0.688959538936615
	0.688961386680603
	0.688959538936615
	0.6889533996582031
	0.6889438033103943
	0.688941240310669
	0.6889339685440063
	0.6889185309410095
	0.6889161467552185
	0.6889019012451172
	0.6888949871063232
	0.6888976097106934
	0.688896894454956
	0.6888985633850098
	0.6888926029205322
	0.6888930201530457
	0.6888901591300964
	0.6888799667358398
	0.6888816952705383
	0.6888708472251892
	0.6888867616653442
	0.6888787746429443
	0.688883900642395
	0.6888738870620728
	0.68886798620224
	0.6888708472251892
	0.6888685822486877
	0.6888640522956848
	0.6888586282730103
	0.6888610124588013
	0.6888597011566162
	0.6888535022735596
	0.6888473033905029
	0.6888410449028015
	0.688844621181488
	0.6888354420661926
	0.6888291835784912
	0.6888318061828613
	0.6888341903686523
	0.6888354420661926
	0.6888294816017151
	0.688826322555542
	0.6888200044631958
	0.6888194680213928
	0.6888114809989929
	0.6888074278831482
	0.6888073682785034
	0.688808798789978
	0.6888085603713989
	0.6888027191162109
	0.6887953877449036
	0.6887902021408081
	0.688791811466217
	0.6887910962104797
	0.6887819766998291
	0.688783586025238
	0.6887918710708618
	0.6887944936752319
	0.6887971758842468
	0.6887984871864319
	0.6888094544410706
	0.6888116002082825
	0.6888079643249512
	0.6888123154640198
	0.6888079643249512
	0.6888160109519958
	0.6888188123703003
	0.6888236999511719
	0.6888219714164734
	0.6888290047645569
	0.6888321042060852
	0.6888399720191956
	0.6888454556465149
	0.6888536810874939
	0.6888536810874939
	0.6888640522956848
	0.6888721585273743
	0.6888765692710876
	0.6888720989227295
	0.6888867616653442
	0.6888973712921143
	0.6889044642448425
	0.6889092326164246
	0.6889185905456543
	0.6889247894287109
	0.6889261603355408
	0.6889321208000183
	0.6889277100563049
	0.6889388561248779
	0.6889368891716003
	0.6889491081237793
	0.6889481544494629
	0.6889548897743225
	0.6889548301696777
	0.6889612674713135
	0.6889671087265015
	0.688980758190155
	0.6889832615852356
	0.688991129398346
	0.6890084147453308
	0.6890150308609009
	0.6890180706977844
	0.6890319585800171
	0.6890281438827515
	0.6890336275100708
	0.6890420913696289
	0.6890527009963989
	0.6890646815299988
	0.6890659928321838
	0.6890742778778076
	0.6890899538993835
	0.6891050338745117
	0.6891063451766968
	0.6891178488731384
	0.6891259551048279
	0.6891337037086487
	0.6891392469406128
	0.6891540884971619
	0.6891577839851379
	0.6891664266586304
	0.6891859769821167
	0.6891880631446838
	0.6891900300979614
	0.6891940236091614
	0.6891986131668091
	0.6892096996307373
	0.689218282699585
	0.689238429069519
	0.6892560720443726
	0.6892653107643127
	0.6892773509025574
	0.6892911195755005
	0.689300537109375
	0.6893131136894226
	0.6893262267112732
	0.6893386840820312
	0.6893489956855774
	0.6893526315689087
	0.6893665790557861
	0.6893678307533264
	0.6893745064735413
	0.689386248588562
	0.6893945336341858
	0.6894114017486572
	0.6894280910491943
	0.6894270777702332
	0.689437747001648
	0.6894463896751404
	0.6894455552101135
	0.6894569396972656
	0.6894556879997253
	0.6894623041152954
	0.6894660592079163
	0.6894614100456238
	0.6894808411598206
	0.6894907355308533
	0.6895127296447754
	0.6895310282707214
	0.6895472407341003
	0.6895455121994019
	0.6895517110824585
	0.6895723342895508
	0.689590334892273
	0.6896067261695862
	0.6896246671676636
	0.6896398067474365
	0.6896530985832214
	0.6896699070930481
	0.6896830201148987
	0.6897034049034119
	0.6897199749946594
	0.6897455453872681
	0.689756453037262
	0.6897680759429932
	0.6897851228713989
	0.6898074746131897
	0.6898201704025269
	0.6898427605628967
	0.6898534297943115
	0.6898685097694397
	0.6898811459541321
	0.689899742603302
	0.689913272857666
	0.6899344325065613
	0.6899562478065491
	0.6899758577346802
	0.6899877190589905
	0.6900146007537842
	0.6900263428688049
	0.6900455951690674
	0.6900638937950134
	0.6900745034217834
	0.6900895833969116
	0.690106213092804
	0.6901247501373291
	0.690148651599884
	0.6901557445526123
	0.6901569366455078
	0.6901697516441345
	0.6901775598526001
	0.690200686454773
	0.69022136926651
	0.6902292370796204
	0.6902393698692322
	0.6902563571929932
	0.6902675628662109
	0.6902773976325989
	0.6902933120727539
	0.6903062462806702
	0.6903194785118103
	0.6903316378593445
	0.6903467774391174
	0.6903710961341858
	0.6903976798057556
	0.6904165744781494
	0.6904339790344238
	0.6904435157775879
	0.6904683113098145
	0.690479040145874
	0.6904852986335754
	0.6904926300048828
	0.6905146837234497
	0.6905363202095032
	0.6905462145805359
	0.690571129322052
	0.6905916333198547
	0.6906093955039978
	0.6906335949897766
	0.6906481981277466
	0.6906596422195435
	0.6906745433807373
	0.6906877756118774
	0.6907086372375488
	0.6907362937927246
	0.6907524466514587
	0.6907688975334167
	0.6907978057861328
	0.6908062696456909
	0.6908281445503235
	0.6908519268035889
	0.690871000289917
	0.6908962726593018
	0.6909120082855225
	0.6909308433532715
	0.6909470558166504
	0.6909695863723755
	0.6909953951835632
	0.6910130381584167
	0.691037118434906
	0.6910476684570312
	0.6910610795021057
	0.6910786032676697
	0.6910936832427979
	0.6911053657531738
	0.6911214590072632
	0.6911339163780212
	0.6911419034004211
	0.6911646723747253
	0.6911787986755371
	0.6912053227424622
	0.6912190914154053
	0.6912261843681335
	0.6912217736244202
	0.691240131855011
	0.6912671327590942
	0.6912932991981506
	0.691313624382019
	0.6913365125656128
	0.6913602352142334
	0.6913610696792603
	0.6913792490959167
	0.691398561000824
	0.6914170980453491
	0.6914246082305908
	0.6914395093917847
	0.691453218460083
	0.6914718151092529
	0.6914789080619812
	0.691498875617981
	0.6915133595466614
	0.6915369033813477
	0.6915603876113892
	0.691568911075592
	0.6915827393531799
	0.6916015148162842
	0.6916168332099915
	0.6916395425796509
	0.6916572451591492
	0.6916751861572266
	0.6916913390159607
	0.6917147040367126
	0.6917173266410828
	0.6917394995689392
	0.6917500495910645
	0.691774308681488
	0.691781222820282
	0.6918017268180847
	0.6918206214904785
	0.6918328404426575
	0.6918536424636841
	0.6918842196464539
	0.6918888092041016
	0.6919004917144775
	0.6919097900390625
	0.6919181942939758
	0.6919390559196472
	0.6919589042663574
	0.6919790506362915
	0.6919957995414734
	0.6920163631439209
	0.6920431852340698
	0.6920482516288757
	0.6920744776725769
	0.692097008228302
	0.6921078562736511
	0.6921275854110718
	0.6921448707580566
	0.692152202129364
	0.6921688914299011
	0.692185640335083
	0.6922013163566589
	0.6922081112861633
	0.6922279000282288
	0.692248523235321
	0.6922646760940552
	0.6922786235809326
	0.6922979354858398
	0.6923111081123352
	0.6923192143440247
	0.6923389434814453
	0.6923630833625793
	0.6923823356628418
	0.6924079656600952
	0.692423939704895
	0.6924416422843933
	0.6924511194229126
	0.6924718022346497
	0.6924737095832825
	0.6924892067909241
	0.6925004720687866
	0.6925239562988281
	0.69255131483078
	0.6925706267356873
	0.6925851106643677
	0.6926029920578003
	0.6926143169403076
	0.6926302313804626
	0.6926427483558655
	0.6926546692848206
	0.6926774978637695
	0.6926782131195068
	0.6926931738853455
	0.6926954984664917
	0.6927053332328796
	0.6927247643470764
	0.6927474737167358
	0.6927646398544312
	0.692794919013977
	0.6928062438964844
	0.6928219795227051
	0.6928324699401855
	0.6928406953811646
	0.692857563495636
	0.6928600668907166
	0.6928768157958984
	0.6928907632827759
	0.6928969621658325
	0.6929217576980591
	0.6929375529289246
	0.6929539442062378
	0.6929747462272644
	0.6929884552955627
	0.6929987072944641
	0.693030059337616
	0.6930455565452576
	0.6930615901947021
	0.6930700540542603
	0.693084716796875
	0.6930996179580688
	0.6931239366531372
	0.6931437849998474
	0.693164050579071
	0.6931732296943665
	0.6931853890419006
	0.6931973695755005
	0.6932064890861511
	0.6932185292243958
	0.6932282447814941
	0.6932417750358582
	0.6932530999183655
	0.6932705640792847
	0.6932877898216248
	0.6932998299598694
	0.6933095455169678
	0.6933432817459106
	0.6933702230453491
	0.6933804750442505
	0.693396806716919
	0.6934102773666382
	0.6934272050857544
	0.6934385895729065
	0.6934561729431152
	0.6934674382209778
	0.693481981754303
	0.6934987902641296
	0.6935081481933594
	0.6935213804244995
	0.6935328245162964
	0.6935486793518066
	0.6935756802558899
	0.6935964822769165
	0.6936123967170715
	0.6936330199241638
	0.6936553716659546
	0.69368577003479
	0.6936980485916138
	0.6937235593795776
	0.6937379837036133
	0.6937621831893921
	0.6937925815582275
	0.6938079595565796
	0.6938272714614868
	0.6938539743423462
	0.6938756108283997
	0.6938879489898682
	0.693906307220459
	0.6939088106155396
	0.6939337849617004
	0.6939429044723511
	0.6939507722854614
	0.6939703822135925
	0.6939781904220581
	0.693990170955658
	0.6939990520477295
	0.6940099000930786
	0.6940169334411621
	0.69403475522995
	0.6940423250198364
	0.6940444707870483
	0.6940584778785706
	0.6940792202949524
	0.6940931081771851
	0.6941077709197998
	0.6941269636154175
	0.69414222240448
	0.6941565871238708
	0.6941661238670349
	0.6941834688186646
	0.6941947937011719
	0.6942007541656494
	0.694212794303894
	0.6942287683486938
	0.6942422986030579
	0.6942505836486816
	0.6942561864852905
	0.694270133972168
	0.6942884922027588
	0.6943080425262451
	0.6943294405937195
	0.694346010684967
	0.6943617463111877
	0.694373607635498
	0.6943954229354858
	0.6944146156311035
	0.6944348216056824
	0.6944553256034851
	0.6944800615310669
	0.6945016980171204
	0.6945196986198425
	0.6945422887802124
	0.6945502758026123
	0.6945807933807373
	0.694593608379364
	0.6946104764938354
	0.6946262121200562
	0.6946349143981934
	0.6946545243263245
	0.6946889162063599
	0.6946945786476135
	0.6947085857391357
	0.694728434085846
	0.6947335004806519
	0.6947429776191711
	0.6947627663612366
	0.6947753429412842
	0.6947773098945618
	0.6947912573814392
	0.6947976350784302
	0.6948158740997314
	0.6948474645614624
	0.6948732137680054
	0.6948882341384888
	0.694907009601593
	0.6949178576469421
	0.6949400305747986
	0.694944441318512
	0.6949557662010193
	0.6949697136878967
	0.6949916481971741
	0.694995641708374
	0.6950182318687439
	0.695044994354248
	0.6950697302818298
	0.6950874924659729
	0.6951004266738892
	0.6951158046722412
	0.6951267123222351
	0.6951414346694946
	0.6951568126678467
	0.6951751708984375
	0.6951792240142822
	0.6951889991760254
	0.6952025294303894
	0.6952213644981384
	0.6952294707298279
	0.6952447891235352
	0.6952655911445618
	0.6952722668647766
	0.6952785849571228
	0.6952871084213257
	0.6952997446060181
	0.6953161954879761
	0.6953421831130981
	0.6953562498092651
	0.6953754425048828
	0.6953984498977661
	0.6954114437103271
	0.695411741733551
	0.6954354047775269
	0.6954498887062073
	0.6954731345176697
	0.6954936981201172
	0.6955127120018005
	0.6955159902572632
	0.6955260634422302
	0.6955283284187317
	0.6955499649047852
	0.6955567598342896
	0.695559024810791
	0.6955739259719849
	0.6955942511558533
	0.6956111192703247
	0.6956237554550171
	0.6956302523612976
	0.6956515312194824
	0.6956667304039001
	0.6956859827041626
	0.6957026124000549
	0.695719838142395
	0.6957240700721741
	0.6957303881645203
	0.6957414150238037
	0.6957641243934631
	0.6957743763923645
	0.6957827806472778
	0.6957934498786926
	0.6958062648773193
	0.6958271861076355
	0.6958318948745728
	0.6958553194999695
	0.6958631873130798
	0.6958692669868469
	0.6958884596824646
	0.6959030628204346
	0.6959143280982971
	0.6959450840950012
	0.6959547400474548
	0.6959595084190369
	0.6959719657897949
	0.6959664821624756
	0.6959752440452576
	0.6959908604621887
	0.6960042715072632
	0.6960319876670837
	0.6960455775260925
	0.6960514187812805
	0.6960654258728027
	0.6960710287094116
	0.696081280708313
	0.6961000561714172
	0.6961191892623901
	0.6961348652839661
	0.6961434483528137
	0.6961563229560852
	0.6961669921875
	0.6961895227432251
	0.6961976289749146
	0.6962181925773621
	0.6962364315986633
	0.6962396502494812
	0.696256697177887
	0.6962698101997375
	0.6962844133377075
	0.6962891221046448
	0.6963099837303162
	0.6963326334953308
	0.6963527202606201
	0.696364164352417
	0.6963768005371094
	0.6963976621627808
	0.6964215040206909
	0.6964232325553894
	0.6964427828788757
	0.6964668035507202
	0.6964865326881409
	0.6965023279190063
	0.6965171098709106
	0.6965178847312927
	0.6965294480323792
	0.6965287923812866
	0.6965543627738953
	0.6965620517730713
	0.6965747475624084
	0.696578860282898
	0.6965927481651306
	0.696610689163208
	0.696631133556366
	0.6966414451599121
	0.6966553330421448
	0.6966747045516968
	0.6966880559921265
	0.6967000365257263
	0.6967090964317322
	0.6967300176620483
	0.6967440843582153
	0.6967682838439941
	0.6967772841453552
	0.6967787146568298
	0.6967958211898804
	0.6968108415603638
	0.6968241333961487
	0.6968407034873962
	0.6968549489974976
	0.6968761682510376
	0.6968907117843628
	0.6968948841094971
	0.6969021558761597
	0.6969138383865356
	0.696925163269043
	0.6969276666641235
	0.6969311833381653
	0.6969367265701294
	0.6969515085220337
	0.6969742774963379
	0.6969953179359436
	0.6970131993293762
	0.6970192790031433
	0.6970280408859253
	0.6970200538635254
	0.6970381736755371
	0.6970406770706177
	0.6970409750938416
	0.6970467567443848
	0.6970598697662354
	0.6970640420913696
	0.6970919370651245
]