[
	1.2018979787826538
	1.2016260623931885
	1.2013555765151978
	1.2010538578033447
	1.2007551193237305
	1.2004719972610474
	1.200192928314209
	1.1998974084854126
	1.1996208429336548
	1.1993284225463867
	1.1990562677383423
	1.198763132095337
	1.1984741687774658
	1.1981829404830933
	1.1978918313980103
	1.197605848312378
	1.1973121166229248
	1.1970258951187134
	1.196733832359314
	1.1964462995529175
	1.1961625814437866
	1.1958833932876587
	1.195605754852295
	1.1953213214874268
	1.1950418949127197
	1.1947695016860962
	1.1944963932037354
	1.1942218542099
	1.1939388513565063
	1.1936538219451904
	1.1933785676956177
	1.1931065320968628
	1.1928212642669678
	1.192537784576416
	1.1922643184661865
	1.191988229751587
	1.1917273998260498
	1.1914548873901367
	1.1911835670471191
	1.1909087896347046
	1.190635085105896
	1.1903709173202515
	1.1901214122772217
	1.1898434162139893
	1.1895747184753418
	1.189315676689148
	1.1890478134155273
	1.1887820959091187
	1.1885238885879517
	1.188271164894104
	1.1880028247833252
	1.1877398490905762
	1.1874794960021973
	1.1872155666351318
	1.1869536638259888
	1.186693549156189
	1.1864451169967651
	1.1861920356750488
	1.1859285831451416
	1.185686469078064
	1.1854299306869507
	1.1851887702941895
	1.1849521398544312
	1.1846914291381836
	1.1844379901885986
	1.1841903924942017
	1.1839450597763062
	1.1836929321289062
	1.1834434270858765
	1.1831934452056885
	1.182963490486145
	1.1827183961868286
	1.1824864149093628
	1.182232141494751
	1.181979775428772
	1.1817392110824585
	1.1814911365509033
	1.1812561750411987
	1.1810301542282104
	1.1807796955108643
	1.1805405616760254
	1.180294156074524
	1.1800674200057983
	1.179829716682434
	1.1795812845230103
	1.1793484687805176
	1.1791131496429443
	1.1788831949234009
	1.1786545515060425
	1.1784108877182007
	1.178176999092102
	1.1779581308364868
	1.1777229309082031
	1.1774928569793701
	1.1772656440734863
	1.1770341396331787
	1.1768063306808472
	1.1765756607055664
	1.1763465404510498
	1.176113486289978
	1.1758953332901
	1.1756573915481567
	1.175424337387085
	1.175195574760437
	1.174971342086792
	1.174741268157959
	1.1745126247406006
	1.1743106842041016
	1.1740871667861938
	1.1738653182983398
	1.1736464500427246
	1.173431634902954
	1.1732146739959717
	1.1729990243911743
	1.1727890968322754
	1.1725716590881348
	1.1723601818084717
	1.1721551418304443
	1.1719521284103394
	1.1717405319213867
	1.1715245246887207
	1.171312928199768
	1.1710959672927856
	1.1708905696868896
	1.1706775426864624
	1.1704727411270142
	1.1702688932418823
	1.1700407266616821
	1.16984224319458
	1.1696348190307617
	1.1694231033325195
	1.1692122220993042
	1.1690112352371216
	1.1688004732131958
	1.1685974597930908
	1.1683810949325562
	1.168182611465454
	1.1679853200912476
	1.1677778959274292
	1.1675742864608765
	1.1673760414123535
	1.1671825647354126
	1.166978359222412
	1.1667752265930176
	1.1665750741958618
	1.1663762331008911
	1.1661813259124756
	1.1659750938415527
	1.165773630142212
	1.1655797958374023
	1.1653854846954346
	1.165189266204834
	1.1649842262268066
	1.1647828817367554
	1.1645969152450562
	1.164396047592163
	1.1642001867294312
	1.1640164852142334
	1.1638249158859253
	1.16363525390625
	1.1634517908096313
	1.1632680892944336
	1.1630641222000122
	1.1628682613372803
	1.162671685218811
	1.162497639656067
	1.1623096466064453
	1.1621240377426147
	1.1619365215301514
	1.161744236946106
	1.1615543365478516
	1.1613694429397583
	1.161185383796692
	1.1609936952590942
	1.160822868347168
	1.1606467962265015
	1.1604666709899902
	1.160285234451294
	1.160093069076538
	1.159912347793579
	1.1597356796264648
	1.159543514251709
	1.159371256828308
	1.1591823101043701
	1.1589972972869873
	1.1588222980499268
	1.1586451530456543
	1.1584655046463013
	1.1582818031311035
	1.1580952405929565
	1.1579219102859497
	1.1577520370483398
	1.1575679779052734
	1.1573911905288696
	1.1572279930114746
	1.157048225402832
	1.1568725109100342
	1.1566909551620483
	1.1565216779708862
	1.1563364267349243
	1.1561636924743652
	1.1559982299804688
	1.1558250188827515
	1.1556673049926758
	1.1554930210113525
	1.1553120613098145
	1.155147671699524
	1.1549679040908813
	1.1547971963882446
	1.1546207666397095
	1.154460072517395
	1.1542885303497314
	1.154129147529602
	1.1539608240127563
	1.1537967920303345
	1.1536422967910767
	1.1534713506698608
	1.1533008813858032
	1.1531368494033813
	1.1529673337936401
	1.1528112888336182
	1.152647614479065
	1.1524676084518433
	1.1523034572601318
	1.1521258354187012
	1.1519534587860107
	1.1517888307571411
	1.1516305208206177
	1.1514825820922852
	1.1513152122497559
	1.1511443853378296
	1.1509732007980347
	1.150796890258789
	1.1506288051605225
	1.1504720449447632
	1.150316834449768
	1.1501544713974
	1.149988055229187
	1.1498265266418457
	1.1496676206588745
	1.1495124101638794
	1.1493542194366455
	1.149193286895752
	1.1490336656570435
	1.1488736867904663
	1.148709774017334
	1.148550271987915
	1.1483888626098633
	1.1482365131378174
	1.1480867862701416
	1.1479337215423584
	1.1477792263031006
	1.1476197242736816
	1.147470474243164
	1.1473193168640137
	1.1471786499023438
	1.1470211744308472
	1.1468613147735596
	1.1467134952545166
	1.1465541124343872
	1.1463944911956787
	1.1462445259094238
	1.1460946798324585
	1.1459368467330933
	1.1457877159118652
	1.1456393003463745
	1.1454877853393555
	1.1453381776809692
	1.1451945304870605
	1.1450358629226685
	1.1448849439620972
	1.144732117652893
	1.1445852518081665
	1.1444413661956787
	1.144296407699585
	1.1441375017166138
	1.1439989805221558
	1.1438499689102173
	1.143706202507019
	1.1435641050338745
	1.1434139013290405
	1.1432677507400513
	1.143120527267456
	1.1429829597473145
	1.1428391933441162
	1.1426867246627808
	1.1425440311431885
	1.1423941850662231
	1.1422553062438965
	1.1421136856079102
	1.1419689655303955
	1.1418169736862183
	1.1416758298873901
	1.1415244340896606
	1.1413837671279907
	1.1412490606307983
	1.141106128692627
	1.1409661769866943
	1.1408149003982544
	1.140668272972107
	1.1405346393585205
	1.1403855085372925
	1.1402547359466553
	1.1401174068450928
	1.1399800777435303
	1.139846920967102
	1.1397069692611694
	1.1395752429962158
	1.139434814453125
	1.1392935514450073
	1.1391574144363403
	1.1390224695205688
	1.1388797760009766
	1.1387369632720947
	1.1385958194732666
	1.1384559869766235
	1.1383275985717773
	1.1381866931915283
	1.1380516290664673
	1.137899398803711
	1.1377661228179932
	1.1376395225524902
	1.1375036239624023
	1.1373720169067383
	1.1372326612472534
	1.1371079683303833
	1.1369858980178833
	1.1368601322174072
	1.1367336511611938
	1.1366021633148193
	1.1364635229110718
	1.136331558227539
	1.1362099647521973
	1.1360822916030884
	1.1359513998031616
	1.1358146667480469
	1.1356722116470337
	1.1355363130569458
	1.1354143619537354
	1.135286569595337
	1.1351653337478638
	1.1350351572036743
	1.1348981857299805
	1.1347688436508179
	1.1346343755722046
	1.1344951391220093
	1.1343612670898438
	1.1342350244522095
	1.134099006652832
	1.133980393409729
	1.133850336074829
	1.1337146759033203
	1.133577823638916
	1.133449673652649
	1.1333229541778564
	1.1331982612609863
	1.133065938949585
	1.132940411567688
	1.132819652557373
	1.132684588432312
	1.132558822631836
	1.1324368715286255
	1.132315754890442
	1.1321882009506226
	1.1320511102676392
	1.1319198608398438
	1.1317919492721558
	1.131673812866211
	1.1315494775772095
	1.1314362287521362
	1.1313172578811646
	1.1311883926391602
	1.1310666799545288
	1.13093900680542
	1.1308141946792603
	1.1306928396224976
	1.1305735111236572
	1.130456566810608
	1.1303350925445557
	1.130213737487793
	1.130098819732666
	1.1299779415130615
	1.1298558712005615
	1.1297295093536377
	1.1296175718307495
	1.1294997930526733
	1.1293847560882568
	1.129267930984497
	1.1291664838790894
	1.1290512084960938
	1.12892746925354
	1.1288058757781982
	1.1286872625350952
	1.1285654306411743
	1.1284433603286743
	1.1283321380615234
	1.1282238960266113
	1.1281102895736694
	1.1280003786087036
	1.1278862953186035
	1.127761721611023
	1.1276483535766602
	1.1275197267532349
	1.1274034976959229
	1.1272913217544556
	1.1271768808364868
	1.1270606517791748
	1.126942753791809
	1.126826524734497
	1.1267098188400269
	1.1265995502471924
	1.1264843940734863
	1.1263689994812012
	1.1262562274932861
	1.1261426210403442
	1.1260348558425903
	1.1259238719940186
	1.1258108615875244
	1.1256970167160034
	1.1255799531936646
	1.1254690885543823
	1.1253597736358643
	1.1252491474151611
	1.1251343488693237
	1.1250228881835938
	1.1249072551727295
	1.124793291091919
	1.1246854066848755
	1.1245665550231934
	1.1244585514068604
	1.1243469715118408
	1.124232292175293
	1.1241263151168823
	1.1240220069885254
	1.1239099502563477
	1.1238012313842773
	1.1236964464187622
	1.1235926151275635
	1.1234776973724365
	1.123371958732605
	1.123265266418457
	1.1231623888015747
	1.1230571269989014
	1.1229562759399414
	1.12283456325531
	1.1227246522903442
	1.1226109266281128
	1.1225072145462036
	1.1224082708358765
	1.122300386428833
	1.122198462486267
	1.122085452079773
	1.1219820976257324
	1.1218817234039307
	1.1217714548110962
	1.121660828590393
	1.1215622425079346
	1.1214609146118164
	1.1213575601577759
	1.1212486028671265
	1.1211450099945068
	1.121038794517517
	1.120935320854187
	1.1208268404006958
	1.1207362413406372
	1.1206220388412476
	1.120519995689392
	1.1204142570495605
	1.1203075647354126
	1.120212435722351
	1.1201063394546509
	1.120005488395691
	1.1199077367782593
	1.1198065280914307
	1.119706153869629
	1.119606614112854
	1.1195063591003418
	1.1194077730178833
	1.1193103790283203
	1.1192103624343872
	1.119106650352478
	1.1190015077590942
	1.118898868560791
	1.1187983751296997
	1.118696689605713
	1.1185976266860962
	1.1185078620910645
	1.1184020042419434
	1.1183044910430908
	1.118200421333313
	1.1181042194366455
	1.1179990768432617
	1.1179003715515137
	1.1177910566329956
	1.117687463760376
	1.1175845861434937
	1.1174864768981934
	1.1173820495605469
	1.117281198501587
	1.117180585861206
	1.1170848608016968
	1.1169825792312622
	1.1168875694274902
	1.1167980432510376
	1.1167042255401611
	1.1166075468063354
	1.1165095567703247
	1.1164146661758423
	1.1163132190704346
	1.1162149906158447
	1.1161260604858398
	1.1160306930541992
	1.1159331798553467
	1.1158467531204224
	1.1157557964324951
	1.1156598329544067
	1.1155657768249512
	1.1154704093933105
	1.1153689622879028
	1.115280270576477
	1.1151851415634155
	1.11509108543396
	1.1150009632110596
	1.1149076223373413
	1.1148115396499634
	1.1147161722183228
	1.114620566368103
	1.1145210266113281
	1.1144338846206665
	1.1143368482589722
	1.1142514944076538
	1.1141606569290161
	1.1140731573104858
	1.1139813661575317
	1.1138862371444702
	1.11379075050354
	1.113707423210144
	1.1136136054992676
	1.1135244369506836
	1.1134240627288818
	1.1133254766464233
	1.113230586051941
	1.1131349802017212
	1.1130446195602417
	1.112953782081604
	1.1128684282302856
	1.1127827167510986
	1.1126961708068848
	1.1126067638397217
	1.112521767616272
	1.112426996231079
	1.1123408079147339
	1.1122519969940186
	1.1121619939804077
	1.1120684146881104
	1.1119886636734009
	1.1118940114974976
	1.1118018627166748
	1.1117137670516968
	1.1116220951080322
	1.1115320920944214
	1.1114436388015747
	1.1113592386245728
	1.1112748384475708
	1.111184000968933
	1.1110998392105103
	1.111016035079956
	1.1109390258789062
	1.110856294631958
	1.110772728919983
	1.1106855869293213
	1.1105988025665283
	1.1105155944824219
	1.1104286909103394
	1.110345721244812
	1.1102633476257324
	1.1101807355880737
	1.1100977659225464
	1.1100229024887085
	1.1099357604980469
	1.109858512878418
	1.1097804307937622
	1.1096984148025513
	1.1096138954162598
	1.1095263957977295
	1.109445333480835
	1.109362244606018
	1.1092793941497803
	1.1091911792755127
	1.1091117858886719
	1.109028935432434
	1.108949899673462
	1.1088675260543823
	1.108791470527649
	1.1087064743041992
	1.1086221933364868
	1.108535647392273
	1.1084480285644531
	1.1083601713180542
	1.1082738637924194
	1.108191728591919
	1.1081057786941528
	1.1080299615859985
	1.1079503297805786
	1.1078625917434692
	1.1077836751937866
	1.1077083349227905
	1.1076303720474243
	1.1075459718704224
	1.1074655055999756
	1.1073849201202393
	1.107302188873291
	1.1072174310684204
	1.1071445941925049
	1.107068419456482
	1.1069942712783813
	1.1069093942642212
	1.106839895248413
	1.1067651510238647
	1.106689214706421
	1.1066033840179443
	1.1065175533294678
	1.1064506769180298
	1.1063809394836426
	1.106299877166748
	1.1062198877334595
	1.1061429977416992
	1.1060659885406494
	1.105983853340149
	1.1059017181396484
	1.1058244705200195
	1.1057467460632324
	1.1056740283966064
	1.1055991649627686
	1.105517029762268
	1.1054376363754272
	1.1053587198257446
	1.1052837371826172
	1.1052007675170898
	1.1051212549209595
	1.1050459146499634
	1.104970932006836
	1.1048998832702637
	1.1048222780227661
	1.1047452688217163
	1.1046686172485352
	1.1045969724655151
	1.1045254468917847
	1.1044502258300781
	1.1043717861175537
	1.1043009757995605
	1.1042299270629883
	1.1041576862335205
	1.104088544845581
	1.1040138006210327
	1.103943109512329
	1.1038707494735718
	1.1037929058074951
	1.1037135124206543
	1.1036401987075806
	1.103564977645874
	1.1034966707229614
	1.1034245491027832
	1.1033499240875244
	1.1032661199569702
	1.1031898260116577
	1.1031132936477661
	1.1030477285385132
	1.1029741764068604
	1.1029070615768433
	1.1028337478637695
	1.102769374847412
	1.1026995182037354
	1.102627158164978
	1.1025588512420654
	1.1024888753890991
	1.102418303489685
	1.1023434400558472
	1.1022670269012451
	1.102194905281067
	1.1021207571029663
	1.1020536422729492
	1.1019840240478516
	1.1019127368927002
	1.1018447875976562
	1.1017767190933228
	1.101704716682434
	1.1016347408294678
	1.1015667915344238
	1.1014972925186157
	1.101432204246521
	1.1013643741607666
	1.1012895107269287
	1.1012238264083862
	1.1011602878570557
	1.1010901927947998
	1.1010220050811768
	1.1009587049484253
	1.10089111328125
	1.1008305549621582
	1.100758671760559
	1.10068678855896
	1.100617527961731
	1.100548267364502
	1.1004794836044312
	1.100409984588623
	1.1003391742706299
	1.1002696752548218
	1.1002060174942017
	1.1001392602920532
	1.1000711917877197
	1.1000052690505981
	1.0999387502670288
	1.0998741388320923
	1.099813461303711
	1.0997459888458252
	1.099680781364441
	1.099617838859558
	1.099555492401123
	1.0994930267333984
	1.099421501159668
	1.0993622541427612
	1.0993001461029053
	1.0992350578308105
	1.09917414188385
	1.0991089344024658
	1.0990452766418457
	1.0989784002304077
	1.0989112854003906
	1.0988457202911377
	1.0987751483917236
	1.0987130403518677
	1.0986526012420654
	1.0985902547836304
	1.098523497581482
	1.098459243774414
	1.098395824432373
	1.0983304977416992
	1.0982635021209717
	1.0981985330581665
	1.0981390476226807
	1.0980782508850098
	1.098016381263733
	1.0979504585266113
	1.0978879928588867
	1.097820520401001
	1.0977566242218018
	1.0976921319961548
	1.0976346731185913
	1.097571611404419
	1.0975096225738525
	1.0974485874176025
	1.0973871946334839
	1.0973254442214966
	1.0972684621810913
	1.0972094535827637
	1.0971438884735107
	1.0970772504806519
	1.097018837928772
	1.0969562530517578
	1.0968998670578003
	1.0968300104141235
	1.096769094467163
	1.096706509590149
	1.0966384410858154
	1.0965791940689087
	1.0965180397033691
	1.0964590311050415
	1.096399188041687
	1.0963304042816162
	1.0962681770324707
	1.0962103605270386
	1.096144676208496
	1.0960897207260132
	1.0960335731506348
	1.0959793329238892
	1.0959193706512451
	1.0958585739135742
	1.0958032608032227
	1.0957465171813965
	1.0956884622573853
	1.0956305265426636
	1.095565676689148
	1.095515251159668
	1.0954627990722656
	1.0954145193099976
	1.0953593254089355
	1.095304250717163
	1.0952423810958862
	1.095186471939087
	1.0951262712478638
	1.0950709581375122
	1.0950130224227905
	1.0949550867080688
	1.094893455505371
	1.0948371887207031
	1.0947751998901367
	1.094718098640442
	1.0946635007858276
	1.094609260559082
	1.0945535898208618
	1.0944958925247192
	1.094436526298523
	1.0943825244903564
	1.0943280458450317
	1.0942682027816772
	1.0942195653915405
	1.0941603183746338
	1.0941078662872314
	1.0940464735031128
	1.0939886569976807
	1.0939337015151978
	1.0938745737075806
	1.0938210487365723
	1.093761682510376
	1.0937097072601318
	1.0936472415924072
	1.0935896635055542
	1.093532919883728
	1.0934792757034302
	1.0934256315231323
	1.0933700799942017
	1.0933197736740112
	1.0932636260986328
	1.0932085514068604
	1.0931482315063477
	1.0930949449539185
	1.0930407047271729
	1.0929889678955078
	1.0929360389709473
	1.0928782224655151
	1.0928248167037964
	1.0927706956863403
	1.0927135944366455
	1.092656135559082
	1.092597246170044
	1.0925474166870117
	1.0924938917160034
	1.092439889907837
	1.0923829078674316
	1.0923216342926025
	1.0922716856002808
	1.0922176837921143
	1.0921720266342163
	1.0921179056167603
	1.0920594930648804
	1.092006802558899
	1.0919480323791504
	1.0918947458267212
	1.0918402671813965
	1.0917917490005493
	1.091738224029541
	1.0916829109191895
	1.0916317701339722
	1.091581106185913
	1.0915234088897705
	1.0914772748947144
	1.091426968574524
	1.0913774967193604
	1.091326355934143
	1.091275930404663
	1.091219186782837
	1.0911688804626465
	1.0911139249801636
	1.0910617113113403
	1.0910060405731201
	1.0909589529037476
	1.0909088850021362
	1.0908560752868652
	1.0908052921295166
	1.0907514095306396
	1.0907014608383179
	1.090648889541626
	1.0905920267105103
	1.0905368328094482
	1.0904836654663086
	1.0904333591461182
	1.0903797149658203
	1.0903279781341553
	1.090277910232544
	1.090233564376831
	1.0901850461959839
	1.0901345014572144
	1.090087890625
	1.090036392211914
	1.0899746417999268
	1.0899308919906616
	1.0898807048797607
	1.0898255109786987
	1.0897777080535889
	1.0897246599197388
	1.0896726846694946
	1.0896257162094116
	1.089576244354248
	1.0895185470581055
	1.0894650220870972
	1.0894147157669067
	1.089368462562561
	1.089322805404663
	1.0892858505249023
	1.0892395973205566
	1.0891920328140259
	1.0891473293304443
	1.0890922546386719
	1.089045524597168
	1.0889949798583984
	1.0889455080032349
	1.0888986587524414
	1.0888503789901733
	1.0888069868087769
	1.0887588262557983
	1.08871328830719
	1.088659644126892
	1.088608980178833
	1.0885635614395142
	1.0885183811187744
	1.0884701013565063
	1.0884214639663696
	1.0883708000183105
	1.08831787109375
	1.0882693529129028
	1.0882158279418945
	1.0881611108779907
	1.0881056785583496
	1.0880590677261353
	1.088014006614685
	1.087967038154602
	1.0879180431365967
	1.0878690481185913
	1.087823510169983
	1.0877833366394043
	1.0877341032028198
	1.0876848697662354
	1.0876330137252808
	1.0875844955444336
	1.0875324010849
	1.0874900817871094
	1.0874444246292114
	1.0873973369598389
	1.0873479843139648
	1.087309718132019
	1.087261438369751
	1.0872160196304321
	1.0871659517288208
	1.087111234664917
	1.0870639085769653
	1.0870099067687988
	1.0869654417037964
	1.0869226455688477
	1.0868778228759766
	1.0868299007415771
	1.0867863893508911
	1.0867403745651245
	1.0866950750350952
	1.0866475105285645
	1.08660089969635
	1.0865501165390015
	1.0865083932876587
	1.0864646434783936
	1.0864204168319702
	1.0863754749298096
	1.086323618888855
	1.0862789154052734
	1.0862330198287964
	1.0861868858337402
	1.0861448049545288
	1.086100697517395
	1.0860517024993896
	1.0860075950622559
	1.085961103439331
	1.0859111547470093
	1.0858691930770874
	1.0858289003372192
	1.085779070854187
	1.0857291221618652
	1.0856819152832031
	1.0856393575668335
	1.0855873823165894
	1.085540771484375
	1.0854966640472412
	1.0854567289352417
	1.0854051113128662
	1.0853592157363892
	1.085314393043518
	1.0852738618850708
	1.085229754447937
	1.0851808786392212
	1.0851359367370605
	1.0850955247879028
	1.085049033164978
	1.0850077867507935
	1.0849651098251343
	1.0849223136901855
	1.0848746299743652
	1.0848348140716553
	1.084798812866211
	1.084751844406128
	1.0847089290618896
	1.0846670866012573
	1.0846143960952759
	1.0845707654953003
	1.0845228433609009
	1.0844777822494507
	1.0844312906265259
	1.0843844413757324
	1.0843454599380493
	1.0843032598495483
	1.0842628479003906
	1.0842158794403076
	1.0841723680496216
	1.0841323137283325
	1.0840905904769897
	1.0840487480163574
	1.0840057134628296
	1.083962321281433
	1.0839229822158813
	1.0838781595230103
	1.083834171295166
	1.0837839841842651
	1.083738923072815
	1.08369779586792
	1.0836565494537354
	1.0836118459701538
	1.0835727453231812
	1.0835291147232056
	1.0834879875183105
	1.0834506750106812
	1.0834059715270996
	1.0833661556243896
	1.083324670791626
	1.0832831859588623
	1.0832396745681763
	1.0831916332244873
	1.0831481218338013
	1.0831087827682495
	1.0830680131912231
	1.0830278396606445
	1.0829882621765137
	1.082948923110962
	1.0829055309295654
	1.0828665494918823
	1.0828205347061157
	1.08278489112854
	1.082747459411621
	1.082711935043335
	1.082679033279419
	1.0826349258422852
	1.0825974941253662
	1.0825570821762085
	1.08251953125
	1.0824790000915527
	1.0824408531188965
	1.082400918006897
	1.0823585987091064
	1.0823159217834473
	1.0822718143463135
	1.082230806350708
	1.0821877717971802
	1.082152009010315
	1.0821133852005005
	1.082072377204895
	1.082031488418579
	1.08198881149292
	1.0819528102874756
	1.081908106803894
	1.0818639993667603
	1.0818214416503906
	1.081788182258606
	1.0817451477050781
	1.0817105770111084
	1.0816669464111328
	1.0816315412521362
	1.0815908908843994
	1.0815541744232178
	1.08152174949646
	1.0814793109893799
	1.0814369916915894
	1.0814028978347778
	1.0813645124435425
	1.081324815750122
	1.0812807083129883
	1.0812445878982544
	1.08120596408844
	1.0811680555343628
	1.0811288356781006
	1.0810863971710205
	1.0810506343841553
	1.0810085535049438
	1.080967664718628
	1.0809319019317627
	1.0808994770050049
	1.0808614492416382
	1.0808196067810059
	1.0807815790176392
	1.0807404518127441
	1.0807050466537476
	1.0806668996810913
	1.0806262493133545
	1.0805866718292236
	1.0805479288101196
	1.0805079936981201
	1.0804660320281982
	1.080426573753357
	1.0803877115249634
	1.0803499221801758
	1.0803136825561523
	1.0802758932113647
	1.080241084098816
	1.0802024602890015
	1.0801656246185303
	1.0801289081573486
	1.0800926685333252
	1.0800602436065674
	1.080021619796753
	1.079990267753601
	1.0799530744552612
	1.0799206495285034
	1.0798896551132202
	1.0798510313034058
	1.079805612564087
	1.0797661542892456
	1.079728603363037
	1.07969069480896
	1.0796512365341187
	1.0796164274215698
	1.0795786380767822
	1.0795437097549438
	1.0795055627822876
	1.0794661045074463
	1.0794247388839722
	1.079392910003662
	1.0793514251708984
	1.0793123245239258
	1.0792733430862427
	1.0792350769042969
	1.0792032480239868
	1.0791666507720947
	1.0791274309158325
	1.0790895223617554
	1.0790494680404663
	1.0790138244628906
	1.0789738893508911
	1.0789389610290527
	1.0789105892181396
	1.0788674354553223
	1.0788354873657227
]