[
	0.6247266530990601
	0.6246364712715149
	0.6245695948600769
	0.6245036125183105
	0.6244348883628845
	0.6243817806243896
	0.6243160367012024
	0.6242266893386841
	0.6241413354873657
	0.6240696907043457
	0.6240065693855286
	0.6239286661148071
	0.6238536238670349
	0.6237949728965759
	0.6237207651138306
	0.6236517429351807
	0.6235896944999695
	0.6235128045082092
	0.623434841632843
	0.6233813762664795
	0.6233031749725342
	0.6232303977012634
	0.6231871247291565
	0.6231179237365723
	0.6230543851852417
	0.6229767203330994
	0.6228922605514526
	0.6228403449058533
	0.6227830648422241
	0.622734010219574
	0.6226605176925659
	0.6225916147232056
	0.622520923614502
	0.622454822063446
	0.6223874688148499
	0.6223224401473999
	0.6222658157348633
	0.6222020983695984
	0.622135579586029
	0.6220736503601074
	0.622003436088562
	0.6219929456710815
	0.621928334236145
	0.6218542456626892
	0.6217862963676453
	0.6217060685157776
	0.6216439008712769
	0.621601939201355
	0.6215451955795288
	0.6214772462844849
	0.6214104890823364
	0.6213864088058472
	0.6213193535804749
	0.6212590932846069
	0.6211925745010376
	0.6211221814155579
	0.6210665702819824
	0.6210099458694458
	0.6209422945976257
	0.6208930611610413
	0.6208277344703674
	0.6207706332206726
	0.6207152605056763
	0.6206603646278381
	0.6206111311912537
	0.6205756068229675
	0.6205127239227295
	0.6204635500907898
	0.6204059720039368
	0.6203661561012268
	0.6203200221061707
	0.6202744841575623
	0.6202188730239868
	0.6201627254486084
	0.6201081871986389
	0.6200612783432007
	0.6200237274169922
	0.6199735403060913
	0.6199193596839905
	0.6198859810829163
	0.6198455095291138
	0.6197896003723145
	0.6197541356086731
	0.6197099089622498
	0.61965411901474
	0.619603157043457
	0.6195604801177979
	0.6195000410079956
	0.6194639205932617
	0.6194323301315308
	0.6194010972976685
	0.6193699836730957
	0.6193283200263977
	0.619292676448822
	0.6192482709884644
	0.6192131042480469
	0.6191747188568115
	0.6191416382789612
	0.6191063523292542
	0.6190577149391174
	0.6190240979194641
	0.6189700961112976
	0.6189541220664978
	0.6189404726028442
	0.618910014629364
	0.6188641786575317
	0.6188225150108337
	0.6187911629676819
	0.6187546849250793
	0.618724524974823
	0.6186662316322327
	0.6186544895172119
	0.6186249852180481
	0.6186122298240662
	0.6185972690582275
	0.6185489296913147
	0.6185174584388733
	0.6184831857681274
	0.6184669137001038
	0.6184298992156982
	0.6183955669403076
	0.61836177110672
	0.6183462142944336
	0.6183203458786011
	0.618284285068512
	0.6182457208633423
	0.6182199716567993
	0.6181804537773132
	0.6181624531745911
	0.6181294322013855
	0.618126392364502
	0.618107259273529
	0.6180840134620667
	0.6180640459060669
	0.6180295944213867
	0.6180036664009094
	0.617978572845459
	0.6179701685905457
	0.6179523468017578
	0.6179280281066895
	0.6179114580154419
	0.617896318435669
	0.6178732514381409
	0.6178455948829651
	0.6178340315818787
	0.6178032159805298
	0.6178019046783447
	0.6177837252616882
	0.6177558898925781
	0.6177423000335693
	0.6177299618721008
	0.6176995038986206
	0.6176756024360657
	0.6176653504371643
	0.617641806602478
	0.617634654045105
	0.6176232695579529
	0.6176064610481262
	0.6176026463508606
	0.6175872087478638
	0.6175750494003296
	0.6175534725189209
	0.6175372004508972
	0.6175224184989929
	0.617509663105011
	0.6175045967102051
	0.6175000071525574
	0.6174728870391846
	0.6174582839012146
	0.6174603700637817
	0.6174484491348267
	0.6174341440200806
	0.6174145340919495
	0.6173985600471497
	0.6173833012580872
	0.6173744797706604
	0.6173629760742188
	0.617354691028595
	0.6173421740531921
	0.6173299551010132
	0.6173114776611328
	0.6173033118247986
	0.6172826886177063
	0.6172620058059692
	0.6172420382499695
	0.6172248125076294
	0.617216169834137
	0.6171903610229492
	0.6171759366989136
	0.617175281047821
	0.6171880960464478
	0.6171742677688599
	0.6171668767929077
	0.6171676516532898
	0.6171653866767883
	0.6171518564224243
	0.6171396970748901
	0.6171270608901978
	0.6171211004257202
	0.6171232461929321
	0.6171413660049438
	0.6171219944953918
	0.617131233215332
	0.6171284317970276
	0.6171219348907471
	0.617117702960968
	0.6171205043792725
	0.6170964241027832
	0.6170888543128967
	0.6170883774757385
	0.6170836687088013
	0.6170766949653625
	0.6170669198036194
	0.6170707941055298
	0.61708003282547
	0.6170849800109863
	0.6170840859413147
	0.6170900464057922
	0.617104172706604
	0.6170886754989624
	0.6170881390571594
	0.6170863509178162
	0.6170836091041565
	0.6170676946640015
	0.6170786619186401
	0.6170812845230103
	0.6170821189880371
	0.6170670986175537
	0.6170694828033447
	0.6170718669891357
	0.6170831322669983
	0.6170986890792847
	0.6171016693115234
	0.6171098947525024
	0.6171044111251831
	0.6171156167984009
	0.6171063780784607
	0.617119312286377
	0.6171132326126099
	0.6171196103096008
	0.6171075701713562
	0.6171027421951294
	0.6171130537986755
	0.6171041131019592
	0.6171059012413025
	0.6171003580093384
	0.6171174645423889
	0.6171396970748901
	0.6171448230743408
	0.6171573996543884
	0.6171625256538391
	0.6171614527702332
	0.6171512603759766
	0.6171628832817078
	0.6171637177467346
	0.6171672940254211
	0.6171724796295166
	0.6171734929084778
	0.6171694993972778
	0.6171846985816956
	0.6171868443489075
	0.6172057390213013
	0.6172219514846802
	0.6172205209732056
	0.6172273755073547
	0.6172351241111755
	0.6172547936439514
	0.6172495484352112
	0.6172654628753662
	0.6172975897789001
	0.6173023581504822
	0.6173107624053955
	0.6173045039176941
	0.6173006892204285
	0.6173055171966553
	0.6173052787780762
	0.6173233985900879
	0.6173281669616699
	0.6173291206359863
	0.6173423528671265
	0.6173398494720459
	0.6173475384712219
	0.6173427104949951
	0.6173456907272339
	0.617362380027771
	0.6173785924911499
	0.6173730492591858
	0.6173818111419678
	0.6173821687698364
	0.6173743605613708
	0.6173818707466125
	0.6173972487449646
	0.6174043416976929
	0.6174087524414062
	0.6174030900001526
	0.617416262626648
	0.617412269115448
	0.617419958114624
	0.6174308061599731
	0.6174503564834595
	0.6174668669700623
	0.6174752116203308
	0.617479145526886
	0.6175025105476379
	0.6175143718719482
	0.617520809173584
	0.6175215840339661
	0.6175392270088196
	0.6175656914710999
	0.6175842881202698
	0.6175916194915771
	0.6176074147224426
	0.6176115274429321
	0.617612361907959
	0.6176283359527588
	0.6176409721374512
	0.6176684498786926
	0.6176862716674805
	0.6176807880401611
	0.6177113652229309
	0.6177192330360413
	0.6177335381507874
	0.6177557110786438
	0.6177461743354797
	0.6177537441253662
	0.617760181427002
	0.6177667379379272
	0.6177756786346436
	0.6177862882614136
	0.6177841424942017
	0.617783784866333
	0.6177913546562195
	0.6178003549575806
	0.6178146004676819
	0.6178274750709534
	0.617838978767395
	0.6178441643714905
	0.6178746223449707
	0.6179201006889343
	0.6179351806640625
	0.617928147315979
	0.6179601550102234
	0.6179672479629517
	0.61799556016922
	0.6179932951927185
	0.6180127263069153
	0.6180297136306763
	0.6180416941642761
	0.6180496215820312
	0.6180622577667236
	0.6180788278579712
	0.6180921792984009
	0.618108868598938
	0.6181080341339111
	0.6181337237358093
	0.6181448101997375
	0.6181497573852539
	0.6181691288948059
	0.6181837916374207
	0.6182063221931458
	0.618224024772644
	0.618246853351593
	0.6182724237442017
	0.6182873845100403
	0.618300199508667
	0.6183128952980042
	0.6183310747146606
	0.6183480024337769
	0.6183618307113647
	0.6183775067329407
	0.6183875203132629
	0.6184079647064209
	0.6184180974960327
	0.6184166073799133
	0.618424117565155
	0.6184428930282593
	0.618463397026062
	0.6184605956077576
	0.6184650659561157
	0.6184974908828735
	0.6185168027877808
	0.6185405254364014
	0.6185643672943115
	0.6185736656188965
	0.6185868382453918
	0.6186048984527588
	0.6186157464981079
	0.6186453104019165
	0.6186584830284119
	0.6186816096305847
	0.6186790466308594
	0.6186847686767578
	0.6187010407447815
	0.6187135577201843
	0.6187125444412231
	0.6187258362770081
	0.6187410354614258
	0.6187502145767212
	0.6187524199485779
	0.618765115737915
	0.618785560131073
	0.618803858757019
	0.6188262701034546
	0.6188274025917053
	0.6188268065452576
	0.6188337802886963
	0.6188564300537109
	0.6188558340072632
	0.6188593506813049
	0.6188703179359436
	0.6188727617263794
	0.618902325630188
	0.6189094185829163
	0.6189469695091248
	0.6189671754837036
	0.6189963817596436
	0.619005024433136
	0.6190198063850403
	0.619040310382843
	0.6190649271011353
	0.619085431098938
	0.6190903186798096
	0.6190873980522156
	0.6191037893295288
	0.619123101234436
	0.6191193461418152
	0.6191306114196777
	0.6191439628601074
	0.6191359758377075
	0.6191377639770508
	0.6191481947898865
	0.6191504597663879
	0.6191792488098145
	0.6191849708557129
	0.6191980838775635
	0.6192017197608948
	0.6192031502723694
	0.6192132234573364
	0.6192295551300049
	0.6192319393157959
	0.6192526817321777
	0.6192765831947327
	0.6192999482154846
	0.6193168759346008
	0.6193234920501709
	0.619340717792511
	0.6193580031394958
	0.6193573474884033
	0.6193696856498718
	0.6193835139274597
	0.6194012761116028
	0.6194167733192444
	0.6194419860839844
	0.6194686889648438
	0.6194865703582764
	0.6194964051246643
	0.6195006966590881
	0.6195057034492493
	0.6195200681686401
	0.6195362210273743
	0.6195480823516846
	0.6195580363273621
	0.619564950466156
	0.619574785232544
	0.6195781230926514
	0.6195964217185974
	0.6196262836456299
	0.61965012550354
	0.6196526885032654
	0.6196582317352295
	0.6196786761283875
	0.6197046041488647
	0.619708776473999
	0.6197173595428467
	0.6197272539138794
	0.6197564601898193
	0.6197715997695923
	0.619777500629425
	0.6197918653488159
	0.6198102235794067
	0.6198148727416992
	0.6198258996009827
	0.6198277473449707
	0.6198418736457825
	0.6198602318763733
	0.619881272315979
	0.6198862791061401
	0.6198838353157043
	0.6198910474777222
	0.6199085712432861
	0.6199094653129578
	0.6199097633361816
	0.6199290752410889
	0.6199162602424622
	0.6199471354484558
	0.6199691295623779
	0.6199777722358704
	0.6200098395347595
	0.6200491189956665
	0.62006676197052
	0.6200793981552124
	0.620101273059845
	0.6201210618019104
	0.6201209425926208
	0.6201336979866028
	0.620132327079773
	0.6201356649398804
	0.6201539039611816
	0.6201802492141724
	0.6201876401901245
	0.6201977133750916
	0.6202181577682495
	0.6202224493026733
	0.6202411651611328
	0.6202666163444519
	0.6202905178070068
	0.6203085780143738
	0.6203337907791138
	0.6203407049179077
	0.6203489899635315
	0.6203659176826477
	0.6204005479812622
	0.6204302310943604
	0.620428204536438
	0.6204476952552795
	0.6204636096954346
	0.6204619407653809
	0.6204710602760315
	0.620473325252533
	0.6204866170883179
	0.620499849319458
	0.6205277442932129
	0.6205393671989441
	0.6205639839172363
	0.6205935478210449
	0.6205981969833374
	0.6205999255180359
	0.6206153631210327
	0.6206237077713013
	0.6206611394882202
	0.6206731200218201
	0.6207038164138794
	0.6207332015037537
	0.6207552552223206
	0.6207687258720398
	0.620775580406189
	0.6207925081253052
	0.6208311915397644
	0.6208669543266296
	0.6208904385566711
	0.6209211945533752
	0.6209360957145691
	0.6209601163864136
	0.6209737062454224
	0.6209877133369446
	0.6210063099861145
	0.6210354566574097
	0.62107914686203
	0.6210862994194031
	0.6211171746253967
	0.6211401224136353
	0.6211804747581482
	0.6211913824081421
	0.6211955547332764
	0.6212105751037598
	0.621210515499115
	0.6212232708930969
	0.6212419867515564
	0.6212605237960815
	0.6212905049324036
	0.6212993860244751
	0.6213324666023254
	0.6213595867156982
	0.6213771104812622
	0.6213962435722351
	0.621406614780426
	0.6214277744293213
	0.6214398741722107
	0.6214622259140015
	0.6214544177055359
	0.6214714646339417
	0.6214874982833862
	0.6214995980262756
	0.6215109825134277
	0.6215037107467651
	0.6215110421180725
	0.621512770652771
	0.6215161085128784
	0.621540904045105
	0.6215425729751587
	0.6215585470199585
	0.621590256690979
	0.6215907335281372
	0.6215996146202087
	0.6215987205505371
	0.6215998530387878
	0.6216116547584534
	0.6216129064559937
	0.6216326951980591
	0.6216650009155273
	0.6216763854026794
	0.6216743588447571
	0.6216658353805542
	0.6216831207275391
	0.6216992735862732
	0.6217157244682312
	0.6217309236526489
	0.6217464208602905
	0.6217731833457947
	0.6217969059944153
	0.6218340396881104
	0.6218795776367188
	0.6218950152397156
	0.6219190359115601
	0.6219180822372437
	0.6219370365142822
	0.6219543814659119
	0.6219711899757385
	0.6219661831855774
	0.6219857931137085
	0.6219967007637024
	0.6220032572746277
	0.6220160126686096
	0.6220205426216125
	0.6220343112945557
	0.6220507621765137
	0.6220577955245972
	0.6220720410346985
	0.6220810413360596
	0.6220884323120117
	0.622093141078949
	0.6220977902412415
	0.622112512588501
	0.622123122215271
	0.6221148371696472
	0.6221237778663635
	0.622147262096405
	0.6221690773963928
	0.6222103834152222
	0.6222376823425293
	0.6222500205039978
	0.6222755908966064
	0.6222814321517944
	0.6223189234733582
	0.6223461031913757
	0.6223664283752441
	0.6223899722099304
	0.622419536113739
	0.6224315166473389
	0.6224585175514221
	0.6224744915962219
	0.6224905252456665
	0.6224983930587769
	0.6225130558013916
	0.6225326061248779
	0.6225456595420837
	0.6225732564926147
	0.6225866675376892
	0.6226078867912292
	0.6226386427879333
	0.6226509213447571
	0.6226637363433838
	0.6226814985275269
	0.6226864457130432
	0.622688889503479
	0.6227220892906189
	0.6227385401725769
	0.6227498054504395
	0.6227940917015076
	0.6227984428405762
	0.6228033900260925
	0.6228052973747253
	0.622823178768158
	0.6228366494178772
	0.6228532791137695
	0.6228480339050293
	0.6228654384613037
	0.6228782534599304
	0.6228795647621155
	0.6229060888290405
	0.622934103012085
	0.6229521036148071
	0.6229854226112366
	0.6229942440986633
	0.6229996681213379
	0.6230107545852661
	0.6230353713035583
	0.6230448484420776
	0.6230577230453491
	0.6230692267417908
	0.6230806112289429
	0.6231224536895752
	0.6231539249420166
	0.6231793761253357
	0.6231896877288818
	0.6232171058654785
	0.6232284903526306
	0.6232390403747559
	0.623254656791687
	0.6232640147209167
	0.6232448220252991
	0.6232553720474243
	0.6232604384422302
	0.6232762336730957
	0.6232761740684509
	0.6232569217681885
	0.623264491558075
	0.6232760548591614
	0.6232950091362
	0.6233128905296326
	0.6233213543891907
	0.6233320832252502
	0.6233399510383606
	0.6233667731285095
	0.6234002709388733
	0.6234363317489624
	0.6234378814697266
	0.6234461069107056
	0.6234456300735474
	0.623435378074646
	0.6234527826309204
	0.623473048210144
	0.6234918236732483
	0.6235172748565674
	0.6235300898551941
	0.6235530972480774
	0.6235741972923279
	0.6235883831977844
	0.6235759854316711
	0.6235729455947876
	0.6235727071762085
	0.6235843896865845
	0.6236124634742737
	0.6235921382904053
	0.6236007809638977
	0.6236191391944885
	0.6236475110054016
	0.6236433982849121
	0.6236598491668701
	0.6236686706542969
	0.6236691474914551
	0.6236711144447327
	0.6236690878868103
	0.6236895322799683
	0.6236931085586548
	0.6237118244171143
	0.6237193942070007
	0.6237182021141052
	0.6237278580665588
	0.6237388849258423
	0.6237255930900574
	0.6237547397613525
	0.6237766146659851
	0.6238008141517639
	0.6238171458244324
	0.6238423585891724
	0.6238582730293274
	0.6238799095153809
	0.6239014267921448
	0.6239067316055298
	0.6239202618598938
	0.6239300966262817
	0.623939037322998
	0.6239544153213501
	0.6239537000656128
	0.623974084854126
	0.6239868402481079
	0.624005913734436
	0.6240049600601196
	0.6240164637565613
	0.6240311861038208
	0.6240476369857788
	0.6240689754486084
	0.6240917444229126
	0.6241041421890259
	0.624119222164154
	0.6241095662117004
	0.6241152286529541
	0.6241185665130615
	0.6241499185562134
	0.6241678595542908
	0.6241786479949951
	0.6242014765739441
	0.6242141723632812
	0.6242042183876038
	0.624203085899353
	0.6242033839225769
	0.6242146492004395
	0.6242155432701111
	0.6242160797119141
	0.6242086887359619
	0.6242337226867676
	0.6242451667785645
	0.6242556571960449
	0.6242756843566895
	0.6242757439613342
	0.6242722272872925
	0.6242896318435669
	0.6243117451667786
	0.6243202686309814
	0.6243097186088562
	0.6243185997009277
	0.6243283748626709
	0.6243448853492737
	0.624380886554718
	0.6243898868560791
	0.6243919134140015
	0.6244264841079712
	0.6244508028030396
	0.6244711875915527
	0.624482274055481
	0.6244802474975586
	0.6244910955429077
	0.6244862675666809
	0.62449711561203
	0.624505877494812
	0.6245287656784058
	0.624531626701355
	0.6245442032814026
	0.6245433688163757
	0.6245494484901428
	0.6245630979537964
	0.6245787143707275
	0.6245847940444946
	0.6245917677879333
	0.6246145367622375
	0.6246160864830017
	0.6246347427368164
	0.6246456503868103
	0.6246451735496521
	0.6246567964553833
	0.6246576905250549
	0.624668300151825
	0.624681830406189
	0.6246904730796814
	0.6247183084487915
	0.6247380375862122
	0.6247289776802063
	0.6247360110282898
	0.6247560977935791
	0.6247581839561462
	0.6247793436050415
	0.6247798204421997
	0.6247878670692444
	0.6248135566711426
	0.6248214840888977
	0.6248558759689331
	0.6248637437820435
	0.6248652338981628
	0.624879777431488
	0.6248815655708313
	0.624878466129303
	0.6248840689659119
	0.6248741149902344
	0.6249054074287415
	0.6249218583106995
	0.624938428401947
	0.6249583959579468
	0.6249601244926453
	0.6249624490737915
	0.6249666213989258
	0.6249796152114868
	0.6249698400497437
	0.6249796748161316
	0.6249963045120239
	0.6250103712081909
	0.6250140070915222
	0.6250216960906982
	0.6250393986701965
	0.6250326037406921
	0.6250684261322021
	0.6250817179679871
	0.625090479850769
	0.6250884532928467
	0.6250938773155212
	0.6250993609428406
	0.6250984072685242
	0.6251155138015747
	0.6251053214073181
	0.6251093745231628
	0.6251210570335388
	0.6251212358474731
	0.6251310706138611
	0.6251153945922852
	0.6251264810562134
	0.6251505017280579
	0.6251485347747803
	0.6251559853553772
	0.625139057636261
	0.6251378059387207
	0.6251447200775146
	0.625144898891449
	0.6251566410064697
	0.6251553297042847
	0.6251636147499084
	0.6251895427703857
	0.6252095103263855
	0.6252176761627197
	0.625243067741394
	0.6252455711364746
	0.6252543330192566
	0.6252487897872925
	0.6252703666687012
	0.6252541542053223
	0.6252800226211548
	0.6252808570861816
	0.6252697110176086
	0.6252941489219666
	0.6252918839454651
	0.6253034472465515
	0.6253122687339783
	0.6253281235694885
	0.6253302097320557
	0.6253557205200195
	0.6253573894500732
	0.6253684163093567
	0.6253610849380493
	0.6253648400306702
	0.6253615617752075
	0.6253618597984314
	0.6253734230995178
	0.6253851652145386
	0.6254103779792786
	0.6254073977470398
	0.6254313588142395
	0.6254367232322693
	0.6254282593727112
	0.6254441142082214
	0.6254343390464783
	0.6254264116287231
	0.6254382133483887
	0.6254523396492004
	0.625451385974884
	0.6254604458808899
	0.62544846534729
	0.6254432201385498
	0.6254630088806152
	0.6254873275756836
	0.6255105137825012
	0.6255086064338684
	0.6255112886428833
	0.625544548034668
	0.6255434155464172
	0.6255488991737366
	0.6255102157592773
	0.6255224943161011
	0.6255137324333191
	0.6255330443382263
	0.6255360841751099
	0.6255544424057007
	0.6255970001220703
	0.6255987882614136
	0.6255897879600525
	0.6256029605865479
	0.6256239414215088
	0.6256384253501892
	0.6256327033042908
	0.6256385445594788
	0.6256386041641235
	0.6256580352783203
	0.6256621479988098
	0.6256727576255798
	0.625701904296875
	0.625701904296875
	0.625694751739502
	0.6256978511810303
	0.6257108449935913
	0.6256936192512512
	0.6256929636001587
	0.6257051825523376
	0.6257139444351196
	0.6257221102714539
	0.6257002353668213
	0.6257087588310242
	0.6257345676422119
	0.6257514357566833
	0.6257664561271667
	0.6257712244987488
	0.6257901787757874
	0.6258271932601929
	0.6258242130279541
	0.6258272528648376
	0.6258414387702942
	0.625852644443512
	0.6258492469787598
	0.6258663535118103
	0.6258888244628906
	0.6258754730224609
	0.6258863806724548
	0.6259098649024963
	0.625932514667511
	0.6259408593177795
	0.6259595155715942
	0.6259863376617432
	0.6259857416152954
	0.6259980201721191
	0.6260077953338623
	0.6260117292404175
	0.626018226146698
	0.6260263919830322
	0.6260458827018738
	0.6260516047477722
	0.6260430812835693
	0.6260473132133484
	0.6260517239570618
	0.6260477900505066
	0.6260442137718201
	0.6260678768157959
	0.6260622143745422
	0.626082181930542
	0.6261072158813477
	0.6261319518089294
	0.6261267066001892
	0.6261482834815979
	0.6261637806892395
	0.6261589527130127
	0.62617027759552
	0.6261501908302307
	0.6261764168739319
	0.6261948943138123
	0.6261854767799377
	0.626185417175293
	0.6261926293373108
	0.6261839270591736
	0.6261873245239258
	0.6262077689170837
	0.6262089610099792
	0.6262142658233643
	0.6262246966362
	0.6262370347976685
	0.6262235641479492
	0.6262345314025879
	0.6262578964233398
	0.6262747049331665
	0.6262866854667664
	0.62630295753479
	0.6263108849525452
	0.6263221502304077
	0.6263357400894165
	0.6263442635536194
	0.6263571381568909
	0.626365065574646
	0.6263630986213684
	0.6263864040374756
	0.6263924241065979
	0.6264071464538574
	0.6264126300811768
	0.6264255046844482
	0.6264287829399109
	0.6264533400535583
	0.626453697681427
	0.6264456510543823
	0.6264609098434448
	0.6264421939849854
	0.6264508366584778
	0.6264485716819763
	0.626473605632782
	0.6264955401420593
	0.6265181303024292
	0.6265318393707275
	0.6265278458595276
	0.6265204548835754
	0.6265196800231934
	0.6265183091163635
	0.6264876127243042
	0.6265112161636353
	0.6264984607696533
	0.6265076398849487
	0.6265241503715515
	0.6265245079994202
	0.6265296936035156
	0.6265451312065125
	0.6265434622764587
	0.6265301704406738
	0.6265679001808167
	0.6265923380851746
	0.6266080141067505
	0.6266125440597534
	0.626616895198822
	0.6266209483146667
	0.6266394257545471
	0.6266737580299377
	0.6266756653785706
	0.6266580820083618
	0.6266606450080872
	0.626654863357544
	0.6266760230064392
	0.6266858577728271
	0.6266934871673584
	0.626684844493866
	0.6267211437225342
	0.6267197728157043
	0.6267372369766235
	0.6267432570457458
	0.6267606616020203
	0.6267567276954651
	0.6267709136009216
	0.6267579197883606
	0.6267467737197876
	0.6267660856246948
	0.626774787902832
	0.6267909407615662
	0.6268146634101868
	0.6268128156661987
	0.6268201470375061
	0.6268072128295898
	0.6268165111541748
	0.6268155574798584
	0.6268084645271301
	0.6268317699432373
	0.6268385052680969
	0.6268707513809204
	0.6268667578697205
	0.6268637776374817
	0.6268481016159058
	0.6268433928489685
	0.6268537640571594
	0.6268424987792969
	0.6268463730812073
	0.6268383860588074
	0.6268667578697205
	0.6268635392189026
	0.6268767714500427
	0.6269015669822693
	0.6269240975379944
	0.6269556283950806
	0.6269698739051819
	0.6269804835319519
	0.6269811987876892
	0.6269864439964294
	0.6269891262054443
	0.6269996166229248
	0.6270110607147217
	0.6270368099212646
	0.6270505785942078
	0.6270546913146973
	0.6270751953125
	0.627084493637085
	0.6270935535430908
	0.6271042823791504
	0.627114474773407
	0.6271235942840576
	0.6270973086357117
	0.6270828247070312
	0.6270934343338013
	0.6271089315414429
	0.627099335193634
	0.6271241903305054
	0.6271445751190186
	0.6271384358406067
	0.6271396279335022
	0.6271624565124512
	0.6271839141845703
	0.6271851658821106
	0.6271966099739075
	0.6272451877593994
	0.6272259950637817
	0.6272310018539429
	0.6272399425506592
	0.6272385120391846
	0.6272607445716858
	0.627264142036438
	0.62726891040802
	0.6272676587104797
	0.6272849440574646
	0.6272692084312439
	0.6272813081741333
	0.6272717118263245
	0.6272854804992676
	0.6273061037063599
	0.6273105144500732
	0.6273194551467896
	0.6273236274719238
	0.6273422241210938
	0.6273455023765564
	0.6273471117019653
	0.6273548603057861
	0.6273508667945862
	0.6273438930511475
	0.627341091632843
	0.6273518204689026
	0.6273574233055115
	0.6273671984672546
	0.6273640990257263
	0.6273766756057739
	0.6273758411407471
	0.6273617744445801
	0.6273780465126038
	0.6273565888404846
	0.6273210644721985
	0.6273209452629089
	0.6273363828659058
	0.6273422241210938
	0.6273436546325684
	0.6273684501647949
	0.627349853515625
	0.6273623704910278
	0.6273767948150635
	0.6273894906044006
	0.6274073719978333
	0.62741619348526
	0.627423882484436
	0.6273958683013916
	0.6273935437202454
	0.6273870468139648
	0.62735915184021
	0.6273650527000427
	0.6273768544197083
	0.6273822784423828
	0.6273805499076843
	0.6273898482322693
	0.6273946762084961
	0.6273854374885559
	0.6273996233940125
	0.6273743510246277
	0.6273639798164368
	0.6273781061172485
	0.6273639798164368
	0.6273715496063232
	0.6273797750473022
	0.62741619348526
	0.6274208426475525
	0.6274312734603882
	0.6274635195732117
	0.6274660229682922
	0.6274551749229431
	0.6274572610855103
	0.6274620890617371
	0.6274933218955994
	0.6274901628494263
	0.6274629831314087
	0.6274561285972595
	0.6274697184562683
	0.62748122215271
	0.6274846792221069
	0.6274767518043518
	0.6274847388267517
	0.6275016665458679
	0.6275013089179993
	0.6274820566177368
	0.6274917125701904
	0.627495527267456
	0.6275123357772827
	0.6274969577789307
	0.627515435218811
	0.6275233030319214
	0.6275203824043274
	0.6275076270103455
	0.6274939179420471
	0.627479612827301
	0.6275030374526978
	0.6275092363357544
	0.627485990524292
	0.6274828910827637
	0.6274924874305725
	0.6274908185005188
	0.6274807453155518
	0.6274853348731995
	0.6274927258491516
	0.6274974942207336
	0.627483606338501
	0.627506673336029
	0.6275137662887573
	0.6275166869163513
	0.6275027990341187
	0.6275108456611633
	0.6275184750556946
	0.6274954080581665
	0.6274958848953247
	0.6274953484535217
	0.6275174617767334
	0.6274992227554321
	0.6275057792663574
	0.6275011897087097
	0.6275104284286499
	0.6275265216827393
	0.6275194883346558
	0.6275455951690674
	0.6275404095649719
	0.6275436878204346
	0.6275382041931152
	0.6275664567947388
	0.6275768280029297
	0.627583920955658
	0.6275889873504639
	0.6275882124900818
	0.6275801062583923
	0.6275832653045654
	0.6275683641433716
	0.627553403377533
	0.6275683641433716
	0.6275510787963867
	0.6275362968444824
	0.6275532841682434
	0.6275460124015808
	0.6275202035903931
	0.6275337338447571
	0.6275187730789185
	0.6275349855422974
	0.6275578737258911
	0.6275757551193237
	0.6275915503501892
	0.6276150941848755
	0.6276090145111084
	0.6276048421859741
	0.6276045441627502
	0.6276305913925171
	0.627653181552887
	0.627659797668457
	0.6276755332946777
	0.627670407295227
	0.6276767253875732
	0.6276981234550476
	0.6276904940605164
	0.6276853084564209
	0.6276893019676208
	0.6276857852935791
	0.6277016997337341
	0.6277395486831665
	0.6277474164962769
	0.6277236342430115
	0.6277514696121216
	0.6277739405632019
	0.627781867980957
	0.6277773380279541
	0.6277852058410645
	0.627787172794342
	0.6277925372123718
	0.6278152465820312
	0.6278122663497925
	0.6278272271156311
	0.6278252005577087
	0.6278390288352966
	0.6278504133224487
	0.6278297901153564
	0.6278238892555237
	0.6278137564659119
	0.6277866363525391
	0.6277943849563599
	0.627770721912384
	0.6277778148651123
	0.6277968883514404
	0.627800703048706
	0.6278180480003357
	0.6278188824653625
	0.6278151273727417
	0.6278210282325745
	0.6278301477432251
	0.6278195381164551
	0.6278199553489685
	0.6278309226036072
	0.6278146505355835
	0.6278288960456848
	0.6278349757194519
	0.6278495192527771
	0.6278560161590576
	0.627853274345398
	0.6278822422027588
	0.6278904676437378
	0.6278934478759766
	0.6279132962226868
	0.6279127597808838
	0.6279023289680481
	0.6278946995735168
	0.6279153823852539
	0.627926230430603
	0.6279306411743164
	0.6279222965240479
	0.6279451847076416
	0.6279253959655762
	0.6279234886169434
	0.6279412508010864
	0.6279421448707581
	0.6279617547988892
	0.6279521584510803
	0.6279621124267578
	0.6279404163360596
	0.6279240250587463
	0.6279267072677612
	0.6279193758964539
	0.6279244422912598
	0.6279285550117493
	0.6279446482658386
	0.6279488801956177
	0.6279200315475464
	0.6279354691505432
	0.6279404759407043
	0.6279268860816956
	0.6279386281967163
	0.6279565095901489
	0.627974808216095
	0.6279922127723694
	0.6279968023300171
	0.6280262470245361
	0.6280283331871033
	0.6280478835105896
	0.6280611157417297
	0.6280410289764404
	0.628058671951294
	0.6280900239944458
	0.6280948519706726
	0.6280719637870789
	0.6281005144119263
	0.6280978918075562
	0.628105878829956
	0.6281043291091919
	0.6281061768531799
	0.6281200647354126
	0.6281085014343262
	0.6281242370605469
	0.6281174421310425
	0.6281144618988037
	0.6281082034111023
	0.6281110644340515
	0.6281002759933472
	0.628096342086792
	0.6280972957611084
	0.6280826330184937
	0.6280695199966431
	0.6280658841133118
	0.6280728578567505
	0.6280558109283447
	0.6280652284622192
	0.6280530095100403
	0.6280452609062195
	0.6280568838119507
	0.6280428171157837
	0.6280251741409302
	0.6280429363250732
	0.6280359029769897
	0.6280604004859924
	0.6280628442764282
	0.6280709505081177
	0.6280888319015503
	0.6280850172042847
	0.6280928254127502
	0.6280876994132996
	0.6281024813652039
	0.628125011920929
	0.6281307935714722
	0.6281404495239258
	0.62815922498703
	0.6281723380088806
	0.6281740665435791
	0.6281747221946716
	0.6281952261924744
	0.6281912326812744
	0.6281818747520447
	0.6281855702400208
	0.6281877756118774
	0.6282017827033997
	0.6282103061676025
	0.6281942129135132
	0.6282147765159607
	0.628215491771698
	0.6282220482826233
	0.6281995177268982
	0.628218948841095
	0.6282094717025757
	0.6282278895378113
	0.6282287240028381
	0.6282193660736084
	0.6282046437263489
	0.6282263994216919
	0.6282529830932617
	0.6282599568367004
	0.6282442808151245
	0.6282368302345276
	0.6282386183738708
	0.6282373666763306
	0.6282526254653931
	0.6282427906990051
	0.6282539963722229
	0.6282764077186584
	0.6282802224159241
	0.6282656788825989
	0.6282745003700256
	0.6282586455345154
	0.6282733678817749
	0.6282861232757568
	0.6282952427864075
	0.6283011436462402
	0.6282910108566284
	0.6283043622970581
	0.6283071041107178
	0.6283162236213684
	0.6283220052719116
	0.6283294558525085
	0.6283292174339294
	0.628313422203064
	0.6282991766929626
	0.6283096671104431
	0.6283170580863953
	0.6283077597618103
	0.6283125281333923
	0.6283282041549683
	0.6283282041549683
	0.6283186078071594
	0.6283215284347534
	0.6283245086669922
	0.6283106803894043
	0.6282939910888672
	0.6282879114151001
	0.6282747387886047
	0.6282708644866943
	0.6282570958137512
	0.6282589435577393
	0.6282720565795898
	0.6282883286476135
	0.6282843351364136
	0.6282874345779419
	0.6282678246498108
	0.6282831430435181
	0.6282608509063721
	0.6282666921615601
	0.6282669305801392
	0.6282685995101929
	0.6282890439033508
	0.6282931566238403
	0.6282907128334045
	0.6282922625541687
	0.6283026933670044
	0.6282751560211182
	0.6282652616500854
	0.6282622218132019
	0.6282594799995422
	0.6282788515090942
	0.6282784342765808
	0.6282873153686523
	0.6282953023910522
	0.6283038854598999
	0.6282934546470642
	0.6282792687416077
	0.6282772421836853
	0.6282891631126404
	0.6283077001571655
	0.6283283829689026
	0.6283012628555298
	0.6283126473426819
	0.628325343132019
	0.6283243894577026
	0.628345251083374
	0.6283413767814636
	0.6283682584762573
	0.6283696889877319
	0.6283669471740723
	0.6283795833587646
	0.6284008622169495
	0.628420889377594
	0.6284154057502747
	0.6284324526786804
	0.6284456849098206
	0.6284404397010803
	0.6284387111663818
	0.6284545063972473
	0.6284871101379395
	0.6284793019294739
	0.628501832485199
	0.6285070776939392
	0.6285045146942139
	0.6285077333450317
	0.6285185217857361
	0.6285050511360168
	0.6284957528114319
	0.6285125613212585
	0.6285128593444824
	0.6285101771354675
	0.6285173892974854
	0.6285156011581421
	0.628535807132721
	0.6285409927368164
	0.628563642501831
	0.6285476088523865
	0.6285515427589417
	0.6285452246665955
	0.6285365223884583
	0.6285327076911926
	0.6285284757614136
	0.6285153031349182
	0.6285317540168762
	0.6285480260848999
	0.6285422444343567
	0.6285555362701416
	0.6285817623138428
	0.6285717487335205
	0.6285762786865234
	0.6285822987556458
	0.6285678148269653
	0.6285760998725891
	0.6285552382469177
	0.6285439729690552
	0.628555178642273
	0.6285468339920044
	0.6285521388053894
	0.6285560131072998
	0.6285695433616638
	0.628576934337616
	0.6286055445671082
	0.6286247968673706
	0.628627359867096
	0.6286235451698303
	0.6286311149597168
	0.628638505935669
	0.6286156177520752
	0.6285949945449829
	0.6286230087280273
	0.6286184191703796
	0.6286300420761108
	0.628616213798523
	0.6286113858222961
	0.6286178231239319
	0.6286186575889587
	0.6286129355430603
	0.6285894513130188
	0.6286013126373291
	0.6286022663116455
	0.6286036372184753
	0.6285907626152039
	0.6286062002182007
	0.6286256909370422
	0.6286326050758362
	0.6286351084709167
	0.6286364793777466
	0.6286619901657104
	0.6286411881446838
	0.6286636590957642
	0.6286728382110596
	0.6286653280258179
	0.6286715269088745
	0.6286648511886597
	0.6286805868148804
	0.6287037134170532
	0.628717303276062
	0.6287333369255066
	0.6287174224853516
	0.6287326216697693
	0.6287387609481812
	0.6287334561347961
	0.6287527084350586
	0.6287403106689453
	0.6287609934806824
	0.6287744641304016
	0.6287946105003357
	0.6287940144538879
	0.6288195252418518
	0.6288564801216125
	0.6288526654243469
	0.6288630366325378
	0.6288416385650635
	0.6288504600524902
	0.628861129283905
	0.6288756728172302
	0.6288788318634033
	0.6288953423500061
	0.6289010047912598
	0.6289239525794983
	0.6289103627204895
	0.628937304019928
	0.6289492845535278
	0.6289337277412415
	0.6289199590682983
	0.6289103627204895
	0.628950834274292
	0.6289488673210144
	0.6289655566215515
	0.6289741396903992
	0.6289745569229126
	0.628960132598877
	0.6289598941802979
	0.6289647221565247
	0.6289641261100769
	0.6289647221565247
	0.6289633512496948
	0.6289681792259216
	0.6289705038070679
	0.6289657950401306
	0.6289726495742798
	0.6289653778076172
	0.6289794445037842
	0.6289901733398438
	0.6289973258972168
	0.6289741396903992
	0.6289932131767273
	0.6290116906166077
	0.6290344595909119
	0.6290276646614075
	0.6290532350540161
	0.6290716528892517
	0.629075288772583
	0.6290842294692993
	0.6290662884712219
	0.6290411949157715
	0.6290453672409058
	0.6290570497512817
	0.629064679145813
	0.6290721297264099
	0.6290977597236633
	0.6291028261184692
	0.6290923357009888
	0.6291161179542542
	0.6291088461875916
	0.6291362047195435
	0.6291321516036987
	0.629160463809967
	0.6291740536689758
	0.6291830539703369
	0.6291632652282715
	0.6291630864143372
	0.6291750073432922
	0.6291788816452026
	0.6291961073875427
	0.6291896104812622
	0.6291926503181458
	0.6291878819465637
	0.6291650533676147
	0.6291823387145996
	0.6291837096214294
	0.6291956305503845
	0.6292064785957336
	0.6292294859886169
	0.6292562484741211
	0.6292528510093689
	0.629240095615387
	0.629241943359375
	0.629269003868103
	0.6292831897735596
	0.6292939186096191
	0.6293095946311951
	0.6293016076087952
	0.6293058395385742
	0.6292961239814758
	0.6293005347251892
	0.6293120980262756
	0.6293056011199951
	0.6292859315872192
	0.6293107271194458
	0.629307210445404
	0.6293155550956726
	0.6293177604675293
	0.6293284893035889
	0.6293312311172485
	0.6293209195137024
	0.6292874813079834
	0.6292791962623596
	0.6292700171470642
	0.6292818188667297
	0.6292703151702881
	0.6292868256568909
	0.6292989253997803
	0.6292884349822998
	0.6292756199836731
	0.6292769312858582
	0.6293030381202698
	0.6293174028396606
	0.6293308138847351
	0.6293372511863708
	0.6293272972106934
	0.6293600797653198
	0.6293641328811646
	0.6293597221374512
	0.6293823719024658
	0.6294090151786804
	0.6294215321540833
	0.6294265985488892
	0.6294382214546204
	0.6294488906860352
	0.629458487033844
	0.6294814348220825
	0.6294797658920288
	0.6294931769371033
	0.6295221447944641
	0.6295082569122314
	0.629522442817688
	0.6295217275619507
	0.6295024752616882
	0.6294780373573303
	0.6294580698013306
	0.6294898986816406
	0.6295073628425598
	0.629530131816864
	0.6295209527015686
	0.6295526027679443
	0.6295508146286011
	0.6295729875564575
	0.6295851469039917
	0.6295890212059021
	0.6296001076698303
	0.6296125650405884
	0.6296331882476807
	0.6296164989471436
	0.6296285390853882
	0.629599928855896
	0.629610002040863
	0.6296319961547852
	0.6296245455741882
	0.6296138763427734
	0.6296188235282898
	0.6296224594116211
	0.629619836807251
	0.6296414732933044
	0.6296550631523132
	0.6296430230140686
	0.6296800374984741
	0.6296860575675964
	0.6296899914741516
	0.6296902298927307
	0.6297130584716797
	0.6297290325164795
	0.6297463774681091
	0.6297728419303894
	0.6297886371612549
	0.6297736763954163
	0.6297987699508667
	0.6297945976257324
	0.6298038959503174
	0.6298313140869141
	0.6298536658287048
	0.6298718452453613
	0.6298706531524658
	0.6298823356628418
	0.629906177520752
	0.6299425363540649
	0.6299311518669128
	0.6299364566802979
	0.6299392580986023
	0.6299036741256714
	0.6299068927764893
	0.6298617720603943
	0.6298747062683105
	0.6298829913139343
	0.6298741102218628
	0.6298974752426147
	0.6299020051956177
	0.6298941969871521
	0.6298849582672119
	0.6298989653587341
	0.6298795938491821
	0.629903256893158
	0.6299126148223877
	0.6299316883087158
	0.6299132108688354
	0.629944920539856
	0.62994384765625
	0.6299483180046082
	0.6299692988395691
	0.6299633383750916
	0.6299681663513184
	0.629995584487915
	0.6300172209739685
	0.6300057172775269
	0.6300105452537537
	0.6300134658813477
	0.6300290822982788
	0.63001948595047
	0.6300225853919983
	0.6300051808357239
	0.6299922466278076
	0.6299981474876404
	0.6300177574157715
	0.6300147771835327
	0.630000114440918
	0.6300433874130249
	0.6300615072250366
	0.6300821304321289
	0.6300907731056213
	0.630088746547699
	0.6300956606864929
	0.6300894021987915
	0.6300939917564392
	0.6300688982009888
	0.6300495266914368
	0.6300705075263977
	0.630091667175293
	0.6301116943359375
	0.6301178336143494
	0.6301081776618958
	0.630142092704773
	0.6301344633102417
	0.6301390528678894
	0.6301532983779907
	0.6301854848861694
	0.6301920413970947
	0.6302067637443542
	0.6302072405815125
	0.6301955580711365
	0.6302105188369751
	0.6302393674850464
	0.6302486658096313
	0.6302717924118042
	0.6302811503410339
	0.6303026080131531
	0.6302732229232788
	0.6302778720855713
	0.6302671432495117
	0.63027423620224
	0.630275309085846
	0.6302809119224548
	0.6302855610847473
	0.6302507519721985
	0.6302757859230042
	0.6302828192710876
	0.6303043365478516
	0.6303234100341797
	0.6303380131721497
	0.6303394436836243
	0.6303430795669556
	0.63033127784729
	0.6303170919418335
	0.6303054094314575
	0.6303303837776184
	0.6303562521934509
	0.6303491592407227
	0.6303451657295227
	0.6303464770317078
	0.6303454041481018
	0.6303312182426453
	0.6303390264511108
	0.630354642868042
	0.6303308010101318
	0.6303263306617737
	0.6303060054779053
	0.6302914619445801
	0.6302741169929504
	0.6302980780601501
	0.6303326487541199
	0.6303293108940125
	0.6303473114967346
	0.6303586363792419
	0.6303830146789551
	0.6303970813751221
	0.6303964257240295
	0.6304213404655457
	0.6304264068603516
	0.6304202675819397
	0.6304227113723755
	0.63041752576828
	0.6304145455360413
	0.6304312348365784
	0.6304399371147156
	0.630450963973999
	0.6304552555084229
	0.6304812431335449
	0.6304817199707031
	0.6304560303688049
	0.6304758191108704
	0.6304881572723389
	0.6305090188980103
	0.6305072903633118
	0.6305314898490906
	0.6305540800094604
	0.6305709481239319
	0.6305722594261169
	0.6305766105651855
	0.630578875541687
	0.630584180355072
	0.6305868625640869
	0.630589485168457
	0.6305967569351196
	0.6305899024009705
	0.6306262016296387
	0.6306416392326355
	0.6306186318397522
	0.630641758441925
	0.6306308507919312
	0.6306343078613281
	0.6306179165840149
	0.6306406259536743
	0.6306478381156921
	0.6306533813476562
	0.6306602358818054
	0.6306833624839783
	0.6306701302528381
	0.6306788921356201
	0.630671501159668
	0.6307061910629272
	0.6307087540626526
	0.6307078003883362
	0.6307290196418762
	0.6307404041290283
	0.6307626962661743
	0.6307770013809204
	0.6307543516159058
	0.6307432055473328
	0.6307224631309509
	0.63071608543396
	0.6307082772254944
	0.6307407021522522
	0.6307546496391296
	0.630760908126831
	0.6307699084281921
	0.6307740807533264
	0.6307834982872009
	0.630793035030365
	0.6308121085166931
	0.6308318376541138
	0.6308366656303406
	0.6308608651161194
	0.6308708786964417
	0.6308380961418152
	0.630858302116394
]