[
	0.6599727531915874
	0.6599727531915878
	0.6599727531915288
	0.6599727531934018
	0.6599727732346581
	0.6599739384246889
	0.6600497775747994
	0.6602055470104686
	0.6603608579744745
	0.6605080173954188
	0.6606692269595341
	0.6608332429744127
	0.660967597741725
	0.66108417642793
	0.6612389155613467
	0.6613644656538774
	0.661485068551793
	0.6615805904723014
	0.6616894885804021
	0.6618141429349128
	0.6619286542397917
	0.662029729900247
	0.6621269069391216
	0.6622284925239553
	0.6623095064808936
	0.6623971343261463
	0.6624583584705248
	0.6625463609604398
	0.6626315987541779
	0.6627106446443194
	0.662782650835245
	0.6628627273975943
	0.6629082206989801
	0.6629520755122473
	0.6630225956430985
	0.6630771567882299
	0.6631174038174872
	0.6631806290324654
	0.6632285523959996
	0.6632876974271663
	0.6633216180512314
	0.6633618286104401
	0.6633716736131727
	0.6634028196989892
	0.6634306568184671
	0.66348115694507
	0.6635064285633612
	0.6635402451795507
	0.6635771307102603
	0.6636079009189461
	0.6636302557336698
	0.6636608929688704
	0.6636716584259194
	0.6636790096421226
	0.6636970288984211
	0.6636967702585125
	0.6636951082547919
	0.6637238959669477
	0.6637389853126814
	0.6637304426893801
	0.6637458913728178
	0.6637598131420311
	0.6637755195450644
	0.6637805867089324
	0.6637830127570535
	0.663787477440649
	0.663784461336384
	0.6637714175252003
	0.6637567171569372
	0.6637569486861508
	0.6637461369665418
	0.6637650736218231
	0.6637635111412301
	0.6637671040916436
	0.6637592108551172
	0.6637704260808828
	0.6637818010681931
	0.6637703065921692
	0.6637661558903594
	0.6637602716156497
	0.6637290704445336
	0.663734449798744
	0.6637237397671747
	0.6637010822329753
	0.6636856990099285
	0.6636856179250425
	0.6636701175352694
	0.6636457766470777
	0.6636279166659628
	0.6636090247262418
	0.6635916684265228
	0.6635883960369432
	0.6635765942520566
	0.6635709589073939
	0.6635687509808422
	0.6635529115784884
	0.6635276185425535
	0.6635121410554923
	0.6634814574106936
	0.6634509100614873
	0.6634406661953826
	0.6634198635501367
	0.66341367588753
	0.6634007572772272
	0.6633829827992935
	0.663368871990747
	0.6633568812092154
	0.6633371070749711
	0.6633290150980543
	0.6633311434826696
	0.6633201458194569
	0.6633099406726846
	0.6632934003067937
	0.6632871362958022
	0.6632707318781492
	0.6632445027695941
	0.6632172103146023
	0.6632005769966454
	0.6631794447177598
	0.663151524542086
	0.6631441820339719
	0.6631254853964329
	0.663108973660548
	0.6630925587128403
	0.6630835866878921
	0.6630561190946893
	0.6630364228426947
	0.6630240405621277
	0.663002454038222
	0.6629771833910936
	0.662963117112201
	0.6629430855691949
	0.6629193036555311
	0.6629093578903874
	0.6628911846447046
	0.6628764930672095
	0.6628603469797397
	0.6628357933795856
	0.6628149576611628
	0.6627923237970195
	0.6627822068261328
	0.6627712132666806
	0.6627542059846036
	0.6627303927569976
	0.6627127382972534
	0.662693700707818
	0.6626783114699728
	0.6626697628575516
	0.66263550853464
	0.6626198797938817
	0.6626009017801469
	0.6625812004084448
	0.6625758855910231
	0.6625611847538894
	0.6625382803658887
	0.6625173897363577
	0.6624990371477337
	0.6624847990648823
	0.6624675589258865
	0.6624419892905646
	0.6624267926763002
	0.6624109363973775
	0.6623983700590378
	0.6623819427046996
	0.6623635964943683
	0.6623473659318714
	0.6623247574096495
	0.6623122921778328
	0.6622981356916875
	0.6622868466469146
	0.6622773941822672
	0.6622661829546544
	0.6622537815017238
	0.6622515037943189
	0.6622276691199988
	0.6622051853290817
	0.6621961510632293
	0.6621884167654432
	0.6621809341012471
	0.6621656967836872
	0.6621558672315268
	0.6621422954454047
	0.6621223784954325
	0.6621125817424318
	0.6620907425922927
	0.6620813020747767
	0.6620648536022409
	0.6620499075010209
	0.662037574481673
	0.6620225390095836
	0.6620046104518048
	0.6619973092521486
	0.6619908067926236
	0.6619772283984101
	0.6619661858792405
	0.66195367827417
	0.6619417635177204
	0.661929622404055
	0.6619196296866364
	0.6619128995135037
	0.6619079240556586
	0.6619009040738973
	0.6618777721483854
	0.6618733543720999
	0.6618629085850861
	0.6618494461846934
	0.6618306890342268
	0.6618122532755413
	0.6618032640537275
	0.6617879952955602
	0.6617780017260105
	0.6617707418741844
	0.6617624238850721
	0.6617517585840051
	0.6617414110336788
	0.6617314164396478
	0.6617186183619816
	0.6617170310956216
	0.661708649625575
	0.6616995129692642
	0.661685545920203
	0.6616691959307384
	0.6616569644513383
	0.6616506166624463
	0.6616423972556849
	0.6616288775269628
	0.6616222085143578
	0.6616088607779824
	0.6616027539058196
	0.6615953200511381
	0.6615846434453191
	0.6615753391194177
	0.6615655922742298
	0.6615616350763948
	0.6615590284468423
	0.6615533216033794
	0.6615447473280464
	0.6615326338676095
	0.6615272488160421
	0.6615201624082091
	0.6615115652337734
	0.6615002790936167
	0.6614924892337569
	0.6614862533094574
	0.6614771020532646
	0.6614678043758933
	0.6614547244960627
	0.6614518273969023
	0.6614418423795307
	0.6614395714735305
	0.6614299675850023
	0.6614197532753877
	0.6614116162273265
	0.6614096418856654
	0.661396501263736
	0.6613865986020546
	0.6613762599031812
	0.6613652606587924
	0.6613601358000524
	0.6613559279763499
	0.6613513435699335
	0.6613453686456916
	0.6613483335856349
	0.6613412869842032
	0.6613395147507272
	0.6613388932250008
	0.6613336477720889
	0.6613255187594599
	0.661321780013945
	0.6613223894404955
	0.6613184296094053
	0.661312506287069
	0.661304839526535
	0.6612988711362584
	0.6612947078966662
	0.6612911669503906
	0.6612826680218432
	0.6612817986748535
	0.6612769560595538
	0.661274270598784
	0.6612706869603483
	0.6612691090152061
	0.6612629302749241
	0.6612601326376119
	0.6612544228247195
	0.6612520118660574
	0.6612501918692861
	0.6612490061018028
	0.661244756222912
	0.6612422459641274
	0.6612383672598926
	0.6612369835440772
	0.6612368471396272
	0.661235215919143
	0.6612329493509878
	0.6612356039315735
	0.6612324032979655
	0.6612353703589725
	0.6612303594010196
	0.6612236118626338
	0.6612193987497031
	0.6612101466764932
	0.6612062171184373
	0.6612043915836628
	0.6611958489141827
	0.6611916153495868
	0.6611909798233099
	0.661187420273911
	0.661184801272108
	0.6611809838421825
	0.6611746403179325
	0.6611746632472316
	0.661176457383867
	0.6611761947926137
	0.6611768847012283
	0.6611729989962103
	0.6611666368301048
	0.6611614301514126
	0.6611630565484665
	0.6611596567437611
	0.6611536395823444
	0.6611486224026766
	0.6611499440392664
	0.6611480610422185
	0.6611523744349793
	0.6611508060382977
	0.6611483928086672
	0.6611445646047509
	0.6611454901541117
	0.6611389197405679
	0.6611370052298741
	0.6611294597979059
	0.6611262067206959
	0.6611209132091026
	0.6611172129451879
	0.6611132145031272
	0.6611121639312545
	0.6611123796350368
	0.6611177498523904
	0.6611173509050594
	0.6611198824487196
	0.6611222819550018
	0.6611149162995962
	0.6611094906712791
	0.6611140549869814
	0.6611114640716806
	0.6611078411832146
	0.661105873909354
	0.6611073883563354
	0.6611049904693124
	0.6611002945630607
	0.661102237836429
	0.6610964235006946
	0.6610974812841299
	0.6610969273830993
	0.6610964549862015
	0.66110671023763
	0.6611077974668317
	0.6611083018211088
	0.6611053499835318
	0.6611081356055809
	0.66110527455634
	0.6611058628457958
	0.6611080984406446
	0.6611059608430924
	0.661104985220698
	0.6611067269962035
	0.6611045178173465
	0.6611139399998648
	0.6611150539166508
	0.6611181556826283
	0.6611186929423845
	0.6611230474345712
	0.6611253818346815
	0.6611210910377415
	0.6611185740208899
	0.6611239947240312
	0.6611233157921034
	0.6611226161279823
	0.6611220718033528
	0.6611259232856691
	0.66112801319431
	0.6611271034599024
	0.6611323853949859
	0.6611292624840314
	0.6611307422156357
	0.6611376897572553
	0.6611371090451252
	0.6611395595669617
	0.6611379737008806
	0.6611415691726972
	0.6611435694261274
	0.6611407698017382
	0.6611368882249195
	0.6611406436849848
	0.6611358647762302
	0.6611390282411563
	0.6611389408941889
	0.6611398599187246
	0.6611419476871919
	0.6611407795144856
	0.6611415332838034
	0.6611413436869659
	0.6611417492957381
	0.6611408460428899
	0.6611439767849114
	0.6611477259756959
	0.6611488610864269
	0.661147495697877
	0.661149068818303
	0.6611543237078757
	0.6611589059084843
	0.661162467398262
	0.6611634943183401
	0.6611648315983791
	0.6611665870859031
	0.6611651695603438
	0.6611724005297587
	0.6611752284249384
	0.6611800637828946
	0.6611826809444838
	0.6611830141820358
	0.6611911283734013
	0.6611894992863954
	0.6611874143035739
	0.6611874243401143
	0.6611857996449899
	0.6611916082528241
	0.6611906470901412
	0.6611888354336024
	0.6611888888927012
	0.6611965070650485
	0.6612002362166225
	0.6611988721384092
	0.6611986308408657
	0.6612048545574201
	0.6612084865863755
	0.661210408739628
	0.6612165290221977
	0.6612236714506158
	0.6612229842934351
	0.661226452409772
	0.6612289883030981
	0.6612310031480773
	0.6612364325673907
	0.6612398998658251
	0.6612412307205724
	0.6612440523756786
	0.6612502203726952
	0.661260703167527
	0.6612654217370931
	0.661267871307502
	0.6612686697633084
	0.6612776372388947
	0.6612720618529112
	0.661270195548052
	0.6612754690820434
	0.6612778869317479
	0.6612801480051076
	0.661284057736359
	0.6612855922085188
	0.6612852750225019
	0.6612861995735396
	0.6612841054285156
	0.6612930929618815
	0.6612954762345701
	0.6613017860212884
	0.6613051845063327
	0.6613037150512706
	0.6613020720580721
	0.6613032213036688
	0.6613082791822191
	0.6613138863377873
	0.6613109180874143
	0.6613087755333371
	0.6613136584621552
	0.6613124471819906
	0.6613102797771878
	0.6613105467527941
	0.661316343499333
	0.6613195852020781
	0.6613134290516665
	0.6613205659122496
	0.6613253833903836
	0.6613285065702432
	0.6613297859991794
	0.6613387635372038
	0.6613428448239899
	0.6613410017338179
	0.6613435016616688
	0.6613472365872172
	0.6613483350877762
	0.6613468867248534
	0.6613408722980169
	0.6613444923992043
	0.6613437557483783
	0.6613441584298335
	0.661345160211997
	0.6613481640702973
	0.66135226278909
	0.6613516600506614
	0.6613533550919752
	0.6613521165430728
	0.661353917727504
	0.6613476114098443
	0.6613551416219003
	0.6613589274903264
	0.6613616615534521
	0.6613653359889842
	0.6613629680082868
	0.661366997302976
	0.6613703823951779
	0.6613720463044406
	0.6613716341111994
	0.661371974714122
	0.661375922641746
	0.661381006679048
	0.6613830328897657
	0.6613894872088879
	0.66139251644969
	0.6613941862165562
	0.6613957144724408
	0.6613970853056494
	0.661400629106603
	0.6613953791266601
	0.6613954639627504
	0.6614025383669645
	0.6613975783148752
	0.6614016242736392
	0.6613976793529581
	0.6613993471669036
	0.6614001333158348
	0.6614058952253782
	0.6614058736227927
	0.6614131558538499
	0.6614206252768936
	0.6614282158057345
	0.6614238326060843
	0.6614242826535361
	0.661423788177159
	0.6614182159080693
	0.6614161689547225
	0.6614180219831014
	0.6614170878071796
	0.6614138529256814
	0.661418148423373
	0.6614231612234013
	0.6614241713114977
	0.6614222249198762
	0.6614231650050167
	0.6614247480243197
	0.6614119090446913
	0.6614162146095339
	0.6614162461490601
	0.6614152471040686
	0.6614180089544648
	0.6614214191861807
	0.6614231573725229
	0.6614277853648006
	0.6614272834314731
	0.6614249385922688
	0.6614259347762498
	0.6614304165659373
	0.6614239579693116
	0.6614275288583007
	0.6614299596409505
	0.6614299390900187
	0.6614282653391585
	0.6614322788822746
	0.6614292322000835
	0.6614345392492607
	0.6614379275105929
	0.6614365721239056
	0.6614421059627903
	0.6614380382328363
	0.6614358865525708
	0.6614354059666676
	0.6614299246729918
	0.661432401247981
	0.6614306780823976
	0.6614282175819739
	0.6614318832416379
	0.6614345167567441
	0.6614334218019009
	0.6614368669911808
	0.6614355293840709
	0.661434803904711
	0.6614333850549541
	0.6614276951274596
	0.6614215219654936
	0.6614199869214077
	0.6614171944641193
	0.6614158469257833
	0.6614183407960318
	0.6614174333827272
	0.661414456976312
	0.661409616377139
	0.6614181499727413
	0.6614157461868351
	0.6614208952423861
	0.661422285181274
	0.6614263964224417
	0.6614262709428486
	0.6614259421371599
	0.6614305879599117
	0.661426693247974
	0.6614243110722342
	0.6614278816169034
	0.6614231254261791
	0.6614231660265185
	0.6614224532084525
	0.6614265820809719
	0.6614310438014894
	0.6614297439158091
	0.6614286058207973
	0.661429357476759
	0.6614243141260835
	0.661424019969722
	0.6614234520856017
	0.6614265927170768
	0.6614198095425295
	0.6614180086227944
	0.6614156128389149
	0.6614208865771402
	0.661420671646618
	0.6614198273914512
	0.6614245098920222
	0.6614241458219083
	0.661431443710143
	0.6614343998690034
	0.6614326900360666
	0.6614299379171719
	0.6614302566907238
	0.6614330385744546
	0.6614366008078933
	0.6614328987516823
	0.6614336082909438
	0.6614311087243886
	0.6614316048512875
	0.6614351535686255
	0.6614368886061051
	0.6614348004942849
	0.6614410216695347
	0.6614429382173974
	0.6614465225940317
	0.6614526138974097
	0.661454526401369
	0.6614535527235672
	0.6614569742582062
	0.6614606429629366
	0.6614564823563479
	0.6614568784997522
	0.6614539647821982
	0.661453475829706
	0.6614513324925284
	0.661454387795375
	0.6614546473290045
	0.6614581038510869
	0.6614590121066966
	0.6614537960354782
	0.6614604999651252
	0.6614610763565905
	0.6614624791492236
	0.661458290863972
	0.661453733463931
	0.6614546421173066
	0.6614577402132732
	0.6614532459904672
	0.661448171149833
	0.66145179715644
	0.661459539637594
	0.6614617818162395
	0.661470296995374
	0.6614668168891088
	0.6614625307459753
	0.6614608201965595
	0.6614609209237255
	0.6614661450997195
	0.6614632267877062
	0.6614661016871687
	0.6614685082902079
	0.6614706572634705
	0.6614694465793532
	0.6614679594236497
	0.6614639279335108
	0.6614636850555475
	0.6614647318303045
	0.6614639201447265
	0.6614635940842968
	0.6614621455870499
	0.6614656575433973
	0.6614655867177295
	0.6614620501870634
	0.6614681798389637
	0.6614677954178171
	0.6614688035110114
	0.6614678800751081
	0.661467417640411
	0.661464026920487
	0.661469804131026
	0.6614696945219023
	0.661473493953717
	0.6614707322138494
	0.6614743059207565
	0.6614752930969282
	0.6614686530874425
	0.6614679891731176
	0.6614651477690134
	0.661461741388377
	0.6614645335327857
	0.6614657691855407
	0.661459221177141
	0.6614583641878032
	0.6614566361168662
	0.661454543166581
	0.6614554810049481
	0.6614604708255963
	0.6614632524670504
	0.6614629479914849
	0.6614592251031092
	0.6614514977428265
	0.6614507351091871
	0.6614499167123093
	0.6614502648732048
	0.6614508010537801
	0.6614496756554314
	0.6614531382736767
	0.6614464777686639
	0.6614461145270242
	0.6614423288769194
	0.6614409348619453
	0.6614426031675722
	0.6614386287730649
	0.6614412856491987
	0.6614364825504992
	0.6614344248059778
	0.6614357323228184
	0.6614330544269218
	0.6614336079412406
	0.6614324777335695
	0.6614314613581027
	0.6614341314811434
	0.6614342795403552
	0.6614341220581463
	0.6614389692143666
	0.6614389318378431
	0.6614368155340645
	0.6614411511168686
	0.6614425932721663
	0.6614463143201328
	0.6614503276701706
	0.6614533863300058
	0.6614512149407384
	0.661452024089999
	0.6614534878954439
	0.6614551927932636
	0.661457200832074
	0.6614570279621618
	0.6614559026517577
	0.6614521866792281
	0.6614459333564381
	0.6614465998437795
	0.6614441665407326
	0.6614474380969281
	0.6614444865261823
	0.661448709844509
	0.6614482986989285
	0.6614471590499649
	0.661442809688137
	0.6614426723231219
	0.661438484690491
	0.6614421671776183
	0.6614418926871517
	0.6614394346015716
	0.6614374644268126
	0.6614459761395789
	0.6614456868035957
	0.6614479294136084
	0.6614481874127515
	0.661446651829309
	0.6614475765362169
	0.6614479634615645
	0.661451999902144
	0.6614483033475158
	0.6614441156613657
	0.6614440967123211
	0.6614418348213115
	0.6614407689216172
	0.661437257512363
	0.661440186458666
	0.6614403021673145
	0.6614425234909936
	0.6614405499373694
	0.6614395874701756
	0.6614386538163632
	0.6614351338156649
	0.6614381368276402
	0.6614383774459732
	0.6614418476251936
	0.6614426558609703
	0.6614411542796664
	0.6614372114327577
	0.6614405097144398
	0.6614443968410127
	0.6614465446623301
	0.6614431236144412
	0.6614475706509645
	0.661445071867295
	0.6614440137546166
	0.6614440941638698
	0.6614415582943607
	0.661447358907127
	0.6614442934713374
	0.6614438672544339
	0.6614353105414831
	0.661439309663473
	0.6614344550883383
	0.6614361797633082
	0.6614365864488801
	0.661440642046015
	0.6614382101667339
	0.661431649895262
	0.6614344003060253
	0.6614351953321278
	0.6614312133544602
	0.6614329035250037
	0.6614304855028562
	0.661424743703664
	0.6614257924027345
	0.6614260574784291
	0.6614232465433929
	0.6614161409463495
	0.6614176466147716
	0.661420665115189
	0.661422848127378
	0.6614235293409718
	0.6614241051668627
	0.6614187518994571
	0.6614200001427316
	0.6614206140386307
	0.661420899671599
	0.6614211287716613
	0.6614227454004735
	0.661424346242484
	0.6614232083886505
	0.661420385293746
	0.6614188742412281
	0.6614191218514706
	0.6614154286667183
	0.6614163425132087
	0.6614215969228258
	0.6614202744217261
	0.6614194231120534
	0.6614276627445507
	0.6614275531329048
	0.6614254160364605
	0.6614239522397632
	0.6614250895775091
	0.6614248703675756
	0.6614251868768346
	0.6614240978047016
	0.6614280524682148
	0.6614352238263612
	0.6614330650872146
	0.6614361064864859
	0.6614358763517141
	0.6614359591635296
	0.6614387467993066
	0.6614375011598873
	0.6614322978948816
	0.661430568952259
	0.6614357954311486
	0.6614351207368686
	0.6614360588773024
	0.6614341926382955
	0.6614347592092665
	0.6614376948598535
	0.6614379481399922
	0.6614354783474814
	0.6614311000864941
	0.6614288305431806
	0.6614346387805905
	0.6614362522372703
	0.6614396079343857
	0.6614379986370893
	0.6614397240272959
	0.6614417545882005
	0.6614380451191835
	0.6614326587977044
	0.6614336029135721
	0.6614307119081401
	0.661425690064702
	0.6614309517618956
	0.6614324306464102
	0.6614308593125469
	0.6614345747202719
	0.6614356742380516
	0.6614312724537789
	0.6614251042822689
	0.6614222387025316
	0.6614227006918073
	0.6614233548330052
	0.6614185558737048
	0.6614243816974967
	0.6614244938966979
	0.6614257874426023
	0.6614304091305413
	0.6614312827881285
	0.6614338090385805
	0.6614299016667001
	0.6614274658752027
	0.6614236820886333
	0.6614192215911172
	0.6614244680893132
	0.6614250543634325
	0.6614258481001399
	0.6614232952146404
	0.6614233235251882
	0.6614209028944374
	0.6614200380207427
	0.6614220715879127
	0.6614125274606831
	0.6614174982155605
	0.6614199508702875
	0.6614209132240324
	0.6614216938649932
	0.6614225380763618
	0.6614253852589032
	0.6614339029168632
	0.6614362830642774
	0.6614376537573988
	0.661431544298655
	0.6614291283200028
	0.6614297415030514
	0.661431880842719
	0.6614324160849238
	0.6614332160167896
	0.6614296588540736
	0.6614342123976478
	0.6614285654522828
	0.66142909920972
	0.6614263638927131
	0.6614314685088772
	0.6614270168663371
	0.6614219103163456
	0.661424134100476
	0.6614295836464438
	0.6614327856088041
	0.6614316015173431
	0.6614312122989838
	0.6614250410213074
	0.6614264208670662
	0.6614255726779528
	0.6614245053360005
	0.6614249346391311
	0.6614250140424355
	0.6614250913485241
	0.6614216944691033
	0.6614219169458797
	0.6614172477026397
	0.6614207716561344
	0.6614216670685951
	0.6614218970465371
	0.6614175526637354
	0.6614182935518884
	0.6614222602570035
	0.6614242870173638
	0.6614220874083687
	0.6614268642168079
	0.6614270254644763
	0.6614302643738335
	0.6614296779675357
	0.6614276502893176
	0.6614284332526804
	0.6614259412133366
	0.6614304084337921
	0.6614324548467219
	0.6614332898869376
	0.6614320985870525
	0.6614282118913717
	0.6614303742097906
	0.6614295850137476
	0.6614306480731708
	0.6614320326713543
	0.6614352116511856
	0.6614404474402935
	0.661447596456372
	0.6614473082032601
	0.6614487676962845
	0.661441225240827
	0.6614473380033709
	0.6614428171761172
	0.6614401855617045
	0.6614419459424481
	0.6614400321369185
	0.6614380660541829
	0.6614385283641379
	0.6614406355705653
	0.6614403110393422
	0.6614379271054817
	0.6614385044704896
	0.6614387305679202
	0.6614419175515686
	0.6614380598063769
	0.6614377716249515
	0.6614368098282551
	0.6614304272039992
	0.6614246705899439
	0.6614265932124069
	0.6614309478976292
	0.6614330558370601
	0.6614306336786273
	0.6614311603137228
	0.6614255627177387
	0.661421809035145
	0.6614274730520382
	0.6614281266360613
	0.66142675711377
	0.6614213997689424
	0.661423695062264
	0.6614264263391169
	0.6614251138983058
	0.6614230526332703
	0.6614239876770942
	0.661425081395415
	0.6614207675538937
	0.6614200846227679
	0.6614203148821574
	0.6614124440718343
	0.6614133704602627
	0.6614128177038126
	0.6614106428444118
	0.6614086283362541
	0.6614150499368032
	0.6614132428432281
	0.6614138842780548
	0.6614180573157032
	0.6614184965011423
	0.6614192188899831
	0.6614209565790681
	0.6614221727930542
	0.6614219738353201
	0.6614239337142382
	0.66142466957734
	0.6614277370379107
	0.6614351484223836
	0.6614346350249093
	0.6614307765438447
	0.6614272766666435
	0.6614325342509756
	0.6614308055988545
	0.6614285308794633
	0.6614277870229042
	0.6614273454731002
	0.6614242430519489
	0.6614276986128909
	0.6614250789095694
	0.6614211172748715
	0.6614203957129662
	0.661421935821855
	0.661419391179112
	0.6614170302412855
	0.6614158608012433
	0.6614132242475882
	0.6614142556783429
	0.6614191788236347
	0.6614156744638152
	0.6614129850068785
	0.661408656475036
	0.6614093062005203
	0.6614100869781714
	0.6614130826610004
	0.6614104174225958
	0.6614134232488725
	0.6614184960899367
	0.6614192302148314
	0.6614194816433693
	0.6614214348651432
	0.6614212732977661
	0.6614209349636699
	0.6614193619001215
	0.6614179228820951
	0.6614175630157735
	0.6614212962247478
	0.6614254382395527
	0.6614253095287572
	0.6614206051457782
	0.6614182236674104
	0.6614147805938806
	0.6614125783737418
	0.6614151179577065
	0.6614110359251113
	0.6614155750444538
	0.6614124086923647
	0.6614127465376433
	0.6614126936750531
	0.6614148744854893
	0.6614178428146084
	0.6614187027164306
	0.6614151630439682
	0.6614168797692412
	0.6614188340566641
	0.661413566212768
	0.6614124720313361
	0.6614112505408416
	0.6614141105522374
	0.661412430847244
	0.6614107386327914
	0.6614097135953263
	0.6614139986957271
	0.6614126002314982
	0.6614173987372244
	0.661416010744969
	0.6614123031224753
	0.6614090100532968
	0.6614060855515393
	0.6614102362527803
	0.6614070103711007
	0.6614028265756043
	0.6614050017304535
	0.6614079266366473
	0.6614094517545539
	0.6614086974175806
	0.661409913162061
	0.6614134585596382
	0.6614114741035951
	0.6614151230071711
	0.6614179531909686
	0.6614206836157461
	0.6614218771748399
	0.6614225067388264
	0.6614215286238416
	0.6614221781564136
	0.6614244991348497
	0.6614229097730242
	0.6614225449648382
	0.661425368101938
	0.6614267766280989
	0.6614224683363361
	0.6614252233951273
	0.6614250875075797
	0.6614228738239032
	0.6614231749147134
	0.6614204204497804
	0.661421320607211
	0.6614199636505939
	0.6614167986289019
	0.6614169973553219
	0.6614157267745777
	0.6614174561998288
	0.6614152706156073
	0.661419813757737
	0.6614140864464141
	0.6614185079392889
	0.6614231888186355
	0.6614299059962258
	0.6614300025692689
	0.6614315020036657
	0.661431746353516
	0.6614282819347463
	0.661431692364873
	0.6614319424578823
	0.661432443810973
	0.6614330156664822
	0.6614310673495377
	0.6614271079992061
	0.6614286322255571
	0.6614265041061157
	0.6614264378894475
	0.6614317209069251
	0.6614275908823425
	0.661427697810113
	0.6614239330643551
	0.6614246262559735
	0.6614295378810735
	0.6614332801983295
	0.661433437813346
	0.6614325117232983
	0.6614331024153992
	0.6614337800197413
	0.661433617072464
	0.6614327274579028
	0.6614333367251132
	0.6614296351696941
	0.6614295057142591
	0.6614329603413539
	0.661436181893146
	0.6614396557957604
	0.661437268119224
	0.6614362579411256
	0.6614332481961782
	0.6614387196348365
	0.6614323959609554
	0.6614290037320026
	0.6614325525095193
	0.6614393964848264
	0.6614435535811033
	0.6614389486597129
	0.661443795304814
	0.6614390348761362
	0.6614394483124377
	0.6614438095037187
	0.661442451872859
	0.6614438404100169
	0.661441324126027
	0.6614444561507478
	0.6614460146604926
	0.6614477592295491
	0.661448360509956
	0.6614522426176495
	0.6614498501694265
	0.6614498428156916
	0.6614462020577236
	0.6614426753750756
	0.6614455462636885
	0.6614467852985015
	0.6614462110392297
	0.6614424062062315
	0.6614391756462453
	0.6614354044182622
	0.6614338891789691
	0.6614323721728824
	0.6614387723198907
	0.661439049904896
	0.661438318415845
	0.6614314718069666
	0.6614340268712112
	0.6614382695416573
	0.6614374926618296
	0.6614416548486299
	0.6614494680446472
	0.6614537738156197
	0.6614481221827473
	0.6614445037594898
	0.6614461121573871
	0.6614462507660462
	0.6614530404279734
	0.6614498632102346
	0.6614481412156679
	0.661446454453147
	0.6614459505358316
	0.6614481570172511
	0.6614483040896849
	0.6614478232212587
	0.6614504758371952
	0.6614490480899126
	0.6614500485916989
	0.6614492018181848
	0.6614455820331612
	0.6614421792752935
	0.6614451385926099
	0.6614464922523702
	0.6614507808821211
	0.6614494688503626
	0.6614489212639425
	0.6614518973088201
	0.661455007082912
	0.6614588826354316
	0.6614521447101279
	0.6614548322249191
	0.661459881230137
	0.6614559844138134
	0.6614573495592985
	0.6614565628835821
	0.6614557901803263
	0.6614568959924401
	0.6614512677397701
	0.661448766779507
	0.6614460173307916
	0.661442838388108
	0.6614431988754658
	0.6614388426119562
	0.6614440157393582
	0.6614421281828227
	0.6614408837133647
	0.6614415541459867
	0.6614401297760405
	0.6614368188362828
	0.6614399213500726
	0.6614389886616543
	0.6614398590582752
	0.6614425686459988
	0.6614467083784095
	0.6614488308153399
	0.6614489248254619
	0.6614472492985664
	0.6614485657320839
	0.6614515621666791
	0.6614519578517537
	0.6614542156596176
	0.6614603704441627
	0.6614610214870529
	0.6614599599638107
	0.6614600995257394
	0.6614618695329629
	0.6614583652013203
	0.6614543509858873
	0.6614537921820984
	0.6614507475843572
	0.6614495255641466
	0.6614578823288197
	0.6614549443003772
	0.6614543702317227
	0.6614505810380281
	0.6614530714517629
	0.6614506412147128
	0.661452956454854
	0.6614532644385828
	0.6614566650793114
	0.6614612283893677
	0.6614572804007535
	0.6614508564692124
	0.6614493135607299
	0.661447273389132
	0.6614431806240465
	0.6614389066700852
	0.6614413256066508
	0.6614376304643594
	0.6614382819835442
	0.66144164282615
	0.6614389483421812
	0.6614428840641089
	0.6614414461630798
	0.6614426072564352
	0.661444339502139
	0.6614438859796027
	0.6614402546225637
	0.661438576161567
	0.6614384633056803
	0.6614382244623925
	0.6614383040651366
	0.6614319166771685
	0.6614380165531778
	0.6614372100418836
	0.6614402669206129
	0.661439857733839
	0.6614395689537096
	0.6614378780235806
	0.6614421642895292
	0.6614437008297805
	0.6614450032587355
	0.6614404690676604
	0.6614432946064511
	0.6614396477891378
	0.6614382840304981
	0.6614388217836602
	0.6614433709473405
	0.6614439018596162
	0.6614451933585601
	0.6614437356423662
	0.6614460282410495
	0.6614509890879258
	0.661450887845462
	0.6614480088152289
	0.6614479114343054
	0.6614468993150028
	0.6614451896795661
	0.6614440299041546
	0.661447045126684
	0.6614478547560148
	0.6614479786484315
	0.6614532787138196
	0.6614523459443005
	0.6614483156387025
	0.6614506335194419
	0.6614526004965235
	0.6614507804140836
	0.6614473868018172
	0.6614426866252019
	0.6614456171051618
	0.6614405522004827
	0.661443146899598
	0.6614451236430159
	0.6614449809215447
	0.6614499669032385
	0.6614512385474786
	0.6614518526474412
	0.6614537929523282
	0.6614537474510774
	0.6614534101112157
	0.6614553315024031
	0.6614526512096364
	0.6614553999391791
	0.6614576822624713
	0.661460089815301
	0.6614580648175236
	0.6614516346263615
	0.6614509736250404
	0.6614547692561131
	0.6614542307148232
	0.661454749221322
	0.6614590126606306
	0.6614566792799523
	0.6614551495112031
	0.661452413555459
	0.6614526532194006
	0.6614581942027107
	0.6614592885612325
	0.6614607227965266
	0.6614549135145567
	0.6614532105009838
	0.6614539211500696
	0.6614542380038352
	0.6614529243979318
	0.6614519382688353
	0.6614472684074624
	0.6614402646005717
	0.6614427620656298
	0.6614429136667175
	0.6614463813913775
	0.6614466028819131
	0.6614490541423818
	0.6614534334659399
	0.6614541615670744
	0.6614527792778716
	0.6614514843594003
	0.661448880410257
	0.661444720848295
	0.6614458777157358
	0.6614470129626409
	0.6614447708700425
	0.6614445160500716
	0.6614460594244718
	0.6614514398684439
	0.6614519077344309
	0.6614553937766394
	0.6614550227193945
	0.6614561637714266
	0.6614618671770095
	0.6614603505189591
	0.6614555265685462
	0.6614536221743881
	0.6614600170377851
	0.6614563931508974
	0.66144622348773
	0.6614443285299071
	0.6614464428721958
	0.6614398884877916
	0.6614406710016743
	0.6614422561503122
	0.6614455783724289
	0.6614458300920097
	0.6614414892973207
	0.6614431987263429
	0.661444825055137
	0.661444206715323
	0.6614388618402657
	0.6614370328197338
	0.6614348659050228
	0.6614340059398434
	0.6614355838254898
	0.6614375209827925
	0.6614337762560605
	0.6614301405700367
	0.661430519567665
	0.6614297341055984
	0.6614246820497475
	0.6614265598341877
	0.6614229514912041
	0.6614246833358625
	0.6614296277903807
	0.6614298137850364
	0.6614298274359565
	0.6614268509046802
	0.6614258520594071
	0.6614256357504303
	0.6614273029926175
	0.6614253381365356
	0.6614279349697745
	0.6614317957878093
	0.6614355385752035
	0.6614403684061113
	0.6614350537379201
	0.661435369543238
	0.6614405002211995
	0.6614435315074182
	0.6614443658873622
	0.6614469128424816
	0.6614475178220052
	0.6614495548151789
	0.661447754882863
	0.6614508866271819
	0.6614532580905862
	0.6614527407988429
	0.6614515875227612
	0.6614502624285711
	0.6614554776298417
	0.6614502012128742
	0.6614428726958969
	0.6614465551993919
	0.6614510031380024
	0.6614549494492279
	0.6614632637701804
	0.6614616639518155
	0.6614596594268629
	0.6614614311623342
	0.6614638724570848
	0.6614699829027266
	0.661469790799495
	0.6614663184347986
	0.6614668183829697
	0.661463999442117
	0.6614594415591449
	0.661457559466983
	0.6614585780263761
	0.6614549773336444
	0.6614496754247607
	0.6614513290411015
	0.661449834513256
	0.6614525758242701
	0.6614516878023285
	0.661458118347661
	0.6614560465077254
	0.6614607656970876
	0.6614565642758924
	0.661455932413492
	0.661454594371464
	0.6614491025957273
	0.6614489403952232
	0.6614490647000805
	0.6614462993954363
	0.6614431298090263
	0.6614402362608358
	0.6614370111206826
	0.6614346389842434
	0.6614314321180063
	0.6614320683120766
	0.6614288566168197
	0.6614327052136008
	0.6614331410430294
	0.661427588959971
	0.6614262477699344
	0.6614287344726184
	0.6614253615330893
	0.6614334692941225
	0.6614388298945804
	0.6614454406442355
	0.6614422062722608
	0.6614351013599784
	0.6614350617940435
	0.6614368000023922
	0.6614350856373337
	0.6614344031920362
	0.6614390065168507
	0.6614337752822738
	0.6614363383117715
	0.6614368280670109
	0.6614296550489295
	0.6614308484291693
	0.6614300175970349
	0.6614256206002764
	0.6614288054003628
	0.6614270147380599
	0.6614248172182506
	0.6614290598832279
	0.661424019501464
	0.661423793619259
	0.6614258115131069
	0.6614248705979907
	0.6614236410190336
	0.6614234493529444
	0.6614306497185182
	0.661428166803522
	0.6614258964472325
	0.6614252330458262
	0.6614303584568764
	0.6614329358253553
	0.6614335302190777
	0.6614296453777799
	0.6614282814191882
	0.6614315266398214
	0.6614266896761676
	0.661425622433196
	0.6614265176374599
	0.6614261896120677
	0.6614223867638853
	0.6614214856678815
	0.6614172006100032
	0.6614123756650779
	0.6614103371587964
	0.6614039053280398
	0.6614052286350075
	0.6614123294372716
	0.66141489474384
	0.6614172670384071
	0.6614172452317842
	0.6614128049417854
	0.6614157114042899
	0.6614190661043609
	0.6614213942343491
	0.6614219409383789
	0.6614235036205917
	0.6614205913930167
	0.6614202775803203
	0.6614170636715804
	0.6614185832912586
	0.6614203362926667
	0.6614211730708847
	0.6614197216900229
	0.6614246363202454
	0.6614240039207608
	0.6614254524586484
	0.6614273341014665
	0.6614326476607049
	0.6614353959807111
	0.6614404977261495
	0.6614434923319841
	0.661450835669057
	0.6614511659875074
	0.6614529771390586
	0.6614506567282366
	0.6614530235717752
	0.6614536363262612
	0.6614528413288056
	0.6614524201583643
	0.6614516581662532
	0.6614546366282125
	0.6614561991130995
	0.6614583612075693
	0.6614563703059523
	0.6614555588170282
	0.6614568745941144
	0.6614531943728182
	0.6614510087170933
	0.6614488359998725
	0.6614480338168474
	0.6614444490205684
	0.6614400768817774
	0.6614410223509116
	0.661446557520936
	0.6614400041104513
	0.6614363964178344
	0.6614374716402959
	0.6614333525853098
	0.6614359530436246
	0.6614316455212087
	0.6614309681901328
	0.6614296968725285
	0.6614286929671183
	0.6614328414781744
	0.661429116710813
	0.6614308326000722
	0.6614282292250661
	0.6614271729482375
	0.6614277195042803
	0.6614318431161339
	0.6614321231849423
	0.6614329067449005
	0.6614274465799443
	0.6614282738201872
	0.6614280476261097
	0.661428192373737
	0.661428644895734
	0.6614234881825269
	0.6614190755196763
	0.6614198125136012
	0.661420023914039
	0.6614210592407114
	0.6614185233234543
	0.6614174267281175
	0.6614200825835536
	0.6614225526149373
	0.6614270438798896
	0.661427185836187
	0.6614266902892846
	0.6614287070334945
	0.6614292341431883
	0.6614301623580309
	0.661427574700151
	0.6614374202957299
	0.66143672789341
	0.6614381928917638
	0.6614373393999382
	0.661433065973161
	0.6614342799988107
	0.6614342342224063
	0.6614290895317024
	0.6614300531415436
	0.6614282263331054
	0.6614299502673869
	0.6614336576973001
	0.6614327081102349
	0.6614359801958404
	0.6614362335293422
	0.661438786600867
	0.6614356817411617
	0.6614343174297997
	0.6614398407175857
	0.6614402518722714
	0.6614389482494875
	0.6614406612740377
	0.661436418584727
	0.6614423627440629
	0.6614415647217036
	0.6614429534203438
	0.6614452372239451
	0.6614530262056193
	0.6614510002346228
	0.6614492369321365
	0.6614552109191176
	0.6614597870661691
	0.6614545446643879
	0.6614536124810676
	0.6614577776818389
	0.6614561349316714
	0.6614592832214972
	0.6614600699384836
	0.6614584322324379
	0.6614642553242442
	0.6614571505998159
	0.6614568916869917
	0.6614560074418957
	0.6614597540198565
	0.6614538153564696
	0.66145272263954
	0.6614543963044474
	0.6614561579045155
	0.6614569257889136
	0.6614612258357073
	0.6614569661441623
	0.6614544211743185
	0.6614494353119198
	0.6614453831285394
	0.661441956083335
	0.6614377416210249
	0.6614388897913661
	0.6614394931625888
	0.6614381691932609
	0.6614381563626874
	0.6614364294781481
	0.6614362695726208
	0.6614374155849262
	0.6614380959268337
	0.6614348426132598
	0.6614331544249749
	0.6614325554237053
	0.6614307595697612
	0.6614362095039081
	0.6614368987572113
	0.6614381045437219
	0.6614452734026247
	0.6614469556849748
	0.6614469181489215
	0.6614482955745811
	0.6614459317838585
	0.6614413824667383
	0.6614432227453693
	0.6614426895252863
	0.6614404577694949
	0.6614382234902562
	0.6614337066430024
	0.6614329328348065
	0.6614352568579202
	0.661440354779477
	0.661444004233848
	0.6614523110027771
	0.6614480237689417
	0.6614473086921865
	0.66145347345566
	0.6614490893514454
	0.6614474489824185
	0.6614443253327997
	0.661444380307358
	0.6614460412118571
	0.6614440235780131
	0.6614424431239011
	0.6614401788718285
	0.6614400825557952
	0.6614387672031207
	0.661439136573458
	0.6614414224745064
	0.6614368155126387
	0.6614362083336502
	0.6614398678162668
	0.6614399090530448
	0.6614422218913383
	0.6614379595452701
	0.6614343914825033
	0.661434625414641
	0.6614379501187029
	0.6614356784487637
	0.6614367884024434
	0.6614382672893239
	0.6614410573803287
	0.6614444901817631
	0.6614465992081076
	0.6614428937667673
	0.6614417904044995
	0.6614412336241058
	0.6614408838745187
	0.6614411535883691
	0.6614418553778968
	0.6614451464083182
	0.6614470938315254
	0.6614424008595825
	0.6614420063990153
	0.6614408510869361
	0.6614366657547487
	0.6614366772472368
	0.6614361484426786
	0.661434231562229
	0.6614350200854113
	0.6614349471016037
	0.6614367723822131
	0.66144034878012
	0.6614441043728926
	0.661443038405779
	0.6614436212005332
	0.6614430778423357
	0.6614395384447856
	0.6614370625933846
	0.6614353256613683
	0.6614376624643757
	0.6614427107177278
	0.6614462340173871
	0.6614485168307821
	0.6614486850996446
	0.6614449344638467
	0.6614426519640221
	0.661444306800874
	0.6614436494693722
	0.6614484162249176
	0.6614446169037158
	0.6614469052130391
	0.6614420147924592
	0.6614482009049492
	0.6614516755990756
	0.6614503226486004
	0.6614446545955533
	0.6614461944274768
	0.6614482724927682
	0.6614453148143126
	0.6614470219739993
	0.6614412272471087
	0.6614411529729274
	0.6614416024629167
	0.6614418935171161
	0.6614435976778441
	0.6614428666902741
	0.6614421090257859
	0.6614419000013374
	0.6614464248438586
	0.6614497892538171
	0.6614508003430065
	0.6614434260580063
	0.6614453272784964
	0.6614463646339462
	0.6614460723093848
	0.6614412708388998
	0.6614454350280202
	0.6614403592558459
	0.6614445087445312
	0.6614379648001321
	0.6614383648639961
	0.6614344174637282
	0.6614368554544361
	0.661431826191358
	0.6614268356463959
	0.6614268384562539
	0.6614223935698811
	0.661421859192535
	0.6614187587439934
	0.6614199476876259
	0.6614197987457847
	0.6614225736492642
	0.6614194920329887
	0.6614273139653821
	0.6614255770099102
	0.6614292662623599
	0.6614326677822226
	0.6614245409476845
	0.661428692201137
	0.6614251355738601
	0.6614303792958063
	0.6614245460075175
	0.6614297960699327
	0.6614259831588045
	0.6614309286117371
	0.661432139497189
	0.6614344353396808
	0.6614377653710737
	0.6614373900069139
	0.6614405191306464
	0.6614352944580874
	0.6614340769303607
	0.6614361854939939
	0.6614409619528965
	0.6614433221562571
	0.6614438856739385
	0.6614392262783332
	0.6614425598378225
	0.6614472987144677
	0.6614437578372351
	0.6614447242845757
	0.6614439707539456
	0.6614367369771733
	0.6614344670349273
	0.6614330542330383
	0.6614265114137619
	0.6614288991426653
	0.6614281297344383
	0.6614253412186224
	0.661428073649892
	0.6614246221236998
	0.6614260055968365
	0.6614241225756117
	0.6614249443177328
	0.6614237132793648
	0.6614185692688418
	0.6614291794614127
	0.661435351639479
	0.6614354501573888
	0.661426488002989
	0.6614274740000343
	0.6614320271564437
	0.6614241864833593
	0.6614284634926613
	0.6614254780055667
	0.661426218352105
	0.6614319249166051
	0.6614398831159432
	0.6614355938853184
	0.661436753841869
	0.6614340645915767
	0.6614360194918391
	0.6614347446703217
	0.6614369505905954
	0.6614354257724925
	0.6614365915887627
	0.6614366358145221
	0.6614310932263611
	0.6614322330102957
	0.6614305989429431
	0.6614349975078901
	0.6614347023776902
	0.661430938535042
	0.6614312495040143
	0.6614321602492972
	0.6614330722583689
	0.6614331086358529
	0.6614293287575724
	0.6614281029999864
	0.6614270722754543
	0.6614282302561731
	0.6614307742647195
	0.6614310542013881
	0.6614334478911378
	0.6614407194198295
	0.6614451160450543
	0.6614403664190481
	0.6614454352662346
	0.6614453876839492
	0.6614464126117984
	0.661449247472886
	0.6614493783217525
	0.6614552488017719
	0.6614610694194843
	0.6614606636302885
	0.6614575664892691
	0.6614591025222077
	0.6614526266569147
	0.6614527616998638
	0.6614517588114256
	0.6614547092705565
	0.6614494969252223
	0.6614498274671362
	0.6614481288940056
	0.6614539506659521
	0.6614543646895756
	0.6614529240725292
	0.6614571315751175
	0.6614650301970847
	0.6614675131008672
	0.6614651136351073
	0.6614662864470845
	0.6614638682848464
	0.6614597069804317
	0.661456286932856
	0.6614575865643387
	0.6614619652408728
	0.6614646545115002
	0.6614620012202412
	0.6614671689070558
	0.6614642727648593
	0.661456971755734
	0.6614611715780463
	0.6614628067035281
	0.6614628740846522
	0.6614595588741892
	0.6614592743888222
	0.6614619790342825
	0.6614632610088722
	0.6614621053048196
	0.6614569561340261
	0.6614589838950996
	0.6614571953221409
	0.6614608625951877
	0.661463364983442
	0.6614656574259741
	0.6614670809474966
]