[
	0.7618288397789001
	0.7617375254631042
	0.7616249322891235
	0.761518120765686
	0.761425793170929
	0.7613327503204346
	0.7612373232841492
	0.7611528635025024
	0.7610634565353394
	0.760962963104248
	0.7608664631843567
	0.7607752680778503
	0.7606814503669739
	0.7606016993522644
	0.7605211734771729
	0.7604424953460693
	0.7603587508201599
	0.7602640986442566
	0.7601743936538696
	0.7601128816604614
	0.7600350379943848
	0.7599431872367859
	0.7598651647567749
	0.7597883939743042
	0.7597037553787231
	0.7596093416213989
	0.7595188617706299
	0.7594378590583801
	0.75937819480896
	0.759293794631958
	0.7592160105705261
	0.7591358423233032
	0.7590771317481995
	0.7590059041976929
	0.758932888507843
	0.7588487267494202
	0.7587623000144958
	0.7586836814880371
	0.7586036324501038
	0.758533239364624
	0.7584565877914429
	0.7583824396133423
	0.7583115100860596
	0.7582272291183472
	0.7581741213798523
	0.7580922842025757
	0.7580273151397705
	0.7579736709594727
	0.7578995823860168
	0.7578346729278564
	0.7577775120735168
	0.7577095031738281
	0.757644534111023
	0.757564127445221
	0.7575044631958008
	0.7574214935302734
	0.7573668360710144
	0.7573025226593018
	0.7572453022003174
	0.7571730017662048
	0.7571048140525818
	0.7570396661758423
	0.7569844722747803
	0.7569189071655273
	0.756853461265564
	0.7567884922027588
	0.756726861000061
	0.7566525340080261
	0.7566015720367432
	0.7565467357635498
	0.756485104560852
	0.7564257979393005
	0.7563633918762207
	0.7563090920448303
	0.7562487125396729
	0.7561944723129272
	0.7561486959457397
	0.7560909390449524
	0.7560367584228516
	0.7559753060340881
	0.7559140920639038
	0.7558492422103882
	0.7558009028434753
	0.7557403445243835
	0.7556859254837036
	0.7556353807449341
	0.755599319934845
	0.7555495500564575
	0.7555081248283386
	0.7554500102996826
	0.7553970813751221
	0.7553390264511108
	0.7552976608276367
	0.7552417516708374
	0.7551757097244263
	0.7551141977310181
	0.7550675272941589
	0.755007266998291
	0.7549567222595215
	0.7549087405204773
	0.7548597455024719
	0.7548215985298157
	0.7547877430915833
	0.754734992980957
	0.75469571352005
	0.7546449303627014
	0.7545941472053528
	0.754545271396637
	0.7544979453086853
	0.7544572949409485
	0.7544187903404236
	0.7543803453445435
	0.7543267011642456
	0.7542721629142761
	0.7542291283607483
	0.7541846632957458
	0.7541360855102539
	0.7540848255157471
	0.7540364861488342
	0.7539969086647034
	0.7539517283439636
	0.7539236545562744
	0.7538696527481079
	0.753812849521637
	0.7537644505500793
	0.7537148594856262
	0.7536762356758118
	0.7536402940750122
	0.7535967826843262
	0.7535613775253296
	0.7535160183906555
	0.7534761428833008
	0.7534310817718506
	0.7533875107765198
	0.753338634967804
	0.7532958984375
	0.7532463073730469
	0.753197431564331
	0.7531523704528809
	0.7531048059463501
	0.7530548572540283
	0.753032386302948
	0.7529975771903992
	0.7529618144035339
	0.7529308199882507
	0.7528860569000244
	0.7528592944145203
	0.7528082132339478
	0.7527774572372437
	0.752728283405304
	0.7526929378509521
	0.7526571750640869
	0.7526118755340576
	0.7525727152824402
	0.7525275945663452
	0.7524880170822144
	0.7524386644363403
	0.7524014711380005
	0.7523660659790039
	0.7523236870765686
	0.7522755861282349
	0.752249002456665
	0.7522146701812744
	0.7521787881851196
	0.7521459460258484
	0.7521076202392578
	0.7520700693130493
	0.7520262002944946
	0.7519861459732056
	0.7519496083259583
	0.7519207000732422
	0.7518825531005859
	0.7518540024757385
	0.7518184185028076
	0.7517857551574707
	0.7517499327659607
	0.751705527305603
	0.751671552658081
	0.7516221404075623
	0.7515878081321716
	0.7515451312065125
	0.7515140771865845
	0.7514762878417969
	0.7514476776123047
	0.7514148950576782
	0.7513808608055115
	0.7513461112976074
	0.7513113021850586
	0.7512772083282471
	0.7512338757514954
	0.7512018084526062
	0.7511707544326782
	0.7511435747146606
	0.7511125802993774
	0.7510770559310913
	0.7510505318641663
	0.7510183453559875
	0.7509854435920715
	0.7509477734565735
	0.7509204745292664
	0.7508916258811951
	0.750858724117279
	0.7508231401443481
	0.7507980465888977
	0.7507644891738892
	0.7507363557815552
	0.7507081031799316
	0.7506736516952515
	0.7506402730941772
	0.7506145238876343
	0.7505865693092346
	0.7505532503128052
	0.7505283355712891
	0.750491201877594
	0.7504603862762451
	0.750434398651123
	0.750405490398407
	0.7503771781921387
	0.7503505945205688
	0.7503266930580139
	0.7503021955490112
	0.7502796053886414
	0.7502414584159851
	0.7502002716064453
	0.750175952911377
	0.7501617074012756
	0.7501421570777893
	0.7501197457313538
	0.7500888109207153
	0.7500616312026978
	0.7500321865081787
	0.7500140070915222
	0.7499890923500061
	0.7499801516532898
	0.7499539852142334
	0.7499394416809082
	0.7499155402183533
	0.749891996383667
	0.7498556971549988
	0.749821126461029
	0.7497920393943787
	0.7497766017913818
	0.7497516870498657
	0.7497233748435974
	0.7496940493583679
	0.7496535181999207
	0.7496274709701538
	0.7495983839035034
	0.7495764493942261
	0.749549388885498
	0.7495315670967102
	0.7495100498199463
	0.7494802474975586
	0.749455451965332
	0.7494426965713501
	0.7494195103645325
	0.7493895292282104
	0.7493695020675659
	0.7493531107902527
	0.7493219971656799
	0.7493078112602234
	0.7492884397506714
	0.7492675185203552
	0.7492318749427795
	0.7492079734802246
	0.7491940259933472
	0.7491759061813354
	0.7491596341133118
	0.7491365671157837
	0.7491048574447632
	0.7490900754928589
	0.7490678429603577
	0.7490523457527161
	0.7490264177322388
	0.7489851117134094
	0.7489652037620544
	0.7489467263221741
	0.7489193677902222
	0.7488991618156433
	0.7488629221916199
	0.7488430738449097
	0.748808741569519
	0.7487812638282776
	0.7487600445747375
	0.7487410306930542
	0.7487209439277649
	0.7487061619758606
	0.7486884593963623
	0.7486716508865356
	0.748650312423706
	0.7486246228218079
	0.7486037015914917
	0.7485871315002441
	0.7485650777816772
	0.748551070690155
	0.7485364675521851
	0.7485274076461792
	0.7485054731369019
	0.748475968837738
	0.7484585642814636
	0.7484340071678162
	0.7484195828437805
	0.7483850121498108
	0.7483686804771423
	0.7483452558517456
	0.7483222484588623
	0.748296320438385
	0.7482749223709106
	0.748248815536499
	0.7482339143753052
	0.7482186555862427
	0.7481918931007385
	0.7481614351272583
	0.7481332421302795
	0.7481180429458618
	0.748104453086853
	0.7480830550193787
	0.748051106929779
	0.7480287551879883
	0.748022735118866
	0.7480139136314392
	0.7479973435401917
	0.7479817271232605
	0.7479630708694458
	0.7479391098022461
	0.7479158639907837
	0.7479006052017212
	0.7478828430175781
	0.7478657364845276
	0.7478386163711548
	0.7478170990943909
	0.7477956414222717
	0.7477760314941406
	0.7477578520774841
	0.747744619846344
	0.7477284073829651
	0.7477094531059265
	0.7476911544799805
	0.7476912140846252
	0.7476837635040283
	0.7476781010627747
	0.7476493120193481
	0.7476325035095215
	0.7476180195808411
	0.7475926876068115
	0.7475795149803162
	0.7475516200065613
	0.7475433349609375
	0.7475329041481018
	0.7475183010101318
	0.7474929094314575
	0.7474791407585144
	0.7474608421325684
	0.7474533319473267
	0.7474254369735718
	0.7474071383476257
	0.7473805546760559
	0.7473626136779785
	0.7473479509353638
	0.7473325133323669
	0.7473047375679016
	0.7472927570343018
	0.7472850680351257
	0.747277021408081
	0.7472613453865051
	0.7472417950630188
	0.7472153902053833
	0.7472001314163208
	0.7471803426742554
	0.7471616268157959
	0.7471292614936829
	0.7471091747283936
	0.7470829486846924
	0.7470694184303284
	0.7470526695251465
	0.7470287084579468
	0.7470134496688843
	0.7469993829727173
	0.7469796538352966
	0.7469563484191895
	0.7469400763511658
	0.7469233870506287
	0.7469022274017334
	0.74688720703125
	0.7468641996383667
	0.7468472719192505
	0.7468270659446716
	0.7468114495277405
	0.7467917799949646
	0.7467835545539856
	0.7467629909515381
	0.7467441558837891
	0.7467317581176758
	0.7467032670974731
	0.7467001080513
	0.7466748952865601
	0.74665766954422
	0.7466353178024292
	0.7466228604316711
	0.7466105818748474
	0.7465957403182983
	0.7465835809707642
	0.7465558648109436
	0.7465395927429199
	0.7465195655822754
	0.7465069890022278
	0.7464893460273743
	0.7464751601219177
	0.746460497379303
	0.7464462518692017
	0.7464290857315063
	0.7464147210121155
	0.7463855743408203
	0.7463595867156982
	0.7463546991348267
	0.7463315725326538
	0.7463125586509705
	0.7462948560714722
	0.746294379234314
	0.7462720274925232
	0.7462476491928101
	0.7462413311004639
	0.7462276220321655
	0.7462236881256104
	0.7461937069892883
	0.7461862564086914
	0.7461785078048706
	0.746167778968811
	0.746152400970459
	0.746127724647522
	0.746116578578949
	0.7460933923721313
	0.746076762676239
	0.7460630536079407
	0.7460541129112244
	0.7460412979125977
	0.7460291981697083
	0.7460154891014099
	0.746006190776825
	0.746005117893219
	0.7459959387779236
	0.7459816932678223
	0.745976984500885
	0.7459560632705688
	0.7459402084350586
	0.7459377646446228
	0.7459143996238708
	0.745890200138092
	0.7458680868148804
	0.745858907699585
	0.7458316087722778
	0.7458208799362183
	0.7458022832870483
	0.7457869648933411
	0.7457848191261292
	0.7457718849182129
	0.7457557916641235
	0.7457291483879089
	0.74571293592453
	0.7456877827644348
	0.7456855177879333
	0.7456715106964111
	0.7456663250923157
	0.7456438541412354
	0.7456294894218445
	0.745616614818573
	0.7455926537513733
	0.7455726861953735
	0.7455463409423828
	0.7455304861068726
	0.7455218434333801
	0.7455095648765564
	0.7454889416694641
	0.7454790472984314
	0.7454518675804138
	0.7454417943954468
	0.7454324960708618
	0.7454180717468262
	0.7454078793525696
	0.7453891038894653
	0.7453687787055969
	0.7453555464744568
	0.7453449964523315
	0.7453321218490601
	0.7453277111053467
	0.74532550573349
	0.7453204393386841
	0.745305597782135
	0.745286226272583
	0.7452929019927979
	0.7452818155288696
	0.7452683448791504
	0.7452559471130371
	0.7452520132064819
	0.7452415823936462
	0.7452219128608704
	0.7452106475830078
	0.745191752910614
	0.7451702952384949
	0.7451557517051697
	0.7451459765434265
	0.7451274991035461
	0.745119571685791
	0.7451100945472717
	0.7451035380363464
	0.7450925707817078
	0.7450777292251587
	0.7450578808784485
	0.7450408935546875
	0.7450214624404907
	0.7450188994407654
	0.7450132966041565
	0.7449978590011597
	0.7449731826782227
	0.7449588775634766
	0.7449319958686829
	0.7449300289154053
	0.7449179291725159
	0.7449079155921936
	0.7448961734771729
	0.7448815703392029
	0.744862973690033
	0.7448431849479675
	0.7448254823684692
	0.7448057532310486
	0.744783878326416
	0.7447622418403625
	0.7447443604469299
	0.7447328567504883
	0.7447203397750854
	0.7447183132171631
	0.7447117567062378
	0.7447049617767334
	0.7446925044059753
	0.7446810603141785
	0.7446686625480652
	0.7446649670600891
	0.7446479201316833
	0.7446337938308716
	0.7446235418319702
	0.7446116805076599
	0.7445914149284363
	0.7445814609527588
	0.74457186460495
	0.7445542812347412
	0.7445371747016907
	0.7445324063301086
	0.7445265054702759
	0.7445135712623596
	0.7445124983787537
	0.7445074915885925
	0.744490385055542
	0.7444721460342407
	0.7444507479667664
	0.7444360256195068
	0.7444188594818115
	0.7444146871566772
	0.7444267272949219
	0.7444101572036743
	0.7443996667861938
	0.7443929314613342
	0.7443856000900269
	0.744385302066803
	0.7443873286247253
	0.7443641424179077
	0.7443389892578125
	0.7443313002586365
	0.7443250417709351
	0.7443203330039978
	0.7443059086799622
	0.7442927360534668
	0.7442885637283325
	0.7442808151245117
	0.7442753911018372
	0.7442594766616821
	0.7442559599876404
	0.74424147605896
	0.7442333698272705
	0.7442256212234497
	0.7442072629928589
	0.7441951632499695
	0.7441896200180054
	0.7441790699958801
	0.7441691756248474
	0.7441604733467102
	0.7441468238830566
	0.7441398501396179
	0.7441370487213135
	0.7441291213035583
	0.7441052198410034
	0.7440801858901978
	0.7440662980079651
	0.7440532445907593
	0.7440395951271057
	0.7440379858016968
	0.744027853012085
	0.7440236806869507
	0.7440162897109985
	0.7440012097358704
	0.7439906597137451
	0.7439809441566467
	0.7439749240875244
	0.7439587116241455
	0.743945837020874
	0.7439287304878235
	0.7439071536064148
	0.7438955307006836
	0.7438907027244568
	0.7438737154006958
	0.7438622713088989
	0.7438433170318604
	0.7438397407531738
	0.7438210844993591
	0.7438127398490906
	0.7438049912452698
	0.7437787055969238
	0.7437640428543091
	0.7437610626220703
	0.7437509894371033
	0.7437344789505005
	0.743729829788208
	0.7437151670455933
	0.7437105774879456
	0.7437009215354919
	0.743686318397522
	0.7436658143997192
	0.74364173412323
	0.7436246275901794
	0.7436165809631348
	0.7436152100563049
	0.7435945868492126
	0.7435744404792786
	0.7435612082481384
	0.7435388565063477
	0.743522584438324
	0.7435005903244019
	0.7434757351875305
	0.7434689998626709
	0.7434581518173218
	0.7434446215629578
	0.7434349656105042
	0.7434229850769043
	0.7433993816375732
	0.7433875203132629
	0.7433649897575378
	0.7433547377586365
	0.743340790271759
	0.7433251738548279
	0.7433168292045593
	0.7433069944381714
	0.7432893514633179
	0.7432836294174194
	0.743263840675354
	0.7432507872581482
	0.7432388663291931
	0.7432224154472351
	0.7432222962379456
	0.7432079315185547
	0.7432135939598083
	0.7431958913803101
	0.7431860566139221
	0.7431733012199402
	0.7431649565696716
	0.7431442141532898
	0.7431278824806213
	0.7431125044822693
	0.7430944442749023
	0.7430831789970398
	0.7430812120437622
	0.7430647015571594
	0.7430738806724548
	0.7430673241615295
	0.7430564165115356
	0.7430492639541626
	0.7430338263511658
	0.7430226802825928
	0.7430029511451721
	0.7429834604263306
	0.7429587244987488
	0.7429457306861877
	0.7429224252700806
	0.7429108619689941
	0.7429099678993225
	0.7428877353668213
	0.7428691983222961
	0.7428621649742126
	0.7428515553474426
	0.7428392171859741
	0.742820143699646
	0.7427975535392761
	0.742798924446106
	0.7427905201911926
	0.7427902221679688
	0.7427722215652466
	0.742764949798584
	0.7427584528923035
	0.7427467107772827
	0.7427284717559814
	0.7427293062210083
	0.7427217364311218
	0.7426925301551819
	0.7426892518997192
	0.7426758408546448
	0.7426667809486389
	0.7426395416259766
	0.7426193356513977
	0.7426122426986694
	0.7425969243049622
	0.7425939440727234
	0.7425829768180847
	0.7425746321678162
	0.7425515651702881
	0.7425510883331299
	0.7425384521484375
	0.7425112724304199
	0.7424983382225037
	0.742477297782898
	0.7424589991569519
	0.7424519062042236
	0.7424506545066833
	0.7424386739730835
	0.7424187660217285
	0.7424048185348511
	0.7423908710479736
	0.742387056350708
	0.7423754334449768
	0.7423619031906128
	0.7423563003540039
	0.7423344850540161
	0.7423201203346252
	0.7422949075698853
	0.7422762513160706
	0.7422523498535156
	0.7422391176223755
	0.7422230243682861
	0.742215096950531
	0.7421958446502686
	0.7421795129776001
	0.7421634197235107
	0.742155134677887
	0.7421591877937317
	0.7421427369117737
	0.7421306371688843
	0.7421348094940186
	0.7421255111694336
	0.7421156167984009
	0.742107629776001
	0.7420988082885742
	0.7420822978019714
	0.7420554161071777
	0.742037832736969
	0.7420278191566467
	0.7420254349708557
	0.7420287728309631
	0.7420170903205872
	0.7420108318328857
	0.7419987916946411
	0.7419740557670593
	0.741951048374176
	0.7419347167015076
	0.7419215440750122
	0.7419066429138184
	0.741894543170929
	0.741881251335144
	0.7418649792671204
	0.7418504953384399
	0.741814374923706
	0.7417956590652466
	0.7417913675308228
	0.7417863607406616
	0.7417768239974976
	0.7417587637901306
	0.7417452931404114
	0.7417371273040771
	0.7417150735855103
	0.7417032122612
	0.741697371006012
	0.7416815757751465
	0.7416738271713257
	0.7416583895683289
	0.7416431307792664
	0.7416316270828247
	0.7416046261787415
	0.7415883541107178
	0.7415733337402344
	0.7415618300437927
	0.7415497303009033
	0.7415211200714111
	0.7415096759796143
	0.7414935231208801
	0.7414831519126892
	0.7414700984954834
	0.741467297077179
	0.7414724826812744
	0.7414619326591492
	0.7414549589157104
	0.7414430975914001
	0.7414169907569885
	0.7413811683654785
	0.7413777709007263
	0.7413590550422668
	0.7413429617881775
	0.7413250803947449
	0.7413011789321899
	0.741295576095581
	0.741277277469635
	0.7412527203559875
	0.7412378787994385
	0.7412288188934326
	0.7412055134773254
	0.7411831617355347
	0.7411586046218872
	0.7411439418792725
	0.7411342859268188
	0.7411277890205383
	0.7411195039749146
	0.7411131858825684
	0.7411011457443237
	0.7410945296287537
	0.7410698533058167
	0.7410503029823303
	0.7410383224487305
	0.7410473227500916
	0.7410373687744141
	0.7410119771957397
	0.7409961819648743
	0.7409807443618774
	0.740973949432373
	0.7409621477127075
	0.7409402132034302
	0.7409284114837646
	0.7409044504165649
	0.7409162521362305
	0.7409032583236694
	0.7408941388130188
	0.7408777475357056
	0.740872323513031
	0.7408649325370789
	0.740851104259491
	0.7408314347267151
	0.7408106327056885
	0.7408050298690796
	0.7407799363136292
	0.7407711148262024
	0.7407583594322205
	0.7407487034797668
	0.7407298684120178
	0.7407245635986328
	0.7407195568084717
	0.7407054901123047
	0.7406869530677795
	0.7406644821166992
	0.7406497001647949
	0.7406189441680908
	0.7406020164489746
	0.7405776977539062
	0.7405683994293213
	0.7405635118484497
	0.7405465245246887
	0.7405365109443665
	0.7405324578285217
	0.7405303716659546
	0.7405053973197937
	0.7404857873916626
	0.7404679656028748
	0.7404671907424927
	0.7404581308364868
	0.740443229675293
	0.7404219508171082
	0.740409255027771
	0.7403822541236877
	0.7403724789619446
	0.7403564453125
	0.7403411269187927
	0.7403141260147095
	0.7402908802032471
	0.7402628064155579
	0.7402434349060059
	0.7402096390724182
	0.7401989102363586
	0.7401873469352722
	0.7401670217514038
	0.7401612997055054
	0.7401477694511414
	0.7401178479194641
	0.7400982975959778
	0.7400926351547241
	0.7400679588317871
	0.740065336227417
	0.7400511503219604
	0.7400310635566711
	0.7400178909301758
	0.7400017380714417
	0.7399898767471313
	0.7399844527244568
	0.739962100982666
	0.739952027797699
	0.7399364709854126
	0.7399208545684814
	0.739929735660553
	0.7399214506149292
	0.7399041056632996
	0.7398890256881714
	0.7398808598518372
	0.739861786365509
	0.7398438453674316
	0.7398248314857483
	0.739817202091217
	0.7397918105125427
	0.7397745251655579
	0.7397624254226685
	0.739750862121582
	0.7397357821464539
	0.7397252321243286
	0.7397111058235168
	0.7396938800811768
	0.7396805286407471
	0.7396618723869324
	0.7396566271781921
	0.7396391034126282
	0.7396165132522583
	0.739597737789154
	0.7395835518836975
	0.7395891547203064
	0.7395913004875183
	0.7395649552345276
	0.7395379543304443
	0.739514172077179
	0.7395057678222656
	0.7394955158233643
	0.7394785284996033
	0.7394681572914124
	0.7394492626190186
	0.7394416332244873
	0.7394206523895264
	0.7394088506698608
	0.7394094467163086
	0.7393929362297058
	0.7393839955329895
	0.739357590675354
	0.7393375635147095
	0.7393261790275574
	0.739302933216095
	0.7392987608909607
	0.7392857074737549
	0.739264965057373
	0.7392592430114746
	0.7392610907554626
	0.7392375469207764
	0.739226222038269
	0.7392184734344482
	0.7392047643661499
	0.7391855120658875
	0.7391765117645264
	0.7391616702079773
	0.7391638159751892
	0.7391514182090759
	0.7391448020935059
	0.739136278629303
	0.7391200065612793
	0.7390952110290527
	0.7390746474266052
	0.7390667200088501
	0.7390573024749756
	0.7390491366386414
	0.7390279173851013
	0.739016056060791
	0.7390030026435852
	0.7389930486679077
	0.7389906048774719
	0.7389811277389526
	0.7389662861824036
	0.7389529347419739
	0.738939106464386
	0.7389360070228577
	0.7389140725135803
	0.7389017343521118
	0.7388954758644104
	0.7388838529586792
	0.7388799786567688
	0.7388654351234436
	0.7388488054275513
	0.7388434410095215
	0.7388287782669067
	0.7388134598731995
	0.738795280456543
	0.7387936115264893
	0.7387998700141907
	0.7387810349464417
	0.7387698292732239
	0.7387614250183105
	0.7387639880180359
	0.7387372255325317
	0.7387349009513855
	0.738728404045105
	0.7387163639068604
	0.7387003898620605
	0.7386875748634338
	0.7386658191680908
	0.7386572957038879
	0.7386386394500732
	0.7386332750320435
	0.7386095523834229
	0.7385942339897156
	0.7385683059692383
	0.738550066947937
	0.7385361194610596
	0.7385140061378479
	0.7384952902793884
	0.7384896874427795
	0.7384855151176453
	0.7384673357009888
	0.7384573221206665
	0.7384496927261353
	0.7384433746337891
	0.7384354472160339
	0.7384095191955566
	0.7384099960327148
	0.7383957505226135
	0.7383889555931091
	0.7383768558502197
	0.7383776307106018
	0.7383760213851929
	0.7383719682693481
	0.7383687496185303
	0.738364577293396
	0.7383455038070679
	0.7383370399475098
	0.7383427023887634
	0.738332986831665
	0.7383127212524414
	0.7382879257202148
	0.7382692098617554
	0.7382671236991882
	0.7382479906082153
	0.7382435202598572
	0.7382294535636902
	0.7382084131240845
	0.7381795644760132
	0.7381670475006104
	0.73816978931427
	0.7381568551063538
	0.738139808177948
	0.7381221652030945
	0.7380979657173157
	0.7380900382995605
	0.7380759716033936
	0.7380642294883728
	0.7380502223968506
	0.7380355000495911
	0.7380239367485046
	0.7380157709121704
	0.7380107045173645
	0.7380165457725525
	0.7380062341690063
	0.7380045652389526
	0.7379992008209229
	0.7379790544509888
	0.7379690408706665
	0.7379708886146545
	0.7379664778709412
	0.7379454374313354
	0.7379335761070251
	0.7379323244094849
	0.7379224896430969
	0.7379196882247925
	0.7379108667373657
	0.7378938794136047
	0.7378803491592407
	0.7378756999969482
	0.7378756999969482
	0.7378647327423096
	0.7378315329551697
	0.7378053665161133
	0.7377963662147522
	0.7377914190292358
	0.7377843260765076
	0.737774670124054
	0.7377687096595764
	0.7377458810806274
	0.7377309203147888
	0.7377207279205322
	0.7377153038978577
	0.7377075552940369
	0.7377083897590637
	0.7377139329910278
	0.7376999855041504
	0.737694263458252
	0.737686038017273
	0.7376725673675537
	0.737667977809906
	0.7376706600189209
	0.7376749515533447
	0.7376513481140137
	0.7376495003700256
	0.7376462817192078
	0.7376418709754944
	0.7376270294189453
	0.7376308441162109
	0.7376320362091064
	0.7376244068145752
	0.7376269698143005
	0.7376406788825989
	0.7376316785812378
	0.7376306653022766
	0.7376206517219543
	0.7375978827476501
	0.7375743389129639
	0.7375713586807251
	0.7375587821006775
	0.7375465035438538
	0.7375332117080688
	0.7375159859657288
	0.7375097274780273
	0.7375071048736572
	0.7375006079673767
	0.7374796271324158
	0.7374571561813354
	0.7374585866928101
	0.7374607920646667
	0.7374449372291565
	0.7374423742294312
	0.7374169230461121
	0.737410306930542
	0.737406313419342
	0.7374060153961182
	0.7374083399772644
	0.7374057173728943
	0.7374061346054077
	0.7374038696289062
	0.7373998165130615
	0.7373695969581604
	0.7373645305633545
	0.7373603582382202
	0.737346887588501
	0.7373458743095398
	0.7373289465904236
	0.7373295426368713
	0.7373300194740295
	0.7373282313346863
	0.7373268604278564
	0.7373110055923462
	0.7373040914535522
	0.7372989058494568
	0.7372972965240479
	0.7372912168502808
	0.7372909784317017
	0.7372801303863525
	0.7372746467590332
	0.7372673153877258
	0.7372643947601318
	0.7372615933418274
	0.7372635006904602
	0.7372621893882751
	0.7372526526451111
	0.7372569441795349
	0.7372549772262573
	0.7372560501098633
	0.7372512817382812
	0.7372308969497681
	0.7372457981109619
	0.7372356057167053
	0.7372439503669739
	0.7372404932975769
	0.7372389435768127
	0.7372369766235352
	0.7372268438339233
	0.7372242212295532
	0.7372099757194519
	0.737206220626831
	0.7372004985809326
	0.7371920943260193
	0.7371849417686462
	0.7371789216995239
	0.7371776700019836
	0.7371619343757629
	0.7371602058410645
	0.7371584177017212
	0.7371544241905212
	0.7371534705162048
	0.7371619343757629
	0.737159013748169
	0.7371683120727539
	0.7371581792831421
	0.7371457815170288
	0.7371323108673096
	0.7371348142623901
	0.7371400594711304
	0.7371313571929932
	0.7371084094047546
	0.7370985150337219
	0.7370911836624146
	0.7370859980583191
	0.7370825409889221
	0.7370752096176147
	0.7370645999908447
	0.7370716333389282
	0.7370710372924805
	0.7370673418045044
	0.7370519638061523
	0.737060010433197
	0.7370545268058777
	0.7370581030845642
	0.737052321434021
	0.7370516061782837
	0.7370486855506897
	0.7370396852493286
	0.7370349764823914
	0.7370480895042419
	0.73704594373703
	0.7370445728302002
	0.7370325326919556
	0.7370355129241943
	0.737023115158081
	0.7370217442512512
	0.7370241284370422
	0.7370170950889587
	0.7370206117630005
	0.7370040416717529
	0.7369968891143799
	0.7369946241378784
	0.7369808554649353
	0.7369779944419861
	0.7369651794433594
	0.7369577884674072
	0.7369515895843506
	0.7369368076324463
	0.7369304895401001
	0.7369307279586792
	0.7369263768196106
	0.7369242310523987
	0.7369160652160645
	0.7369058728218079
	0.7368977069854736
	0.7368996739387512
	0.7368971109390259
	0.7368947863578796
	0.7368949055671692
	0.7368701100349426
	0.7368637919425964
	0.7368575930595398
	0.7368572354316711
	0.7368456721305847
	0.7368382215499878
	0.7368153929710388
	0.7368032336235046
	0.7368050813674927
	0.7368115186691284
	0.7368212938308716
	0.7368265390396118
	0.7368282079696655
	0.7368203401565552
	0.7368161082267761
	0.7368124127388
	0.7368002533912659
	0.7368007898330688
	0.7368105053901672
	0.7368233799934387
	0.7368225455284119
	0.7368246912956238
	0.7368248701095581
	0.7368307113647461
	0.736832320690155
	0.7368379235267639
	0.7368384003639221
	0.7368444800376892
	0.7368332743644714
	0.7368460893630981
	0.7368521094322205
	0.736861526966095
	0.736866295337677
	0.7368772625923157
	0.7368772625923157
	0.7368718981742859
	0.7368742823600769
	0.7368735074996948
	0.736867368221283
	0.7368601560592651
	0.7368626594543457
	0.7368642687797546
	0.7368543148040771
	0.7368500232696533
	0.7368564009666443
	0.7368640899658203
	0.7368549704551697
	0.7368564009666443
	0.7368568181991577
	0.7368501424789429
	0.7368449568748474
	0.7368561029434204
	0.7368454933166504
	0.7368384599685669
	0.7368366122245789
	0.7368370890617371
	0.7368326187133789
	0.7368249297142029
	0.7368232607841492
	0.7368267774581909
	0.7368281483650208
	0.7368312478065491
	0.7368254065513611
	0.7368285059928894
	0.7368258237838745
	0.7368225455284119
	0.7368292808532715
	0.7368537783622742
	0.7368500232696533
	0.7368517518043518
	0.7368521094322205
	0.7368437051773071
	0.7368528246879578
	0.7368471026420593
	0.7368418574333191
	0.7368375658988953
	0.7368326783180237
	0.7368348836898804
	0.7368404865264893
	0.7368355989456177
	0.7368426322937012
	0.7368412613868713
	0.7368372082710266
	0.7368333339691162
	0.7368339896202087
	0.7368393540382385
	0.736842155456543
	0.7368351221084595
	0.7368440628051758
	0.736845850944519
	0.7368446588516235
	0.7368441820144653
	0.7368460893630981
	0.736851692199707
	0.7368327975273132
	0.7368309497833252
	0.7368241548538208
	0.7368212938308716
	0.7368199825286865
	0.7368068695068359
	0.7368178963661194
	0.7368173003196716
	0.7368205785751343
	0.7368133664131165
	0.7368083596229553
	0.7368025183677673
	0.7368151545524597
	0.7368228435516357
	0.7368356585502625
	0.7368374466896057
	0.7368414402008057
	0.7368265390396118
	0.7368376851081848
	0.7368374466896057
	0.7368204593658447
	0.7368220686912537
	0.7368335127830505
	0.7368318438529968
	0.7368156909942627
	0.736823558807373
	0.7368277311325073
	0.7368316054344177
	0.7368274331092834
	0.7368254661560059
	0.7368339896202087
	0.7368333339691162
	0.7368314266204834
	0.7368310689926147
	0.7368339896202087
	0.7368261218070984
	0.7368274331092834
	0.7368282079696655
	0.7368285059928894
	0.7368238568305969
	0.7368209362030029
	0.7368102073669434
	0.7368126511573792
	0.7368201017379761
	0.7368173003196716
	0.7368265390396118
	0.7368356585502625
	0.7368295788764954
	0.7368279695510864
	0.7368372082710266
	0.7368428111076355
	0.7368293404579163
	0.7368267178535461
	0.736836850643158
	0.736825704574585
	0.7368410229682922
	0.7368465065956116
	0.7368530631065369
	0.7368558049201965
	0.7368600368499756
	0.7368595600128174
	0.7368584871292114
	0.7368624210357666
	0.7368704676628113
	0.7368699908256531
	0.7368733882904053
	0.7368738055229187
	0.7368828654289246
	0.7368870973587036
	0.7368906140327454
	0.736893355846405
	0.7369015216827393
	0.7368995547294617
	0.7369044423103333
	0.7369165420532227
	0.7369216680526733
	0.7369197010993958
	0.7369089722633362
	0.7369304895401001
	0.7369179725646973
	0.7369195818901062
	0.7369237542152405
	0.7369295954704285
	0.7369323968887329
	0.7369298338890076
	0.7369229793548584
	0.7369142174720764
	0.736912727355957
	0.7369131445884705
	0.7369075417518616
	0.7368994355201721
	0.7369017004966736
	0.7369101643562317
	0.7369131445884705
	0.7369235157966614
	0.7369245290756226
	0.7369312047958374
	0.7369343042373657
	0.7369334101676941
	0.7369364500045776
	0.736931324005127
	0.7369287014007568
	0.7369182109832764
	0.7369093298912048
	0.7368995547294617
	0.7369009852409363
	0.7369014024734497
	0.7368851900100708
	0.7368996739387512
	0.7369019389152527
	0.736892580986023
	0.7368869781494141
	0.7368826270103455
	0.7368900775909424
	0.7368941903114319
	0.7368993759155273
	0.7369158864021301
	0.7369240522384644
	0.7369309663772583
	0.736924946308136
	0.7369241118431091
	0.7369147539138794
	0.7369120121002197
	0.7369189262390137
	0.7369242310523987
	0.7369225025177002
	0.7369215488433838
	0.7369279861450195
	0.7369303703308105
	0.7369250059127808
	0.7369316816329956
	0.7369343638420105
	0.7369308471679688
	0.7369446158409119
	0.7369366884231567
	0.7369422912597656
	0.7369466423988342
	0.7369475960731506
	0.7369405031204224
	0.7369456887245178
	0.7369512319564819
	0.7369589805603027
	0.7369645833969116
	0.7369575500488281
	0.7369513511657715
	0.7369619607925415
	0.7369698882102966
	0.736965000629425
	0.7369678616523743
	0.736987829208374
	0.7370022535324097
	0.7370086908340454
	0.7370028495788574
	0.7370123267173767
	0.7370206713676453
	0.7370306253433228
	0.7370336651802063
	0.7370359897613525
	0.7370315194129944
	0.7370385527610779
	0.7370494604110718
	0.7370601892471313
	0.7370599508285522
	0.7370626926422119
	0.7370522022247314
	0.7370573878288269
	0.7370451092720032
	0.7370457649230957
	0.7370531558990479
	0.7370607852935791
	0.7370566725730896
	0.7370529770851135
	0.7370553016662598
	0.7370723485946655
	0.7370713949203491
	0.7370723485946655
	0.7370771169662476
	0.7370681166648865
	0.7370725274085999
	0.7370783686637878
	0.7370871901512146
	0.737079918384552
	0.7370865345001221
	0.737087607383728
	0.7370820045471191
	0.7371029257774353
	0.7370997667312622
	0.7371038794517517
	0.7371031641960144
	0.7371066212654114
	0.7371195554733276
	0.7371183633804321
	0.7371293306350708
	0.7371339797973633
	0.7371294498443604
	0.7371472120285034
	0.7371511459350586
	0.7371711134910583
	0.7371785640716553
	0.7371929883956909
	0.7371992468833923
	0.7371988892555237
	0.7372078895568848
	0.7372227907180786
	0.7372159957885742
	0.7372283339500427
	0.7372244000434875
	0.7372171878814697
	0.7372182011604309
	0.7372257709503174
	0.737236499786377
	0.7372465133666992
	0.7372465133666992
	0.7372462749481201
	0.7372469305992126
	0.737244725227356
	0.7372440695762634
	0.7372428178787231
	0.7372485995292664
	0.7372572422027588
	0.7372618913650513
	0.7372685670852661
	0.7372710108757019
	0.7372702956199646
	0.7372767329216003
	0.7372748851776123
	0.7372709512710571
	0.737273097038269
	0.7372832298278809
	0.7372921705245972
	0.7373066544532776
	0.7373233437538147
	0.7373266220092773
	0.7373168468475342
	0.7373147010803223
	0.7373230457305908
	0.7373321652412415
	0.7373396754264832
	0.7373481392860413
	0.7373537421226501
	0.7373539805412292
	0.7373517155647278
	0.7373490929603577
	0.737342119216919
	0.7373490929603577
	0.737339437007904
	0.7373491525650024
	0.7373551726341248
	0.7373558282852173
	0.737356424331665
	0.737362802028656
	0.7373723983764648
	0.7373872995376587
	0.7373839020729065
	0.7373877763748169
	0.7373929619789124
	0.737392008304596
	0.7373871207237244
	0.7373940944671631
	0.7373892068862915
	0.7373881936073303
	0.7373847365379333
	0.737399160861969
	0.7374110221862793
	0.7374238967895508
	0.7374241352081299
	0.7374318242073059
	0.7374370694160461
	0.73744136095047
	0.7374422550201416
	0.7374444007873535
	0.7374536395072937
	0.7374536991119385
	0.7374670505523682
	0.7374775409698486
	0.7374869585037231
	0.7374845147132874
	0.7374933362007141
	0.7374933958053589
	0.7374866008758545
	0.7375001907348633
	0.7374880909919739
	0.7374950647354126
	0.7375050187110901
	0.7375167608261108
	0.7375282645225525
	0.7375215291976929
	0.7375273108482361
	0.7375388145446777
	0.7375373244285583
	0.737543523311615
	0.737557590007782
	0.737552285194397
	0.7375695109367371
	0.7375755906105042
	0.7375717759132385
	0.7375781536102295
	0.7375862002372742
	0.7376003861427307
	0.7375960946083069
	0.7376125454902649
	0.7376178503036499
	0.7376249432563782
	0.7376323938369751
	0.7376435399055481
	0.7376463413238525
	0.7376437783241272
	0.7376379370689392
	0.7376516461372375
	0.7376644015312195
	0.7376709580421448
	0.7376646995544434
	0.7376646995544434
	0.7376714944839478
	0.7376664876937866
	0.7376812696456909
	0.7376800775527954
	0.7376949787139893
	0.7376928329467773
	0.7376964688301086
	0.7377088665962219
	0.7377112507820129
	0.7377232909202576
	0.7377157807350159
	0.7377147078514099
	0.7377272844314575
	0.7377340197563171
	0.7377389669418335
	0.7377555966377258
	0.7377476692199707
	0.7377605438232422
	0.7377612590789795
	0.7377598285675049
	0.7377675175666809
	0.7377713918685913
	0.7377740740776062
	0.7377724051475525
	0.7377848029136658
	0.7377942800521851
	0.7377921938896179
	0.7378066778182983
	0.7378114461898804
	0.7378089427947998
	0.7378077507019043
	0.7378047704696655
	0.7378025650978088
	0.7378064393997192
	0.7378122210502625
	0.7378226518630981
	0.7378338575363159
	0.7378414273262024
	0.7378363013267517
	0.7378470301628113
	0.7378679513931274
	0.7378733158111572
	0.7378715872764587
	0.7378782033920288
	0.7378878593444824
	0.7378937005996704
	0.7379052042961121
	0.7379027605056763
	0.7379075288772583
	0.7379210591316223
	0.7379218339920044
	0.7379147410392761
	0.7379288077354431
	0.7379329800605774
	0.7379306554794312
	0.7379440665245056
	0.7379471659660339
	0.7379463911056519
	0.7379550933837891
	0.7379552721977234
	0.7379690408706665
	0.7379627823829651
	0.7379594445228577
	0.7379720211029053
	0.7379810214042664
	0.7379766702651978
	0.7379831671714783
	0.7379879355430603
	0.7379943132400513
	0.7380088567733765
	0.7380142211914062
	0.7380310893058777
	0.7380374670028687
	0.7380424737930298
	0.7380383014678955
	0.7380422353744507
	0.7380494475364685
	0.7380513548851013
	0.7380523681640625
	0.7380475997924805
	0.7380564212799072
	0.7380616068840027
	0.7380589842796326
	0.7380614280700684
	0.7380568981170654
	0.7380597591400146
	0.7380741238594055
	0.738082766532898
	0.7380865216255188
	0.7380865216255188
	0.7381002306938171
	0.7381075024604797
	0.7381156086921692
	0.738111674785614
	0.7381196022033691
	0.7381246089935303
	0.7381276488304138
	0.7381353378295898
	0.7381400465965271
	0.738143801689148
	0.7381451725959778
	0.738153338432312
	0.7381607890129089
	0.7381619215011597
	0.7381672859191895
	0.7381911277770996
	0.7381988763809204
	0.7381962537765503
	0.738204300403595
	0.7382158041000366
	0.7382170557975769
	0.7382163405418396
	0.7382153868675232
	0.7382200360298157
	0.7382289171218872
	0.7382282614707947
	0.7382386922836304
	0.7382421493530273
	0.7382504940032959
	0.7382487058639526
	0.738261878490448
	0.7382833361625671
	0.7382940053939819
	0.738314688205719
	0.7383244633674622
	0.7383317351341248
	0.7383347153663635
	0.738347589969635
	0.7383434176445007
	0.7383401989936829
	0.7383466958999634
	0.7383390069007874
	0.7383396029472351
	0.7383505702018738
	0.7383527159690857
	0.738356351852417
	0.7383618354797363
	0.7383687496185303
	0.7383755445480347
	0.7383885979652405
	0.7384046316146851
	0.7384113073348999
	0.7384153008460999
	0.7384259700775146
	0.7384324669837952
	0.7384394407272339
	0.738444983959198
	0.7384476065635681
	0.7384488582611084
	0.7384575605392456
	0.7384579181671143
	0.7384486198425293
	0.7384539842605591
	0.7384659647941589
	0.7384800314903259
	0.7384794354438782
	0.7384823560714722
	0.7384830117225647
	0.7384796738624573
	0.7384829521179199
	0.7384899258613586
	0.738487958908081
	0.738488495349884
	0.7384892106056213
	0.7384998202323914
	0.7384980916976929
	0.7385076880455017
	0.7385154962539673
	0.7385150194168091
	0.7385250329971313
	0.7385274767875671
	0.7385296821594238
	0.738520622253418
	0.7385194897651672
	0.7385257482528687
	0.7385213971138
	0.7385328412055969
	0.7385286092758179
	0.7385364770889282
	0.738539457321167
	0.7385402321815491
	0.7385316491127014
	0.7385430335998535
	0.7385549545288086
	0.7385455369949341
	0.7385632395744324
	0.7385696172714233
	0.7385696172714233
	0.7385720610618591
	0.7385678291320801
	0.7385837435722351
	0.7385780811309814
	0.7385796308517456
	0.738577663898468
	0.7385994791984558
	0.7385958433151245
	0.7386028170585632
	0.7386044859886169
	0.7386104464530945
	0.7386225461959839
	0.7386253476142883
	0.7386322021484375
	0.7386402487754822
	0.738649845123291
	0.738652229309082
	0.7386530637741089
	0.7386648654937744
	0.7386594414710999
	0.7386561036109924
	0.7386555671691895
	0.7386558651924133
	0.7386654019355774
	0.7386693954467773
	0.7386852502822876
	0.7386961579322815
	0.7386967539787292
	0.738703727722168
	0.7387084364891052
	0.738714337348938
	0.7387140989303589
	0.7387237548828125
	0.7387321591377258
	0.7387323975563049
	0.7387372851371765
	0.7387500405311584
	0.7387529611587524
	0.7387657165527344
	0.7387751936912537
	0.7387761473655701
	0.7387806177139282
	0.7387850284576416
	0.7387874126434326
	0.7387899160385132
	0.7387866377830505
	0.73879075050354
	0.7388001680374146
	0.7388055324554443
	0.7387974858283997
	0.7387928366661072
	0.7387948036193848
	0.7387899160385132
	0.7387957572937012
	0.7387936115264893
	0.7387927174568176
	0.7388015389442444
	0.738806426525116
	0.7388072609901428
	0.7388024926185608
	0.7388142347335815
	0.738811731338501
	0.7388252019882202
	0.738836407661438
	0.7388375401496887
	0.7388492226600647
	0.7388577461242676
	0.7388734221458435
	0.7388789653778076
	0.7388824224472046
	0.7388915419578552
	0.7388975620269775
	0.7389066815376282
	0.7389110922813416
	0.7389280796051025
	0.7389325499534607
	0.7389311790466309
	0.7389441132545471
	0.7389516234397888
	0.738949716091156
	0.7389553785324097
	0.7389592528343201
	0.7389736771583557
	0.7389857769012451
	0.7389770150184631
	0.7389702796936035
	0.7389639019966125
	0.7389634251594543
	0.7389727830886841
	0.7389818429946899
	0.7389902472496033
	0.7389941811561584
	0.7389998435974121
	0.739007830619812
	0.7390158772468567
	0.7390118837356567
	0.7390206456184387
	0.7390300035476685
	0.7390337586402893
	0.7390367984771729
	0.7390467524528503
	0.7390576601028442
	0.7390514612197876
	0.7390599846839905
	0.739068865776062
	0.7390742897987366
	0.7390732169151306
	0.7390850782394409
	0.739096999168396
	0.7391035556793213
	0.7391071915626526
	0.7391169667243958
	0.739117443561554
	0.7391260266304016
	0.7391422390937805
	0.7391496300697327
	0.7391551733016968
	0.7391691207885742
	0.7391775250434875
	0.739183783531189
	0.7391834259033203
	0.7391799092292786
	0.7391855120658875
	0.739187479019165
	0.7391958832740784
	0.7392048239707947
	0.7392194867134094
	0.7392251491546631
	0.7392394542694092
	0.7392434477806091
	0.7392472624778748
	0.7392413020133972
	0.739253580570221
	0.7392579913139343
	0.7392515540122986
	0.7392503619194031
	0.7392538189888
	0.7392538189888
	0.7392641305923462
	0.7392767071723938
	0.7392798662185669
	0.7392879724502563
	0.7392908334732056
	0.7392953038215637
	0.7393094897270203
	0.7393182516098022
	0.7393209338188171
	0.7393204569816589
	0.7393292188644409
	0.7393224239349365
	0.7393210530281067
	0.7393292188644409
	0.7393360137939453
	0.7393384575843811
	0.7393478155136108
	0.7393515706062317
	0.739361047744751
	0.7393717765808105
	0.7393733859062195
	0.7393741011619568
	0.7393836379051208
	0.7393874526023865
	0.7393854856491089
	0.7393919825553894
	0.7393941879272461
	0.7393953204154968
	0.7394023537635803
]