[
	0.8903884887695312
	0.8902897238731384
	0.8901570439338684
	0.8900393843650818
	0.88991379737854
	0.8897901773452759
	0.8896745443344116
	0.8895241022109985
	0.8894034624099731
	0.8892536759376526
	0.8891072869300842
	0.8889660239219666
	0.8888207674026489
	0.8886908292770386
	0.8885703086853027
	0.8884515762329102
	0.8883209824562073
	0.8881829380989075
	0.8880590796470642
	0.8879357576370239
	0.8878101706504822
	0.8876871466636658
	0.8875751495361328
	0.8874456882476807
	0.8873175978660583
	0.8871973156929016
	0.8870640993118286
	0.8869467973709106
	0.8868098258972168
	0.8866614103317261
	0.886538565158844
	0.8864150643348694
	0.886289119720459
	0.8861745595932007
	0.8860390186309814
	0.885909378528595
	0.8857916593551636
	0.8856625556945801
	0.8855425715446472
	0.8854172825813293
	0.8852860331535339
	0.8851568698883057
	0.8850499391555786
	0.8849178552627563
	0.8847807049751282
	0.8846686482429504
	0.8845488429069519
	0.8844273686408997
	0.8843092918395996
	0.8841794729232788
	0.8840466141700745
	0.8839178085327148
	0.8838061690330505
	0.8836784958839417
	0.8835431933403015
	0.8834168910980225
	0.883298933506012
	0.883176863193512
	0.8830559849739075
	0.8829435110092163
	0.8828173875808716
	0.882696807384491
	0.8825883865356445
	0.8824575543403625
	0.8823388814926147
	0.8822305202484131
	0.8821321725845337
	0.8820070028305054
	0.8818936347961426
	0.8817633390426636
	0.881625235080719
	0.8815155625343323
	0.8814101815223694
	0.8812985420227051
	0.8811938166618347
	0.8810716867446899
	0.8809567093849182
	0.8808373808860779
	0.880742073059082
	0.8806434273719788
	0.8805311918258667
	0.8804259896278381
	0.8803120851516724
	0.8802085518836975
	0.880092978477478
	0.879988968372345
	0.8798876404762268
	0.8797793388366699
	0.8796759843826294
	0.8795745372772217
	0.879468560218811
	0.8793609738349915
	0.8792562484741211
	0.8791638612747192
	0.8790559768676758
	0.8789619207382202
	0.878863513469696
	0.878751814365387
	0.878646731376648
	0.8785400390625
	0.8784319758415222
	0.8783301711082458
	0.8782304525375366
	0.8781225085258484
	0.8780261874198914
	0.8779229521751404
	0.8778133988380432
	0.8777039051055908
	0.877622127532959
	0.8775240182876587
	0.8774085640907288
	0.8773069977760315
	0.8771986961364746
	0.877098560333252
	0.8770104050636292
	0.8769055008888245
	0.8767972588539124
	0.8766826391220093
	0.8765801787376404
	0.8764821290969849
	0.8763850927352905
	0.8762874603271484
	0.876176655292511
	0.8760842680931091
	0.8759837746620178
	0.8758934736251831
	0.8758008480072021
	0.8757069706916809
	0.8755992650985718
	0.8755099773406982
	0.8754223585128784
	0.8753305673599243
	0.8752231597900391
	0.8751375079154968
	0.8750402331352234
	0.8749537467956543
	0.8748492002487183
	0.8747512102127075
	0.874674379825592
	0.8745779991149902
	0.8744783401489258
	0.8743876218795776
	0.8742960691452026
	0.874207615852356
	0.8741088509559631
	0.8740072846412659
	0.8739180564880371
	0.8738043904304504
	0.8737161159515381
	0.873616099357605
	0.873526394367218
	0.8734449744224548
	0.8733434677124023
	0.8732450008392334
	0.8731622099876404
	0.8730688691139221
	0.8729729056358337
	0.8728813529014587
	0.8727975487709045
	0.8727119565010071
	0.8726256489753723
	0.8725338578224182
	0.872451901435852
	0.8723645210266113
	0.8722729086875916
	0.8721702694892883
	0.8720774054527283
	0.8719927072525024
	0.871910810470581
	0.8718233704566956
	0.8717357516288757
	0.871635913848877
	0.8715614080429077
	0.8714672923088074
	0.8713802695274353
	0.8712873458862305
	0.87120121717453
	0.8711149096488953
	0.8710410594940186
	0.8709594011306763
	0.8708754777908325
	0.8707977533340454
	0.8707067370414734
	0.8706197142601013
	0.8705281019210815
	0.8704546093940735
	0.8703627586364746
	0.8702863454818726
	0.8702042698860168
	0.8701441287994385
	0.8700773119926453
	0.8699951171875
	0.869907021522522
	0.869818389415741
	0.8697305917739868
	0.8696455955505371
	0.8695537447929382
	0.8694711327552795
	0.8693824410438538
	0.8693082332611084
	0.8692231178283691
	0.8691328167915344
	0.8690593838691711
	0.8689815998077393
	0.8688958287239075
	0.8688225746154785
	0.868729293346405
	0.8686503171920776
	0.8685567378997803
	0.8684890866279602
	0.8684060573577881
	0.8683189153671265
	0.8682488203048706
	0.8681625127792358
	0.8680827021598816
	0.867988646030426
	0.8679063320159912
	0.8678370118141174
	0.8677504062652588
	0.8676682710647583
	0.8675844669342041
	0.8675053119659424
	0.8674315810203552
	0.8673529028892517
	0.8672738671302795
	0.8672029972076416
	0.8671131134033203
	0.8670307993888855
	0.8669517040252686
	0.8668807744979858
	0.8667985200881958
	0.866717517375946
	0.8666425943374634
	0.8665622472763062
	0.866481363773346
	0.866407573223114
	0.8663294315338135
	0.866243839263916
	0.8661597967147827
	0.8660870790481567
	0.8660118579864502
	0.8659324049949646
	0.8658724427223206
	0.865792989730835
	0.865719735622406
	0.865648090839386
	0.8655747771263123
	0.8654897212982178
	0.8653992414474487
	0.8653077483177185
	0.865220844745636
	0.8651414513587952
	0.8650690913200378
	0.8649966716766357
	0.8649241924285889
	0.8648439645767212
	0.8647755980491638
	0.8647080659866333
	0.8646261692047119
	0.8645433187484741
	0.8644749522209167
	0.8644040822982788
	0.8643286228179932
	0.864250898361206
	0.8641921281814575
	0.8641223311424255
	0.8640481233596802
	0.8639712929725647
	0.8638997077941895
	0.8638275265693665
	0.8637441396713257
	0.8636724948883057
	0.8635927438735962
	0.8635272979736328
	0.86346036195755
	0.8633850812911987
	0.8633168935775757
	0.8632447123527527
	0.8631758093833923
	0.8631196618080139
	0.863051176071167
	0.8629811406135559
	0.862916886806488
	0.8628395199775696
	0.8627656698226929
	0.8626898527145386
	0.8626223802566528
	0.8625370860099792
	0.8624734282493591
	0.862397313117981
	0.8623265027999878
	0.8622517585754395
	0.8621811866760254
	0.8620988130569458
	0.8620274662971497
	0.8619466423988342
	0.8618649840354919
	0.861797571182251
	0.8617309927940369
	0.8616592884063721
	0.8615949153900146
	0.8615277409553528
	0.8614490032196045
	0.8613795638084412
	0.8613062500953674
	0.861235499382019
	0.8611671328544617
	0.8611036539077759
	0.8610454201698303
	0.8609728217124939
	0.8609045147895813
	0.8608280420303345
	0.860753059387207
	0.8606855273246765
	0.8606237173080444
	0.8605519533157349
	0.860490083694458
	0.860421359539032
	0.8603577017784119
	0.860284149646759
	0.8602100014686584
	0.8601364493370056
	0.8600673079490662
	0.8600061535835266
	0.8599388599395752
	0.8598723411560059
	0.8597984313964844
	0.8597254753112793
	0.8596645593643188
	0.8595971465110779
	0.8595213890075684
	0.8594492077827454
	0.8593841791152954
	0.8593195676803589
	0.8592599630355835
	0.8591915369033813
	0.8591217994689941
	0.8590591549873352
	0.8589877486228943
	0.8589193820953369
	0.8588534593582153
	0.8587823510169983
	0.8587039709091187
	0.8586369156837463
	0.8585727214813232
	0.8585005402565002
	0.8584356904029846
	0.8583701252937317
	0.8583105802536011
	0.8582448363304138
	0.8581737279891968
	0.8581053018569946
	0.8580379486083984
	0.8579710721969604
	0.8579013347625732
	0.8578376173973083
	0.857771098613739
	0.8577137589454651
	0.8576527237892151
	0.857591986656189
	0.8575292825698853
	0.8574586510658264
	0.8573986291885376
	0.8573336005210876
	0.8572679162025452
	0.8572002053260803
	0.8571279048919678
	0.8570658564567566
	0.8570031523704529
	0.8569425344467163
	0.8568803071975708
	0.8568207025527954
	0.8567634224891663
	0.8567014932632446
	0.8566412329673767
	0.8565789461135864
	0.8565152287483215
	0.856450080871582
	0.8563903570175171
	0.8563269972801208
	0.8562741279602051
	0.8562005162239075
	0.8561384081840515
	0.8560805320739746
	0.8560165166854858
	0.8559548854827881
	0.8558893799781799
	0.8558339476585388
	0.8557688593864441
	0.855712890625
	0.8556461334228516
	0.8555817008018494
	0.8555288314819336
	0.8554719686508179
	0.8554123640060425
	0.8553438782691956
	0.8552892804145813
	0.8552252650260925
	0.8551692962646484
	0.8551185727119446
	0.8550531268119812
	0.8549832701683044
	0.8549290299415588
	0.8548699021339417
	0.8548065423965454
	0.8547502756118774
	0.8546895980834961
	0.8546289205551147
	0.854568600654602
	0.8545084595680237
	0.8544510006904602
	0.8543965816497803
	0.8543376922607422
	0.8542820811271667
	0.8542224764823914
	0.8541635870933533
	0.8541085720062256
	0.8540523052215576
	0.8540059924125671
	0.8539485335350037
	0.8538861870765686
	0.853832483291626
	0.853778064250946
	0.8537260293960571
	0.8536714911460876
	0.853615403175354
	0.8535534143447876
	0.8534892797470093
	0.8534337878227234
	0.8533759713172913
	0.8533320426940918
	0.8532668948173523
	0.8532029986381531
	0.8531510233879089
	0.8530954718589783
	0.8530339598655701
	0.8529794216156006
	0.852917492389679
	0.8528647422790527
	0.852813720703125
	0.8527588844299316
	0.8527050614356995
	0.8526493310928345
	0.8525933027267456
	0.8525378704071045
	0.8524857759475708
	0.8524267077445984
	0.852364718914032
	0.8523120880126953
	0.8522565960884094
	0.8521983623504639
	0.852146327495575
	0.8521031141281128
	0.8520491719245911
	0.8519980311393738
	0.8519470691680908
	0.8518884778022766
	0.8518299460411072
	0.8517794609069824
	0.8517196178436279
	0.8516610860824585
	0.8516041040420532
	0.851555347442627
	0.8514959812164307
	0.851453423500061
	0.8514025807380676
	0.8513504862785339
	0.8513020873069763
	0.8512511849403381
	0.8512001633644104
	0.8511442542076111
	0.851084291934967
	0.8510350584983826
	0.8509815335273743
	0.8509243726730347
	0.8508656620979309
	0.8508238792419434
	0.8507755994796753
	0.8507281541824341
	0.8506765961647034
	0.8506268262863159
	0.8505749106407166
	0.8505219221115112
	0.8504610061645508
	0.8504095077514648
	0.8503509759902954
	0.8503087759017944
	0.8502513766288757
	0.8502055406570435
	0.8501538038253784
	0.8501099944114685
	0.8500645756721497
	0.8500205874443054
	0.8499695062637329
	0.8499345183372498
	0.8498822450637817
	0.8498312830924988
	0.849782407283783
	0.8497277498245239
	0.8496792316436768
	0.8496366739273071
	0.8495799899101257
	0.8495386242866516
	0.8494921326637268
	0.8494336605072021
	0.8493725061416626
	0.8493191003799438
	0.8492656350135803
	0.8492104411125183
	0.8491508960723877
	0.8490999341011047
	0.8490539789199829
	0.8489987254142761
	0.8489443063735962
	0.8488985300064087
	0.8488509654998779
	0.848804235458374
	0.8487579226493835
	0.8487094640731812
	0.8486637473106384
	0.8486184477806091
	0.8485684990882874
	0.8485251069068909
	0.8484800457954407
	0.8484292030334473
	0.8483791351318359
	0.8483331203460693
	0.8482859134674072
	0.848243772983551
	0.8482030630111694
	0.8481587767601013
	0.8481150269508362
	0.8480754494667053
	0.8480300307273865
	0.8479846119880676
	0.8479453921318054
	0.8479040265083313
	0.8478644490242004
	0.8478172421455383
	0.8477742671966553
	0.8477307558059692
	0.847686767578125
	0.8476455807685852
	0.8475927710533142
	0.8475503921508789
	0.8475126624107361
	0.8474613428115845
	0.8474195599555969
	0.8473705053329468
	0.8473272323608398
	0.8472830653190613
	0.8472384214401245
	0.8471964001655579
	0.8471451997756958
	0.847094714641571
	0.8470476865768433
	0.8470013737678528
	0.8469529747962952
	0.8469147086143494
	0.846872091293335
	0.8468278646469116
	0.8467798829078674
	0.8467341065406799
	0.8466908931732178
	0.8466470241546631
	0.8466094732284546
	0.8465666770935059
	0.8465222120285034
	0.8464839458465576
	0.8464363217353821
	0.8463954925537109
	0.8463568091392517
	0.8463225364685059
	0.8462844491004944
	0.8462473750114441
	0.8462095856666565
	0.8461629748344421
	0.8461246490478516
	0.8460769653320312
	0.8460360765457153
	0.8459939360618591
	0.845937192440033
	0.8458968997001648
	0.8458557724952698
	0.8458160758018494
	0.8457715511322021
	0.8457286953926086
	0.8456888794898987
	0.8456481099128723
	0.8456093668937683
	0.8455678224563599
	0.8455237746238708
	0.8454812169075012
	0.8454464673995972
	0.8454011678695679
	0.8453550934791565
	0.8453255891799927
	0.8452843427658081
	0.8452372550964355
	0.8451902866363525
	0.8451579809188843
	0.8451113104820251
	0.8450726866722107
	0.8450415730476379
	0.8450056314468384
	0.844965398311615
	0.8449252843856812
	0.8448883295059204
	0.8448498249053955
	0.8448269367218018
	0.8447826504707336
	0.8447410464286804
	0.8446983098983765
	0.8446645140647888
	0.8446333408355713
	0.8446066975593567
	0.8445733785629272
	0.8445253968238831
	0.8444835543632507
	0.8444363474845886
	0.8444021940231323
	0.8443591594696045
	0.8443241715431213
	0.8442836403846741
	0.8442395925521851
	0.844200074672699
	0.8441528677940369
	0.8441160321235657
	0.8440834283828735
	0.8440501689910889
	0.8440136909484863
	0.8439769148826599
	0.8439409136772156
	0.8439000248908997
	0.8438543081283569
	0.8438153266906738
	0.8437812924385071
	0.8437380194664001
	0.8436917066574097
	0.843660295009613
	0.8436300158500671
	0.8435977101325989
	0.8435683846473694
	0.8435373902320862
	0.8434953689575195
	0.8434661030769348
	0.8434295058250427
	0.8433911204338074
	0.8433566093444824
	0.8433165550231934
	0.8432846665382385
	0.843249499797821
	0.8432013988494873
	0.8431684374809265
	0.8431328535079956
	0.8431000113487244
	0.8430640697479248
	0.8430287837982178
	0.8429886102676392
	0.8429531455039978
	0.842921793460846
	0.8428977131843567
	0.8428583741188049
	0.8428138494491577
	0.8427796363830566
	0.8427464365959167
	0.8427136540412903
	0.8426889777183533
	0.8426534533500671
	0.8426072001457214
	0.84256911277771
	0.8425326347351074
	0.842491090297699
	0.8424554467201233
	0.8424296975135803
	0.8424014449119568
	0.8423696160316467
	0.8423339128494263
	0.8423026204109192
	0.8422722220420837
	0.8422341346740723
	0.842197597026825
	0.8421622514724731
	0.8421372175216675
	0.8421072959899902
	0.8420684337615967
	0.8420336842536926
	0.8420010805130005
	0.841963529586792
	0.8419257998466492
	0.8418973088264465
	0.8418634533882141
	0.8418317437171936
	0.8418053984642029
	0.8417682647705078
	0.8417354822158813
	0.841705322265625
	0.8416734933853149
	0.8416470885276794
	0.8416185975074768
	0.8415889143943787
	0.8415508270263672
	0.8415148854255676
	0.841478705406189
	0.8414539694786072
	0.8414158225059509
	0.8413717746734619
	0.8413454294204712
	0.8413074612617493
	0.8412680625915527
	0.8412421941757202
	0.8412191271781921
	0.8411933183670044
	0.8411608338356018
	0.8411270380020142
	0.8410922288894653
	0.841059148311615
	0.8410235047340393
	0.8409900665283203
	0.8409584760665894
	0.8409231901168823
	0.8408963084220886
	0.8408693075180054
	0.8408377766609192
	0.8408063650131226
	0.8407723903656006
	0.8407343029975891
	0.8407114148139954
	0.8406893610954285
	0.8406521677970886
	0.8406197428703308
	0.8405905365943909
	0.8405588865280151
	0.8405352830886841
	0.8405126333236694
	0.8404820561408997
	0.840456485748291
	0.8404229879379272
	0.8403987884521484
	0.8403672575950623
	0.8403317332267761
	0.8402982950210571
	0.8402697443962097
	0.8402398228645325
	0.8402057886123657
	0.8401668071746826
	0.8401287198066711
	0.8400914072990417
	0.8400501012802124
	0.8400130867958069
	0.8399834632873535
	0.8399449586868286
	0.8399154543876648
	0.8398923277854919
	0.8398672938346863
	0.8398473858833313
	0.8398251533508301
	0.8397964239120483
	0.8397722244262695
	0.8397483825683594
	0.8397234678268433
	0.8397032022476196
	0.8396666049957275
	0.8396406173706055
	0.8396193385124207
	0.8395841717720032
	0.8395602703094482
	0.8395302295684814
	0.8395010828971863
	0.8394744992256165
	0.8394407033920288
	0.8394126296043396
	0.8393967151641846
	0.839365541934967
	0.8393369913101196
	0.8393093943595886
	0.8392860889434814
	0.8392606973648071
	0.8392332792282104
	0.8392038941383362
	0.8391839861869812
	0.8391577005386353
	0.8391320705413818
	0.8391027450561523
	0.839073896408081
	0.8390487432479858
	0.839017927646637
	0.8389872908592224
	0.8389673829078674
	0.8389418125152588
	0.8389207124710083
	0.8388932943344116
	0.8388704657554626
	0.8388422131538391
	0.8388094902038574
	0.8387810587882996
	0.8387554287910461
	0.8387261033058167
	0.8387023210525513
	0.8386813402175903
	0.8386572003364563
	0.8386271595954895
	0.8385990262031555
	0.8385811448097229
	0.8385530114173889
	0.8385236859321594
	0.8384968638420105
	0.838473379611969
	0.838442862033844
	0.8384149074554443
	0.8383957743644714
	0.8383753299713135
	0.8383609652519226
	0.838334321975708
	0.8383134007453918
	0.8382890224456787
	0.8382696509361267
	0.838259220123291
	0.8382323384284973
	0.838202953338623
	0.8381795883178711
	0.8381637334823608
	0.8381437659263611
	0.8381242752075195
	0.8381000757217407
	0.8380831480026245
	0.8380525708198547
	0.8380295038223267
	0.8380046486854553
	0.8379901051521301
	0.837969958782196
	0.8379455804824829
	0.8379306197166443
	0.8378995656967163
	0.8378816246986389
	0.8378653526306152
	0.837846577167511
	0.8378194570541382
	0.8378026485443115
	0.8377760052680969
	0.8377538919448853
	0.8377384543418884
	0.8377243280410767
	0.8376998901367188
	0.8376744389533997
	0.8376519083976746
	0.8376322984695435
	0.8376256823539734
	0.8376041650772095
	0.8375914692878723
	0.8375765681266785
	0.8375566005706787
	0.8375345468521118
	0.8375222086906433
	0.8374953866004944
	0.8374632596969604
	0.8374467492103577
	0.8374202251434326
	0.8373988270759583
	0.8373680114746094
	0.8373463749885559
	0.837324857711792
	0.8373063206672668
	0.8372887372970581
	0.8372688293457031
	0.8372408151626587
	0.8372227549552917
	0.8371995091438293
	0.8371673226356506
	0.8371524214744568
	0.8371303677558899
	0.8370972871780396
	0.837077260017395
	0.8370534181594849
	0.8370324969291687
	0.8370147943496704
	0.8369947671890259
	0.8369776010513306
	0.8369681239128113
	0.8369419574737549
	0.8369173407554626
	0.8368960022926331
	0.8368724584579468
	0.8368549942970276
	0.836833655834198
	0.8368077874183655
	0.8367867469787598
	0.8367732167243958
	0.836752712726593
	0.8367318511009216
	0.8367113471031189
	0.836693525314331
	0.8366750478744507
	0.8366440534591675
	0.8366305828094482
	0.8366112112998962
	0.836585521697998
	0.8365681767463684
	0.8365468382835388
	0.8365257978439331
	0.8365055322647095
	0.8364826440811157
	0.8364706635475159
	0.8364428281784058
	0.8364179730415344
	0.8363946080207825
	0.8363540172576904
	0.8363344073295593
	0.8363109827041626
	0.8362883925437927
	0.8362669944763184
	0.8362398147583008
	0.8362152576446533
	0.836182177066803
	0.8361552953720093
	0.836147129535675
	0.8361245393753052
	0.836106538772583
	0.8360865712165833
	0.8360762596130371
	0.8360558152198792
	0.8360356092453003
	0.8360177278518677
	0.8360036611557007
	0.8359837532043457
	0.835965096950531
	0.8359537720680237
	0.8359386324882507
	0.8359237909317017
	0.835904598236084
	0.8358936905860901
	0.835867702960968
	0.8358508944511414
	0.8358334898948669
	0.8358078598976135
	0.8357848525047302
	0.835759162902832
	0.8357453942298889
	0.8357190489768982
	0.8356983065605164
	0.8356766700744629
	0.8356468677520752
	0.8356180191040039
	0.8356071710586548
	0.8355872631072998
	0.8355786800384521
	0.8355666399002075
	0.835542619228363
	0.8355352282524109
	0.8355192542076111
	0.8354979157447815
	0.8354797959327698
	0.8354663252830505
	0.8354499936103821
	0.8354324698448181
	0.8354015946388245
	0.8353822231292725
	0.8353641033172607
	0.8353549838066101
	0.8353382349014282
	0.835328221321106
	0.8353093266487122
	0.8352920413017273
	0.8352714776992798
	0.8352612853050232
	0.8352464437484741
	0.8352303504943848
	0.8352140784263611
	0.8352034687995911
	0.8351866602897644
	0.8351670503616333
	0.8351624608039856
	0.8351514935493469
	0.8351292610168457
	0.8351145386695862
	0.835111141204834
	0.8350887894630432
	0.8350757956504822
	0.8350598216056824
	0.8350427150726318
	0.8350286483764648
	0.8350071310997009
	0.8349981307983398
	0.8349875807762146
	0.8349772691726685
	0.8349719047546387
	0.8349676132202148
	0.8349581360816956
	0.8349460363388062
	0.8349382877349854
	0.8349215388298035
	0.8349007964134216
	0.834880530834198
	0.8348590135574341
	0.834838330745697
	0.8348174095153809
	0.834802508354187
	0.8347910046577454
	0.8347773551940918
	0.8347591161727905
	0.8347489237785339
	0.8347308039665222
	0.8347097039222717
	0.8346932530403137
	0.834678590297699
	0.8346573710441589
	0.834639847278595
	0.8346288204193115
	0.8346229195594788
	0.8346071839332581
	0.8346002697944641
	0.8345800638198853
	0.834568440914154
	0.8345527648925781
	0.8345451354980469
	0.8345251679420471
	0.8345182538032532
	0.8345077037811279
	0.83449786901474
	0.8344744443893433
	0.8344575762748718
	0.8344345688819885
	0.834425151348114
	0.8344084620475769
	0.8343923091888428
	0.8343865275382996
	0.8343781232833862
	0.8343589305877686
	0.8343486189842224
	0.834331214427948
	0.8343157768249512
	0.8343061804771423
	0.8342920541763306
	0.8342774510383606
	0.8342650532722473
	0.834246814250946
	0.8342275023460388
	0.8342238664627075
	0.8342069983482361
	0.8341999650001526
	0.8341829776763916
	0.8341721296310425
	0.8341675400733948
	0.8341500163078308
	0.8341480493545532
	0.8341314792633057
	0.8341292142868042
	0.8341149687767029
	0.8340994119644165
	0.8340925574302673
	0.8340786695480347
	0.8340726494789124
	0.8340590596199036
	0.834049642086029
	0.8340325951576233
	0.8340165615081787
	0.8340016603469849
	0.8339846730232239
	0.8339786529541016
	0.8339669108390808
	0.8339496850967407
	0.83394855260849
	0.833936870098114
	0.8339261412620544
	0.8339139819145203
	0.8339009284973145
	0.8338891267776489
	0.8338839411735535
	0.8338664770126343
	0.8338543176651001
	0.8338396549224854
	0.8338268995285034
	0.833809494972229
	0.8338065147399902
	0.8337891697883606
	0.8337702751159668
	0.83376544713974
	0.8337603807449341
	0.8337419629096985
	0.8337314128875732
	0.8337197303771973
	0.8337230682373047
	0.8337242007255554
	0.8337088823318481
	0.8336998820304871
	0.8336799144744873
	0.8336783051490784
	0.8336650133132935
	0.8336570858955383
	0.8336503505706787
	0.8336454033851624
	0.8336321711540222
	0.8336188197135925
	0.833601176738739
	0.8335905075073242
	0.8335855007171631
	0.8335790038108826
	0.8335713148117065
	0.833561897277832
	0.8335615992546082
	0.8335520625114441
	0.833553671836853
	0.8335433602333069
	0.8335379362106323
	0.8335168957710266
	0.8335177302360535
	0.8335110545158386
	0.833510160446167
	0.8334938883781433
	0.8334912657737732
	0.8334757089614868
	0.8334580659866333
	0.8334433436393738
	0.8334361910820007
	0.8334329128265381
	0.8334349393844604
	0.8334317803382874
	0.8334226012229919
	0.8334170579910278
	0.8334170579910278
	0.8334110975265503
	0.8334018588066101
	0.8333981037139893
	0.8333871364593506
	0.8333733677864075
	0.8333618640899658
	0.8333489894866943
	0.8333536386489868
	0.8333414793014526
	0.833343505859375
	0.8333244919776917
	0.8333228826522827
	0.8333081007003784
	0.8333050608634949
	0.8333078622817993
	0.833296000957489
	0.8332889080047607
	0.8332812786102295
	0.8332642912864685
	0.8332385420799255
	0.833230197429657
	0.8332312107086182
	0.8332133889198303
	0.833204448223114
	0.8331930041313171
	0.8332028985023499
	0.8332047462463379
	0.8332011699676514
	0.8331911563873291
	0.833175778388977
	0.8331696391105652
	0.8331615924835205
	0.8331432342529297
	0.8331291079521179
	0.8331156373023987
	0.8331105709075928
	0.8331053853034973
	0.8330942392349243
	0.8330842852592468
	0.8330751061439514
	0.8330654501914978
	0.8330599665641785
	0.8330581784248352
	0.8330527544021606
	0.8330405354499817
	0.8330374360084534
	0.8330293297767639
	0.8330276012420654
	0.8330181241035461
	0.8330135941505432
	0.8330053687095642
	0.833000659942627
	0.8329965472221375
	0.8329871892929077
	0.8329859375953674
	0.8329823613166809
	0.8329761028289795
	0.8329753875732422
	0.8329635858535767
	0.8329536318778992
	0.8329522609710693
	0.8329402804374695
	0.8329350352287292
	0.8329315185546875
	0.83292156457901
	0.8329203128814697
	0.8329119086265564
	0.8329079747200012
	0.8329035043716431
	0.8329062461853027
	0.8329014182090759
	0.8329018950462341
	0.8328972458839417
	0.8328942060470581
	0.8328855633735657
	0.8328759074211121
	0.832874059677124
	0.8328688144683838
	0.8328667283058167
	0.8328608870506287
	0.8328603506088257
	0.8328589200973511
	0.8328501582145691
	0.8328472971916199
	0.8328437805175781
	0.832826554775238
	0.8328231573104858
	0.8328170776367188
	0.8328153491020203
	0.8328223824501038
	0.8328209519386292
	0.8328235745429993
	0.8328171372413635
	0.832811713218689
	0.8328144550323486
	0.8328090310096741
	0.8328005075454712
	0.8328079581260681
	0.8327957391738892
	0.8327885270118713
	0.8327930569648743
	0.8327894806861877
	0.832770824432373
	0.8327537178993225
	0.8327512741088867
	0.8327468037605286
	0.8327395915985107
	0.832728922367096
	0.8327178359031677
	0.8327054977416992
	0.8327133655548096
	0.8327044248580933
	0.8327056765556335
	0.8326954245567322
	0.832687258720398
	0.8326765894889832
	0.8326775431632996
	0.8326766490936279
	0.8326777815818787
	0.8326823711395264
	0.832673966884613
	0.8326656818389893
	0.8326586484909058
	0.832660973072052
	0.8326510190963745
	0.8326507806777954
	0.8326476812362671
	0.832647979259491
	0.8326488137245178
	0.8326484560966492
	0.8326488137245178
	0.8326404690742493
	0.8326467871665955
	0.8326402902603149
	0.8326393365859985
	0.8326393961906433
	0.8326338529586792
	0.8326316475868225
	0.8326230645179749
	0.8326261043548584
	0.8326278328895569
	0.8326245546340942
	0.8326334953308105
	0.8326326608657837
	0.8326302766799927
	0.8326283097267151
	0.8326234817504883
	0.8326236009597778
	0.8326163291931152
	0.8326141834259033
	0.832606315612793
	0.8325945138931274
	0.8325965404510498
	0.8325914740562439
	0.8325881361961365
	0.8325918912887573
	0.8325884938240051
	0.8325850367546082
	0.8325751423835754
	0.832565188407898
	0.8325493335723877
	0.832546591758728
	0.8325403332710266
	0.8325442671775818
	0.8325532078742981
	0.8325473666191101
	0.8325475454330444
	0.8325455784797668
	0.8325421214103699
	0.8325357437133789
	0.8325367569923401
	0.8325381278991699
	0.8325280547142029
	0.8325363993644714
	0.8325312733650208
	0.832538366317749
	0.8325308561325073
	0.8325166702270508
	0.8325157165527344
	0.8325185179710388
	0.8325192332267761
	0.832518994808197
	0.8325115442276001
	0.8325002789497375
	0.8325030207633972
	0.8325007557868958
	0.8324903845787048
	0.8324970602989197
	0.8325037956237793
	0.8325028419494629
	0.8324939608573914
	0.8324903845787048
	0.8324979543685913
	0.832500696182251
	0.8324987292289734
	0.8325037956237793
	0.8325186967849731
	0.8325181007385254
	0.8325136303901672
	0.8325155973434448
	0.832503080368042
	0.8325095176696777
	0.8325108885765076
	0.8325129151344299
	0.8325067162513733
	0.8325049877166748
	0.8325110077857971
	0.8325124382972717
	0.8325238823890686
	0.8325254321098328
	0.8325214982032776
	0.8325345516204834
	0.8325307965278625
	0.8325381278991699
	0.8325363993644714
	0.832544207572937
	0.8325430154800415
	0.8325405120849609
	0.8325467705726624
	0.8325396180152893
	0.8325490951538086
	0.8325395584106445
	0.832530677318573
	0.8325253129005432
	0.8325361609458923
	0.8325362801551819
	0.8325451016426086
	0.8325355052947998
	0.8325322866439819
	0.8325216174125671
	0.8325236439704895
	0.8325200080871582
	0.8325234055519104
	0.8325223326683044
	0.8325182199478149
	0.8325212001800537
	0.8325112462043762
	0.8325069546699524
	0.832499086856842
	0.8324942588806152
	0.8324998021125793
	0.8324988484382629
	0.8324960470199585
	0.8325105309486389
	0.8325105309486389
	0.8325261473655701
	0.8325374126434326
	0.8325405716896057
	0.8325453400611877
	0.8325470685958862
	0.8325514197349548
	0.832554042339325
	0.8325546979904175
	0.8325562477111816
	0.8325632214546204
	0.8325604200363159
	0.8325581550598145
	0.8325648903846741
	0.8325741291046143
	0.8325685858726501
	0.8325650095939636
	0.8325575590133667
	0.8325585126876831
	0.8325530886650085
	0.8325546979904175
	0.8325604200363159
	0.8325628638267517
	0.8325634002685547
	0.8325647711753845
	0.8325750827789307
	0.8325818777084351
	0.8325817584991455
	0.8325885534286499
	0.8325945138931274
	0.8325950503349304
	0.8325999975204468
	0.8325967788696289
	0.8325948715209961
	0.8326000571250916
	0.8326091766357422
	0.8326112627983093
	0.8326147198677063
	0.8326056599617004
	0.8325970768928528
	0.8325963616371155
	0.8326002955436707
	0.8325960636138916
	0.8326000571250916
	0.8325986862182617
	0.8326076865196228
	0.8326084017753601
	0.8326076865196228
	0.8326079249382019
	0.8326177597045898
	0.8326202034950256
	0.8326261043548584
	0.8326330184936523
	0.8326335549354553
	0.8326340913772583
	0.8326417207717896
	0.8326385021209717
	0.8326373100280762
	0.8326388597488403
	0.8326393961906433
	0.8326401114463806
	0.8326429724693298
	0.832643449306488
	0.8326417803764343
	0.8326513171195984
	0.8326495885848999
	0.8326607346534729
	0.832664430141449
	0.8326649069786072
	0.8326700925827026
	0.8326688408851624
	0.832676351070404
	0.8326845169067383
	0.8326818943023682
	0.8326838612556458
	0.8326824903488159
	0.8326853513717651
	0.8326847553253174
	0.8326975703239441
	0.8327034711837769
	0.8327038884162903
	0.8327046632766724
	0.8327151536941528
	0.8327144980430603
	0.8327152132987976
	0.83271324634552
	0.832715630531311
	0.8327198028564453
	0.8327228426933289
	0.8327304124832153
	0.8327394723892212
	0.8327492475509644
	0.8327591419219971
	0.8327692151069641
	0.8327720761299133
	0.8327800631523132
	0.8327736854553223
	0.8327780365943909
	0.8327884674072266
	0.8328009247779846
	0.8328121900558472
	0.8328154683113098
	0.8328246474266052
	0.8328271508216858
	0.832827627658844
	0.8328446745872498
	0.8328489661216736
	0.8328442573547363
	0.8328507542610168
	0.8328547477722168
	0.832859218120575
	0.8328733444213867
	0.8328778743743896
	0.8328803777694702
	0.8328735828399658
	0.8328731060028076
	0.8328762650489807
	0.8328794836997986
	0.832883358001709
	0.8328925371170044
	0.8329041600227356
	0.8329082131385803
	0.8329057097434998
	0.8329104781150818
	0.8329096436500549
	0.8329086303710938
	0.8329119682312012
	0.8329143524169922
	0.832919180393219
	0.8329256772994995
	0.8329266309738159
	0.8329371213912964
	0.8329404592514038
	0.832947313785553
	0.8329554796218872
	0.832962691783905
	0.8329626321792603
	0.8329542279243469
	0.8329557180404663
	0.8329610824584961
	0.8329620957374573
	0.832965075969696
	0.8329712748527527
	0.8329752683639526
	0.83298659324646
	0.8329899907112122
	0.8329999446868896
	0.8330134749412537
	0.8330156803131104
	0.8330104351043701
	0.8330044746398926
	0.8330143094062805
	0.8330138325691223
	0.8330284953117371
	0.8330321311950684
	0.8330320119857788
	0.8330386877059937
	0.8330450654029846
	0.8330432772636414
	0.8330436944961548
	0.8330509662628174
	0.8330584168434143
	0.8330596089363098
	0.8330603837966919
	0.8330609202384949
	0.8330758810043335
	0.8330808281898499
	0.833072304725647
	0.8330738544464111
	0.8330782651901245
	0.8330792784690857
	0.8330827951431274
	0.8330733776092529
	0.8330917358398438
	0.8331049084663391
	0.8331002593040466
	0.8330989480018616
	0.8331044912338257
	0.8331088423728943
	0.8331097364425659
	0.8331120610237122
	0.8331111669540405
	0.833129346370697
	0.8331389427185059
	0.8331482410430908
	0.8331479430198669
	0.8331588506698608
	0.8331601023674011
	0.8331705331802368
	0.8331745266914368
	0.8331807255744934
	0.8331912159919739
	0.8332019448280334
	0.8332026600837708
	0.8332076668739319
	0.8332115411758423
	0.8332133293151855
	0.8332136273384094
	0.8332141637802124
	0.8332312703132629
	0.8332257866859436
	0.8332370519638062
	0.8332471251487732
	0.8332564830780029
	0.8332663178443909
	0.8332604169845581
	0.8332668542861938
	0.8332701325416565
	0.833275318145752
	0.8332806825637817
	0.8332951068878174
	0.8333079218864441
	0.8333049416542053
	0.8333051800727844
	0.8333101272583008
	0.8333083987236023
	0.833310067653656
	0.8333268165588379
	0.8333446383476257
	0.8333434462547302
	0.833351194858551
	0.8333573937416077
	0.8333520889282227
	0.8333589434623718
	0.8333621621131897
	0.8333682417869568
	0.8333795666694641
	0.8333882093429565
	0.8333832025527954
	0.833386242389679
	0.833396852016449
	0.8334003686904907
	0.8334165811538696
	0.8334317207336426
	0.8334481120109558
	0.8334534764289856
	0.8334590792655945
	0.8334588408470154
	0.8334551453590393
	0.8334566354751587
	0.8334645628929138
	0.8334677815437317
	0.8334785103797913
	0.833469569683075
	0.8334745168685913
	0.8334810137748718
	0.8334808349609375
	0.8334870338439941
	0.8334812521934509
	0.8334937691688538
	0.8334990739822388
	0.833509087562561
	0.8335117697715759
	0.8335243463516235
	0.8335307836532593
	0.8335260152816772
	0.8335292935371399
	0.8335465788841248
	0.8335464596748352
	0.8335453867912292
	0.8335554003715515
	0.8335644006729126
	0.8335707187652588
	0.8335898518562317
	0.8336039185523987
	0.8336092829704285
	0.8336087465286255
	0.8336159586906433
	0.8336331248283386
	0.8336514234542847
	0.8336588740348816
	0.8336685299873352
	0.8336799144744873
	0.8336827158927917
	0.8336901664733887
	0.8337003588676453
	0.8337095379829407
	0.8337066173553467
	0.8337165117263794
	0.833728551864624
	0.8337262272834778
	0.8337438702583313
	0.8337449431419373
	0.8337529301643372
	0.8337675929069519
	0.8337592482566833
	0.8337666988372803
	0.8337750434875488
	0.8337756395339966
	0.833781898021698
	0.8337794542312622
	0.8337926864624023
	0.8338021636009216
	0.8338058590888977
	0.8338245153427124
	0.8338268995285034
	0.8338260054588318
	0.8338378667831421
	0.8338490724563599
	0.8338426947593689
	0.8338425755500793
	0.8338519334793091
	0.8338620066642761
	0.8338714838027954
	0.8338773846626282
	0.8338707685470581
	0.8338800072669983
	0.8338930606842041
	0.8339043855667114
	0.8339071273803711
	0.833912193775177
	0.8339164853096008
	0.8339267373085022
	0.8339294195175171
	0.8339314460754395
	0.8339419364929199
	0.8339369297027588
	0.8339363932609558
	0.8339515328407288
	0.8339595198631287
	0.8339744210243225
	0.8339722156524658
	0.8339850902557373
	0.8339934349060059
	0.8340129852294922
	0.8340269327163696
	0.8340445756912231
	0.834055483341217
	0.8340676426887512
	0.8340734839439392
	0.8340755105018616
	0.8340742588043213
	0.834088921546936
	0.8340896368026733
	0.8341010212898254
	0.8341090679168701
	0.8341269493103027
	0.8341385722160339
	0.834140956401825
	0.8341471552848816
	0.8341612815856934
	0.8341761231422424
	0.8341923952102661
	0.834197998046875
	0.8342075347900391
	0.8341980576515198
	0.8342095017433167
	0.8342152237892151
	0.8342090845108032
	0.8342177867889404
	0.834223210811615
	0.8342360854148865
	0.8342412710189819
	0.8342499732971191
	0.8342558145523071
	0.8342732191085815
	0.8342738747596741
	0.8343021273612976
	0.8343119621276855
	0.8343271017074585
	0.8343321681022644
	0.8343414068222046
	0.834357738494873
	0.8343660235404968
	0.8343763947486877
	0.8343812227249146
	0.8343865871429443
	0.8343984484672546
	0.8343974947929382
	0.8344049453735352
	0.8344232439994812
	0.8344370722770691
	0.8344427347183228
	0.8344594836235046
	0.834464430809021
	0.8344666361808777
	0.8344771862030029
	0.8344848155975342
	0.8344947695732117
	0.8345020413398743
	0.8345127105712891
	0.8345062136650085
	0.8345102071762085
	0.8345273733139038
	0.8345451354980469
	0.8345584869384766
	0.8345672488212585
	0.8345808982849121
	0.8345916271209717
	0.8346046805381775
	0.8346053957939148
	0.8346084952354431
	0.8346148729324341
	0.8346344232559204
	0.834646463394165
	0.8346500396728516
	0.8346716165542603
	0.8346803784370422
	0.8346811532974243
	0.8346938490867615
	0.8347079753875732
	0.8347169160842896
	0.8347264528274536
	0.8347225785255432
	0.8347118496894836
	0.8347094655036926
	0.834714412689209
	0.8347352743148804
	0.8347404599189758
	0.8347607254981995
	0.8347688317298889
	0.834773600101471
	0.8347907662391663
	0.8348015546798706
	0.8348103761672974
	0.8348217010498047
	0.8348409533500671
	0.8348530530929565
	0.834868848323822
	0.8348857760429382
	0.8348813652992249
	0.8348981738090515
	0.8349123597145081
	0.8349194526672363
	0.8349296450614929
	0.8349375128746033
	0.8349462747573853
	0.8349509239196777
	0.8349512815475464
	0.8349636793136597
	0.8349752426147461
	0.834989070892334
	0.8349944353103638
	0.8350090980529785
	0.8350280523300171
	0.8350516557693481
	0.8350673317909241
	0.8350744843482971
	0.8350785970687866
	0.8350858092308044
	0.8350933194160461
	0.8350979089736938
	0.8351196646690369
	0.8351246118545532
	0.8351283073425293
	0.8351462483406067
	0.8351596593856812
	0.8351738452911377
	0.8351962566375732
	0.8352017402648926
	0.8352095484733582
	0.8352162837982178
	0.8352246284484863
	0.8352422714233398
	0.8352474570274353
	0.8352668285369873
	0.8352708220481873
	0.8352731466293335
	0.835281252861023
	0.8352795839309692
	0.8352887034416199
	0.8352999687194824
	0.8352993726730347
	0.8353038430213928
	0.835306704044342
	0.835322380065918
	0.8353403806686401
	0.8353648781776428
	0.8353579044342041
	0.8353739976882935
	0.8353889584541321
	0.8353952765464783
	0.8353967070579529
	0.8354009985923767
	0.8354116082191467
	0.8354262113571167
	0.8354362845420837
	0.8354401588439941
	0.8354511857032776
	0.8354683518409729
	0.8354909420013428
	0.8355086445808411
	0.8355197310447693
	0.8355310559272766
	0.835527241230011
	0.8355364799499512
	0.8355399370193481
	0.8355483412742615
	0.8355534076690674
	0.8355568647384644
	0.8355664014816284
	0.8355824947357178
	0.8355792760848999
	0.8355822563171387
	0.8355804681777954
	0.8355783224105835
	0.835586428642273
	0.8355916738510132
	0.835598349571228
	0.8356078863143921
	0.8356200456619263
	0.8356320261955261
	0.8356456160545349
	0.8356461524963379
	0.8356513977050781
	0.8356572985649109
	0.8356673717498779
	0.8356763124465942
	0.8356732130050659
	0.8356750011444092
	0.8356911540031433
	0.8357053399085999
	0.835709273815155
	0.8357105851173401
	0.8357229232788086
	0.8357325196266174
	0.8357377648353577
	0.8357478976249695
	0.8357591032981873
	0.8357682228088379
	0.8357771635055542
	0.83579021692276
	0.8358140587806702
	0.8358299136161804
	0.8358403444290161
	0.8358461260795593
	0.8358550667762756
	0.8358767628669739
	0.8358886241912842
	0.8359041213989258
	0.8359177112579346
	0.8359286785125732
	0.8359493017196655
	0.8359583616256714
	0.8359538912773132
	0.8359658122062683
	0.835964560508728
	0.8359741568565369
	0.8359888195991516
	0.8360055088996887
	0.8360209465026855
	0.8360421657562256
	0.8360493779182434
	0.8360533118247986
	0.8360685110092163
	0.8360748887062073
	0.8360857367515564
	0.8361011147499084
	0.8361155390739441
	0.8361276388168335
	0.836142361164093
	0.8361549973487854
	0.8361726999282837
	0.8361803293228149
	0.8361926674842834
	0.8362042307853699
	0.8362139463424683
	0.8362282514572144
	0.8362395167350769
	0.836249589920044
	0.8362617492675781
	0.8362787365913391
	0.8362846970558167
	0.8362894058227539
	0.836306095123291
	0.8363087177276611
	0.8363246321678162
	0.8363326787948608
	0.8363390564918518
	0.8363524675369263
	0.8363626599311829
	0.8363662362098694
	0.836372971534729
	0.8363880515098572
	0.8364027738571167
	0.8364192247390747
	0.8364353775978088
	0.8364477753639221
	0.836456835269928
	0.8364700078964233
	0.8364818096160889
	0.836492121219635
	0.8365024924278259
	0.8365188837051392
	0.8365448117256165
	0.8365522623062134
	0.8365696668624878
	0.8365835547447205
	0.836603581905365
	0.8366192579269409
	0.8366243243217468
	0.8366266489028931
	0.8366418480873108
	0.8366506695747375
	0.8366570472717285
	0.8366727232933044
	0.8366748690605164
	0.8366906046867371
	0.8367066383361816
	0.8367080092430115
	0.8367194533348083
	0.8367369771003723
	0.8367384672164917
	0.8367534875869751
	0.8367695808410645
	0.8367782831192017
	0.8367792963981628
	0.8367918133735657
	0.8367977738380432
	0.8368033766746521
	0.8368149399757385
	0.8368284106254578
	0.8368393778800964
	0.8368398547172546
	0.8368430137634277
	0.8368491530418396
	0.8368619084358215
	0.8368728756904602
	0.8368857502937317
	0.8369007706642151
	0.8369155526161194
	0.8369238376617432
	0.8369349837303162
	0.8369451761245728
	0.8369511961936951
	0.836956262588501
	0.8369730710983276
	0.8369842767715454
	0.8369985222816467
	0.837006688117981
	0.8370173573493958
	0.8370173573493958
	0.8370401859283447
	0.8370335698127747
	0.8370370268821716
	0.8370441794395447
]