[
	1.121698797683745
	1.1217681635950072
	1.1218231036920663
	1.1218895673357991
	1.1219555992204313
	1.1220227551119895
	1.1220733917522983
	1.122137176720244
	1.1221982322762132
	1.1222438643082275
	1.1223041808903718
	1.1223605097491387
	1.1224117215546037
	1.122451839078371
	1.1225006579514891
	1.1225472317000378
	1.122588580045713
	1.1226274924275748
	1.122669938299658
	1.1227056517601803
	1.1227430649856298
	1.122783481482778
	1.122825333572382
	1.1228567104161669
	1.1228905478317943
	1.122920590991882
	1.122940308363086
	1.1229647817305763
	1.1229738294625347
	1.1229963546594215
	1.1230206721216662
	1.1230532480744673
	1.1230816731579671
	1.1231093075215155
	1.1231321983327147
	1.1231507421087936
	1.1231607853026124
	1.123170034337355
	1.123201372567485
	1.1232282370002658
	1.1232478357170377
	1.1232581234590946
	1.1232724498614188
	1.1232823043024274
	1.1232908345217263
	1.1232992753045468
	1.1233135537085366
	1.1233257235861214
	1.123337562971554
	1.1233483649478746
	1.123353931665318
	1.1233620574475394
	1.1233681470165522
	1.1233698975851365
	1.1233705106781542
	1.1233789835509203
	1.1233802365502434
	1.123385475736275
	1.1233920018519141
	1.1233836654393385
	1.1233770308212205
	1.1233751651201747
	1.1233828331287061
	1.1233857816438972
	1.1233824150674123
	1.1233791332933032
	1.1233773999469245
	1.1233779533510504
	1.1233770306724506
	1.1233726949264495
	1.1233690123506626
	1.1233580932854725
	1.1233469256701796
	1.1233487533677335
	1.1233459477508798
	1.1233396443785202
	1.12333949905831
	1.1233257678364317
	1.1233295002896482
	1.1233178915245836
	1.1233136344115209
	1.1233125924497265
	1.1233096879639375
	1.123306510472324
	1.1232996372026192
	1.1232893768873977
	1.1232870393004062
	1.1232774813657211
	1.12326878519938
	1.1232686178768017
	1.1232628722169355
	1.1232461837247878
	1.1232409810303996
	1.1232240062706575
	1.1232087818504493
	1.1232006329518438
	1.1231854151950962
	1.1231722421971742
	1.1231727793819943
	1.123165374097083
	1.123162050669682
	1.1231475080016793
	1.1231353754446316
	1.1231300125924781
	1.1231225624539312
	1.1231106677335654
	1.123108994844041
	1.1231006046544028
	1.12308006639167
	1.1230672476128483
	1.12305644195536
	1.1230410552342003
	1.1230278611824054
	1.1230244726271694
	1.123025315098997
	1.1230159814173812
	1.1230065729662844
	1.1229973665432664
	1.1229901250069851
	1.1229837695550442
	1.1229745936223217
	1.1229704602943535
	1.1229594984711493
	1.1229539862793234
	1.1229386360408298
	1.1229314816503093
	1.1229257565553827
	1.1229164420287334
	1.1229079906964297
	1.1229046149969009
	1.1228981105151663
	1.1228929383918478
	1.1228815613044987
	1.1228802877116968
	1.122871547627082
	1.1228675773520096
	1.122855049910831
	1.1228429496434917
	1.1228325395884549
	1.1228235914458105
	1.1228117273522653
	1.1228049939486098
	1.1228041961716486
	1.122797417327089
	1.1227833296683813
	1.1227743110193633
	1.1227639769168434
	1.1227561231246541
	1.1227482776142146
	1.1227393000809918
	1.1227299484564346
	1.1227189884176496
	1.122715297712567
	1.1227087463778587
	1.1226994616151238
	1.1226961805013556
	1.1226938184096757
	1.1226910603767877
	1.1226887887598056
	1.1226789854268215
	1.122673227640583
	1.1226670766220939
	1.122659576300211
	1.1226538382326243
	1.122644873019443
	1.122642084572007
	1.1226364195576857
	1.1226301761473572
	1.1226277924269294
	1.1226282983160063
	1.1226193221456198
	1.1226137406756658
	1.1226106437229582
	1.1226008275910633
	1.1225960920043183
	1.1225920358993355
	1.1225844841564376
	1.1225858903256087
	1.1225841000204575
	1.1225800133096988
	1.1225747926512748
	1.1225709249433846
	1.1225636544366904
	1.1225567749885286
	1.1225454671607649
	1.1225425411141836
	1.1225388683909503
	1.1225326126501496
	1.1225268970448106
	1.1225184347355046
	1.1225153970231476
	1.1225109221864857
	1.1224996971890115
	1.1224923078687632
	1.122490367693764
	1.122483630287289
	1.1224771755661407
	1.12247342540845
	1.1224654946079964
	1.122461035772937
	1.1224536146040822
	1.1224471724399254
	1.1224405406387559
	1.122436603169794
	1.1224292641117715
	1.1224234223784764
	1.1224183737741045
	1.1224140485549257
	1.1224103251974413
	1.1224114592245749
	1.1224061153027247
	1.1224081329768436
	1.1224019836505092
	1.1223974579098914
	1.1223955303468633
	1.1223881939327798
	1.1223848773141103
	1.12238141661471
	1.1223772540413754
	1.1223731847342668
	1.1223698748320032
	1.1223690440330838
	1.122366436044256
	1.12236114558326
	1.1223585329934642
	1.1223537544456912
	1.1223468041556517
	1.122343221150166
	1.122338333162818
	1.1223362770115484
	1.1223365376129284
	1.122334145385385
	1.1223325326878644
	1.122331901981522
	1.12232960815236
	1.1223268324938893
	1.1223255886260084
	1.1223189471833865
	1.1223134608579757
	1.1223109659173818
	1.1223108984384018
	1.1223067314322284
	1.1223023848037912
	1.1222974902921905
	1.1222964635210544
	1.1222942493919579
	1.1222928785593156
	1.122286836857532
	1.1222840541934995
	1.122280239173468
	1.1222800707738316
	1.1222775187792668
	1.1222757834889452
	1.1222704467986706
	1.1222681293093475
	1.1222633758667049
	1.122256933526772
	1.1222538953319343
	1.122256416007367
	1.1222547409791717
	1.122252566140707
	1.1222480459605544
	1.1222481831749909
	1.1222468141451127
	1.1222441939302599
	1.122241054729436
	1.1222360996752867
	1.1222346844169226
	1.1222326935925906
	1.1222325345440791
	1.1222308640007346
	1.1222245044732975
	1.1222221618786314
	1.1222201051704639
	1.122218600707765
	1.122216930043842
	1.1222140717620814
	1.1222116201289676
	1.1222120804908147
	1.1222111872252887
	1.1222111809169453
	1.1222081798371248
	1.12220696122953
	1.1222086897166481
	1.1222111968478965
	1.122207360944746
	1.1222068992239755
	1.1222036720779314
	1.1222018848422444
	1.12220098149803
	1.1221998372599953
	1.1222009628014498
	1.1221996273884076
	1.1221963180477914
	1.1221933554571937
	1.1221923114203054
	1.122188198926947
	1.122187268816607
	1.1221846993411002
	1.122184150889927
	1.1221772219312405
	1.122176704830509
	1.1221738415503453
	1.1221761570148518
	1.1221767957574478
	1.1221749074486846
	1.1221744803869982
	1.1221736849874624
	1.1221725045648738
	1.1221707383108157
	1.1221696737856042
	1.122168583404014
	1.1221712295728306
	1.122170647249006
	1.1221710915971186
	1.1221712318824495
	1.1221723885485786
	1.1221732151318693
	1.1221745093771764
	1.1221756630587958
	1.1221735214559383
	1.1221728348316018
	1.1221720948598368
	1.1221711210387058
	1.122170008786452
	1.1221724530456765
	1.122171799825964
	1.1221693150509704
	1.1221711978215319
	1.1221688622656505
	1.1221666912033856
	1.1221684715585218
	1.1221678598784592
	1.1221688654672946
	1.1221662874532226
	1.1221652261294481
	1.1221661338247721
	1.1221686953390742
	1.1221684444037638
	1.1221675066028147
	1.1221655417327738
	1.1221647361098286
	1.122164503768547
	1.1221617981077747
	1.122159809821822
	1.1221634051624065
	1.1221641206867168
	1.1221651139980915
	1.1221692445701763
	1.1221712097225132
	1.1221701340922314
	1.1221678445694026
	1.1221671410269565
	1.1221689107244848
	1.122167128093035
	1.1221661721918406
	1.1221663990101236
	1.1221684183228602
	1.1221679010460386
	1.1221686348208977
	1.1221659367555636
	1.1221681858688253
	1.1221714813142483
	1.1221677165397337
	1.122167031422455
	1.1221678636169965
	1.1221696126537295
	1.1221692617663392
	1.122170386052569
	1.1221720134217337
	1.1221719186169006
	1.122172718673544
	1.1221735893703428
	1.1221738247322062
	1.1221738610231038
	1.1221752172656423
	1.1221772231068599
	1.1221789854994586
	1.1221792609702044
	1.1221824216245542
	1.1221840924588409
	1.1221856160676786
	1.1221867807911086
	1.1221860983126972
	1.1221871352383896
	1.122188338694256
	1.12218701130399
	1.122189380551501
	1.1221908992059815
	1.122191429105074
	1.1221922133572308
	1.1221921434343245
	1.122194861011786
	1.1221942191170817
	1.1221953365458948
	1.1221908377412515
	1.1221891820911083
	1.1221876780660585
	1.1221868706846108
	1.1221915278059544
	1.122193433814651
	1.1221928503033707
	1.1221954470710818
	1.122199250974531
	1.1222028163509639
	1.1222038091790347
	1.1222035749668833
	1.1222026704712322
	1.1222026498521862
	1.1222009583999073
	1.122202357766193
	1.1222058222719242
	1.1222092273241369
	1.1222097328375975
	1.1222072746583298
	1.1222071560147342
	1.1222085350042985
	1.122207349346375
	1.1222079705684551
	1.1222070619990907
	1.1222091439910122
	1.1222100349830186
	1.1222119885062745
	1.1222128620886254
	1.122213219226567
	1.122212244643769
	1.122212246776122
	1.122213877303549
	1.1222145882325305
	1.1222151454046907
	1.1222153751066473
	1.122214557357645
	1.1222163549261315
	1.1222155443572364
	1.1222185062339745
	1.1222236196127144
	1.122226525426249
	1.122227884305212
	1.122226055978415
	1.1222289445219835
	1.1222288368152569
	1.122231818428701
	1.12223338746262
	1.1222336788359575
	1.122237330908464
	1.1222385016431846
	1.1222389871909064
	1.1222360125398434
	1.12223614752073
	1.1222384086770123
	1.1222377323815274
	1.1222384664840455
	1.1222404687592424
	1.1222442202204486
	1.1222448378256449
	1.1222432600442775
	1.1222446226450653
	1.1222466009363843
	1.122246078375402
	1.1222448348737537
	1.1222448625516777
	1.1222501990597218
	1.1222514008638094
	1.122248899475788
	1.1222511617399447
	1.122254249387899
	1.1222557521996717
	1.1222581173030728
	1.1222607288735083
	1.1222611812118943
	1.1222645138757803
	1.1222620712852596
	1.1222623458826821
	1.1222597841843507
	1.1222597639304306
	1.1222619354539733
	1.1222617501808803
	1.1222635584121472
	1.1222675432085814
	1.122269293129609
	1.122269276542657
	1.1222713897609222
	1.1222744601452497
	1.1222743864641727
	1.1222732269155884
	1.122277499835073
	1.1222786458198233
	1.12227413750719
	1.1222718953929134
	1.1222697469072995
	1.1222702180080117
	1.122273914974714
	1.1222768103954759
	1.1222774445150971
	1.1222771689695714
	1.1222794558065985
	1.1222783082395433
	1.1222770272296307
	1.122277633228178
	1.122275312687549
	1.1222789459427258
	1.1222769359770244
	1.1222773830118862
	1.122281510729953
	1.1222810212744045
	1.1222829203761338
	1.1222840848099462
	1.122285078585138
	1.1222843425346718
	1.1222886089054958
	1.1222858007865497
	1.1222882812772719
	1.1222902868683986
	1.1222904245758356
	1.1222944147806395
	1.1222945299363642
	1.122296478043636
	1.122292590098645
	1.1222926005012557
	1.1222952223698233
	1.122295032251383
	1.1222974610264633
	1.1223009596008817
	1.122303510310985
	1.1223016028113741
	1.1223022949516603
	1.122302675511777
	1.1223035976998372
	1.1223003005052818
	1.1223043458065707
	1.122302783780539
	1.1223025558055686
	1.1223075336718182
	1.1223115607872223
	1.1223142684630523
	1.1223142999790587
	1.1223176934785182
	1.1223159103881986
	1.1223151128187743
	1.122313543912068
	1.122314728023831
	1.1223179754667851
	1.1223204384320598
	1.1223198832117502
	1.1223151413078922
	1.1223168118765867
	1.122315820943388
	1.122315681104502
	1.1223163401440652
	1.1223191055197186
	1.1223175107389853
	1.122321255239265
	1.1223220524516577
	1.12232585954385
	1.1223270509737282
	1.122326756601674
	1.1223279445782768
	1.1223310050125137
	1.1223282825880478
	1.1223301166745987
	1.1223335422331646
	1.1223326488910053
	1.122330673418679
	1.1223307709734842
	1.1223287857626134
	1.1223304637698535
	1.1223302783936802
	1.1223288686050468
	1.122330006915421
	1.1223288744918782
	1.122327733425268
	1.122332121764325
	1.122329862120303
	1.1223288146821921
	1.1223297155513596
	1.1223322978491044
	1.122331328662148
	1.1223308084719401
	1.1223276288010995
	1.1223293285933524
	1.1223280122268342
	1.1223262702981438
	1.1223247026417933
	1.1223222376182258
	1.1223245252153042
	1.1223273589594291
	1.1223287706461782
	1.1223325526232095
	1.122331022424024
	1.1223290116079208
	1.122332003661866
	1.1223305715246634
	1.1223345397329236
	1.1223352963387299
	1.1223334051656368
	1.122333670288552
	1.1223334606517545
	1.1223302556330557
	1.1223308056622199
	1.1223291773896844
	1.1223310132141033
	1.122332020257329
	1.1223354444170455
	1.122334946902043
	1.1223382250112568
	1.1223389703824576
	1.1223428343861128
	1.1223424646887823
	1.122345269265421
	1.1223452291692346
	1.1223423777400614
	1.1223410556756048
	1.1223407970752555
	1.1223386742170607
	1.1223418139328039
	1.1223427434876965
	1.122342780851767
	1.1223458016131682
	1.122347026285781
	1.122347061943971
	1.1223489277601866
	1.12234983636791
	1.1223482901635478
	1.1223519812238014
	1.1223506383706212
	1.1223464564280605
	1.12234771480159
	1.1223474102373194
	1.1223455457445903
	1.1223457802722452
	1.1223478731924061
	1.1223499255737386
	1.1223509060230858
	1.1223494472997104
	1.1223505679345078
	1.1223453425092729
	1.12234413729329
	1.122343176947536
	1.1223448774471214
	1.1223412608421501
	1.122339708939313
	1.1223387000137401
	1.1223382685963696
	1.1223409559638557
	1.1223417339672794
	1.1223426315158571
	1.1223399505507965
	1.1223392065784583
	1.122342480837059
	1.1223414993244019
	1.1223410047260522
	1.1223364212419538
	1.1223382068016055
	1.1223394352488174
	1.1223393744429566
	1.1223391911404514
	1.122337278363233
	1.1223389917892788
	1.1223415596166235
	1.1223405718548
	1.1223396494152984
	1.1223401256465844
	1.1223412948612117
	1.122341397348967
	1.1223411290086744
	1.1223435679582359
	1.122344019785436
	1.1223425204736566
	1.1223406921161903
	1.1223376669879968
	1.1223384078412735
	1.1223393963759933
	1.1223419551738139
	1.1223459278253978
	1.1223444096856035
	1.1223423943310742
	1.1223423671220345
	1.1223447876892263
	1.1223488212176391
	1.122348481603706
	1.1223500203693655
	1.1223511308951557
	1.1223496551661232
	1.1223460792146491
	1.1223470714847792
	1.1223454148482395
	1.1223439977965135
	1.1223450469519713
	1.1223489372186217
	1.1223493332115784
	1.1223472558266618
	1.1223484138885964
	1.1223461013049922
	1.122345059260282
	1.122345872608787
	1.1223462682626406
	1.1223421247883731
	1.1223427900091631
	1.122343892765037
	1.1223405298487974
	1.1223415967868697
	1.1223414559667118
	1.1223425650109407
	1.122340767096782
	1.1223357490842305
	1.1223330487735959
	1.1223304601864719
	1.1223304843277144
	1.1223279280449348
	1.1223282433862682
	1.1223281211924372
	1.1223291175831815
	1.1223310044646808
	1.12233262581764
	1.1223328955476009
	1.1223330519971186
	1.1223291515250362
	1.1223298959839212
	1.122331439725891
	1.1223354901090612
	1.122334791237588
	1.1223347040942535
	1.122332948036093
	1.122331427826283
	1.1223315485655387
	1.1223307836399927
	1.1223328910001247
	1.122328149786608
	1.1223254690730267
	1.1223258597629073
	1.12232399389071
	1.1223242228666785
	1.122326410259375
	1.1223281544662225
	1.1223275684486904
	1.1223281915263512
	1.1223276287717185
	1.122331038594869
	1.1223315112643542
	1.1223333757606022
	1.122335573518222
	1.1223355898156786
	1.122333920168875
	1.122332618750661
	1.1223338266120535
	1.1223319442221313
	1.122333268771191
	1.1223333851975394
	1.1223301507642545
	1.1223307072739428
	1.1223320110717248
	1.1223302892338112
	1.1223308564638887
	1.1223319937099563
	1.1223338862295547
	1.1223359449877501
	1.122333719103642
	1.1223334941104364
	1.122334002371297
	1.122331417505208
	1.1223323998874701
	1.1223340148553114
	1.1223334848948452
	1.1223325641151543
	1.1223310622161966
	1.1223300368190356
	1.1223254189119458
	1.1223250997888023
	1.122326980935429
	1.1223293276287178
	1.12232924717767
	1.1223305479783394
	1.1223315235708051
	1.1223334551319146
	1.1223320117780962
	1.1223325603766594
	1.1223330526302004
	1.1223333504406292
	1.122337061403383
	1.12233852627429
	1.1223366340899192
	1.1223307518752565
	1.1223279601699667
	1.1223308238451686
	1.1223323337254738
	1.1223346719919947
	1.1223331384535695
	1.1223319262031184
	1.1223329690610335
	1.1223335600435995
	1.1223330618260228
	1.1223330654109445
	1.1223321187553212
	1.1223309823542842
	1.1223337019276256
	1.1223311016921302
	1.122334931189389
	1.1223408907902332
	1.1223409778928968
	1.1223397315347758
	1.1223376045885418
	1.12234178471687
	1.1223426233674445
	1.1223385292955654
	1.1223372244841254
	1.1223375754373255
	1.1223335213109826
	1.1223322830195184
	1.1223288156451783
	1.1223271906970944
	1.1223245273368925
	1.1223242785278622
	1.1223230706741765
	1.1223234190034037
	1.1223219486877347
	1.1223226999069669
	1.1223246475650026
	1.12232451791781
	1.12232407532193
	1.1223243426011824
	1.1223268295784592
	1.122323392057263
	1.1223248025874553
	1.1223269606264488
	1.1223251872965043
	1.12232617907385
	1.1223244824394223
	1.122320288784694
	1.1223183076136862
	1.1223189298954546
	1.1223177086936864
	1.1223154768558572
	1.1223185482911124
	1.1223176961390164
	1.1223165044528831
	1.1223199179762329
	1.122320071350768
	1.122322697627201
	1.1223261633189257
	1.1223256527914058
	1.122325034350467
	1.1223235836834047
	1.1223237017194183
	1.1223233365348813
	1.1223223753117304
	1.1223230210768114
	1.1223188989760713
	1.122315386916174
	1.1223125007741412
	1.1223135866810545
	1.122313343664808
	1.1223128891678376
	1.1223112099984105
	1.1223121258366686
	1.1223100095689955
	1.1223151473902553
	1.1223150237831552
	1.1223125941651353
	1.1223123397596049
	1.1223130784758195
	1.1223134553848404
	1.1223152202367415
	1.1223137452750223
	1.1223109217665403
	1.122310285776751
	1.1223106676023598
	1.1223113722862517
	1.122312164528911
	1.1223159795910522
	1.1223161276035778
	1.122315513474692
	1.1223138997243318
	1.1223132831215845
	1.1223138409030817
	1.1223126520836613
	1.1223113127388942
	1.1223068928717292
	1.1223086556637984
	1.1223093289666413
	1.1223093845910166
	1.1223105006871283
	1.1223095236209295
	1.1223085729750033
	1.122307009320213
	1.1223083995791165
	1.1223117446411117
	1.1223113640908706
	1.122313794950939
	1.1223102510668492
	1.122309874478611
	1.12231201880978
	1.1223098567502579
	1.1223060965643374
	1.1223037225915669
	1.122304229382674
	1.122307872125476
	1.1223103012860065
	1.122311433659139
	1.1223107865162407
	1.1223101951652827
	1.1223100795381398
	1.122314406201024
	1.1223173490518614
	1.1223181480276283
	1.122316969397043
	1.1223157343246946
	1.1223143973223495
	1.1223150028426632
	1.1223168184567693
	1.1223201362954114
	1.1223212852987527
	1.1223209315575702
	1.1223206110735053
	1.1223173837063383
	1.12231591550875
	1.1223180122627685
	1.122315854088432
	1.1223180333591227
	1.122319571991382
	1.1223217569381754
	1.122323156701904
	1.1223246023767532
	1.1223238280632564
	1.1223228850614475
	1.1223229680223235
	1.1223216174395327
	1.1223253840310696
	1.1223277964073024
	1.1223262040933724
	1.122329097828553
	1.1223294803747272
	1.1223277615620093
	1.1223256875909757
	1.1223246969790257
	1.1223239535697775
	1.1223210763995424
	1.1223216692037348
	1.122324313828734
	1.1223204516409893
	1.122316856652834
	1.1223150231127443
	1.122315283958568
	1.1223158969124583
	1.122314990774496
	1.1223145285791325
	1.1223148499435176
	1.1223174749758658
	1.1223181241476905
	1.122318166148046
	1.1223195152205618
	1.1223212441286476
	1.1223213259060718
	1.1223192590732234
	1.1223174347476743
	1.122317501279832
	1.12231767678151
	1.1223217093969775
	1.1223219096943668
	1.122319277762929
	1.1223167468026536
	1.1223169556891321
	1.1223156315081158
	1.1223144884843046
	1.1223145737472555
	1.122317468415398
	1.1223178338304363
	1.1223195987719696
	1.1223194773340905
	1.1223169043461403
	1.1223152076658403
	1.1223116756706495
	1.1223112142606855
	1.1223100126342778
	1.1223121484499128
	1.1223115450263006
	1.1223131700988191
	1.1223119168031803
	1.1223110990780982
	1.1223149009691804
	1.122315133383886
	1.122314220171712
	1.1223172173400153
	1.1223181616123836
	1.1223200637439434
	1.1223222771434505
	1.1223216128661888
	1.1223233957992518
	1.1223255679436945
	1.1223242529817838
	1.122319061099931
	1.1223154368261534
	1.1223168763564475
	1.1223164339335159
	1.1223172553434162
	1.1223159758431522
	1.1223164748964196
	1.1223172649762048
	1.1223163340613362
	1.1223171551656097
	1.1223152979923425
	1.1223091648215253
	1.1223073789271762
	1.1223052785263647
	1.1223070428118713
	1.1223084101683334
	1.122305951735697
	1.1223043235818042
	1.1223066722833341
	1.1223078404261444
	1.1223096458062516
	1.1223087933497466
	1.122310664179706
	1.1223092980774454
	1.1223077146961253
	1.1223120543483542
	1.122311326576851
	1.122311364139609
	1.1223130548812055
	1.1223134722762962
	1.1223135389171572
	1.1223145156114616
	1.1223144809300745
	1.1223142279186586
	1.1223157294715742
	1.1223154436747067
	1.1223154685771612
	1.1223111730906397
	1.1223127047063417
	1.1223120067595236
	1.1223132574150119
	1.1223132976578138
	1.1223137369176694
	1.12231170302366
	1.1223129859859464
	1.1223123477209063
	1.1223094842927324
	1.122309674452699
	1.1223084388638533
	1.122308288558028
	1.1223104832641289
	1.122311393651116
	1.1223101482122346
	1.12230819013124
	1.12230632643331
	1.1223052101558646
	1.1223094382558287
	1.122310011614271
	1.1223126905358876
	1.1223156110290946
	1.1223153490847673
	1.1223172670465822
	1.1223173785122555
	1.1223165072051255
	1.1223188794666523
	1.1223196581072203
	1.1223174915672198
	1.122318233616385
	1.1223186085118848
	1.122319624190969
	1.122316711480542
	1.1223174040938328
	1.1223148754143417
	1.1223158915989553
	1.1223165457575541
	1.1223188742918153
	1.1223166388026058
	1.1223171065718942
	1.1223153923342808
	1.1223181242578792
	1.1223154997480946
	1.1223142915131468
	1.1223166552979094
	1.1223169505356538
	1.12231665390191
	1.1223168700885116
	1.122317597102328
	1.1223204835582237
	1.122322328900804
	1.1223264549452094
	1.1223282886648185
	1.1223293063691067
	1.12233172728548
	1.1223310811790188
	1.1223294210258827
	1.122329461702376
	1.1223296663653752
	1.122327956350208
	1.1223267555696972
	1.1223282617060413
	1.1223262415064699
	1.1223285832588683
	1.1223279821217624
	1.1223271582212522
	1.1223275835190818
	1.122325250474792
	1.1223227941020448
	1.1223248206971153
	1.1223238227307126
	1.1223254707325834
	1.122324494969911
	1.1223271313427279
	1.1223265682223906
	1.1223267518312146
	1.1223254548543662
	1.1223247976514141
	1.1223208061342225
	1.1223198950075963
	1.1223214448226635
	1.1223201471805113
	1.1223160947201212
	1.12231197140269
	1.1223103450417553
	1.1223119049034154
	1.1223140631309523
	1.1223151773073412
	1.122317940327354
	1.122317316988343
	1.1223155928851933
	1.1223192248886291
	1.1223214122964669
	1.1223206269752874
	1.1223183620998294
	1.1223182187589984
	1.1223193177557593
	1.1223184672672442
	1.1223168730443758
	1.1223192335239986
	1.1223197451686642
	1.1223190481281127
	1.1223177094553438
	1.1223170975177867
	1.1223147267724456
	1.1223120613943824
	1.1223126215375165
	1.1223159027437746
	1.1223169322760889
	1.1223173991776578
	1.1223202958203502
	1.1223221449136453
	1.1223261645884515
	1.1223272786158458
	1.1223257684904415
	1.1223246176220034
	1.1223251827925271
	1.1223247763033921
	1.122324579358996
	1.1223262803226632
	1.1223295567137175
	1.1223319813963597
	1.1223327396473073
	1.122329951152127
	1.1223303144425902
	1.1223287092563439
	1.1223286113078097
	1.1223299303432182
	1.1223285436085912
	1.1223274628350217
	1.1223253266023663
	1.122328762463232
	1.1223262690176161
	1.1223296483503098
	1.1223316560108942
	1.1223309563479025
	1.1223271586927415
	1.122326734470583
	1.122328586369132
	1.122329730889221
	1.1223311536681206
	1.1223317227870842
	1.1223313176972494
	1.122328494983804
	1.1223305655289635
	1.1223264372701403
	1.1223272930208583
	1.1223265013385326
	1.1223242140712872
	1.122326114336027
	1.1223251716646907
	1.1223251300752117
	1.122326270641852
	1.1223242264982909
	1.1223255637333438
	1.1223232573438315
	1.1223230141630114
	1.1223236976581057
	1.1223238755007625
	1.1223235558236844
	1.1223235280851387
	1.1223233360032259
	1.1223225835486004
	1.1223236790896192
	1.122324930188633
	1.122322069829381
	1.1223260655123553
	1.122328431249173
	1.1223303385799543
	1.1223302998705422
	1.122326064455785
	1.1223290032074884
	1.1223267177149712
	1.122326273000288
	1.1223270726421963
	1.122326703728675
	1.122325180472857
	1.1223235945805174
	1.122323257266499
	1.1223214999776656
	1.1223198266382226
	1.122318211243427
	1.1223151758409335
	1.122317492083751
	1.1223177275537237
	1.1223174310820965
	1.1223165296127964
	1.122317400277501
	1.1223155175442774
	1.1223179369887097
	1.1223157589226997
	1.1223166266667626
	1.122318327708181
	1.122313993695913
	1.1223140403918712
	1.122314530531928
	1.1223123586754116
	1.1223125998847727
	1.122312009656874
	1.1223134108084338
	1.122314771820317
	1.1223132580220072
	1.122314209911507
	1.1223144000341965
	1.1223129099908087
	1.122312612019284
	1.1223098507976041
	1.1223083758093773
	1.122307045763269
	1.122308693411613
	1.1223096599131384
	1.1223068745241602
	1.1223116692717068
	1.1223124805268658
	1.122313656506985
	1.122312715258182
	1.1223124482209663
	1.122310215983087
	1.1223144963533918
	1.1223128012805748
	1.1223138015032663
	1.122312706512834
	1.1223108842765173
	1.122309217328341
	1.1223106605850528
	1.1223126854228485
	1.1223124186449018
	1.122310196268766
	1.122308895213042
	1.1223045176187023
	1.122304609129942
	1.1223052913200593
	1.1223056760440624
	1.1223064072746523
	1.1223061266189696
	1.122302301943004
	1.1223030368962366
	1.1223056001162668
	1.1223033021036053
	1.1223008413901576
	1.1222983267556426
	1.1223010356326133
	1.1223000955872549
	1.122300541364427
	1.1223033071698278
	1.1223031724145272
	1.1223048717852255
	1.1223062351321804
	1.1223068379954824
	1.12230560750615
	1.1223056142781185
	1.1223068092166917
	1.1223101705387935
	1.1223135570884173
	1.1223133530816267
	1.1223172658696048
	1.122316222368347
	1.1223194686591142
	1.1223172742752456
	1.1223203357465423
	1.1223208079234859
	1.1223212657267678
	1.122319485718314
	1.122318957785937
	1.1223170568422665
	1.1223157516212134
	1.1223157993126445
	1.1223135682976118
	1.1223107217135093
	1.1223106785003059
	1.1223134214632458
	1.1223093252078322
	1.1223075638647064
	1.122306801097908
	1.1223061645859502
	1.122307181935576
	1.1223036330477647
	1.1223054744457475
	1.122305002553481
	1.1223002362680843
	1.1223022443680668
	1.1223044916013225
	1.122303803648896
	1.1223040785425713
	1.1223041498182607
	1.1223024523148029
	1.1223025569462777
	1.1223003840920944
	1.1223028017980805
	1.1223006005958673
	1.1223010985206556
	1.1222991515732765
	1.1222990247089268
	1.1222986917239088
	1.1223002830996593
	1.1222987139522214
	1.122298304449993
	1.1222970994384134
	1.1222984092593122
	1.122298572778904
	1.122302915148104
	1.1223036826563775
	1.1223022777999567
	1.1223015886300203
	1.122304276740238
	1.1223041473781419
	1.122303918308192
	1.1223046340545515
	1.1223040027934632
	1.1223015235656058
	1.1223011743631364
	1.1223013071924766
	1.1223016945854158
	1.12230227035179
	1.1223059807522626
	1.1223045224885877
	1.1223054171616558
	1.1223062278135532
	1.1223073402229256
	1.1223081719725263
	1.1223064283201665
	1.1223062965534505
	1.1223057291678173
	1.122307499762881
	1.1223069674619945
	1.12230613483384
	1.122309462931232
	1.1223106531361227
	1.1223073770620031
	1.1223098856871643
	1.122308557629401
	1.122309103342111
	1.1223097459012896
	1.1223040461993923
	1.1223026401387424
	1.1223019163826722
	1.1223008284765201
	1.1223011592125733
	1.1223038787009827
	1.1223035083807649
	1.12230446506999
	1.1223026620276457
	1.1223042468148963
	1.1223029245491778
	1.122304011000342
	1.1223085873530498
	1.1223080984829967
	1.1223073870480913
	1.1223067035668854
	1.1223060655557164
	1.1223048097422343
	1.1223064113563304
	1.1223010436866088
	1.1223036235117396
	1.1223055456685913
	1.1223087412290849
	1.1223077024742951
	1.122306662207701
	1.1223046382573894
	1.122305751174983
	1.122307185523505
	1.1223081500855971
	1.1223038482686147
	1.122304242706329
	1.122305066693566
	1.122305313029087
	1.1223019701873003
	1.1223008234132719
	1.1222996646383907
	1.122296241890313
	1.122298089371957
	1.1222985325503936
	1.12230179611751
	1.1223014520681485
	1.122302688122769
	1.1223029571137133
	1.1223050594952397
	1.12230820278275
	1.122309345209822
	1.1223079921192198
	1.1223065848143021
	1.122306132263723
	1.1223042245973025
	1.122303873184349
	1.1223050455749863
	1.122303533134971
	1.1223030754919012
	1.1223011070804614
	1.1223026745539237
	1.1223036117411789
	1.1223055250520222
	1.1223057970606076
	1.1223029581813535
	1.122302076300136
	1.1223061668707712
	1.122308504814334
	1.1223070902094203
	1.1223063924118593
	1.1223078005412244
	1.1223082498103256
	1.1223094463220271
	1.1223118568774038
	1.122312132341228
	1.1223130550122637
	1.1223131195905975
	1.1223143896080012
	1.1223154009321166
	1.12231435075686
	1.1223119272013062
	1.1223120809247633
	1.1223115317077046
	1.1223105002150513
	1.122309508400382
	1.1223103137751949
	1.122310560513872
	1.1223138040381797
	1.1223160924033015
	1.1223164025351615
	1.1223162618750895
	1.122316836278738
	1.122318090463834
	1.1223166688687243
	1.122321564630226
	1.1223189335805062
	1.1223178945096202
	1.1223160433070922
	1.1223113650616336
	1.1223108501279997
	1.1223151581244288
	1.1223139697634315
	1.122311762705011
	1.1223082422307609
	1.1223054511248647
	1.1223056608469142
	1.1223083767473188
	1.1223082264358686
	1.1223068227839124
	1.1223066655457963
	1.1223084042270606
	1.122307165474922
	1.1223063826163322
	1.1223086189780556
	1.1223062581480236
	1.122306064998007
	1.1223050327017392
	1.1223033752107676
	1.122302308948094
	1.1223012903973293
	1.12230069638285
	1.1223033417921806
	1.1223049304941353
	1.1223054135136394
	1.1223104406499798
	1.122310565415002
	1.1223134737327902
	1.1223139559350233
	1.1223140304414432
	1.1223149752288808
	1.1223133234768417
	1.1223152430093029
	1.1223160376146886
	1.1223186172874458
	1.1223192480810869
	1.1223173413099499
	1.1223171410665
	1.1223206101035093
	1.1223196457493205
	1.1223150091064438
	1.1223169725037645
	1.1223170893378958
	1.1223144777183733
	1.1223138795575502
	1.122312722369396
	1.1223124763489876
	1.1223132855731257
	1.122314915434542
	1.1223193899150765
	1.122321804289871
	1.122325545538319
	1.122326507755501
	1.1223264974679277
	1.1223297013262885
	1.122330462623996
	1.1223297097967486
	1.1223300717960014
	1.1223325775173045
	1.1223325355352318
	1.1223334238751934
	1.122333893123875
	1.122332759585525
	1.1223339579983413
	1.1223344099403576
	1.1223322640633684
	1.12233383888916
	1.1223326369496682
	1.1223327960845444
	1.1223339079658845
	1.1223317972268552
	1.1223296527176845
	1.1223286044794178
	1.1223245199943812
	1.1223231648148533
	1.1223233381093165
	1.1223247975014183
	1.1223205387206834
	1.1223190213778518
	1.1223196486092777
	1.122321344932903
	1.1223234016129726
	1.1223261619223337
	1.1223309000923132
	1.1223326334005732
	1.122333559400431
	1.1223336622946534
	1.1223339315138945
	1.1223354913330963
	1.1223343619511075
	1.1223345040917083
	1.1223362701215807
	1.122338819547816
	1.1223426407006862
	1.122342498647131
	1.1223412433934994
	1.122338951116916
	1.1223377035547757
	1.1223355098526726
	1.1223353666567288
	1.1223341553275665
	1.1223365650569745
	1.1223373259527376
	1.122333936841886
	1.1223294583216026
	1.12232973738088
	1.122329861982347
	1.122329525164309
	1.1223268172750729
	1.1223269926332116
	1.1223290184883055
	1.1223292003143972
	1.1223248574658646
	1.1223239098149034
	1.1223227754389868
	1.122317281484433
	1.122313149861222
	1.1223177158348654
	1.122316948447922
	1.1223175181767253
	1.1223199620948188
	1.1223211095886592
	1.1223200373846303
	1.122320385587431
	1.1223186301112034
	1.1223234677144067
	1.1223237996377573
	1.1223194990376513
	1.1223199197696205
	1.1223219931341235
	1.1223210742282153
	1.122319899159638
	1.122322931813362
	1.1223275891115685
	1.1223281471901285
	1.1223306106327289
	1.1223313593723652
	1.122328115735776
	1.1223271713293845
	1.1223267578307232
	1.1223246742004083
	1.1223234653324357
	1.1223214015856215
	1.1223261461688985
	1.1223276112844711
	1.122326071711503
	1.1223282459239652
	1.1223302467215512
	1.1223349555228364
	1.1223399868817825
	1.1223372057312042
	1.1223372598673287
	1.12233223893134
	1.1223339784253024
	1.1223329186147404
	1.1223306253164713
	1.122328147132399
	1.1223284241937614
	1.1223310286343382
	1.1223291910713822
	1.1223311574012491
	1.1223314038898224
	1.1223310590189737
	1.122331247095818
	1.1223297982075728
	1.1223281713262727
	1.1223293818785622
	1.122329723222251
	1.1223296745591715
	1.12232914837287
	1.1223283609298744
	1.1223292521469428
	1.1223279907057309
	1.1223302748072492
	1.1223262806011356
	1.1223284667834854
	1.1223259770326124
	1.122326812750865
	1.1223268357628924
	1.1223221915595105
	1.1223249852318598
	1.122322462887807
	1.1223250699516056
	1.122324540817826
	1.1223198303209483
	1.1223173487377067
	1.1223139767415546
	1.1223152232863876
	1.1223169010410918
	1.122316533279814
	1.122319209820874
	1.1223195128683896
	1.122320941453429
	1.122319755705797
	1.1223200306371632
	1.1223200003925051
	1.1223222678372504
	1.1223205636974753
	1.1223211726846343
	1.1223178696926386
	1.1223182672713858
	1.1223179542656214
	1.1223173431321742
	1.1223147895005754
	1.1223166340448656
	1.122314863279348
	1.122315460772069
	1.122313116944451
	1.1223111145120948
	1.1223138806034068
	1.122314561485699
	1.1223150087899105
	1.1223149524860017
	1.1223143920811984
	1.12231709201622
	1.122318380178703
	1.1223181376928497
	1.1223157983959051
	1.1223168197079905
	1.1223163011661048
	1.122320770437576
	1.1223196921803134
	1.1223217749484748
	1.1223263946723698
	1.1223231264707862
	1.122324103244243
	1.1223250208821869
	1.1223251185645162
	1.1223239324704264
	1.122326979409486
	1.1223306112781108
	1.1223284160887943
	1.1223287726757425
	1.1223284098386377
	1.1223275227434075
	1.1223305210025452
	1.1223333152339439
	1.1223295780816085
	1.1223330135390674
	1.1223334661754607
	1.1223325352105882
	1.122336044237875
	1.1223342541961476
	1.1223353497771495
	1.1223361698207799
	1.1223340578744918
	1.1223352658848555
	1.122333169106915
	1.1223343975980953
	1.1223355378048985
	1.1223335735906514
	1.1223370374326036
	1.1223336310787029
	1.1223350673881012
	1.1223345307061063
	1.1223346238268697
	1.1223351505021648
	1.122335599046222
	1.1223345751004832
	1.122336261763092
	1.1223360368004978
	1.1223380482737857
	1.122335941284732
	1.1223348906200694
	1.1223356849488189
	1.122331299660388
	1.1223327216258319
	1.1223334472969024
	1.1223327874580256
	1.1223305339833387
	1.1223320041807288
	1.1223285531791742
	1.122323439947642
	1.122324108477423
	1.1223245310744687
	1.1223245350914461
	1.1223216414023178
	1.1223208569887018
	1.1223233076024381
	1.122323817770923
	1.1223246505982565
	1.1223267719670627
	1.1223272470001489
	1.1223283152249317
	1.122326542549943
	1.1223256825857395
	1.1223241857111472
	1.1223240170296302
	1.122324660454316
	1.122326144996301
	1.1223253927790133
	1.1223280650978196
	1.1223235427789113
	1.1223214100530463
	1.122319393410784
	1.1223191259696068
	1.122316744115936
	1.122316758735408
	1.1223169838286218
	1.1223178965256495
	1.1223176746129107
	1.1223181736245589
	1.1223211513061564
	1.122320230454643
	1.122320752398967
	1.1223237551139262
	1.1223251240593033
	1.122326524044016
	1.1223321144779708
	1.1223330788381847
	1.1223366260029912
	1.1223376090471613
	1.1223352236894266
	1.1223335895590476
	1.122334927367106
	1.122336155037683
	1.122337296772976
	1.1223390385539702
	1.1223433800852383
	1.1223428459100706
	1.1223436815023242
	1.1223502333944944
	1.1223472206949179
	1.1223487250977646
	1.1223491885254142
	1.1223501506971179
	1.122351250608447
	1.1223501341846476
	1.1223497575881303
	1.1223511576157723
	1.122347520994261
	1.1223472026273154
	1.1223486062982666
	1.122348332404813
	1.122348427747194
	1.122346096882243
	1.122346663823189
	1.1223486016846156
	1.1223477994371052
	1.1223446006893094
	1.1223479623238053
	1.1223490132450218
	1.1223539064306927
	1.1223556187996961
	1.1223562205823776
	1.1223571990244154
	1.122358316377418
	1.1223607344345783
	1.122358843490531
	1.1223598460666975
	1.1223578240762173
	1.1223545756115458
	1.1223524041575552
	1.1223493927080859
	1.1223477676776967
	1.1223484419582819
	1.1223519968464442
	1.1223518338904555
	1.122351180775579
	1.1223530532265027
	1.1223520242376637
	1.122350500109046
	1.122349203298702
	1.1223499984314935
	1.1223481267887137
	1.1223497592206018
	1.1223478752484604
	1.1223471804539917
	1.1223467068614101
	1.1223471810742285
	1.1223452320082106
	1.1223467509438896
	1.1223477713803809
	1.1223455281566117
	1.1223444539698777
	1.1223449621142232
	1.122345298742131
	1.12234684184994
	1.1223438351867725
	1.1223429573847958
	1.122344593050452
	1.122345954609568
	1.122346057700379
	1.1223445200802913
	1.1223425082143805
	1.122343533858518
	1.1223422020465952
	1.1223407669687426
	1.1223411862940158
	1.1223431119288976
	1.122343700301032
	1.1223424399764599
	1.122344532557331
	1.1223406547773007
	1.1223410312552782
	1.1223417260593003
	1.1223427694857069
	1.122346104068104
	1.1223448862983276
	1.1223461065398244
	1.1223498778134622
	1.1223503603644245
	1.122348450616862
	1.1223452914239251
	1.1223449631034979
	1.122344773425274
	1.1223463561963432
	1.122340167653613
	1.1223375143328187
	1.122336624096912
	1.1223352596468767
	1.1223353094113395
	1.122336842963249
	1.1223370792668772
	1.1223379719997602
	1.1223383432491867
	1.1223365441146158
	1.1223363767459833
	1.1223345857196203
	1.1223354399343242
	1.1223361843930055
	1.1223369043043407
	1.1223341743828072
	1.122333372455647
	1.1223332588774317
	1.1223314568127016
	1.1223335903376703
	1.122334318919613
	1.1223320266779273
	1.122332317390433
	1.1223333637272188
	1.1223318165827272
	1.1223323670269807
	1.1223293727414074
	1.1223287182029114
	1.122332242622875
	1.1223321165597127
	1.1223314176635928
	1.1223320349500918
	1.1223337460152798
	1.1223298400710242
	1.1223261640941928
	1.1223237755601694
	1.1223245992077482
	1.122325564125642
	1.1223244416881633
	1.122323514096709
	1.122324814887641
	1.1223287369560997
	1.1223264973236025
	1.1223266113665544
	1.1223244690985994
	1.122321778577758
	1.1223243863422807
	1.1223251998803294
	1.1223235776417215
	1.122320986501184
	1.1223217923744253
	1.122320128110391
	1.1223171960101213
	1.1223170658177546
	1.122319011636021
	1.1223164706928346
	1.12231745390462
	1.1223183192869184
	1.1223174663635096
	1.1223160514600152
	1.1223159111143706
	1.1223150537060886
	1.1223163673846746
	1.1223145506223822
	1.1223133575144961
	1.1223137962817238
	1.1223158353128784
	1.1223196470812138
	1.1223196341858392
	1.1223198465157234
	1.1223175266688137
	1.1223179791230815
	1.1223192489905962
	1.1223205048483005
	1.1223178408147205
	1.1223153482599708
	1.122315906196524
	1.1223210344966015
	1.1223213626683424
	1.1223205159615788
	1.1223218346038495
	1.1223204524658996
	1.1223211375777566
	1.1223196460760456
	1.1223228241032779
	1.1223275107856385
	1.122327605784455
	1.1223260744138222
	1.1223255312804958
	1.1223291286828314
	1.1223312490388826
	1.12233123509124
	1.12232985787245
	1.1223320538400645
	1.1223337012140862
	1.1223327810284003
	1.122332629619784
	1.1223381226431566
	1.1223392394076452
	1.1223379133751228
	1.1223341872800197
	1.1223361093739848
	1.1223341640580538
	1.122337065436229
	1.1223372954058786
	1.1223410802232863
	1.122342836408601
	1.122344175879592
	1.1223449679239754
	1.122346212234252
	1.1223443892905236
	1.1223430331232003
	1.122344314936171
	1.12234858602326
	1.1223529026097054
	1.122353502245812
	1.1223514041538811
	1.1223507640196633
	1.1223528632331758
	1.122352168982706
	1.1223501747252103
	1.1223509315181883
	1.122349192392281
	1.1223461587788477
	1.1223421914626002
	1.122341318440569
	1.122340107489914
	1.1223416701807725
	1.1223419348487658
	1.1223464247482662
	1.1223447617186524
	1.1223429148013242
	1.1223412009920706
	1.1223397140815112
	1.1223421817567747
	1.122342245288837
	1.1223431745936732
	1.1223429203869897
	1.122343790193833
]