[
	1.0196075439453125
	1.0195298194885254
	1.0193897485733032
	1.0193226337432861
	1.0192822217941284
	1.0191583633422852
	1.0190560817718506
	1.0189400911331177
	1.0188226699829102
	1.0187042951583862
	1.0186184644699097
	1.018465280532837
	1.0183771848678589
	1.0183591842651367
	1.018288254737854
	1.0181139707565308
	1.018019437789917
	1.0180047750473022
	1.0178345441818237
	1.0177303552627563
	1.017621397972107
	1.0175856351852417
	1.0174511671066284
	1.017327904701233
	1.0172263383865356
	1.0171846151351929
	1.0170611143112183
	1.0168942213058472
	1.0168120861053467
	1.0167291164398193
	1.0166767835617065
	1.0165486335754395
	1.0164666175842285
	1.0164177417755127
	1.0163007974624634
	1.0161399841308594
	1.0160183906555176
	1.0159357786178589
	1.0158387422561646
	1.0157021284103394
	1.0155845880508423
	1.015538215637207
	1.0154645442962646
	1.0154304504394531
	1.0153292417526245
	1.015259027481079
	1.0151739120483398
	1.0150481462478638
	1.014931082725525
	1.0148422718048096
	1.0147613286972046
	1.0147275924682617
	1.014565110206604
	1.014455795288086
	1.0143516063690186
	1.0142526626586914
	1.014219880104065
	1.0141340494155884
	1.0140691995620728
	1.0139423608779907
	1.0139060020446777
	1.0138168334960938
	1.0137851238250732
	1.013657569885254
	1.013607144355774
	1.0135022401809692
	1.0134270191192627
	1.0133442878723145
	1.0132874250411987
	1.0132240056991577
	1.0131529569625854
	1.0130418539047241
	1.012966513633728
	1.0129249095916748
	1.0128840208053589
	1.0128268003463745
	1.012776255607605
	1.0127489566802979
	1.0127191543579102
	1.0127016305923462
	1.012621521949768
	1.0125980377197266
	1.0124961137771606
	1.012438416481018
	1.0124210119247437
	1.0123562812805176
	1.0123127698898315
	1.0122337341308594
	1.0121383666992188
	1.012096643447876
	1.0119892358779907
	1.0119708776474
	1.0118986368179321
	1.0118814706802368
	1.0118491649627686
	1.011834740638733
	1.0117605924606323
	1.0117498636245728
	1.0117261409759521
	1.011684775352478
	1.0116678476333618
	1.0116461515426636
	1.0116134881973267
	1.0115219354629517
	1.0114774703979492
	1.011364221572876
	1.011329174041748
	1.011283278465271
	1.0112658739089966
	1.0112590789794922
	1.011202096939087
	1.0111804008483887
	1.0111395120620728
	1.011123538017273
	1.0110880136489868
	1.0110547542572021
	1.011033058166504
	1.0110164880752563
	1.0110043287277222
	1.0109790563583374
	1.0109672546386719
	1.0109429359436035
	1.0109267234802246
	1.01090407371521
	1.01089608669281
	1.0108200311660767
	1.0107898712158203
	1.0107630491256714
	1.0107409954071045
	1.0107018947601318
	1.0106759071350098
	1.0106583833694458
	1.0105782747268677
	1.010552167892456
	1.0105279684066772
	1.0104881525039673
	1.0104873180389404
	1.0104646682739258
	1.0104349851608276
	1.0104238986968994
	1.0104058980941772
	1.0103920698165894
	1.0103092193603516
	1.0102906227111816
	1.01027512550354
	1.0102472305297852
	1.0102225542068481
	1.0102077722549438
	1.0101845264434814
	1.0101550817489624
	1.0100857019424438
	1.0100736618041992
	1.009979248046875
	1.0099647045135498
	1.009932279586792
	1.0099172592163086
	1.0098942518234253
	1.0098718404769897
	1.0098532438278198
	1.0097697973251343
	1.0097498893737793
	1.0096714496612549
	1.0096479654312134
	1.0096111297607422
	1.009592890739441
	1.0095651149749756
	1.0094949007034302
	1.009458303451538
	1.0094313621520996
	1.009419560432434
	1.009400725364685
	1.0093798637390137
	1.009351134300232
	1.0093333721160889
	1.0093220472335815
	1.0092968940734863
	1.0092841386795044
	1.0092651844024658
	1.0092607736587524
	1.0092365741729736
	1.0092182159423828
	1.0091530084609985
	1.009124755859375
	1.0090835094451904
	1.0090590715408325
	1.0090465545654297
	1.009024977684021
	1.0090076923370361
	1.0090126991271973
	1.0089964866638184
	1.008975625038147
	1.008950114250183
	1.0089291334152222
	1.0089031457901
	1.0088807344436646
	1.0088703632354736
	1.0088168382644653
	1.008798360824585
	1.0087732076644897
	1.008754014968872
	1.0087611675262451
	1.0087233781814575
	1.0087298154830933
	1.008705973625183
	1.0086865425109863
	1.0086610317230225
	1.0086612701416016
	1.008633017539978
	1.008636236190796
	1.00862455368042
	1.008602261543274
	1.0086007118225098
	1.0086019039154053
	1.0085862874984741
	1.0085697174072266
	1.008554220199585
	1.0085463523864746
	1.0085093975067139
	1.008494257926941
	1.008478045463562
	1.0084717273712158
	1.0084553956985474
	1.0084415674209595
	1.0084333419799805
	1.008423089981079
	1.0084130764007568
	1.0084123611450195
	1.0083998441696167
	1.0083850622177124
	1.0083692073822021
	1.0083553791046143
	1.0083304643630981
	1.008300542831421
	1.008291244506836
	1.0082709789276123
	1.0082613229751587
	1.0082261562347412
	1.0082054138183594
	1.008178949356079
	1.008164644241333
	1.0081286430358887
	1.008104920387268
	1.0080687999725342
	1.0080512762069702
	1.008050799369812
	1.0080301761627197
	1.0080227851867676
	1.0080013275146484
	1.0079996585845947
	1.0079951286315918
	1.0079681873321533
	1.0079421997070312
	1.0079277753829956
	1.007911205291748
	1.0078961849212646
	1.0079011917114258
	1.0078774690628052
	1.0078502893447876
	1.007836937904358
	1.0078303813934326
	1.0078080892562866
	1.007800579071045
	1.00777268409729
	1.007759690284729
	1.0077379941940308
	1.007731318473816
	1.0077168941497803
	1.0077075958251953
	1.0076942443847656
	1.0076934099197388
	1.0076764822006226
	1.0076463222503662
	1.0076472759246826
	1.0076338052749634
	1.0076088905334473
	1.0076104402542114
	1.0076072216033936
	1.0075862407684326
	1.0075584650039673
	1.0075502395629883
	1.0075352191925049
	1.0075247287750244
	1.007516622543335
	1.007508397102356
	1.0074975490570068
	1.007470726966858
	1.0074578523635864
	1.0074472427368164
	1.007411241531372
	1.0073983669281006
	1.0073859691619873
	1.007377028465271
	1.0073546171188354
	1.0073522329330444
	1.0073250532150269
	1.0073089599609375
	1.0072976350784302
	1.0072840452194214
	1.0072740316390991
	1.0072569847106934
	1.0072314739227295
	1.0072122812271118
	1.0071940422058105
	1.007156491279602
	1.0071618556976318
	1.0071603059768677
	1.0071516036987305
	1.007153868675232
	1.0071337223052979
	1.0071210861206055
	1.0071067810058594
	1.0070974826812744
	1.007075548171997
	1.0070712566375732
	1.007030963897705
	1.007009506225586
	1.0069985389709473
	1.0069880485534668
	1.00698983669281
	1.0069833993911743
	1.0069730281829834
	1.0069555044174194
	1.006933569908142
	1.006934642791748
	1.0069304704666138
	1.0069096088409424
	1.006902813911438
	1.0069071054458618
	1.0069067478179932
	1.0069079399108887
	1.0068910121917725
	1.006868600845337
	1.0068610906600952
	1.0068583488464355
	1.00684654712677
	1.0068286657333374
	1.0068175792694092
	1.0068036317825317
	1.0068020820617676
	1.0067976713180542
	1.0068060159683228
	1.006806492805481
	1.0067877769470215
	1.0067729949951172
	1.0067540407180786
	1.0067381858825684
	1.0067541599273682
	1.0067405700683594
	1.0067286491394043
	1.0067265033721924
	1.0067315101623535
	1.0067249536514282
	1.0067083835601807
	1.0066944360733032
	1.0066882371902466
	1.0066779851913452
	1.0066819190979004
	1.0066797733306885
	1.0066691637039185
	1.0066633224487305
	1.0066301822662354
	1.0066190958023071
	1.006602168083191
	1.0065932273864746
	1.0065813064575195
	1.0065771341323853
	1.006540298461914
	1.006522536277771
	1.0065197944641113
	1.0065131187438965
	1.0064970254898071
	1.0064828395843506
	1.0064988136291504
	1.0065001249313354
	1.0064939260482788
	1.006485939025879
	1.0064817667007446
	1.0064626932144165
	1.0064547061920166
	1.0064420700073242
	1.0064276456832886
	1.0064207315444946
	1.0064074993133545
	1.0063869953155518
	1.0063707828521729
	1.0063544511795044
	1.0063281059265137
	1.0063188076019287
	1.0063034296035767
	1.0062942504882812
	1.0062720775604248
	1.0062496662139893
	1.0062350034713745
	1.0062228441238403
	1.0062106847763062
	1.0061901807785034
	1.0061722993850708
	1.0061619281768799
	1.0061421394348145
	1.0061345100402832
	1.0061274766921997
	1.0061253309249878
	1.00612211227417
	1.0061074495315552
	1.0060871839523315
	1.0060676336288452
	1.00605309009552
	1.0060185194015503
	1.0060179233551025
	1.0060157775878906
	1.0060006380081177
	1.005998969078064
	1.0059881210327148
	1.0059618949890137
	1.0059525966644287
	1.0059382915496826
	1.005927562713623
	1.0059118270874023
	1.0059089660644531
	1.0059088468551636
	1.0059038400650024
	1.0058943033218384
	1.0058832168579102
	1.0058623552322388
	1.0058506727218628
	1.0058221817016602
	1.0058174133300781
	1.0057876110076904
	1.0057802200317383
	1.0057575702667236
	1.005732774734497
	1.005715012550354
	1.005691409111023
	1.0056790113449097
	1.0056718587875366
	1.0056560039520264
	1.0056577920913696
	1.0056493282318115
	1.0056324005126953
	1.0056126117706299
	1.0055830478668213
	1.0055664777755737
	1.0055547952651978
	1.005540132522583
	1.0055292844772339
	1.0055160522460938
	1.0054939985275269
	1.0054948329925537
	1.00546395778656
	1.0054587125778198
	1.0054469108581543
	1.005417823791504
	1.0053906440734863
	1.0053709745407104
	1.0053576231002808
	1.0053550004959106
	1.0053573846817017
	1.0053423643112183
	1.0053234100341797
	1.0053097009658813
	1.0053025484085083
	1.0052789449691772
	1.0052803754806519
	1.0052647590637207
	1.005251407623291
	1.0052478313446045
	1.0052258968353271
	1.005224585533142
	1.0052400827407837
	1.0052396059036255
	1.005235195159912
	1.0052268505096436
	1.0052229166030884
	1.0052062273025513
	1.0051990747451782
	1.0051978826522827
	1.0051935911178589
	1.0051742792129517
	1.005165934562683
	1.005155086517334
	1.0051575899124146
	1.0051558017730713
	1.005149245262146
	1.0051417350769043
	1.0051345825195312
	1.0051265954971313
	1.0051157474517822
	1.0050899982452393
	1.0050863027572632
	1.0050734281539917
	1.0050479173660278
	1.0050362348556519
	1.0050342082977295
	1.0050209760665894
	1.0050081014633179
	1.0049940347671509
	1.004996657371521
	1.0049962997436523
	1.0049883127212524
	1.004972219467163
	1.0049563646316528
	1.0049519538879395
]