[
	0.8454666137695312
	0.8452521562576294
	0.8450472354888916
	0.8448501825332642
	0.8446447849273682
	0.844430685043335
	0.8442281484603882
	0.8440349102020264
	0.8438498973846436
	0.843666136264801
	0.8434687256813049
	0.8432793617248535
	0.8430800437927246
	0.842875599861145
	0.8426752090454102
	0.842464804649353
	0.8422729969024658
	0.8420670628547668
	0.8418587446212769
	0.8416503071784973
	0.8414480686187744
	0.8412359356880188
	0.8410251140594482
	0.8408267498016357
	0.8406205773353577
	0.8404194712638855
	0.8402193784713745
	0.8400211334228516
	0.8398282527923584
	0.8396223783493042
	0.8394222855567932
	0.8392354249954224
	0.839053213596344
	0.8388626575469971
	0.8386760950088501
	0.83849036693573
	0.8382971286773682
	0.8380977511405945
	0.8379047513008118
	0.8377127051353455
	0.8375128507614136
	0.8373313546180725
	0.8371345400810242
	0.8369482755661011
	0.8367473483085632
	0.8365598917007446
	0.8363659381866455
	0.8361819386482239
	0.8360013961791992
	0.8358181715011597
	0.8356325626373291
	0.8354412317276001
	0.8352630734443665
	0.8350788354873657
	0.8348987102508545
	0.834719181060791
	0.8345289826393127
	0.8343414664268494
	0.8341546058654785
	0.8339632749557495
	0.8337892889976501
	0.8336009383201599
	0.8334200382232666
	0.8332377672195435
	0.8330645561218262
	0.8328914642333984
	0.8327135443687439
	0.8325448036193848
	0.8323659300804138
	0.8321899771690369
	0.8320106863975525
	0.831843376159668
	0.8316616415977478
	0.8314844965934753
	0.8313078284263611
	0.8311218619346619
	0.8309400677680969
	0.8307629823684692
	0.8305811882019043
	0.8304125666618347
	0.8302252888679504
	0.8300538063049316
	0.8298794031143188
	0.8297051787376404
	0.8295392990112305
	0.8293561339378357
	0.8291875123977661
	0.8290145397186279
	0.8288362622261047
	0.8286730647087097
	0.8284981846809387
	0.8283264636993408
	0.8281567692756653
	0.8279944658279419
	0.8278235197067261
	0.8276581764221191
	0.8274970650672913
	0.827327311038971
	0.8271626234054565
	0.8270023465156555
	0.826843798160553
	0.8266749382019043
	0.8265143036842346
	0.8263494372367859
	0.8261768817901611
	0.8260077238082886
	0.825840175151825
	0.8256707191467285
	0.8255082368850708
	0.8253580331802368
	0.8251913189888
	0.8250316977500916
	0.8248631358146667
	0.8246912360191345
	0.8245241045951843
	0.8243721723556519
	0.8242077827453613
	0.8240481615066528
	0.8238826394081116
	0.8237304091453552
	0.8235740661621094
	0.8234162926673889
	0.823249876499176
	0.8230937123298645
	0.8229325413703918
	0.8227797150611877
	0.8226262927055359
	0.8224819898605347
	0.822320282459259
	0.822168231010437
	0.8220184445381165
	0.8218615651130676
	0.8217019438743591
	0.8215453624725342
	0.8213964104652405
	0.8212491273880005
	0.8210993409156799
	0.8209528923034668
	0.8208031058311462
	0.8206428289413452
	0.8204823136329651
	0.8203376531600952
	0.8201891183853149
	0.82003253698349
	0.8198865056037903
	0.8197447657585144
	0.819603681564331
	0.8194425702095032
	0.8192905187606812
	0.819149911403656
	0.819009006023407
	0.8188597559928894
	0.8187188506126404
	0.8185697197914124
	0.8184247016906738
	0.8182910084724426
	0.8181344270706177
	0.8179864287376404
	0.8178302049636841
	0.8176882863044739
	0.8175538182258606
	0.817412793636322
	0.8172751665115356
	0.8171208500862122
	0.8169705271720886
	0.8168206810951233
	0.8166803121566772
	0.8165372610092163
	0.8163924217224121
	0.816249668598175
	0.8161051869392395
	0.8159614205360413
	0.815819263458252
	0.815674364566803
	0.815532922744751
	0.8153936266899109
	0.8152653574943542
	0.8151329159736633
	0.8149877786636353
	0.8148541450500488
	0.8147149682044983
	0.8145716190338135
	0.8144226670265198
	0.8142780661582947
	0.8141384124755859
	0.8139971494674683
	0.8138577938079834
	0.8137209415435791
	0.8135964274406433
	0.8134605884552002
	0.813319742679596
	0.8131733536720276
	0.8130375146865845
	0.8129000067710876
	0.8127651810646057
	0.8126264214515686
	0.8124966621398926
	0.8123727440834045
	0.8122459650039673
	0.8121175169944763
	0.8119843602180481
	0.8118536472320557
	0.8117176294326782
	0.8115757703781128
	0.8114456534385681
	0.81130450963974
	0.8111802935600281
	0.8110474944114685
	0.8109070658683777
	0.8107749819755554
	0.8106464147567749
	0.8105130791664124
	0.8103789687156677
	0.8102536201477051
	0.8101277351379395
	0.809994637966156
	0.8098651766777039
	0.8097367286682129
	0.8096010088920593
	0.8094768524169922
	0.8093516230583191
	0.8092235922813416
	0.809092104434967
	0.8089597225189209
	0.8088256120681763
	0.8086928725242615
	0.8085699677467346
	0.8084419965744019
	0.8083252310752869
	0.8081919550895691
	0.8080623745918274
	0.8079366683959961
	0.8078077435493469
	0.8076889514923096
	0.8075688481330872
	0.8074280619621277
	0.8073102235794067
	0.8071869015693665
	0.8070582151412964
	0.8069368004798889
	0.806811511516571
	0.8066918253898621
	0.8065652847290039
	0.8064542412757874
	0.8063329458236694
	0.8062125444412231
	0.806100606918335
	0.805975615978241
	0.8058518767356873
	0.805740237236023
	0.8056272864341736
	0.8055022358894348
	0.8053876161575317
	0.8052700757980347
	0.8051528334617615
	0.8050227761268616
	0.8048928380012512
	0.8047828674316406
	0.8046577572822571
	0.8045398592948914
	0.8044264912605286
	0.804307758808136
	0.8041905760765076
	0.8040660619735718
	0.8039501309394836
	0.8038362860679626
	0.8037108182907104
	0.803577721118927
	0.8034618496894836
	0.8033456206321716
	0.8032254576683044
	0.8031080365180969
	0.8029862642288208
	0.8028704524040222
	0.8027682304382324
	0.8026509881019592
	0.8025346398353577
	0.8024234771728516
	0.802315890789032
	0.8022007942199707
	0.8020960688591003
	0.8019694089889526
	0.8018578886985779
	0.8017320036888123
	0.8016162514686584
	0.8015101552009583
	0.8013986349105835
	0.8012868762016296
	0.8011738657951355
	0.8010510802268982
	0.8009369373321533
	0.8008272051811218
	0.8007241487503052
	0.8006065487861633
	0.8004814386367798
	0.8003711104393005
	0.8002589344978333
	0.8001567721366882
	0.8000426888465881
	0.7999272346496582
	0.7998073697090149
	0.7996909022331238
	0.7995784282684326
	0.799463152885437
	0.7993487119674683
	0.799238920211792
	0.7991320490837097
	0.7990217208862305
	0.7989073991775513
	0.798800528049469
	0.7986940145492554
	0.798581600189209
	0.7984670996665955
	0.7983630299568176
	0.7982527017593384
	0.7981411814689636
	0.7980340123176575
	0.7979220151901245
	0.7978125214576721
	0.7977049350738525
	0.7975966334342957
	0.7975026965141296
	0.797389030456543
	0.7972813248634338
	0.7971702218055725
	0.7970698475837708
	0.796962320804596
	0.7968553304672241
	0.7967396974563599
	0.7966377139091492
	0.7965283989906311
	0.7964296340942383
	0.7963209748268127
	0.7962175011634827
	0.7961076498031616
	0.7960037589073181
	0.7959023714065552
	0.7958006858825684
	0.7957002520561218
	0.7955962419509888
	0.7954922318458557
	0.7953831553459167
	0.7952797412872314
	0.7951785922050476
	0.7950666546821594
	0.7949703931808472
	0.7948594093322754
	0.79476398229599
	0.7946657538414001
	0.7945587038993835
	0.7944625020027161
	0.794355571269989
	0.7942530512809753
	0.7941551804542542
	0.7940447926521301
	0.7939439415931702
	0.7938450574874878
	0.7937347888946533
	0.7936328053474426
	0.7935337424278259
	0.7934186458587646
	0.7933129072189331
	0.7932066917419434
	0.7931082844734192
	0.7930030822753906
	0.7928898334503174
	0.7927842140197754
	0.7926791310310364
	0.7925803065299988
	0.7924789190292358
	0.79236900806427
	0.7922645807266235
	0.7921633720397949
	0.7920634150505066
	0.7919617891311646
	0.7918633818626404
	0.7917662858963013
	0.7916691899299622
	0.791567862033844
	0.7914704084396362
	0.7913718223571777
	0.7912628054618835
	0.791163444519043
	0.791069746017456
	0.7909756302833557
	0.7908687591552734
	0.7907721400260925
	0.7906767129898071
	0.7905785441398621
	0.7904912233352661
	0.7903918027877808
	0.7902864813804626
	0.7901879549026489
	0.7901046276092529
	0.790000855922699
	0.7898972630500793
	0.7897964715957642
	0.7897035479545593
	0.789613664150238
	0.7895134091377258
	0.7894237637519836
	0.7893387675285339
	0.7892367243766785
	0.7891367077827454
	0.7890382409095764
	0.7889411449432373
	0.7888505458831787
	0.788759708404541
	0.7886599898338318
	0.7885692119598389
	0.7884722352027893
	0.7883849740028381
	0.7882911562919617
	0.7881969213485718
	0.788099467754364
	0.7880094647407532
	0.7879137396812439
	0.7878141403198242
	0.7877249121665955
	0.7876394987106323
	0.7875396609306335
	0.7874517440795898
	0.7873594164848328
	0.7872641086578369
	0.7871798872947693
	0.78708815574646
	0.7869951725006104
	0.7868990302085876
	0.7868134379386902
	0.7867206931114197
	0.7866223454475403
	0.7865315079689026
	0.7864404916763306
	0.7863563895225525
	0.7862730622291565
	0.7861817479133606
	0.7860910892486572
	0.7860085368156433
	0.7859174013137817
	0.7858380675315857
	0.7857411503791809
	0.7856507897377014
	0.7855640649795532
	0.7854632139205933
	0.7853648066520691
	0.7852658629417419
	0.7851771712303162
	0.785086452960968
	0.7849924564361572
	0.7849028706550598
	0.7848088145256042
	0.7847089767456055
	0.7846146821975708
	0.7845274806022644
	0.7844433188438416
	0.7843543291091919
	0.7842623591423035
	0.7841717004776001
	0.7840754389762878
	0.7839844822883606
	0.7839056849479675
	0.7838225364685059
	0.7837356925010681
	0.7836489677429199
	0.7835572957992554
	0.7834785580635071
	0.7833967208862305
	0.783308744430542
	0.7832172513008118
	0.7831352353096008
	0.7830442190170288
	0.7829631567001343
	0.7828769087791443
	0.7827866077423096
	0.782700777053833
	0.782603919506073
	0.7825176119804382
	0.7824313640594482
	0.7823514342308044
	0.7822558283805847
	0.7821713089942932
	0.7820835709571838
	0.781987190246582
	0.7818961143493652
	0.7818161249160767
	0.7817245125770569
	0.7816368341445923
	0.7815542221069336
	0.7814645767211914
	0.7813795804977417
	0.7812886834144592
	0.7812016606330872
	0.781122624874115
	0.7810435891151428
	0.7809635996818542
	0.7808811068534851
	0.7808024287223816
	0.7807233929634094
	0.7806372046470642
	0.7805608510971069
	0.7804765701293945
	0.7803899645805359
	0.7803069949150085
	0.7802252769470215
	0.7801399827003479
	0.7800554037094116
	0.7799658179283142
	0.779878556728363
	0.7798017859458923
	0.7797170877456665
	0.7796358466148376
	0.7795554399490356
	0.779476523399353
	0.779394805431366
	0.7793121337890625
	0.7792254686355591
	0.7791489362716675
	0.7790696620941162
	0.7789865136146545
	0.7788995504379272
	0.7788202166557312
	0.7787337899208069
	0.7786555886268616
	0.7785622477531433
	0.7784677147865295
	0.7783975005149841
	0.7783088088035583
	0.7782340049743652
	0.7781504988670349
	0.7780671715736389
	0.7779824137687683
	0.7778955101966858
	0.7778109908103943
	0.7777326107025146
	0.7776463031768799
	0.7775702476501465
	0.7774876356124878
	0.7773995399475098
	0.777314305305481
	0.7772274613380432
	0.7771540880203247
	0.7770715951919556
	0.7769990563392639
	0.7769153714179993
	0.7768341898918152
	0.7767519354820251
	0.77667635679245
	0.7766013145446777
	0.7765198945999146
	0.7764461040496826
	0.7763663530349731
	0.7762783765792847
	0.7761924862861633
	0.7761210203170776
	0.7760417461395264
	0.7759655714035034
	0.7758806943893433
	0.7757991552352905
	0.7757170796394348
	0.7756360173225403
	0.775558590888977
	0.7754844427108765
	0.7754100561141968
	0.7753368020057678
	0.7752624750137329
	0.7751784920692444
	0.7750996947288513
	0.7750111818313599
	0.7749226689338684
	0.7748486995697021
	0.7747687101364136
	0.7746930718421936
	0.7746109962463379
	0.7745355367660522
	0.774458110332489
	0.7743760943412781
	0.774307131767273
	0.7742288708686829
	0.7741609215736389
	0.7740731239318848
	0.773998498916626
	0.7739173769950867
	0.7738444209098816
	0.7737659811973572
	0.7736856341362
	0.7736104130744934
	0.7735346555709839
	0.7734617590904236
	0.7733942270278931
	0.773320198059082
	0.7732499241828918
	0.7731830477714539
	0.773114800453186
	0.7730394601821899
	0.7729560136795044
	0.7728704810142517
	0.772800624370575
	0.772722065448761
	0.7726497054100037
	0.7725769281387329
	0.7724997401237488
	0.7724214792251587
	0.7723513245582581
	0.7722708582878113
	0.7722000479698181
	0.7721193432807922
	0.772043764591217
	0.7719728946685791
	0.7718954086303711
	0.7718210220336914
	0.771744966506958
	0.7716709971427917
	0.7715970873832703
	0.7715300917625427
	0.7714510560035706
	0.7713810205459595
	0.7713084816932678
	0.7712413668632507
	0.771170437335968
	0.7711009383201599
	0.7710220813751221
	0.7709507942199707
	0.7708726525306702
	0.7708072662353516
	0.7707356214523315
	0.7706681489944458
	0.770592987537384
	0.7705209851264954
	0.7704470157623291
	0.7703746557235718
	0.770302414894104
	0.770229697227478
	0.7701622843742371
	0.7700923085212708
	0.7700251936912537
	0.7699499726295471
	0.7698806524276733
	0.7698113918304443
	0.7697528004646301
	0.7696890234947205
	0.7696201205253601
	0.7695531249046326
	0.7694855332374573
	0.7694193124771118
	0.7693454623222351
	0.7692791819572449
	0.7692123055458069
	0.7691401243209839
	0.7690653800964355
	0.7689917087554932
	0.7689182758331299
	0.7688495516777039
	0.7687739133834839
	0.7687034606933594
	0.7686299085617065
	0.7685650587081909
	0.7684916257858276
	0.7684285044670105
	0.7683589458465576
	0.7682851552963257
	0.7682060599327087
	0.7681394815444946
	0.7680720686912537
	0.7679932117462158
	0.7679309248924255
	0.7678683400154114
	0.7678049206733704
	0.7677377462387085
	0.7676617503166199
	0.767589807510376
	0.7675255537033081
	0.7674546837806702
	0.7673884034156799
	0.7673195004463196
	0.7672461867332458
	0.767179012298584
	0.7671133875846863
	0.7670424580574036
	0.7669781446456909
	0.7669090032577515
	0.7668376564979553
	0.7667675018310547
	0.766708254814148
	0.7666469216346741
	0.7665866613388062
	0.7665210366249084
	0.7664618492126465
	0.7663865685462952
	0.7663267254829407
	0.7662590742111206
	0.7661929726600647
	0.7661266922950745
	0.7660715579986572
	0.7660027742385864
	0.7659367918968201
	0.7658703327178955
	0.7657994627952576
	0.7657371163368225
	0.7656753063201904
	0.7656164765357971
	0.7655537724494934
	0.7654914855957031
	0.765429675579071
	0.7653664946556091
	0.7652988433837891
	0.7652392387390137
	0.765181303024292
	0.7651159763336182
	0.7650561928749084
	0.7649919986724854
	0.7649219632148743
	0.7648574709892273
	0.7647939920425415
	0.7647272348403931
	0.7646547555923462
	0.7645922303199768
	0.7645230889320374
	0.7644515633583069
	0.7643938064575195
	0.7643293142318726
	0.7642671465873718
	0.7642035484313965
	0.7641474008560181
	0.7640923261642456
	0.7640368342399597
	0.7639814615249634
	0.7639209032058716
	0.7638624310493469
	0.763802707195282
	0.7637465596199036
	0.7636809945106506
	0.7636122107505798
	0.7635534405708313
	0.7634955644607544
	0.763433575630188
	0.763375461101532
	0.7633171677589417
	0.7632607221603394
	0.7631975412368774
	0.7631374597549438
	0.7630703449249268
	0.7630065083503723
	0.7629477381706238
	0.762891948223114
	0.7628365755081177
	0.7627730369567871
	0.7627209424972534
	0.762660562992096
	0.762607216835022
	0.7625410556793213
	0.7624794840812683
	0.7624204158782959
	0.7623608708381653
	0.7622986435890198
	0.7622249722480774
	0.7621673941612244
	0.7621092200279236
	0.762051522731781
	0.761989951133728
	0.7619356513023376
	0.7618817090988159
	0.7618213891983032
	0.7617688179016113
	0.761718213558197
	0.7616564035415649
	0.7616119384765625
	0.7615582942962646
	0.7615064382553101
	0.7614395022392273
	0.7613884210586548
	0.7613231539726257
	0.7612709999084473
	0.7612105011940002
	0.7611479163169861
	0.7610936760902405
	0.7610346674919128
	0.7609760165214539
	0.7609140276908875
	0.760866641998291
	0.7608120441436768
	0.7607561349868774
	0.7607002854347229
	0.7606496214866638
	0.7605887651443481
	0.7605311274528503
	0.7604812383651733
	0.7604197263717651
	0.7603645920753479
	0.7603059411048889
	0.7602449655532837
	0.7601978778839111
	0.7601455450057983
	0.7601028084754944
	0.7600471377372742
	0.7599894404411316
	0.7599384784698486
	0.7598859667778015
	0.7598350644111633
	0.7597835063934326
	0.7597289681434631
	0.759675920009613
	0.759613573551178
	0.7595610022544861
	0.7594977617263794
	0.7594457268714905
	0.7593920230865479
	0.759326696395874
	0.7592718005180359
	0.7592079639434814
	0.7591582536697388
	0.7591034770011902
	0.7590499520301819
	0.759003221988678
	0.7589550018310547
	0.7589079737663269
	0.7588545083999634
	0.7587963342666626
	0.7587424516677856
	0.7586743235588074
	0.7586215734481812
	0.7585627436637878
	0.7585079669952393
	0.7584506869316101
	0.7584044337272644
	0.7583451271057129
	0.758292555809021
	0.7582372426986694
	0.7581818699836731
	0.7581338286399841
	0.7580810785293579
	0.7580338716506958
	0.7579850554466248
	0.757928192615509
	0.7578746676445007
	0.7578239440917969
	0.7577744126319885
	0.7577230930328369
	0.7576717734336853
	0.7576118111610413
	0.7575651407241821
	0.7575116753578186
	0.7574572563171387
	0.7574101686477661
	0.7573637962341309
	0.7573151588439941
	0.7572660446166992
	0.757217526435852
	0.7571688294410706
	0.757118821144104
	0.7570644617080688
	0.7570115327835083
	0.7569583058357239
	0.7569044232368469
	0.7568562030792236
	0.7568057775497437
	0.7567551732063293
	0.756696879863739
	0.7566445469856262
	0.7565938830375671
	0.7565430998802185
	0.756489098072052
	0.7564423084259033
	0.7563879489898682
	0.7563366293907166
	0.7562853097915649
	0.7562331557273865
	0.7561783790588379
	0.756134033203125
	0.7560747861862183
	0.7560217976570129
	0.7559714913368225
	0.7559197545051575
	0.7558685541152954
	0.755813479423523
	0.7557680606842041
	0.7557178735733032
	0.755672812461853
	0.755629301071167
	0.7555778622627258
	0.7555347084999084
	0.7554893493652344
	0.7554380297660828
	0.7553874254226685
	0.7553310394287109
	0.7552842497825623
	0.7552290558815002
	0.7551761269569397
	0.7551286220550537
	0.7550798058509827
	0.7550321817398071
	0.7549818754196167
	0.754933774471283
	0.7548802495002747
	0.7548274397850037
	0.7547720074653625
	0.7547178268432617
	0.7546632885932922
	0.7546225190162659
	0.754578173160553
	0.7545278668403625
	0.7544835805892944
	0.7544445991516113
	0.7544086575508118
	0.754355788230896
	0.7543140649795532
	0.7542684078216553
	0.754219114780426
	0.7541763782501221
	0.7541298270225525
	0.7540806531906128
	0.7540295124053955
	0.7539739608764648
	0.7539374828338623
	0.7538902163505554
	0.7538469433784485
	0.753799557685852
	0.7537503838539124
	0.753713846206665
	0.753662645816803
	0.753618061542511
	0.7535752654075623
	0.7535315752029419
	0.7534924745559692
	0.7534465193748474
	0.7534061074256897
	0.7533591389656067
	0.7533072233200073
	0.7532586455345154
	0.7532123327255249
	0.7531638145446777
	0.7531267404556274
	0.7530863285064697
	0.7530414462089539
	0.7529861330986023
	0.752952516078949
	0.7529028654098511
	0.7528529763221741
	0.752805233001709
	0.7527646422386169
	0.752718448638916
	0.7526645660400391
	0.7526272535324097
	0.7525891065597534
	0.7525474429130554
	0.7525092363357544
	0.752467691898346
	0.7524284720420837
	0.7523919343948364
	0.7523486018180847
	0.7523123621940613
	0.7522695064544678
	0.7522205114364624
	0.7521786689758301
	0.7521411180496216
	0.7520989179611206
	0.7520490884780884
	0.7520064115524292
	0.7519588470458984
	0.751914918422699
	0.7518715262413025
	0.7518260478973389
	0.7517852187156677
	0.7517528533935547
	0.7517135143280029
	0.7516697645187378
	0.7516253590583801
	0.7515785098075867
	0.7515391111373901
	0.7514960765838623
	0.751460611820221
	0.7514187097549438
	0.7513797879219055
	0.7513367533683777
	0.7512920498847961
	0.7512543797492981
	0.7512199878692627
	0.7511727213859558
	0.7511270046234131
	0.7510764002799988
	0.751041829586029
	0.7509994506835938
	0.750957190990448
	0.7509103417396545
	0.7508639097213745
	0.750825822353363
	0.7507748603820801
	0.7507337331771851
	0.7506909966468811
	0.7506462335586548
	0.7506064176559448
	0.7505653500556946
	0.7505188584327698
	0.750478208065033
	0.7504361271858215
	0.7503953576087952
	0.750352680683136
	0.750318706035614
	0.7502778172492981
	0.7502307295799255
	0.7501993775367737
	0.7501574754714966
	0.7501090168952942
	0.7500653266906738
	0.7500260472297668
	0.7499816417694092
	0.7499351501464844
	0.7498902082443237
	0.7498458623886108
	0.749794602394104
	0.7497607469558716
	0.7497216463088989
	0.7496786117553711
	0.749640941619873
	0.7496017217636108
	0.7495588064193726
	0.749525249004364
	0.7494687438011169
	0.7494279146194458
	0.7493873834609985
	0.7493460774421692
	0.7493098974227905
	0.7492696642875671
	0.7492329478263855
	0.7491945028305054
	0.7491503357887268
	0.749116837978363
	0.7490801811218262
	0.7490389943122864
	0.7489948272705078
	0.7489511370658875
	0.7489136457443237
	0.7488776445388794
	0.7488419413566589
	0.7488004565238953
	0.7487611770629883
	0.7487265467643738
	0.7486863136291504
	0.7486449480056763
	0.7486062049865723
	0.7485718131065369
	0.7485226988792419
	0.7484819889068604
	0.748443603515625
	0.7484003305435181
	0.7483602166175842
	0.7483178973197937
	0.748267412185669
	0.7482300996780396
	0.7481839656829834
	0.7481460571289062
	0.7481078505516052
	0.7480695843696594
	0.7480309009552002
	0.7479934096336365
	0.7479496598243713
	0.7479150891304016
	0.7478717565536499
	0.7478357553482056
	0.7478023171424866
	0.7477602958679199
	0.7477239370346069
	0.7476955056190491
	0.7476595640182495
	0.7476190328598022
	0.7475840449333191
	0.7475438714027405
	0.747509777545929
	0.7474746108055115
	0.7474327087402344
	0.747398853302002
	0.7473594546318054
	0.7473178505897522
	0.7472783923149109
	0.7472442984580994
	0.7472143173217773
	0.7471769452095032
	0.7471305131912231
	0.7470942139625549
	0.7470572590827942
	0.7470268607139587
	0.7469930052757263
	0.7469592690467834
	0.7469155192375183
	0.7468773126602173
	0.7468336820602417
	0.7467990517616272
	0.74676513671875
	0.7467291355133057
	0.7466880679130554
	0.7466540932655334
	0.7466240525245667
	0.7465876936912537
	0.7465499043464661
	0.7465114593505859
	0.746476411819458
	0.7464485168457031
	0.7463991641998291
	0.7463629841804504
	0.7463337182998657
	0.7462996244430542
	0.746262788772583
	0.746222198009491
	0.7461875677108765
	0.7461580038070679
	0.7461214661598206
	0.7460982799530029
	0.7460683584213257
	0.7460346817970276
	0.7459983825683594
	0.7459714412689209
	0.7459373474121094
	0.7459025382995605
	0.7458701133728027
	0.7458494305610657
	0.7458176612854004
	0.7457823157310486
	0.7457430958747864
	0.7457103729248047
	0.7456772327423096
	0.7456440329551697
	0.7456107139587402
	0.7455848455429077
	0.7455499172210693
	0.7455259561538696
	0.7454872131347656
	0.745452880859375
	0.7454203367233276
	0.7453888058662415
	0.7453495860099792
	0.7453150749206543
	0.7452807426452637
	0.7452490925788879
	0.7452268600463867
	0.7451855540275574
	0.7451521754264832
	0.745120644569397
	0.7450836896896362
	0.7450506091117859
	0.745013415813446
	0.7449828386306763
	0.7449411153793335
	0.7449014186859131
	0.7448644042015076
	0.7448307871818542
	0.7447993755340576
	0.7447673678398132
	0.7447367906570435
	0.7447079420089722
	0.7446799874305725
	0.7446531057357788
	0.744627833366394
	0.7445880174636841
	0.7445560693740845
	0.7445312142372131
	0.7445014119148254
	0.7444769144058228
	0.7444512248039246
	0.7444164752960205
	0.744387149810791
	0.7443600296974182
	0.7443303465843201
	0.7443060874938965
	0.7442700862884521
	0.7442458868026733
	0.7442139387130737
	0.7441703081130981
	0.744128942489624
	0.7440887093544006
	0.7440617084503174
	0.7440280318260193
	0.7439930438995361
	0.7439586520195007
	0.7439305186271667
	0.7439068555831909
	0.7438749670982361
	0.7438415288925171
	0.7438063025474548
	0.7437681555747986
	0.7437366247177124
	0.7437044978141785
	0.7436643838882446
	0.7436322569847107
	0.7436034679412842
	0.743584930896759
	0.7435528039932251
	0.7435248494148254
	0.7435016632080078
	0.743472695350647
	0.7434477806091309
	0.7434260845184326
	0.7433912754058838
	0.743356466293335
	0.7433297038078308
	0.7433027029037476
	0.7432813048362732
	0.7432451248168945
	0.74321448802948
	0.7431910037994385
	0.7431622743606567
	0.7431306838989258
	0.7431024312973022
	0.7430709004402161
	0.7430356740951538
	0.7430014610290527
	0.7429712414741516
	0.7429422736167908
	0.7429184317588806
	0.7428951859474182
	0.7428710460662842
	0.7428426742553711
	0.7428103089332581
	0.7427888512611389
	0.7427583932876587
	0.7427262663841248
	0.7426979541778564
	0.7426721453666687
	0.7426464557647705
	0.7426204681396484
	0.7425886988639832
	0.7425491809844971
	0.7425252199172974
	0.7424854040145874
	0.7424660921096802
	0.7424418330192566
	0.7424143552780151
	0.7423924207687378
	0.7423659563064575
	0.7423485517501831
	0.7423300743103027
	0.7423135638237
	0.7422834634780884
	0.742256224155426
	0.7422236204147339
	0.742203414440155
	0.7421777248382568
	0.742150068283081
	0.7421262860298157
	0.7420893311500549
	0.7420554757118225
	0.7420295476913452
	0.7420074343681335
	0.7419782280921936
	0.7419452667236328
	0.7419150471687317
	0.7418970465660095
	0.7418572306632996
	0.7418319582939148
	0.7418122291564941
	0.7417857050895691
	0.7417586445808411
	0.7417327761650085
	0.7417099475860596
	0.741690456867218
	0.741664469242096
	0.7416383624076843
	0.7416125535964966
	0.7415860295295715
	0.7415676712989807
]