[
	0.9250797033309937
	0.9248694181442261
	0.9246498346328735
	0.9244625568389893
	0.9242671132087708
	0.9240596294403076
	0.923846960067749
	0.9236736297607422
	0.9234806895256042
	0.9232783913612366
	0.9230810403823853
	0.9229004383087158
	0.9226948618888855
	0.9225066304206848
	0.9223182797431946
	0.9221343994140625
	0.921927809715271
	0.9216952323913574
	0.9214858412742615
	0.9212751388549805
	0.921049177646637
	0.9208423495292664
	0.9206313490867615
	0.9204388856887817
	0.9202307462692261
	0.9200059175491333
	0.9197999835014343
	0.9195944666862488
	0.9193899631500244
	0.9191950559616089
	0.9190031290054321
	0.9188129305839539
	0.9186390042304993
	0.9184454083442688
	0.9182520508766174
	0.9180426597595215
	0.9178397059440613
	0.917645275592804
	0.9174527525901794
	0.9172667860984802
	0.9170617461204529
	0.9168663620948792
	0.916671097278595
	0.9164586663246155
	0.9162738919258118
	0.9160821437835693
	0.9158896803855896
	0.9156942367553711
	0.9155042171478271
	0.9153150916099548
	0.9151287078857422
	0.914949893951416
	0.9147682189941406
	0.9145996570587158
	0.9144378304481506
	0.9142569303512573
	0.9140958786010742
	0.9139208793640137
	0.9137359857559204
	0.9135781526565552
	0.9134095907211304
	0.9132277965545654
	0.9130353331565857
	0.9128702282905579
	0.9126917719841003
	0.9125396609306335
	0.9123659133911133
	0.9121999740600586
	0.9120314717292786
	0.9118700623512268
	0.9117037057876587
	0.9115251302719116
	0.9113776683807373
	0.9112302660942078
	0.911072850227356
	0.910892903804779
	0.9107228517532349
	0.9105733036994934
	0.9104142785072327
	0.9102474451065063
	0.9100971221923828
	0.9099612236022949
	0.9098103642463684
	0.9096497297286987
	0.9094955921173096
	0.9093351364135742
	0.9091684818267822
	0.9090120792388916
	0.9088551998138428
	0.908710777759552
	0.9085402488708496
	0.9083649516105652
	0.9082092642784119
	0.9080658555030823
	0.9079106450080872
	0.9077478051185608
	0.9076060652732849
	0.9074439406394958
	0.9072766900062561
	0.9071158766746521
	0.9069705009460449
	0.9068110585212708
	0.90665203332901
	0.9065048098564148
	0.9063552618026733
	0.9062359929084778
	0.9060901403427124
	0.9059293270111084
	0.905786395072937
	0.9056389927864075
	0.9054853320121765
	0.9053613543510437
	0.905205249786377
	0.90506911277771
	0.9049245119094849
	0.9047811627388
	0.9046249389648438
	0.9044543504714966
	0.9043140411376953
	0.9041848182678223
	0.9040453433990479
	0.9038946628570557
	0.9037735462188721
	0.9036486744880676
	0.9035326838493347
	0.9034004807472229
	0.903262197971344
	0.903128981590271
	0.9029969573020935
	0.9028609395027161
	0.9027066230773926
	0.9025775790214539
	0.9024412035942078
	0.9022953510284424
	0.9021726250648499
	0.9020395874977112
	0.9018959403038025
	0.9017719030380249
	0.9016369581222534
	0.9015223383903503
	0.9013913869857788
	0.9012632966041565
	0.9011381268501282
	0.9010198712348938
	0.9009038209915161
	0.9007694125175476
	0.9006334543228149
	0.9004874229431152
	0.9003604650497437
	0.9002246260643005
	0.9001099467277527
	0.8999950289726257
	0.8998634219169617
	0.8997486233711243
	0.8996286392211914
	0.8994988799095154
	0.8993533849716187
	0.8992428183555603
	0.8991069793701172
	0.8989717364311218
	0.8988565802574158
	0.8987230062484741
	0.898595929145813
	0.8984545469284058
	0.898341715335846
	0.8982189893722534
	0.8980982899665833
	0.897972822189331
	0.89786297082901
	0.897728681564331
	0.89759361743927
	0.8974644541740417
	0.8973461389541626
	0.8972337245941162
	0.8971151113510132
	0.8969978094100952
	0.8968835473060608
	0.8967869281768799
	0.8966814279556274
	0.8965620994567871
	0.896463930606842
	0.8963562250137329
	0.8962340354919434
	0.8961268067359924
	0.8960205912590027
	0.8958929181098938
	0.8957828879356384
	0.8956846594810486
	0.8955565690994263
	0.8954327702522278
	0.8953016996383667
	0.895182192325592
	0.8950717449188232
	0.8949595093727112
	0.8948453068733215
	0.8947435021400452
	0.8946320414543152
	0.8945260643959045
	0.8944039940834045
	0.8942971229553223
	0.8941820859909058
	0.894081711769104
	0.8939716815948486
	0.8938679695129395
	0.8937461972236633
	0.893637478351593
	0.8935430645942688
	0.8934396505355835
	0.8933460712432861
	0.8932415246963501
	0.8931397199630737
	0.8930275440216064
	0.8929388523101807
	0.8928424715995789
	0.892737865447998
	0.8926191926002502
	0.892514705657959
	0.8924172520637512
	0.8923143744468689
	0.8922106027603149
	0.8920983076095581
	0.8919928669929504
	0.8918843269348145
	0.8917744755744934
	0.8916724324226379
	0.8915625810623169
	0.8914551138877869
	0.8913501501083374
	0.8912417888641357
	0.8911742568016052
	0.891061007976532
	0.8909463286399841
	0.8908436298370361
	0.8907499313354492
	0.8906410336494446
	0.8905375003814697
	0.8904412388801575
	0.8903564214706421
	0.8902431130409241
	0.8901495933532715
	0.8900702595710754
	0.8899775743484497
	0.8898791670799255
	0.8897718191146851
	0.8896912336349487
	0.8895817399024963
	0.8894897699356079
	0.8894078731536865
	0.8893188238143921
	0.8892267942428589
	0.8891326189041138
	0.8890337944030762
	0.8889368176460266
	0.8888274431228638
	0.8887374401092529
	0.8886402249336243
	0.8885352611541748
	0.8884360790252686
	0.8883357048034668
	0.8882172107696533
	0.8881354331970215
	0.888070285320282
	0.8879851698875427
	0.8879059553146362
	0.8877925276756287
	0.887709379196167
	0.8876041769981384
	0.8875254392623901
	0.8874326348304749
	0.8873345851898193
	0.8872499465942383
	0.8871688842773438
	0.8870693445205688
	0.8869948983192444
	0.8869113922119141
	0.886833906173706
	0.8867610692977905
	0.8866839408874512
	0.8865966200828552
	0.8865034580230713
	0.8864123821258545
	0.8863351941108704
	0.886250913143158
	0.886175811290741
	0.8860882520675659
	0.8860151171684265
	0.8859439492225647
	0.8858525156974792
	0.8857571482658386
	0.8856613039970398
	0.8855692744255066
	0.8854784965515137
	0.885417103767395
	0.8853262662887573
	0.8852372765541077
	0.8851643800735474
	0.8850813508033752
	0.8849886059761047
	0.8849018216133118
	0.8848081231117249
	0.8847207427024841
	0.8846622109413147
	0.8845720291137695
	0.8844979405403137
	0.8844233751296997
	0.8843327164649963
	0.884252667427063
	0.8841729164123535
	0.8840884566307068
	0.884006679058075
	0.8839241862297058
	0.8838421702384949
	0.8837639093399048
	0.8836827874183655
	0.8835877180099487
	0.8835079669952393
	0.8834307789802551
	0.8833591341972351
	0.8832783699035645
	0.8831872940063477
	0.8831058144569397
	0.8830143213272095
	0.8829337954521179
	0.882868766784668
	0.8828065991401672
	0.8827283978462219
	0.8826603293418884
	0.8825749158859253
	0.8825029730796814
	0.8824202418327332
	0.8823585510253906
	0.8822771906852722
	0.8822082281112671
	0.8821455240249634
	0.882061779499054
	0.881988525390625
	0.8819177150726318
	0.8818526864051819
	0.8817789554595947
	0.8817147016525269
	0.8816556930541992
	0.8815837502479553
	0.8815005421638489
	0.8814354538917542
	0.8813443183898926
	0.8812696933746338
	0.8812076449394226
	0.8811305165290833
	0.8810646533966064
	0.8809998631477356
	0.8809018731117249
	0.8808309435844421
	0.8807569742202759
	0.8806928396224976
	0.8806346654891968
	0.8805557489395142
	0.8804904222488403
	0.8804199695587158
	0.8803496360778809
	0.880283772945404
	0.8802013993263245
	0.8801274299621582
	0.8800678253173828
	0.8799988031387329
	0.8799185156822205
	0.8798589110374451
	0.8798061013221741
	0.8797393441200256
	0.8796695470809937
	0.8795958757400513
	0.8795300722122192
	0.8794848322868347
	0.8794041275978088
	0.8793483376502991
	0.879265308380127
	0.8791931867599487
	0.8791310787200928
	0.8790745735168457
	0.8790151476860046
	0.8789523243904114
	0.8788875937461853
	0.8788242936134338
	0.8787636160850525
	0.878698468208313
	0.8786306977272034
	0.8785704374313354
	0.8785157203674316
	0.8784598112106323
	0.8783978223800659
	0.8783370852470398
	0.8782668113708496
	0.8782005906105042
	0.8781302571296692
	0.8780713677406311
	0.8780169486999512
	0.8779769539833069
	0.8779098987579346
	0.8778494596481323
	0.8777880072593689
	0.877723217010498
	0.8776566982269287
	0.8775964379310608
	0.8775200843811035
	0.8774349093437195
	0.877364456653595
	0.8772919178009033
	0.8772332668304443
	0.8771863579750061
	0.8771237730979919
	0.8770513534545898
	0.8770068287849426
	0.8769454956054688
	0.8768808841705322
	0.8768201470375061
	0.8767691850662231
	0.8767134547233582
	0.8766378164291382
	0.8765773177146912
	0.8765138387680054
	0.8764488697052002
	0.876370370388031
	0.8763124942779541
	0.876240074634552
	0.8761910796165466
	0.8761189579963684
	0.8760563731193542
	0.875984251499176
	0.8759216070175171
	0.8758571147918701
	0.8758095502853394
	0.8757656812667847
	0.875706136226654
	0.8756409883499146
	0.8755760192871094
	0.875521719455719
	0.8754611611366272
	0.8753851652145386
	0.875332236289978
	0.875277042388916
	0.8752332329750061
	0.8751752376556396
	0.8751123547554016
	0.8750708699226379
	0.8750241994857788
	0.8749723434448242
	0.8749051690101624
	0.8748326897621155
	0.874768853187561
	0.8747161626815796
	0.8746767640113831
	0.8746206760406494
	0.8745664358139038
	0.8745036721229553
	0.8744484186172485
	0.8743957877159119
	0.8743424415588379
	0.8742716312408447
	0.874207615852356
	0.8741588592529297
	0.8740993738174438
	0.8740502595901489
	0.8739923238754272
	0.8739492893218994
	0.8738998174667358
	0.8738412857055664
	0.873789370059967
	0.8737432360649109
	0.8736955523490906
	0.8736394643783569
	0.8735857009887695
	0.8735475540161133
	0.873482346534729
	0.873432993888855
	0.8733768463134766
	0.8733338117599487
	0.8732743263244629
	0.8732156157493591
	0.8731529712677002
	0.8730971217155457
	0.8730454444885254
	0.8730005621910095
	0.8729466199874878
	0.8728741407394409
	0.8728235363960266
	0.872775673866272
	0.8727275133132935
	0.872681200504303
	0.8726243376731873
	0.872562825679779
	0.872502326965332
	0.8724623322486877
	0.8724288940429688
	0.8723944425582886
	0.8723440766334534
	0.8722842335700989
	0.8722174763679504
	0.8721757531166077
	0.8721308708190918
	0.8720939755439758
	0.8720542788505554
	0.8720073699951172
	0.8719555139541626
	0.871919572353363
	0.8718838691711426
	0.8718323707580566
	0.871796727180481
	0.8717479109764099
	0.8717039227485657
	0.8716628551483154
	0.8716127276420593
	0.8715658187866211
	0.8715187907218933
	0.8714728355407715
	0.8714224100112915
	0.8713587522506714
	0.8713057637214661
	0.8712689280509949
	0.8712237477302551
	0.8711687326431274
	0.8711256384849548
	0.8710775971412659
	0.8710460066795349
	0.8709980845451355
	0.8709381222724915
	0.8708893656730652
	0.8708456158638
	0.8708023428916931
	0.8707576394081116
	0.8707132339477539
	0.8706765174865723
	0.8706223964691162
	0.8705716729164124
	0.8705222606658936
	0.8704809546470642
	0.870437502861023
	0.8703840970993042
	0.8703500628471375
	0.8702996969223022
	0.870258092880249
	0.8702203035354614
	0.8701854348182678
	0.870150089263916
	0.8701035380363464
	0.8700564503669739
	0.8700223565101624
	0.8699778318405151
	0.8699486255645752
	0.8699167966842651
	0.8698641657829285
	0.8698239922523499
	0.8697813153266907
	0.8697293996810913
	0.8696885704994202
	0.8696459531784058
	0.8696081638336182
	0.8695529699325562
	0.8695167899131775
	0.8694775104522705
	0.8694458603858948
	0.8694071173667908
	0.8693581819534302
	0.8693219423294067
	0.8692685961723328
	0.8692142367362976
	0.8691713809967041
	0.8691316843032837
	0.8690937161445618
	0.869056761264801
	0.869021475315094
	0.8689879179000854
	0.8689471483230591
	0.8689045310020447
	0.8688558340072632
	0.8688117265701294
	0.8687798976898193
	0.8687557578086853
	0.8687139749526978
	0.8686735033988953
	0.8686275482177734
	0.8686028122901917
	0.8685572147369385
	0.868523120880127
	0.868484377861023
	0.8684501647949219
	0.868416428565979
	0.8683772683143616
	0.8683412075042725
	0.8683035969734192
	0.8682824373245239
	0.86825031042099
	0.868200957775116
	0.8681796193122864
	0.8681241273880005
	0.8680828213691711
	0.868054211139679
	0.8680333495140076
	0.8679975271224976
	0.867958664894104
	0.8679133653640747
	0.8678714036941528
	0.8678457140922546
	0.8678160905838013
	0.8677740693092346
	0.8677391409873962
	0.8676967024803162
	0.8676607608795166
	0.8676160573959351
	0.8675746321678162
	0.8675483465194702
	0.8675155639648438
	0.867478609085083
	0.8674538135528564
	0.8674226999282837
	0.867380678653717
	0.8673543930053711
	0.8673276901245117
	0.86728435754776
	0.8672351241111755
	0.8672013282775879
	0.8671653866767883
	0.8671349287033081
	0.8671023845672607
	0.8670642971992493
	0.8670306205749512
	0.8669913411140442
	0.8669484853744507
	0.8669111728668213
	0.8668802976608276
	0.8668466210365295
	0.8668274283409119
	0.8668114542961121
	0.8667829036712646
	0.8667494654655457
	0.8667104244232178
	0.8666676878929138
	0.8666314482688904
	0.8665729761123657
	0.8665438294410706
	0.8665112853050232
	0.8664913177490234
	0.8664562702178955
	0.8664112091064453
	0.8663738965988159
	0.8663361072540283
	0.8663120865821838
	0.8662864565849304
	0.8662541508674622
	0.8662084937095642
	0.8661835789680481
	0.8661481142044067
	0.8661216497421265
	0.8660885095596313
	0.8660465478897095
	0.866012454032898
	0.8659770488739014
	0.8659493327140808
	0.8659114837646484
	0.8658782243728638
	0.8658542037010193
	0.8658139705657959
	0.8657812476158142
	0.8657613396644592
	0.8657410740852356
	0.8657138347625732
	0.865688145160675
	0.8656448721885681
	0.8656194806098938
	0.8655725717544556
	0.8655430674552917
	0.8655052781105042
	0.8654683828353882
	0.8654283285140991
	0.8653942942619324
	0.8653653860092163
	0.8653421401977539
	0.8653234839439392
	0.8652893900871277
	0.8652610182762146
	0.8652239441871643
	0.8651955723762512
	0.865179717540741
	0.8651427626609802
	0.8651140928268433
	0.865070104598999
	0.8650389909744263
	0.8649970293045044
	0.8649595379829407
	0.8649285435676575
	0.8648980855941772
	0.8648664355278015
	0.8648349642753601
	0.8648095726966858
	0.8647752404212952
	0.8647465705871582
	0.8646961450576782
	0.8646626472473145
	0.8646367788314819
	0.8646091222763062
	0.8645797371864319
	0.8645423650741577
	0.8645085096359253
	0.8644722104072571
	0.8644399046897888
	0.8644155263900757
	0.864401638507843
	0.8643701076507568
	0.8643454313278198
	0.8643099069595337
	0.8642653822898865
	0.8642249703407288
	0.8642041683197021
	0.8641672134399414
	0.8641288876533508
	0.8640998005867004
	0.8640822172164917
	0.8640471696853638
	0.8640166521072388
	0.8639844655990601
	0.8639570474624634
	0.8639366626739502
	0.8639081716537476
	0.8638857007026672
	0.8638628721237183
	0.8638306260108948
	0.863816499710083
	0.8637803792953491
	0.8637477159500122
	0.8637340664863586
	0.8637069463729858
	0.863662600517273
	0.8636319637298584
	0.8636084198951721
	0.8635892868041992
	0.8635514974594116
	0.8635275959968567
	0.8634992837905884
	0.8634616732597351
	0.8634327054023743
	0.8634091019630432
	0.863370418548584
	0.8633414506912231
	0.8633109927177429
	0.8632873296737671
	0.8632534742355347
	0.863224983215332
	0.8631913065910339
	0.8631626963615417
	0.8631265163421631
	0.8630997538566589
	0.8630683422088623
	0.8630436658859253
	0.8630086779594421
	0.862981915473938
	0.8629487752914429
	0.8629259467124939
	0.8629111647605896
	0.862888753414154
	0.8628655672073364
	0.862834632396698
	0.862799346446991
	0.8627700209617615
	0.8627474904060364
	0.8627205491065979
	0.8626997470855713
	0.8626771569252014
	0.8626492023468018
	0.8626279830932617
	0.8625962138175964
	0.8625629544258118
	0.8625246286392212
	0.8624946475028992
	0.8624756932258606
	0.8624537587165833
	0.8624265193939209
	0.8624028563499451
	0.8623626828193665
	0.8623507618904114
	0.8623359799385071
	0.8623073101043701
	0.8622803092002869
	0.8622595071792603
	0.8622381091117859
	0.862220287322998
	0.8622017502784729
	0.8621755838394165
	0.8621572256088257
	0.8621292114257812
	0.8621058464050293
	0.8620784878730774
	0.86204993724823
	0.8620243072509766
	0.8619928956031799
	0.86197829246521
	0.8619548082351685
	0.8619499802589417
	0.8619275093078613
	0.8619100451469421
	0.8618900775909424
	0.8618630170822144
	0.8618437051773071
	0.8618186116218567
	0.8617889881134033
	0.8617678880691528
	0.8617368936538696
	0.8617159724235535
	0.8617098331451416
	0.8616926074028015
	0.8616723418235779
	0.8616423010826111
	0.8616160750389099
	0.8615842461585999
	0.8615481853485107
	0.8615227937698364
	0.8614965677261353
	0.8614704608917236
	0.861436128616333
	0.8614158034324646
	0.8613880276679993
	0.861354410648346
	0.8613327145576477
	0.8613206744194031
	0.861303985118866
	0.8612852692604065
	0.8612623810768127
	0.8612561821937561
	0.8612365126609802
	0.861207902431488
	0.8611874580383301
	0.8611643314361572
	0.8611389398574829
	0.8611153960227966
	0.861097514629364
	0.8610643744468689
	0.8610414266586304
	0.8610286712646484
	0.8610048294067383
	0.8609665632247925
	0.8609482645988464
	0.8609145879745483
	0.8608902096748352
	0.8608647584915161
	0.8608508110046387
	0.8608235120773315
	0.8607975840568542
	0.8607826828956604
	0.8607674241065979
	0.860747754573822
	0.8607140779495239
	0.8606820702552795
	0.8606538772583008
	0.8606399893760681
	0.8606075048446655
	0.8605765104293823
	0.8605543375015259
	0.860538899898529
	0.8605176210403442
	0.8604849576950073
	0.8604625463485718
	0.8604401350021362
	0.8604182004928589
	0.860395610332489
	0.8603789806365967
	0.8603696227073669
	0.8603420257568359
	0.8603201508522034
	0.8603101968765259
	0.8602787256240845
	0.8602492809295654
	0.8602200746536255
	0.8602042198181152
	0.8601749539375305
	0.8601504564285278
	0.8601366877555847
	0.8601054549217224
	0.8600873351097107
	0.8600783348083496
	0.8600596189498901
	0.8600353598594666
	0.8600242137908936
	0.8600154519081116
	0.8599994778633118
	0.8599779009819031
	0.8599720597267151
	0.8599594831466675
	0.8599421977996826
	0.8599293231964111
	0.8599081635475159
	0.859885573387146
	0.8598728179931641
	0.8598514795303345
	0.8598242402076721
	0.8598021268844604
	0.8597900867462158
	0.8597669005393982
	0.8597622513771057
	0.8597466349601746
	0.8597303032875061
	0.8597196936607361
	0.8596922159194946
	0.8596794605255127
	0.8596627712249756
	0.8596407771110535
	0.8596200346946716
	0.8595888018608093
	0.8595698475837708
	0.8595637679100037
	0.8595440983772278
	0.8595228791236877
	0.8594979047775269
	0.8594765663146973
	0.8594593405723572
	0.8594439029693604
	0.8594259023666382
	0.8593975901603699
	0.8593848347663879
	0.8593769073486328
	0.8593600988388062
	0.8593345880508423
	0.8593074083328247
	0.8592928647994995
	0.8592689633369446
	0.8592548370361328
	0.8592240214347839
	0.8591979146003723
	0.8591854572296143
	0.8591545224189758
	0.8591266870498657
	0.8591101765632629
	0.8590885996818542
	0.8590746521949768
	0.8590462803840637
	0.8590236306190491
	0.8589954972267151
	0.8589670658111572
	0.8589543700218201
	0.8589373826980591
	0.8589317202568054
	0.8589160442352295
	0.8589092493057251
	0.8588923215866089
	0.8588781952857971
	0.8588617444038391
	0.8588424921035767
	0.858820378780365
	0.8588108420372009
	0.8587957620620728
	0.8587778806686401
	0.8587596416473389
	0.8587407469749451
	0.8587368726730347
	0.858721137046814
	0.8587112426757812
	0.8586871027946472
	0.858669638633728
	0.8586475849151611
	0.8586242198944092
	0.8585999608039856
	0.858579695224762
	0.858573317527771
	0.858564555644989
	0.8585419654846191
	0.8585156202316284
	0.8584948182106018
	0.858471155166626
	0.8584619760513306
	0.8584567904472351
	0.8584316372871399
	0.8584136962890625
	0.8583871126174927
	0.8583701848983765
	0.8583549857139587
	0.8583325743675232
	0.8583084940910339
	0.8582764267921448
	0.8582497835159302
	0.8582276701927185
	0.858203113079071
	0.8581831455230713
	0.8581712245941162
	0.858154296875
	0.8581299781799316
	0.8581222295761108
	0.8581089973449707
	0.8580952286720276
	0.8580858111381531
	0.8580731749534607
	0.8580408096313477
	0.8580212593078613
	0.8580037951469421
	0.8579896092414856
	0.8579769730567932
	0.8579431176185608
	0.8579456210136414
	0.8579257130622864
	0.857913076877594
	0.8578941226005554
	0.8578771948814392
	0.8578547835350037
	0.8578418493270874
	0.8578267693519592
	0.8578174114227295
	0.857800304889679
	0.8577799201011658
	0.8577704429626465
	0.857748806476593
	0.8577418327331543
	0.8577355146408081
	0.8577274084091187
	0.8577073216438293
	0.857701301574707
	0.8576859831809998
	0.8576648831367493
	0.8576518297195435
	0.8576486706733704
	0.8576434850692749
	0.8576292991638184
	0.8576078414916992
	0.8575942516326904
	0.8575704097747803
	0.8575543165206909
	0.8575341701507568
	0.8575155138969421
	0.8575004935264587
	0.8574830889701843
	0.8574631810188293
	0.8574368357658386
	0.8574307560920715
	0.8574131727218628
	0.8573958873748779
	0.8573691844940186
	0.8573493361473083
	0.8573386669158936
	0.85732102394104
	0.8573044538497925
	0.8572998046875
	0.8572788834571838
	0.8572680354118347
	0.8572530746459961
	0.8572331666946411
	0.8572095036506653
	0.8572015166282654
	0.8571756482124329
	0.8571515083312988
	0.8571376800537109
	0.8571288585662842
	0.8571230173110962
	0.857103168964386
	0.8570775985717773
	0.8570589423179626
	0.8570458292961121
	0.8570366501808167
	0.8570159077644348
	0.8570017218589783
	0.8569908738136292
	0.8569816946983337
	0.8569642305374146
	0.8569386601448059
	0.8569276332855225
	0.8569145202636719
	0.8569023609161377
	0.8568822741508484
	0.8568847179412842
	0.8568628430366516
	0.8568472266197205
	0.8568311929702759
	0.8568195700645447
	0.8567909002304077
	0.8567742705345154
	0.856765627861023
	0.8567568063735962
	0.8567355275154114
	0.8567224144935608
	0.8567137718200684
	0.8566977381706238
	0.856680691242218
	0.8566694855690002
	0.8566563129425049
	0.8566368222236633
	0.8566061854362488
	0.8565894365310669
	0.8565571904182434
	0.8565444946289062
	0.8565248250961304
	0.8565003871917725
	0.8564833998680115
	0.8564631938934326
	0.8564482927322388
	0.8564320802688599
	0.8564050197601318
	0.8563821911811829
	0.8563686013221741
	0.8563480377197266
	0.856332540512085
	0.8563201427459717
	0.856282114982605
	0.8562613129615784
	0.8562536239624023
	0.8562402129173279
	0.8562359809875488
	0.8562158346176147
	0.8561985492706299
	0.8561923503875732
	0.856174111366272
	0.8561569452285767
	0.8561325669288635
	0.8561166524887085
	0.8561068177223206
	0.8560906052589417
	0.8560775518417358
	0.856053352355957
	0.8560449481010437
	0.8560274839401245
	0.8560042977333069
	0.8559895753860474
	0.8559776544570923
	0.8559619784355164
	0.8559516668319702
	0.855937659740448
	0.8559151887893677
	0.8559054732322693
	0.8558874726295471
	0.8558759689331055
	0.8558671474456787
	0.8558478355407715
	0.8558419942855835
	0.8558329343795776
	0.8558146953582764
	0.8558038473129272
	0.8557947278022766
	0.8557894229888916
	0.8557746410369873
	0.8557617664337158
	0.8557481169700623
	0.8557321429252625
	0.8557264804840088
	0.8557196259498596
	0.8557099103927612
	0.8557032346725464
	0.85569167137146
	0.8556779026985168
	0.8556666970252991
	0.8556508421897888
	0.8556336760520935
	0.8556244969367981
	0.855611264705658
	0.8556023836135864
	0.8555861711502075
	0.855567216873169
	0.8555399179458618
	0.8555365800857544
	0.8555198311805725
	0.8554971218109131
	0.8554936647415161
	0.8554883599281311
	0.855482280254364
	0.8554615378379822
	0.8554648160934448
	0.8554445505142212
	0.8554447293281555
	0.8554403185844421
	0.8554283380508423
	0.8554064631462097
	0.8553904294967651
	0.855377733707428
	0.8553606271743774
	0.8553269505500793
	0.8553202152252197
	0.8552995920181274
	0.8552882075309753
	0.8552722930908203
	0.8552631139755249
	0.8552523255348206
	0.8552454113960266
	0.8552305698394775
	0.8552148938179016
	0.8552035093307495
	0.8551818132400513
	0.8551751375198364
	0.8551648259162903
	0.8551622629165649
	0.8551458716392517
	0.8551399111747742
	0.8551212549209595
	0.8550891280174255
	0.8550864458084106
	0.8550827503204346
	0.8550728559494019
	0.8550665974617004
	0.8550583720207214
	0.8550539612770081
	0.8550524115562439
	0.8550342321395874
	0.8550083041191101
	0.8549928665161133
	0.854974627494812
	0.8549658060073853
	0.8549658060073853
	0.854949414730072
	0.8549374938011169
	0.8549306988716125
	0.8549091219902039
	0.8548917770385742
	0.8548920154571533
	0.8548814654350281
	0.8548682928085327
	0.8548654913902283
	0.8548474311828613
	0.8548386693000793
	0.8548167943954468
	0.8548204898834229
	0.8548015356063843
	0.8547914028167725
	0.8547915816307068
	0.8547797799110413
	0.8547793626785278
	0.8547677993774414
	0.8547539710998535
	0.8547452092170715
	0.8547365069389343
	0.8547297716140747
	0.8547247648239136
	0.8547120690345764
	0.8547021150588989
	0.8546841144561768
	0.8546688556671143
	0.8546665906906128
	0.854647159576416
	0.8546410202980042
	0.854633092880249
	0.854617714881897
	0.8546096086502075
	0.8545916676521301
	0.8545887470245361
	0.8545745611190796
	0.8545663356781006
	0.8545539379119873
	0.8545483350753784
	0.8545352220535278
	0.8545244336128235
	0.8545120358467102
	0.8544976711273193
	0.8544836640357971
	0.8544789552688599
	0.8544665575027466
	0.8544560670852661
	0.8544560670852661
	0.8544467091560364
	0.8544313311576843
	0.8544219136238098
	0.8544082641601562
	0.854407012462616
	0.8543851375579834
	0.8543797731399536
	0.8543686866760254
	0.8543682098388672
	0.8543511033058167
	0.8543438911437988
	0.854337215423584
	0.854325532913208
	0.8543079495429993
	0.8543000817298889
	0.8542878031730652
	0.8542750477790833
	0.8542709946632385
	0.8542537689208984
	0.8542395830154419
	0.8542419672012329
	0.8542416095733643
	0.8542242646217346
	0.8542134165763855
	0.8542042374610901
	0.8541874289512634
	0.8541759252548218
	0.8541648983955383
	0.8541571497917175
	0.8541471362113953
	0.8541347980499268
	0.8541379570960999
	0.8541244864463806
	0.8541085124015808
	0.8540940284729004
	0.8540785312652588
	0.8540599942207336
	0.8540601134300232
	0.854057788848877
	0.8540494441986084
	0.854033887386322
	0.854015588760376
	0.8540130257606506
	0.8540032505989075
	0.8539852499961853
	0.8539761900901794
	0.8539716005325317
	0.8539604544639587
	0.8539508581161499
	0.85394686460495
	0.8539386987686157
	0.8539348840713501
	0.8539357781410217
	0.8539324402809143
	0.8539221882820129
	0.853909969329834
	0.8539100289344788
	0.8538993000984192
	0.8538870215415955
	0.8538846373558044
	0.8538835644721985
	0.8538697361946106
	0.8538583517074585
	0.8538400530815125
	0.8538258671760559
	0.8538145422935486
	0.8538026809692383
	0.8537963032722473
	0.8537924885749817
	0.8537805080413818
	0.8537645936012268
	0.8537495136260986
	0.8537275195121765
	0.8537173271179199
	0.8537063002586365
	0.853693425655365
	0.853687047958374
	0.8536781668663025
	0.853670060634613
	0.8536566495895386
	0.8536525964736938
	0.8536496758460999
	0.8536401391029358
	0.8536295890808105
	0.8536069989204407
	0.8535904288291931
	0.853588879108429
	0.8535774946212769
	0.8535668849945068
	0.8535540103912354
	0.8535414338111877
	0.8535261750221252
	0.8535151481628418
	0.853499710559845
	0.8534871339797974
	0.8534814119338989
	0.8534674644470215
	0.8534599542617798
	0.8534454107284546
	0.8534381985664368
	0.8534295558929443
	0.8534234762191772
	0.8534110188484192
	0.8534016013145447
	0.8533831834793091
	0.8533809781074524
	0.853373646736145
	0.853371798992157
	0.8533703088760376
	0.8533524870872498
	0.8533480763435364
	0.8533464074134827
	0.853341817855835
	0.8533307313919067
	0.8533228039741516
	0.8533022999763489
	0.8532936573028564
	0.853276252746582
	0.853262722492218
	0.8532541990280151
	0.8532464504241943
	0.8532366156578064
	0.8532350659370422
	0.8532285094261169
	0.8532288670539856
	0.8532249331474304
	0.853209376335144
	0.8531988263130188
	0.8532025814056396
	0.8531933426856995
	0.8531859517097473
	0.853190541267395
	0.853184700012207
	0.8531752824783325
	0.8531789183616638
	0.8531736135482788
	0.8531655073165894
	0.8531583547592163
	0.853155255317688
	0.8531519770622253
	0.8531413078308105
	0.85313481092453
	0.8531235456466675
	0.8531162142753601
	0.8531128764152527
	0.853102445602417
	0.8530943393707275
	0.8530870079994202
	0.8530750274658203
	0.8530577421188354
	0.8530527949333191
	0.8530500531196594
	0.853047251701355
	0.8530399203300476
	0.8530304431915283
	0.8530132174491882
	0.8530093431472778
	0.8530003428459167
	0.8529847264289856
	0.852973997592926
	0.8529622554779053
	0.852954089641571
	0.852942168712616
	0.8529332876205444
	0.8529226779937744
	0.8529322743415833
	0.8529284000396729
	0.8529252409934998
	0.8529212474822998
	0.852914035320282
	0.8529033660888672
	0.8528923392295837
	0.85289067029953
	0.8528872132301331
	0.8528737425804138
	0.8528558611869812
	0.8528479933738708
	0.8528389930725098
	0.8528258800506592
	0.8528104424476624
	0.8528023362159729
	0.8527985215187073
	0.8528030514717102
	0.8527962565422058
	0.8527790904045105
	0.8527679443359375
	0.852774977684021
	0.8527692556381226
	0.8527572154998779
	0.8527466058731079
	0.8527365922927856
	0.8527328372001648
	0.8527270555496216
	0.8527184724807739
	0.8527123928070068
	0.8526958227157593
	0.8526902198791504
	0.852678656578064
	0.8526740670204163
	0.8526617884635925
	0.8526530861854553
	0.8526458740234375
	0.852637529373169
	0.8526273965835571
	0.8526090979576111
	0.8526002764701843
	0.8525987863540649
	0.852598249912262
	0.8525865077972412
	0.8525810241699219
	0.8525728583335876
	0.8525712490081787
	0.8525629639625549
	0.8525506258010864
	0.8525585532188416
	0.8525679707527161
	0.8525567054748535
	0.8525437712669373
	0.8525439500808716
	0.8525285720825195
	0.8525183796882629
	0.8525156378746033
	0.852508544921875
	0.8525009155273438
	0.8524838089942932
	0.8524749875068665
	0.8524652719497681
	0.8524593710899353
	0.8524394631385803
	0.8524407148361206
	0.8524251580238342
	0.8524214625358582
	0.852411150932312
	0.8524080514907837
	0.8523960709571838
	0.852391242980957
	0.8523790836334229
	0.8523756265640259
	0.8523721098899841
	0.8523693680763245
	0.8523666262626648
	0.8523592352867126
	0.8523557186126709
	0.8523538708686829
	0.8523498773574829
	0.8523531556129456
	0.852355420589447
	0.8523417711257935
	0.8523299694061279
	0.85233473777771
	0.8523446917533875
	0.8523393869400024
	0.8523324131965637
	0.8523226380348206
	0.8523051738739014
	0.8523003458976746
	0.8522902131080627
	0.8522873520851135
	0.8522841930389404
	0.852281928062439
	0.8522754907608032
	0.8522681593894958
	0.8522615432739258
	0.852250337600708
	0.8522425889968872
	0.8522416949272156
	0.8522375822067261
	0.8522276878356934
	0.8522131443023682
	0.8522133231163025
	0.8522120118141174
	0.8522098064422607
	0.8522083759307861
	0.852199137210846
	0.8521969318389893
	0.8521903157234192
	0.8521839380264282
	0.8521909117698669
	0.8521789312362671
	0.8521730899810791
	0.8521608710289001
	0.8521568179130554
	0.8521434664726257
	0.8521326184272766
	0.8521283268928528
	0.8521267175674438
	0.8521301746368408
	0.8521277904510498
	0.8521263599395752
	0.8521196842193604
	0.8521197438240051
	0.8521178960800171
	0.8521173000335693
	0.852115273475647
	0.8521025776863098
	0.8521060347557068
	0.8521035313606262
	0.8521040081977844
	0.8520937561988831
	0.852092444896698
	0.8520832657814026
	0.8520740866661072
	0.8520657420158386
	0.8520628809928894
	0.8520545959472656
	0.8520574569702148
	0.8520525693893433
	0.8520457744598389
	0.8520407676696777
	0.8520312309265137
	0.8520247936248779
	0.852011501789093
	0.8520045280456543
	0.8519918322563171
	0.8519901037216187
	0.8519899249076843
	0.8519770503044128
	0.8519703149795532
	0.8519677519798279
	0.8519530296325684
	0.85195392370224
	0.8519506454467773
	0.8519485592842102
	0.8519518375396729
	0.851952314376831
	0.8519520163536072
	0.8519518375396729
	0.8519478440284729
	0.8519405126571655
	0.8519346117973328
	0.8519352078437805
	0.8519296646118164
	0.851929247379303
	0.8519203066825867
	0.8519197106361389
	0.8519126772880554
	0.8519080877304077
	0.8519005179405212
	0.8518874645233154
	0.8518866300582886
	0.8518770337104797
	0.8518761396408081
	0.8518756628036499
	0.8518597483634949
	0.8518545031547546
	0.8518502712249756
	0.8518416881561279
	0.8518269062042236
	0.851822018623352
	0.8518164157867432
	0.8518118858337402
	0.8518098592758179
	0.8518137335777283
	0.851806104183197
	0.8517990112304688
	0.8517913222312927
	0.8517846465110779
	0.851772129535675
	0.8517688512802124
	0.8517666459083557
	0.851775586605072
	0.8517647981643677
	0.8517680168151855
	0.8517568111419678
	0.8517529964447021
	0.8517395853996277
	0.8517395257949829
	0.8517200946807861
	0.8517143130302429
	0.8517026305198669
	0.8517066240310669
	0.8516994118690491
	0.8516942858695984
	0.8516913652420044
	0.8516806960105896
	0.8516793847084045
	0.8516812920570374
	0.8516933917999268
	0.8517010807991028
	0.8516918420791626
	0.8516850471496582
	0.8516688942909241
	0.8516674041748047
	0.8516718149185181
	0.8516691327095032
	0.8516709804534912
	0.8516667485237122
	0.8516620993614197
	0.8516613245010376
	0.8516532778739929
	0.8516459465026855
	0.8516395092010498
	0.8516374826431274
	0.8516359329223633
	0.8516374230384827
	0.8516369462013245
	0.8516347408294678
	0.8516235947608948
	0.8516196012496948
	0.8516170382499695
	0.8516179323196411
	0.8516097068786621
	0.8515990376472473
	0.8515943884849548
	0.8515954613685608
	0.8515896201133728
	0.8515800833702087
	0.8515720963478088
	0.8515716195106506
	0.8515617847442627
	0.8515517115592957
	0.851533830165863
	0.8515351414680481
	0.8515364527702332
	0.8515350818634033
	0.8515378832817078
	0.8515282869338989
	0.851524293422699
	0.8515290021896362
	0.851524829864502
	0.8515188097953796
	0.8515200614929199
	0.8515145182609558
	0.8515101671218872
	0.8515164256095886
	0.8515042066574097
	0.8515086770057678
	0.8514983654022217
	0.8514915108680725
	0.8514878749847412
	0.8514841198921204
	0.8514758944511414
	0.8514720797538757
	0.8514707684516907
	0.8514611721038818
	0.8514592051506042
	0.8514485955238342
	0.8514453768730164
	0.8514330387115479
	0.8514293432235718
	0.8514196276664734
	0.8514160513877869
	0.8514097929000854
	0.8514098525047302
	0.8514101505279541
	0.8514052033424377
	0.8513979315757751
	0.8513984680175781
	0.8513914942741394
	0.8513919711112976
	0.8513897657394409
	0.8513810038566589
	0.8513807058334351
	0.8513907194137573
	0.8513964414596558
	0.8513935804367065
	0.8513885140419006
	0.8513845801353455
	0.8513789772987366
	0.8513783812522888
	0.8513769507408142
	0.8513783812522888
	0.8513768911361694
	0.8513717651367188
	0.8513614535331726
	0.8513615727424622
	0.8513458371162415
	0.8513327836990356
	0.8513299822807312
	0.8513265252113342
	0.8513174653053284
	0.8513214588165283
	0.8513216376304626
	0.8513156771659851
	0.8513051867485046
	0.8512977361679077
	0.8512929677963257
	0.8512815833091736
	0.8512816429138184
	0.8512840270996094
	0.8512874841690063
	0.8512753844261169
	0.8512736558914185
	0.8512701392173767
	0.851266622543335
	0.8512683510780334
	0.8512622117996216
	0.851253092288971
	0.8512451648712158
	0.8512364625930786
	0.8512340784072876
	0.8512438535690308
	0.8512381315231323
	0.8512444496154785
	0.8512437343597412
	0.8512514233589172
	0.8512256145477295
	0.851213276386261
	0.8511943221092224
	0.8511857390403748
	0.851182758808136
	0.8511846661567688
	0.851178765296936
	0.8511708378791809
	0.8511614203453064
	0.8511559367179871
	0.8511496186256409
	0.8511516451835632
	0.851144552230835
	0.8511288166046143
	0.8511248230934143
	0.8511132001876831
	0.8511068224906921
	0.8511104583740234
	0.851104199886322
	0.8511032462120056
	0.8510971665382385
	0.8510905504226685
	0.8510806560516357
	0.851067066192627
	0.8510690331459045
	0.8510703444480896
	0.8510604500770569
	0.8510612845420837
	0.8510553240776062
	0.8510517477989197
	0.851052463054657
	0.8510496020317078
	0.851047158241272
	0.851044774055481
	0.8510484099388123
	0.8510492444038391
	0.8510462045669556
	0.8510446548461914
	0.8510445356369019
	0.8510406017303467
	0.8510403037071228
	0.8510326147079468
	0.8510250449180603
	0.8510165810585022
	0.8510081171989441
	0.8510170578956604
	0.8510125279426575
	0.8510158658027649
	0.8510070443153381
	0.8510059118270874
	0.8509966135025024
	0.850978672504425
	0.8509792685508728
	0.850983202457428
	0.8509781956672668
	0.8509693145751953
	0.8509718775749207
	0.8509706854820251
	0.8509722352027893
	0.850969135761261
	0.8509658575057983
	0.8509628772735596
	0.8509503602981567
	0.8509458303451538
	0.8509378433227539
	0.8509347438812256
	0.8509293794631958
	0.8509246706962585
	0.8509119153022766
	0.8508985042572021
	0.8508983254432678
	0.8508924841880798
	0.8508889675140381
	0.8508802652359009
	0.8508825302124023
	0.850890576839447
	0.8508841395378113
	0.8508948087692261
	0.8508859276771545
	0.8508795499801636
	0.8508793711662292
	0.8508713245391846
	0.8508705496788025
	0.8508602380752563
	0.8508610129356384
	0.8508525490760803
	0.850858747959137
	0.8508570790290833
	0.85085529088974
	0.8508598804473877
	0.8508585691452026
	0.8508618474006653
	0.8508615493774414
	0.8508642911911011
	0.850867748260498
	0.8508648872375488
	0.8508659601211548
	0.8508548736572266
	0.850864052772522
	0.850856602191925
	0.850859522819519
	0.8508563041687012
	0.850858211517334
	0.8508555889129639
	0.8508515954017639
	0.8508601784706116
	0.8508576154708862
	0.850857675075531
	0.8508586287498474
	0.8508548736572266
	0.8508560061454773
	0.8508471250534058
	0.8508412837982178
	0.8508322238922119
	0.8508383631706238
	0.8508325815200806
	0.8508331775665283
	0.850824773311615
	0.8508155345916748
	0.8508105874061584
	0.8508109450340271
	0.8508122563362122
	0.8508175015449524
	0.8508113026618958
	0.85080486536026
	0.850811779499054
	0.8508145809173584
	0.85080885887146
	0.8508056402206421
	0.8507989645004272
	0.8508002161979675
	0.8507929444313049
	0.8507987260818481
	0.8507995009422302
	0.8508040904998779
	0.8507973551750183
	0.8507958054542542
	0.8507981896400452
	0.8508022427558899
	0.85080885887146
	0.8508098125457764
	0.8508147597312927
	0.8508151769638062
	0.8508211970329285
	0.8508090376853943
	0.8508111238479614
	0.85080885887146
	0.850805401802063
	0.8508076071739197
	0.8508002161979675
	0.8507956862449646
	0.8507941961288452
	0.8507946729660034
	0.8507910370826721
	0.8507856726646423
	0.850784182548523
	0.8507835268974304
	0.850776731967926
	0.8507716655731201
	0.8507671356201172
	0.8507643938064575
	0.8507646918296814
	0.8507691025733948
	0.8507636189460754
	0.8507645130157471
	0.8507619500160217
	0.8507682681083679
	0.85076504945755
	0.8507628440856934
	0.8507637977600098
	0.8507654666900635
	0.8507586717605591
	0.8507566452026367
	0.850747287273407
	0.8507415652275085
	0.8507243990898132
	0.8507291674613953
	0.8507274389266968
	0.8507330417633057
	0.8507280945777893
	0.8507174849510193
	0.8507189750671387
	0.8507139086723328
	0.8507201671600342
	0.850727379322052
	0.8507237434387207
	0.8507141470909119
	0.8507146835327148
	0.8507220149040222
	0.8507091999053955
	0.8507133722305298
	0.8507115840911865
	0.8507131934165955
	0.8507195115089417
	0.8507108092308044
	0.8507152795791626
	0.8507088422775269
	0.8507102727890015
	0.8507013916969299
	0.850699782371521
	0.8506973385810852
	0.8506971597671509
	0.8506898880004883
	0.8506871461868286
	0.8506812453269958
	0.8506812453269958
	0.8506847023963928
	0.8506792187690735
	0.850668728351593
	0.8506679534912109
	0.8506677746772766
	0.850666880607605
	0.8506643176078796
	0.8506566882133484
	0.8506562113761902
	0.8506544828414917
	0.8506487607955933
	0.8506519198417664
	0.8506535887718201
	0.850651741027832
	0.8506482839584351
	0.850648045539856
	0.8506454825401306
	0.85064297914505
	0.8506450057029724
	0.850645124912262
	0.8506389260292053
	0.8506349921226501
	0.8506372570991516
	0.8506414890289307
	0.8506308197975159
	0.8506333231925964
	0.8506223559379578
	0.8506155610084534
	0.8506121635437012
	0.8506072163581848
	0.8505986332893372
	0.8506033420562744
	0.850594162940979
	0.8505969643592834
	0.8505991697311401
	0.8505875468254089
	0.8505886197090149
	0.8505774736404419
	0.8505679965019226
	0.8505533337593079
	0.8505476713180542
	0.850543200969696
	0.8505463004112244
	0.8505463004112244
	0.8505461812019348
	0.8505434393882751
	0.8505456447601318
	0.8505446314811707
	0.850544810295105
	0.85053950548172
	0.8505424857139587
	0.8505354523658752
]