[
	0.680840986378764
	0.6808409863787648
	0.680840986378933
	0.6808409863789014
	0.6808409863712995
	0.6808409863258419
	0.6808409843700272
	0.6808408521547425
	0.6808416686765263
	0.6808542792449754
	0.680854811123338
	0.6809217895356289
	0.6809848933174252
	0.6810894974087571
	0.6811944611929973
	0.6812964111601522
	0.6814154559262569
	0.6815316085216921
	0.6816411532119583
	0.6817595309508263
	0.6818770225334355
	0.6819950199979123
	0.6821095486410775
	0.6822165363280009
	0.682317192600844
	0.6824228971003935
	0.6825078486628983
	0.6826102969415982
	0.6826982666102215
	0.6827850789416617
	0.6828619714448986
	0.6829409803788055
	0.6830087851528085
	0.6830816805514707
	0.6831593825677392
	0.6832236379683982
	0.6832890357208247
	0.6833457708050923
	0.68340427548993
	0.6834707867597687
	0.68351817170444
	0.6835727887295002
	0.6835947720944384
	0.6836360436629523
	0.6836860824210086
	0.6837196071463773
	0.6837461549799017
	0.6837928107396223
	0.6838342855610193
	0.6838799299388985
	0.6839017064761465
	0.6839462671821331
	0.6839882681799607
	0.684011481527244
	0.6840347153385834
	0.6840509279908588
	0.6840459303568744
	0.6840662040404276
	0.6840756094961467
	0.6840723626223805
	0.6840911983187947
	0.6841151781601813
	0.684136055104255
	0.6841487052516455
	0.6841538124664464
	0.684168099813987
	0.6841744748887314
	0.6841744482425401
	0.6841789716924486
	0.6841901168794581
	0.6841971220488291
	0.6842070079531741
	0.6842087980185378
	0.684208717032332
	0.6842114669388031
	0.6842150723435959
	0.6842271012140055
	0.6842334086870838
	0.6842325499464693
	0.6842212526227441
	0.6842029815087778
	0.6841941315641432
	0.6841854618377551
	0.6841632926561536
	0.6841525967217338
	0.6841584939263423
	0.6841400237551736
	0.6841220159023844
	0.6840969006952801
	0.6840861167122729
	0.6840745006859102
	0.6840611502417736
	0.6840480070124377
	0.684041990225216
	0.6840387511934652
	0.6840284542054231
	0.6840081000700358
	0.6839848789778192
	0.6839609597553242
	0.6839451513037731
	0.6839282203261086
	0.6839049610853196
	0.6838976998095317
	0.6838827908293794
	0.6838722735291566
	0.6838514110014208
	0.6838374781676619
	0.683820471693058
	0.6838065486462916
	0.6838064669415344
	0.6837902607440078
	0.683767932981851
	0.6837551610590883
	0.6837356002148326
	0.6837276604945672
	0.6837150479556429
	0.6836961895597307
	0.6836904852921122
	0.6836703793117331
	0.6836425444587965
	0.6836334990616846
	0.6836132286761184
	0.6835927079286229
	0.6835831062136822
	0.6835685327614138
	0.6835383229682547
	0.6835249606399942
	0.6835103834051268
	0.6834857473116362
	0.6834632836838224
	0.6834489881425029
	0.6834266795732247
	0.6834025637372136
	0.6833943103885062
	0.6833673529197507
	0.6833465081675487
	0.6833295601770989
	0.6833097853630172
	0.6832849772569569
	0.6832627765803524
	0.6832478540360751
	0.68323726188758
	0.6832179329936793
	0.6831911331743924
	0.6831724108955342
	0.6831499097327155
	0.6831346308278454
	0.6831264792770598
	0.6830961540806256
	0.683074293224653
	0.6830536203805221
	0.6830307429326544
	0.6830192774247412
	0.6829978086932338
	0.6829839713060016
	0.6829607439230886
	0.6829508140488327
	0.6829406205878009
	0.6829229566841953
	0.6828992987502212
	0.6828784567723031
	0.6828568878654574
	0.6828507757978693
	0.6828378054151806
	0.6828247659835682
	0.6828089123314565
	0.6827841097639049
	0.6827650136340272
	0.6827484599382606
	0.6827353771490748
	0.6827237584313576
	0.6827086782505765
	0.6826950773119191
	0.6826844993705772
	0.6826757202466546
	0.6826579226502938
	0.6826434171772894
	0.6826279920918962
	0.6826209233642497
	0.6825971122374038
	0.6825849772091583
	0.6825721737187949
	0.6825547557962883
	0.6825431977878009
	0.6825216579122863
	0.682513668505235
	0.6824949039611478
	0.682480599486589
	0.6824676284037242
	0.6824526851477706
	0.6824350609158252
	0.6824190642522984
	0.6824109800697042
	0.6824010789860192
	0.6823803455410539
	0.6823625361814666
	0.6823521072251592
	0.6823437450031875
	0.6823330820983964
	0.68232343410443
	0.682310887149202
	0.6823020982223842
	0.6822803036939936
	0.6822765955124168
	0.6822648230946341
	0.6822558600425396
	0.6822403679188218
	0.6822285640799804
	0.682217954131273
	0.6822002245620028
	0.6821917450347366
	0.6821873255929922
	0.6821762951630678
	0.6821679594511622
	0.6821571268367229
	0.6821462331767298
	0.6821379924585378
	0.6821331953368885
	0.6821253228408444
	0.6821141534206621
	0.682104524522972
	0.6820939361697385
	0.6820812842880108
	0.6820732841449566
	0.682061294352025
	0.6820520816749782
	0.6820429218550391
	0.682030021512003
	0.6820201188694304
	0.6820114521304925
	0.6820009848457631
	0.6819954286609444
	0.6819869473923952
	0.6819772396560942
	0.6819686164545402
	0.6819632063277448
	0.6819537682394727
	0.6819452905852872
	0.6819361019013416
	0.6819325000168642
	0.6819234024002876
	0.6819161164799835
	0.6819046691200863
	0.6818999924435911
	0.6818891094868035
	0.6818865012088366
	0.6818832693331925
	0.6818808543780432
	0.6818718862754312
	0.681867007433293
	0.6818604003753089
	0.6818527132629438
	0.6818436104154262
	0.6818386776179065
	0.6818350804025876
	0.6818285232603817
	0.6818198702592789
	0.6818116074773912
	0.6818075930753054
	0.6818031888415832
	0.6817953890352914
	0.6817865785386484
	0.681780495871568
	0.6817770058815261
	0.6817757539822136
	0.6817741565744792
	0.6817650547620101
	0.6817590841179337
	0.6817541810870659
	0.6817538814594734
	0.6817549436604665
	0.6817438637056497
	0.6817361298921276
	0.6817291065000931
	0.6817220552925578
	0.6817174754253926
	0.6817146067530052
	0.6817122294358163
	0.6817092876060039
	0.6817055760555483
	0.6817031794991583
	0.6816990283537823
	0.6816941757585315
	0.6816886487354904
	0.6816797372636787
	0.6816798815110596
	0.6816706711469586
	0.6816617485791913
	0.6816570192766641
	0.6816561888395292
	0.6816550597982525
	0.6816518940545706
	0.6816446236430532
	0.6816443382019891
	0.6816387928367555
	0.681632478630988
	0.6816318156663767
	0.6816268086862312
	0.6816246722727756
	0.681619264324701
	0.6816175104688482
	0.6816151934552777
	0.6816078925725354
	0.6816048625682044
	0.6816012597129378
	0.6815991139661539
	0.6815982363300508
	0.6815943678161532
	0.6815975689199049
	0.6815893267268591
	0.681586657542129
	0.6815822931732283
	0.6815848747489858
	0.6815831455397345
	0.6815796179097409
	0.6815780607489093
	0.6815778845358881
	0.681578732467406
	0.6815786175485764
	0.6815716603025916
	0.6815736965939497
	0.6815690295254743
	0.6815679902754692
	0.6815645014059961
	0.6815643755828004
	0.6815631743142778
	0.6815598084876844
	0.681557742180046
	0.681557175419882
	0.6815513073093106
	0.6815429090858244
	0.6815399628417214
	0.6815387228469476
	0.6815374853705993
	0.6815374280084933
	0.6815350719150455
	0.6815335658525558
	0.6815323955750795
	0.681528577615823
	0.6815303534423427
	0.6815336223310425
	0.6815340406115281
	0.6815290249963212
	0.6815274871634663
	0.6815264963163045
	0.6815251487207892
	0.6815248911865707
	0.6815239019958284
	0.6815296704164746
	0.6815270612824981
	0.681526423592793
	0.6815257047146499
	0.6815231231009158
	0.6815227854198248
	0.6815242652073379
	0.6815269118750965
	0.6815271535716002
	0.681530857260397
	0.6815283679916064
	0.6815325726699696
	0.6815298665300841
	0.6815305214507837
	0.6815334689689291
	0.6815330879244388
	0.6815311884491441
	0.6815295235696346
	0.681529381750232
	0.6815350893393745
	0.6815331961924199
	0.6815331555394671
	0.6815328930515349
	0.6815355603474483
	0.6815394571998032
	0.6815351295349891
	0.6815352866340957
	0.6815367407040529
	0.681535729293798
	0.681536862163982
	0.6815378395256557
	0.6815405923922242
	0.6815413556727696
	0.68154112986849
	0.6815397405084019
	0.6815450935644398
	0.681545143660955
	0.6815494930125415
	0.6815552954780658
	0.6815500589589207
	0.6815512467656106
	0.681550394871682
	0.681549903758718
	0.6815490262033446
	0.6815469934608974
	0.6815469430141814
	0.6815479390152478
	0.681544730088076
	0.6815466612614244
	0.6815503654535284
	0.6815530056042616
	0.6815527393613989
	0.681556743090281
	0.6815579222164173
	0.6815586803498921
	0.6815568946957267
	0.6815529614327351
	0.6815508386546433
	0.6815531472318477
	0.6815579938161621
	0.6815553218994463
	0.681559694074334
	0.6815606980883707
	0.6815673127070504
	0.6815691441348656
	0.6815692713828843
	0.6815696369829172
	0.6815707055634644
	0.6815710084044937
	0.68156681760211
	0.6815685837790338
	0.6815714314011689
	0.6815746290608956
	0.6815740815311103
	0.6815754427399348
	0.6815753394768927
	0.6815720056016873
	0.6815758387084484
	0.6815749494557953
	0.6815785746177467
	0.6815781193601893
	0.6815766967732112
	0.6815761397201054
	0.6815796843697278
	0.6815808006500769
	0.6815861444972475
	0.6815863381078856
	0.6815924295592816
	0.6815955961588835
	0.6815952568009526
	0.6815974364197179
	0.6815988972693262
	0.6815990979209958
	0.6816076560437427
	0.6816056061858214
	0.6816058309337814
	0.6816051782095326
	0.6816024860707818
	0.6816030859750846
	0.6816065786835158
	0.681609659001108
	0.681613140442981
	0.6816120830833554
	0.6816152683270418
	0.6816188652789852
	0.6816209622094483
	0.6816198838265726
	0.6816198648038967
	0.6816216152988409
	0.6816235767419024
	0.6816266261301658
	0.6816291568979687
	0.6816260238908423
	0.6816304431609106
	0.6816292159658909
	0.6816245303864363
	0.6816254900837173
	0.6816265354164546
	0.6816284936070585
	0.6816274019329923
	0.6816301005173248
	0.6816294338819644
	0.6816315025296278
	0.6816299204413776
	0.6816308239367498
	0.6816338007294792
	0.6816368401243218
	0.6816316182031961
	0.6816331629114495
	0.6816357505921627
	0.6816384343979205
	0.681639530125828
	0.6816426129404455
	0.6816451938737594
	0.6816489840998701
	0.6816476446933313
	0.6816497840297294
	0.6816508323629268
	0.6816539917592169
	0.6816564294276953
	0.6816633324593012
	0.6816648951211796
	0.6816637748646966
	0.6816603005386772
	0.6816630311287378
	0.6816646167066608
	0.6816698018924955
	0.6816694940225794
	0.6816692713968663
	0.6816756511889288
	0.6816769817124535
	0.6816777734898208
	0.6816743636514991
	0.6816719450053995
	0.6816735648051183
	0.6816738165448096
	0.681675003568062
	0.6816768967644639
	0.6816805196442662
	0.6816812285433256
	0.6816864393787807
	0.6816865267574235
	0.6816874899805203
	0.6816884934725183
	0.681690741853845
	0.6816935289591045
	0.6816964130380413
	0.681697070422657
	0.6817019218359676
	0.6817101641940195
	0.6817083359400589
	0.6817086804413379
	0.6817108341167354
	0.6817144118447854
	0.6817109337924507
	0.6817177061084869
	0.6817153308330313
	0.6817198636315588
	0.6817221260434504
	0.6817231302315245
	0.6817239798146659
	0.6817246617122211
	0.6817278549515379
	0.6817323559544591
	0.6817349940487533
	0.6817354014545045
	0.6817394077423251
	0.6817411840119427
	0.6817423535246204
	0.6817459729049509
	0.6817465902107158
	0.6817482572819232
	0.6817488803044123
	0.6817445313524919
	0.681746078391851
	0.681749421461079
	0.6817496683940902
	0.681750527407777
	0.6817530649695862
	0.6817471791970868
	0.6817475801525719
	0.6817447714668636
	0.681742418688159
	0.6817436750152066
	0.6817440282322308
	0.6817452953096198
	0.6817414081250278
	0.6817432745500928
	0.6817477863071012
	0.6817457203970105
	0.6817476653685455
	0.6817469830615026
	0.6817504525938869
	0.681754446024471
	0.6817587858340598
	0.6817615533227489
	0.6817628294979373
	0.6817653486395658
	0.6817642030443464
	0.6817654114143451
	0.6817649505458875
	0.6817602516886279
	0.6817619623828773
	0.6817633734595114
	0.6817646992431058
	0.681765177518458
	0.6817680114369531
	0.6817731287311105
	0.6817752913491484
	0.6817785483053374
	0.6817788145843958
	0.6817794783270585
	0.6817797114536781
	0.6817804162018226
	0.6817814317494387
	0.6817825092861046
	0.681780952472955
	0.6817827699028026
	0.6817847362350591
	0.6817822831503407
	0.6817801913247096
	0.6817796518428054
	0.6817784068068081
	0.6817823949693156
	0.6817822098253239
	0.6817858540903634
	0.6817876137314242
	0.681791718973328
	0.681793519921249
	0.681794835330478
	0.6817928135065763
	0.6817913210760514
	0.6817943403535862
	0.6817943097976631
	0.6817934118502982
	0.6817918134507525
	0.6817923488255573
	0.6817895494271646
	0.6817921939465437
	0.6817874865522746
	0.6817859576217203
	0.681787038023899
	0.6817862316621796
	0.6817869448442894
	0.6817897505870937
	0.6817968052891734
	0.681798372741023
	0.681798064483142
	0.6817999848321127
	0.6818030383537002
	0.6817984402899199
	0.6817997758729406
	0.6818003605382911
	0.6817977132833556
	0.6817961299973782
	0.6817960833202868
	0.6817945307879145
	0.6817927844504778
	0.6817901775808342
	0.6817912013052093
	0.6817906358978341
	0.6817923945610227
	0.6817929954243145
	0.6817900865941601
	0.6817873969842839
	0.6817861511428723
	0.6817864344707238
	0.68178570547085
	0.6817861411584692
	0.6817883026362355
	0.681787022588854
	0.6817873960350204
	0.6817908684341255
	0.6817867043892885
	0.6817844155786243
	0.6817858874433399
	0.6817895179022075
	0.6817887501919833
	0.6817853501201863
	0.6817838850476426
	0.6817867383141408
	0.6817860387743087
	0.6817860372520985
	0.6817847943797873
	0.6817834266921301
	0.681781113165949
	0.6817793858216921
	0.6817800728993869
	0.6817808134663322
	0.6817787140347678
	0.6817817047519599
	0.6817823997414514
	0.6817802779643063
	0.6817809465399199
	0.6817813419566332
	0.6817800586117914
	0.681780959620852
	0.6817822546449377
	0.6817797293980933
	0.6817796171089255
	0.6817820694435381
	0.6817850581579745
	0.6817872054833918
	0.6817919196866717
	0.6817925460054639
	0.6817946917406108
	0.6817905544465181
	0.6817899825034142
	0.6817874057607023
	0.6817896491673591
	0.6817882597932075
	0.6817851237850782
	0.6817853301821308
	0.681784905804979
	0.6817833578431133
	0.6817789491715909
	0.6817849672014394
	0.6817854021552635
	0.6817842288590222
	0.6817836583111934
	0.6817869254798066
	0.6817819884802443
	0.6817823845579156
	0.6817834297863606
	0.6817811920965551
	0.6817823214326006
	0.6817790711718186
	0.6817807143019865
	0.6817804721264107
	0.681782527366027
	0.6817768743337105
	0.6817746960989809
	0.6817738148289788
	0.6817708689138176
	0.681768900147456
	0.681767575282087
	0.6817633923528917
	0.6817667373459412
	0.6817669938260265
	0.6817684360921809
	0.6817662104146781
	0.6817666912935816
	0.6817632611518001
	0.6817659187782247
	0.6817637757853361
	0.6817642902433142
	0.6817644718209592
	0.6817673478272521
	0.681769964489702
	0.68177075056592
	0.6817709294191105
	0.6817712522955389
	0.6817698272620843
	0.681773454693898
	0.681772299037364
	0.6817733309589926
	0.6817731967026898
	0.6817729408798142
	0.6817727398882444
	0.6817736184661961
	0.6817698416729087
	0.6817715944830087
	0.6817756944995187
	0.6817807062480881
	0.6817867463361063
	0.6817885450385301
	0.6817887075400336
	0.6817897661409041
	0.6817925985840008
	0.6817953670647696
	0.6817936184527419
	0.6817940152562764
	0.6817942313897094
	0.6817940540454246
	0.681793322538247
	0.6817933676761319
	0.68179208162871
	0.681795576994715
	0.6817959955194728
	0.6817965665462005
	0.6817975155969364
	0.6817931487714379
	0.6817900659476648
	0.6817912255466076
	0.6817883758299538
	0.681784631770561
	0.6817833975341145
	0.6817805914567945
	0.6817809355164356
	0.6817785665413468
	0.6817841156534625
	0.6817817210592895
	0.6817812793385766
	0.6817798827189074
	0.6817847528322893
	0.6817878191510376
	0.6817852213010156
	0.6817866475719925
	0.6817881090187422
	0.6817935395466233
	0.6817961471203076
	0.6817993181929954
	0.6818004432607685
	0.6817944715896751
	0.6817919214821876
	0.6817900773472707
	0.6817858774075833
	0.6817857283173581
	0.6817853259895909
	0.6817858881277661
	0.6817824339287213
	0.6817821650009248
	0.6817853631369514
	0.6817822320498056
	0.6817834140115665
	0.6817820296505713
	0.6817827964664542
	0.681782644824623
	0.6817816277061997
	0.681785678520847
	0.6817829215190652
	0.6817824858586445
	0.6817799864297303
	0.6817781965051329
	0.6817803212122253
	0.6817787400837584
	0.6817783874514332
	0.6817800687092163
	0.6817815026428977
	0.6817800314635931
	0.6817791489051007
	0.6817784254397591
	0.681777302803762
	0.6817775997760585
	0.6817793612564146
	0.6817789139977344
	0.6817778980862175
	0.6817787335865922
	0.681774273009753
	0.6817734964615592
	0.6817741605699824
	0.6817792957304746
	0.6817772191616198
	0.6817736149752237
	0.6817750486961717
	0.6817722746745511
	0.6817700264921336
	0.6817687829793749
	0.6817695272223362
	0.6817678456791788
	0.6817697213940684
	0.6817698679021345
	0.6817718914727456
	0.6817719329821553
	0.6817744032063234
	0.6817742633468858
	0.6817759208544527
	0.6817746354220057
	0.6817732791686272
	0.6817746481317942
	0.6817746112029489
	0.6817784695145167
	0.6817742991919271
	0.6817733532946673
	0.6817728982952378
	0.681771742251866
	0.6817724319066647
	0.6817729708440762
	0.6817729724522223
	0.681770979496575
	0.6817716025520292
	0.6817760119003813
	0.6817782166881624
	0.6817800855154332
	0.6817798806801867
	0.681785858911883
	0.6817847444855468
	0.6817822511458713
	0.6817810845455757
	0.6817837745745925
	0.6817828267825208
	0.6817786943394569
	0.6817748548465072
	0.6817773498680579
	0.6817792897816323
	0.6817812120673608
	0.6817832321955857
	0.6817780230129243
	0.6817801534905369
	0.6817793413782437
	0.6817795776480999
	0.6817764559943328
	0.6817761039841888
	0.6817712861911941
	0.6817711982452617
	0.6817725504470736
	0.6817721890784456
	0.6817720475783132
	0.6817748215738348
	0.6817796618968464
	0.6817787407907095
	0.6817773145945951
	0.681780313151377
	0.6817827482596986
	0.681780449724162
	0.6817816053754684
	0.681784329412525
	0.6817831943233075
	0.6817836203920077
	0.6817786962913359
	0.6817778689530809
	0.6817758881040643
	0.6817760845025225
	0.6817763626911162
	0.6817731132738337
	0.6817707641110575
	0.6817699473781925
	0.6817690144419478
	0.681769456863305
	0.6817680936258194
	0.6817663011128136
	0.6817648422096613
	0.681768144354225
	0.681766245776203
	0.6817657426915025
	0.6817689489008657
	0.6817696489855395
	0.6817627396344053
	0.6817653319400065
	0.6817699702571554
	0.681770437961225
	0.6817698140276188
	0.6817722506950733
	0.6817683883810264
	0.681771973273383
	0.6817711546553639
	0.6817766039210184
	0.6817805117129391
	0.6817783071979487
	0.6817763816188667
	0.6817740577462367
	0.6817745077348697
	0.681772617459408
	0.6817695031615902
	0.6817688029309477
	0.6817664182505961
	0.6817686494493542
	0.6817680389428534
	0.6817653073199526
	0.6817666315193395
	0.6817684278257738
	0.6817691296568248
	0.6817687844823799
	0.6817702243258247
	0.6817701331360276
	0.6817694604734359
	0.6817696765126176
	0.6817712052281861
	0.6817740217955591
	0.6817773918990637
	0.6817780860414367
	0.6817791222863966
	0.6817818241023723
	0.6817827588010292
	0.6817854673467798
	0.6817850118005141
	0.6817877711248287
	0.6817860247118668
	0.6817862572415586
	0.6817866848521975
	0.6817852663671083
	0.6817796684390437
	0.681780689955785
	0.6817777123387694
	0.681777792868256
	0.6817783765011332
	0.68177473098068
	0.6817781398756608
	0.6817770694092306
	0.6817771433924574
	0.6817768209380044
	0.6817815351027555
	0.6817830161537944
	0.6817816638883961
	0.6817770169047191
	0.6817747474024568
	0.6817775727780878
	0.6817800484212028
	0.6817867500352821
	0.6817833129529693
	0.6817841345831673
	0.6817844149058563
	0.6817863221590531
	0.6817900163344133
	0.6817936820400776
	0.6817929610489543
	0.6817910946559418
	0.6817935136647353
	0.6817936910883907
	0.6817877776537531
	0.6817886016098893
	0.681787927209778
	0.6817837214984664
	0.6817856068311765
	0.6817849447050324
	0.6817840166127019
	0.6817814062568737
	0.6817802281510208
	0.6817838809708369
	0.6817797478991078
	0.6817824930541526
	0.6817809835282873
	0.6817775277914248
	0.6817778623604484
	0.6817780481893821
	0.6817765919097059
	0.6817721020388197
	0.6817714781482569
	0.6817735374450297
	0.6817725012276062
	0.6817720834310401
	0.6817760220788769
	0.6817778028378241
	0.6817796674473569
	0.6817758023285729
	0.6817724230153883
	0.681773413447372
	0.6817685181032792
	0.6817703267839664
	0.6817726602908954
	0.6817741049228868
	0.6817746032241331
	0.6817765910850156
	0.6817760926286396
	0.6817745968251275
	0.6817781630087494
	0.6817710595280873
	0.6817764731522077
	0.6817765494648145
	0.6817802005124118
	0.6817805226807292
	0.6817793477784079
	0.6817784128347331
	0.6817797122732566
	0.6817812988905757
	0.6817817529714489
	0.6817809471006571
	0.6817806008810035
	0.6817801459439762
	0.6817857973058778
	0.6817854843502646
	0.6817860376144668
	0.6817861659867193
	0.6817817407410136
	0.6817821370656799
	0.6817810515585234
	0.6817779440005826
	0.6817799266010606
	0.6817790797838488
	0.6817783907692871
	0.6817777749973303
	0.6817782250699653
	0.6817765339737238
	0.6817770951426542
	0.681781240927681
	0.6817858032812543
	0.681786557524973
	0.6817900169838819
	0.6817887173999588
	0.6817852704914622
	0.681786668029098
	0.6817886663937879
	0.6817886777767855
	0.6817894489201278
	0.6817869437762261
	0.6817877633253443
	0.6817853301525679
	0.6817818036507418
	0.6817807416063929
	0.6817855033128278
	0.6817857053540564
	0.6817855372712057
	0.6817884947898214
	0.6817913938077056
	0.6817862880064788
	0.6817837133616285
	0.6817831239158303
	0.6817785756450806
	0.6817803778674023
	0.6817850538849745
	0.6817830463154859
	0.6817863499073203
	0.6817864402340394
	0.681788529595659
	0.681792935191972
	0.6817920771004252
	0.6817939324557378
	0.6817958536327493
	0.6817944631533734
	0.6817925506526495
	0.6817906727351367
	0.6817892017656647
	0.6817876681464912
	0.6817864128467194
	0.6817857821853879
	0.6817832385715632
	0.6817819256571989
	0.6817829645318485
	0.6817833605818092
	0.681781250655298
	0.6817821669293455
	0.68177882357033
	0.6817771734142828
	0.6817781186629356
	0.6817783207638094
	0.6817787389340084
	0.6817783017397495
	0.6817793462454569
	0.6817821805231707
	0.6817845327399121
	0.6817873038806649
	0.6817894502545172
	0.6817892695335068
	0.6817864709837108
	0.6817851493467827
	0.681784786801272
	0.6817845380500204
	0.6817822913925929
	0.6817785447449594
	0.6817810351360061
	0.68178115669793
	0.6817777083670801
	0.6817766023062978
	0.6817799639760608
	0.6817812921192452
	0.6817785158074501
	0.6817801657642257
	0.6817809170793497
	0.6817809559789378
	0.6817844559622684
	0.6817787117803786
	0.681778726662383
	0.6817795085839998
	0.6817835793354834
	0.6817876804957225
	0.6817879780891802
	0.6817862734758281
	0.6817891731779128
	0.6817906343344301
	0.6817888823057929
	0.6817935480489766
	0.681796152938
	0.6817906784349977
	0.6817935451504312
	0.6817955759787679
	0.6817984365213742
	0.6817924929121093
	0.68179018577174
	0.6817878452820894
	0.6817864831173999
	0.6817892951496595
	0.6817881144723186
	0.6817886657031056
	0.681781663782378
	0.681783500279497
	0.6817815317833101
	0.681779985794399
	0.6817830326090726
	0.6817786021104125
	0.681775722480113
	0.6817714469009303
	0.6817704480022657
	0.6817741215417897
	0.6817680668874944
	0.6817656905257804
	0.681767640010954
	0.6817690982823784
	0.6817748492243223
	0.6817732073955852
	0.6817727139442104
	0.681770679795125
	0.6817728078659903
	0.6817706320425855
	0.681772591224959
	0.6817755153412969
	0.6817728202512846
	0.6817738253016495
	0.6817708224663824
	0.6817740254408761
	0.6817741448262657
	0.6817744323821361
	0.6817725737907916
	0.6817716769414781
	0.6817712848827272
	0.6817726296543126
	0.6817716622215512
	0.6817776824973794
	0.6817749279811576
	0.681774342500516
	0.6817729057893728
	0.6817709145887813
	0.6817685773386488
	0.681772348202502
	0.6817723493608744
	0.6817742087305713
	0.6817670187080581
	0.6817674633513963
	0.681770222254039
	0.6817702188004533
	0.6817714112444241
	0.6817719323267041
	0.6817745204769802
	0.6817721083599609
	0.6817713729071171
	0.6817692493325559
	0.6817698749803621
	0.6817710125420819
	0.6817776662905122
	0.6817780179269145
	0.6817744849694745
	0.6817767379121471
	0.6817777056745866
	0.6817810608163942
	0.6817765580309054
	0.6817793580564916
	0.6817818649980332
	0.6817831657352053
	0.6817853106377284
	0.6817817868769683
	0.6817817676100659
	0.6817848457196505
	0.6817841880534166
	0.6817825091765998
	0.6817772492647772
	0.6817770848128836
	0.6817817972949094
	0.6817828814356715
	0.6817809397517299
	0.6817848242130492
	0.6817872192809514
	0.6817852834366255
	0.6817859836098311
	0.6817870253368313
	0.6817872397069995
	0.6817874648678645
	0.6817871265847941
	0.6817861813411784
	0.6817892389735023
	0.6817870845723444
	0.6817849832767658
	0.6817836523897427
	0.6817802409073311
	0.6817847762889022
	0.6817822575201201
	0.681786637142286
	0.681788171144735
	0.6817861594277165
	0.681789164715632
	0.6817873159662423
	0.6817860737076027
	0.681790351558408
	0.6817914132129878
	0.6817906963820584
	0.6817917952402066
	0.6817849464850941
	0.6817840035066102
	0.681787284364883
	0.6817910289136204
	0.6817883345500299
	0.6817904660492232
	0.6817915432027776
	0.6817914355670481
	0.6817898909218197
	0.6817897340634022
	0.681789839250132
	0.6817920424981775
	0.681794702101216
	0.681798078244602
	0.681795732442506
	0.6817974709411571
	0.6817917605360079
	0.6817915854035718
	0.6817924875450726
	0.6817923448653737
	0.6817903608173407
	0.681792518917818
	0.6817931423436804
	0.6817876140992903
	0.6817901847000754
	0.6817901615048766
	0.6817882761949565
	0.6817912814318113
	0.6817897404000881
	0.6817880071360414
	0.681786911990412
	0.6817894694122754
	0.6817864104237447
	0.6817856279133456
	0.6817880539614913
	0.6817885250386919
	0.6817897545682053
	0.6817926135855272
	0.6817883973894049
	0.6817885828928261
	0.6817854545593379
	0.6817795805941222
	0.6817765737747059
	0.6817798109260049
	0.681780418585824
	0.6817814600783292
	0.681782111231501
	0.681780339624378
	0.6817793293668435
	0.6817770807091792
	0.6817747067559344
	0.681775829814883
	0.6817762723207935
	0.6817754757633003
	0.6817784222265114
	0.6817820197057064
	0.6817794918398045
	0.6817786736909625
	0.6817836413580355
	0.6817814679267866
	0.6817805218998717
	0.6817804233580272
	0.6817793924702261
	0.6817818804700239
	0.6817797372120462
	0.6817781588149143
	0.6817818030992576
	0.6817833337021494
	0.681778290360431
	0.6817802878371919
	0.6817794083753205
	0.6817767711983377
	0.6817719535636543
	0.6817732136198381
	0.6817686159163411
	0.681768780398363
	0.6817693741944731
	0.6817727264284151
	0.6817732054231834
	0.6817757654312289
	0.681777239761064
	0.6817792367462915
	0.6817794042225818
	0.6817807763544023
	0.681779265300328
	0.6817792408263954
	0.6817737372330879
	0.681770342552122
	0.6817746505706102
	0.6817777451223466
	0.6817770629523228
	0.6817795378229715
	0.6817787289911911
	0.6817841214740593
	0.6817833592950866
	0.6817834133623529
	0.6817798527896879
	0.6817822172114781
	0.68177723665603
	0.6817756553185181
	0.681776319465439
	0.681772695423741
	0.6817757258815856
	0.681774174022387
	0.6817738132313382
	0.6817706936344673
	0.6817680951291015
	0.6817671841058756
	0.6817676808796954
	0.6817706009738398
	0.6817651737809554
	0.6817684246200097
	0.6817679163559611
	0.6817691634393277
	0.6817708056345015
	0.6817741157584093
	0.6817742882751865
	0.681775994108444
	0.6817800687940978
	0.6817768667797676
	0.681777546537303
	0.681777325506599
	0.6817784891488458
	0.6817823458128215
	0.6817819552657431
	0.68177916605767
	0.6817793773293535
	0.6817792571235087
	0.6817847713574979
	0.6817835902647138
	0.681785793800011
	0.6817847880382875
	0.6817838114177639
	0.6817815699685497
	0.6817806306803732
	0.6817837775376142
	0.6817817551509727
	0.6817793338076579
	0.6817829994152437
	0.6817831834280865
	0.6817837115441648
	0.6817816212869744
	0.6817844720800318
	0.6817843013202269
	0.6817857018231229
	0.6817829633665168
	0.6817831839237558
	0.6817872296876842
	0.6817931962161927
	0.6817980312901618
	0.681792646614961
	0.6817965889639283
	0.6817959305354875
	0.6817921877905923
	0.6817962407157145
	0.6817960758901892
	0.6817988480411296
	0.6818025598309713
	0.6818019172611632
	0.6818036896102703
	0.6817998669365433
	0.6818000893363787
	0.6818028343777728
	0.6818031498506228
	0.6818029629800613
	0.6817981449176843
	0.6817943251395513
	0.6817937531244115
	0.6817917535238917
	0.6817921303215165
	0.681792207519534
	0.6817946194282603
	0.6817965607626176
	0.6817933864121531
	0.6817964896911436
	0.6817950339209315
	0.6818019135328778
	0.6818026700555492
	0.6818025200586079
	0.6818030104633007
	0.6818047999884372
	0.6818013704359813
	0.6817998266188613
	0.681801149251962
	0.6818048008275687
	0.6818019269683914
	0.681799025715824
	0.6818051211405438
	0.681802292902178
	0.681801674464819
	0.6817958105830089
	0.6817978846663
	0.681795703429426
	0.6817972330833614
	0.6817912870581305
	0.6817929683441643
	0.6817910563782787
	0.6817917083677957
	0.6817898103497055
	0.6817867434870215
	0.6817844333158166
	0.6817821306629687
	0.6817810494881703
	0.6817770190949354
	0.6817794410368352
	0.6817776195709405
	0.6817794670165236
	0.6817802093397134
	0.6817836839524103
	0.6817908028821414
	0.6817909823765665
	0.681792137512085
	0.6817924108892996
	0.6817952865431038
	0.681797889233913
	0.6817979390179173
	0.681798276260394
	0.6818008780978243
	0.681797923830472
	0.6817972374937925
	0.6818000565223779
	0.681799810176662
	0.6818017694277064
	0.6818020903982759
	0.6818026818254652
	0.6818067343815353
	0.681808501318121
	0.6818133810829581
	0.6818143663816448
	0.681814627949757
	0.6818110302484165
	0.681807962085369
	0.6818054351813946
	0.6818049404866791
	0.681805533046977
	0.6818023036529253
	0.6818034507262039
	0.6818057047816614
	0.681804698159483
	0.6818043715329651
	0.6818031136981423
	0.6818038031186342
	0.6818037931042471
	0.6818002164598979
	0.6818047311710097
	0.6818076206191029
	0.6818060305469656
	0.6818063724998775
	0.6818086253106105
	0.6818034593891068
	0.6818027939837129
	0.6818053900828027
	0.6818032918054788
	0.6818063517550003
	0.6818009441669031
	0.6818004645389013
	0.681796798026098
	0.6817936037466886
	0.681795140507589
	0.6817953999494871
	0.6817918057704114
	0.6817818805290425
	0.6817784433968445
	0.6817777113152856
	0.6817797812495985
	0.6817782996949258
	0.6817762319682862
	0.681778085102949
	0.681777298386917
	0.6817835313219912
	0.6817841604056486
	0.6817871161866481
	0.6817891835958086
	0.6817871648257724
	0.6817917194210388
	0.6817892385567415
	0.6817870227910607
	0.6817862344032498
	0.6817883785779035
	0.6817880545784732
	0.6817855939988045
	0.6817862317633161
	0.6817867685763506
	0.6817879768274282
	0.6817884453298763
	0.6817912632431239
	0.681795171455173
	0.6817973205763893
	0.6817962017380461
	0.6817942793417044
	0.681800073617046
	0.6818024933843069
	0.6818025450178037
	0.6818021878790618
	0.6818033616001513
	0.6818041507432717
	0.6818026707767264
	0.6818002718729209
	0.6818033716590645
	0.6818058554084891
	0.681810136998626
	0.6818100823054215
	0.6818076010615411
	0.6818061788321164
	0.6818054907012457
	0.6818061989444634
	0.6818054555460895
	0.6818013132418442
	0.6818041768364255
	0.6818011639868584
	0.6818026848921853
	0.6818024955505654
	0.6818021416183703
	0.6817978437974418
	0.6817936999881173
	0.6817881500099037
	0.681784403272704
	0.6817860014955959
	0.6817836785168018
	0.681786053260526
	0.6817871848264362
	0.6817865346418783
	0.6817888045499761
	0.68179096446834
	0.6817891806788713
	0.681789726207192
	0.6817880314365656
	0.6817872805771822
	0.6817939723739536
	0.681791317485663
	0.681793500025321
	0.6817943854093799
	0.6817922807931814
	0.681800951804619
	0.6817976358704473
	0.6817974806828629
	0.681794909962848
	0.6817968408556463
	0.6817977689908645
	0.681799312658428
	0.6817993015385176
	0.6818001113791416
	0.681800088371401
	0.6817983083140717
	0.6817938563420495
	0.6817908982101979
	0.6817928392905197
	0.6817942346284337
	0.6817944348370952
	0.6817939730247841
	0.6817965255522054
	0.6818022080016164
	0.6817976601169382
	0.6817977924414512
	0.6817963274131419
	0.681800588531566
	0.6817989771048841
	0.6818054454387845
	0.6818028151414132
	0.6817990212139325
	0.6817965502980983
	0.6817949622795285
	0.6817912365731625
	0.6817927929207122
	0.6817961182652456
	0.6817944625965445
	0.6817947001453369
	0.6817965288929067
	0.6817948803732304
	0.6817944946641714
	0.6817943695270178
	0.6817971445658715
	0.6817994379627966
	0.681798107190285
	0.681798981147211
	0.6817991639570176
	0.6818011910143027
	0.6817999546710641
	0.681798821626494
	0.681803045111995
	0.6818063577370358
	0.6818101611773619
	0.681808684541081
	0.6818124808606547
	0.6818105141100574
	0.6818097793003189
	0.6818117306100145
	0.6818081978676478
	0.6818062746698915
	0.6818103131699553
	0.6818104838286241
	0.6818091053122028
	0.681810299007447
	0.6818107605549611
	0.6818069819035391
	0.6818114723610254
	0.6818081719327574
	0.6818102150522947
	0.6818096754492181
	0.6818139683253434
	0.68181122839971
	0.6818092841658704
	0.6818116546905002
	0.681804934014455
	0.6818050113228353
	0.6818064830961085
	0.6818061959673029
	0.681804770779063
	0.6818048754114403
	0.6818036228759969
	0.6818039230800016
	0.6818025127540991
	0.681804397605995
	0.6818015031426331
	0.681799909503754
	0.6818032502147472
	0.6818035304434137
	0.6818017926721077
	0.6818029953333411
	0.6818063567582419
	0.6818048036780929
	0.681802791423951
	0.6818010714836354
	0.6818025639811137
	0.6818022808658619
	0.6818024883521164
	0.6818077548279208
	0.6818071044474464
	0.6818066859265262
	0.6818051320495209
	0.6818062009774173
	0.6818110331314507
	0.6818064318397178
	0.6818050327976528
	0.6818048067282163
	0.6818007230131539
	0.6818011012699188
	0.6818017920700671
	0.6818035085850442
	0.6818016951964846
	0.6818034644558516
	0.6817987976154649
	0.6817989277555747
	0.681799439428214
	0.681800095469237
	0.6818002526207247
	0.6817954573518474
	0.6817984907412498
	0.6817944936143975
	0.6818025418774084
	0.681803761356521
	0.6818072438161483
	0.6818099181098674
	0.6818095887953073
	0.6818037842810374
	0.6818058542655634
	0.6818051670238412
	0.6818046915972649
	0.6818088939262603
	0.6818101999964964
	0.681812600473221
	0.6818135123626637
	0.6818114740068173
	0.6818120435201853
	0.6818103497112514
	0.6818128417285652
	0.6818118524868007
	0.6818115651158656
	0.6818135235619409
	0.6818136743273054
	0.6818174621263458
	0.6818190172890543
	0.6818208143506426
	0.681815764530713
	0.681818719552454
	0.6818218033228668
	0.6818266427551809
	0.6818300281615928
	0.681832804194599
	0.6818311360250602
	0.6818241127623643
	0.681825544146545
	0.6818248734783369
	0.6818242631572486
	0.6818266851750404
	0.6818250371140283
	0.681825449063317
	0.6818240723165907
	0.6818286379298765
	0.6818309379259208
	0.6818243642986624
	0.6818224977496904
	0.6818204853513973
	0.6818166950318092
	0.6818141204672206
	0.6818146656011009
	0.6818131682416061
	0.6818094642813367
	0.6818094951651947
	0.6818093010925036
	0.6818065231243947
	0.6818076262216085
	0.6818093932215539
	0.6818083439464362
	0.6818098629140527
	0.6818119875888435
	0.6818115665525588
	0.6818117427136698
	0.6818145175098936
	0.6818169504207501
	0.6818177134015371
	0.6818223702349193
	0.6818253543575623
	0.6818225714971822
	0.681826835334876
	0.6818286836317203
	0.6818324800151081
	0.6818304574104873
	0.6818284448810689
	0.6818248146588628
	0.6818229101185785
	0.6818215139126214
	0.6818264024526539
	0.6818261212066549
	0.6818256925047289
	0.6818215181817638
	0.6818207942401958
	0.6818228996959325
	0.6818199963140753
	0.681819970130141
	0.6818198793428059
	0.6818188328142841
	0.681823423559951
	0.6818236556939392
	0.6818211521282418
	0.6818194201156619
	0.6818200181631408
	0.6818213305527061
	0.6818180333440175
	0.6818199465364291
	0.6818213408817125
	0.6818174317719404
	0.6818132001034726
	0.6818075929769986
	0.68180219908162
	0.6818038946997734
	0.6818033748134571
	0.681799176275428
	0.6817958800474654
	0.6817946063677478
	0.6817920702384331
	0.6817902373993582
	0.681795351776475
	0.6817923389507363
	0.6817930230117104
	0.6817949626743788
	0.6817971557969906
	0.6817959039289251
	0.6817983319298132
	0.6817940438391892
	0.6817938516118521
	0.6817915359792124
	0.6817925349103677
	0.6817942880010857
	0.6817968901324032
	0.6818002218808012
	0.68179784069658
	0.681795628125364
	0.6817929613238759
	0.6817937369613617
	0.6817977019682009
	0.6817960007603996
	0.6817938835716579
	0.6817935267132034
	0.6817976847514595
	0.6817973364812568
	0.681798228298875
	0.681793559317018
	0.6817929589867238
	0.6817947178362724
	0.6817949913802361
	0.6817968616974003
	0.6817970656051184
	0.6818011469475164
	0.6818019931030366
	0.6818037504088598
	0.6817994612426344
	0.6818021583665784
	0.6818049449037933
	0.6818057285340877
	0.6818040397342082
	0.6818053000658616
	0.6818051039352514
	0.6818065456760797
	0.6818067496326546
	0.6818040306697088
	0.6818074950223225
	0.6818034000118262
	0.6818038601550422
	0.681806363044148
	0.6818089636896809
	0.6818072828243813
	0.6818064094828422
	0.6818055020780184
	0.6818097784978601
	0.6818050241302621
	0.6818030092210932
	0.68180554477934
	0.6818075740644199
	0.6818038264278768
	0.6818036732328763
	0.6817992030605158
	0.6818036523030737
	0.6818012186975752
	0.6817992270138888
	0.6817975530006534
	0.6817982552376313
	0.6818045997152047
	0.6818067908074219
	0.6818142280223097
	0.681817481121944
	0.6818195228231745
	0.6818212924620424
	0.6818225266877935
	0.6818219816740478
	0.6818239528344138
	0.6818229957338703
	0.6818243586969654
	0.6818255609990532
	0.6818313380424856
	0.6818261666705918
	0.6818236429161595
	0.6818244250074775
	0.6818223387651505
	0.6818239807760886
	0.6818194321751608
	0.6818223410140377
	0.6818244776653747
	0.6818234348184957
	0.6818271132256275
	0.6818258791014644
	0.6818210734008462
	0.6818235160516732
	0.6818236377599394
	0.6818217372757761
	0.6818221219003096
	0.6818215020361089
	0.6818216912452554
	0.681821124657845
	0.6818179231250103
	0.6818206250882375
	0.6818170682912201
	0.6818133806594672
	0.6818112422555899
	0.6818086289153393
	0.6818076641264651
	0.6818103245074582
	0.6818124446364093
	0.6818134946385845
	0.6818137491424527
	0.6818131132091176
	0.6818157156092903
	0.6818102440121606
	0.6818114371097761
	0.6818106211307122
	0.6818106395743023
	0.6818071647745441
	0.681807921935395
	0.6818091785215287
	0.6818084432707222
	0.6818009156866854
	0.6818014736206857
	0.6818042569738616
	0.6818028923753586
	0.6818024255842173
	0.6818028475523558
	0.6817984176817553
	0.6817996641586663
	0.68179817048624
	0.6817977715833228
	0.6817954798129124
	0.6817997722320601
	0.6817975840535366
	0.6817960323346492
	0.6817975492917189
	0.6817992612597032
	0.6818012007491723
	0.6818014193161541
	0.6818043495688922
	0.6818043955074282
	0.6818040935068577
	0.6818011474355862
	0.6818075757540827
	0.6818061657571365
	0.6818085354740773
	0.6818076374564576
	0.6818112231806078
	0.6818089614681166
	0.6818092098403015
	0.6818050283135482
	0.6818050717625999
	0.6818014485600448
	0.681800812446748
	0.6818036111806484
	0.6817986460123933
	0.6817979542194981
	0.6817984830859563
	0.6817979372601447
	0.6818014026627655
	0.6817996831113148
	0.6817988608195786
	0.6817973837164528
	0.6817902283579029
	0.681791559604076
	0.6817879524745717
	0.6817872545422913
	0.6817919154691222
	0.6817975130888319
	0.6817971384116079
	0.6817990192448431
	0.6817940802038338
	0.6817945081374979
	0.681789144408593
	0.6817935732311224
	0.681792728810024
	0.6817915815266805
	0.6817960112812027
	0.6817949724346466
	0.6817968944220788
	0.6817963116257095
	0.6817980106192477
	0.6817985287809938
	0.6817967625084773
	0.681795277954414
	0.6817914022016797
	0.681791247752997
	0.6817913994822519
	0.6817986648843853
	0.681796362647443
	0.6818014359178595
	0.6818019632017082
	0.6818054752144169
	0.6818035164039119
	0.6818057315876748
	0.6817999235604824
	0.6818040574823884
	0.6818033510043976
	0.6818025517892377
	0.681800655179328
	0.6818028419607903
	0.6818049775378306
	0.6818032057787393
	0.6818016899470274
	0.6818002257038516
	0.6818073654817267
	0.6818022985614712
	0.6818028581619149
	0.6818010845532853
	0.6818018742634925
	0.6818007754834846
	0.6818010123109685
	0.6818010600833218
	0.681800470313958
	0.6818037564629464
	0.6818042493820078
	0.6818063822483634
	0.6818040508083488
	0.6818010213747931
]