[
	0.6137614488622093
	0.6137614488622091
	0.613761448862198
	0.6137614488511757
	0.6137614469379626
	0.6137617325367539
	0.6137866981462707
	0.6139319583015467
	0.6141288100602317
	0.6143290761651917
	0.6145167076895734
	0.614696105939666
	0.6148872762286833
	0.6150723905347687
	0.6152195955249
	0.6153733074214701
	0.615522520254881
	0.615676389157558
	0.6158148930939747
	0.6159565207344373
	0.6160898328798702
	0.6162354404163695
	0.616375060815604
	0.616518670336622
	0.6166626137558416
	0.6167834099969662
	0.6168906170323574
	0.6170180114503862
	0.6171199107761248
	0.6172349537842752
	0.6173229684560072
	0.6174359618507407
	0.6175421070836142
	0.6176600268285727
	0.617752522227503
	0.617852198277219
	0.6179205227952616
	0.6180086770180836
	0.618106952805422
	0.6181874508303757
	0.6182574103232342
	0.6183082763715888
	0.6183881114283665
	0.6184590534058149
	0.6185454454113096
	0.6186207482262356
	0.6186884678810618
	0.6187674179183376
	0.6188534137238993
	0.6189251218969909
	0.6189890526821724
	0.6190593584002092
	0.6191092791514764
	0.6191841367824766
	0.6192667601883743
	0.619319928618083
	0.6193602474597171
	0.619438309180959
	0.6194993242422089
	0.6195448616816276
	0.6195939374715369
	0.6196283648474039
	0.619659955423991
	0.6197250017614447
	0.6197724724997569
	0.6198019571912148
	0.6198235793033331
	0.6198608972509398
	0.6198964030336543
	0.619933701213163
	0.6199539258489927
	0.6200030561463221
	0.6200367748427722
	0.6200787742120546
	0.6201122375245733
	0.6201452253760457
	0.6201659564682791
	0.6201803669239275
	0.6202011899574876
	0.6202380348713165
	0.6202567419589642
	0.6202768669353397
	0.6202767448740502
	0.6203034690058183
	0.620321242173527
	0.6203502145429325
	0.6203597796529184
	0.6203741960798348
	0.6203835462379511
	0.6203874319960108
	0.6204123293199265
	0.6204386194977595
	0.6204627672965782
	0.6204850104062194
	0.620510860148227
	0.6205086171879839
	0.6205109765892831
	0.6205094583719089
	0.6205077024838636
	0.6205273054053524
	0.6205493599970533
	0.6205492145338231
	0.6205562458673459
	0.6205675646219996
	0.6205504303284309
	0.620563794164023
	0.6205673706713111
	0.6205642386159488
	0.6205646770700517
	0.6205685227786893
	0.6205578019313072
	0.6205504491894221
	0.620547489859104
	0.620558841011895
	0.6205643766615064
	0.6205675775591676
	0.6205703244311859
	0.6205761915303776
	0.6205792179775932
	0.6205713030219537
	0.6205721007009696
	0.6205676531317469
	0.6205693353893692
	0.6205604764280019
	0.620554388537172
	0.6205555849222669
	0.6205719879750875
	0.6205639670720882
	0.6205499864431935
	0.620555782951769
	0.6205567762128741
	0.6205524103663828
	0.6205604601282236
	0.6205589024454365
	0.6205482536359785
	0.6205389212748277
	0.6205327089585707
	0.6205247913304143
	0.6205180538401078
	0.6205173395538629
	0.6204992653550855
	0.6204956035797049
	0.6204970202945516
	0.6204932014434245
	0.6204836742042534
	0.6204883283828467
	0.6204927852294236
	0.620483495918221
	0.6204698929940952
	0.6204662021884867
	0.620469222165374
	0.6204653034871149
	0.6204439233615315
	0.6204343140784897
	0.6204310637351426
	0.6204302731745664
	0.6204260410324983
	0.6204155062719958
	0.6204213139588968
	0.6204187420554461
	0.6204205858377576
	0.620421896235504
	0.6204161178870405
	0.6204184394431158
	0.6204061263541506
	0.6204010017324586
	0.6203996390454848
	0.6203836164414974
	0.620392910140254
	0.6203917983628336
	0.6203864924557888
	0.6203720870289448
	0.6203675175637866
	0.6203662925359456
	0.6203593465932575
	0.6203609328502363
	0.6203528405638468
	0.6203429747310093
	0.6203360714705412
	0.6203337064243264
	0.620324949390955
	0.6203192966350589
	0.6203153250334156
	0.6203166944793641
	0.6203160094240522
	0.6203009073076841
	0.6202956454747095
	0.620292197410937
	0.6202979133616504
	0.6202813730901782
	0.6202653733760413
	0.6202738322485791
	0.620266918597389
	0.6202607986219373
	0.6202576253927313
	0.6202466956606058
	0.6202429717404144
	0.6202343907988763
	0.6202315755032252
	0.6202219900581654
	0.6202127904079728
	0.620206555518156
	0.6201990872073859
	0.6201912388165159
	0.6201733720383078
	0.6201606052494724
	0.6201379369312767
	0.6201358350816858
	0.6201213641949082
	0.6201223221560654
	0.6201119194217951
	0.6201012105862495
	0.6200933424095677
	0.620073666821495
	0.6200789567173935
	0.6200737990101641
	0.6200619637321748
	0.6200621666824997
	0.6200499221498128
	0.6200497010410047
	0.6200442462721037
	0.6200369222450195
	0.6200124147840737
	0.6199981858004588
	0.6199833451454556
	0.6199776741492602
	0.6199687794560643
	0.6199558109558057
	0.6199399620584299
	0.6199351617630947
	0.619922140649714
	0.6199148812852399
	0.6199116066574001
	0.6199046272723235
	0.619891958774444
	0.6198887746766493
	0.6198839570572073
	0.6198746392075541
	0.6198627363333445
	0.6198394065956532
	0.6198262072061382
	0.6198197962422658
	0.619813477384351
	0.6198024247166373
	0.6197877719089178
	0.6197770547957218
	0.6197673048683663
	0.6197667523795404
	0.619761525797323
	0.6197556435759226
	0.6197413814361763
	0.6197360601102523
	0.6197463134301686
	0.6197274294961478
	0.6197225694461311
	0.6197046854529151
	0.6196939127397568
	0.6196955228969132
	0.6196811497349286
	0.6196692420452775
	0.619650646541369
	0.6196526609261762
	0.6196512809222066
	0.6196572325606173
	0.6196503065891714
	0.6196397461291269
	0.6196194530532008
	0.6196103406982489
	0.6196027821982875
	0.6195967180099631
	0.6195888599898721
	0.6195788077125596
	0.6195717515301611
	0.6195669684134819
	0.6195497653908562
	0.6195350235846989
	0.6195323773989463
	0.6195309715677246
	0.6195233445274947
	0.6195135029746139
	0.6195055221277096
	0.6194974757525612
	0.6194906636654118
	0.6194743766420704
	0.6194688269379154
	0.6194662751936674
	0.6194538434466733
	0.6194425421415842
	0.6194478421553993
	0.6194387249986273
	0.6194385358146987
	0.6194301227662733
	0.6194227834020775
	0.6194075597891212
	0.6193970063321169
	0.6193968185503135
	0.619392704221393
	0.6193926746571335
	0.6193872525393006
	0.6193710880210133
	0.6193637511191605
	0.6193577044819071
	0.6193547226035357
	0.6193533497008984
	0.619339309188376
	0.6193335360867975
	0.6193161756056594
	0.6193065650132564
	0.6192978613179486
	0.6192961364915753
	0.6192851018234408
	0.6192867646201654
	0.6192803570728094
	0.6192725832601789
	0.6192654394135042
	0.6192604013485576
	0.6192616222356867
	0.6192480481544211
	0.6192523149196446
	0.6192381005595796
	0.6192301360632112
	0.6192310513776762
	0.6192236068498178
	0.6192104784501261
	0.6192156259609928
	0.61919954590374
	0.6191888486978517
	0.6191834577028515
	0.6191789378741565
	0.6191725208856311
	0.6191639388943625
	0.6191488972564962
	0.6191504481284147
	0.6191455024556028
	0.6191437913231987
	0.6191316681746706
	0.6191302844870042
	0.6191235581849843
	0.6191214277371485
	0.619115140409133
	0.6191098767150285
	0.6190964828920892
	0.6190854724547813
	0.6190729002790352
	0.6190609895436796
	0.6190538823480847
	0.6190357418218737
	0.6190296540805621
	0.6190288057980649
	0.6190193984426533
	0.6190237793639696
	0.6190251311516077
	0.6190194479382402
	0.6190088855624151
	0.61900408020845
	0.6189899768719802
	0.6189854666782737
	0.6189817099438502
	0.6189728050327852
	0.6189658081453605
	0.6189575430182139
	0.6189514042690358
	0.6189397912072127
	0.618944647883055
	0.6189403286360783
	0.6189238159168491
	0.6189234208760255
	0.6189215768150715
	0.6189028716776163
	0.6188932320392461
	0.6188792086758306
	0.618872595797216
	0.6188569230041425
	0.6188689501738449
	0.6188591378447913
	0.6188522254206597
	0.6188439592623853
	0.6188346214698498
	0.6188265415916376
	0.6188243229037131
	0.6188118640357995
	0.6188099550472698
	0.6188072592321385
	0.6188059829670313
	0.6187946901679997
	0.6187898261216166
	0.6187807508411073
	0.6187648648084791
	0.6187472225610964
	0.6187352419834748
	0.6187280773880742
	0.6187310934525048
	0.6187319956031488
	0.6187301618259787
	0.6187301473001604
	0.6187284965638943
	0.6187251233503126
	0.6187226533870628
	0.6187308179585737
	0.6187227933406879
	0.618718849040615
	0.6187096760763641
	0.6187010473587087
	0.6186956042705168
	0.6186937618724632
	0.618693401573664
	0.6186876200852723
	0.6186837133130817
	0.6186719764609572
	0.6186646798804811
	0.6186677756656268
	0.6186594373570106
	0.6186589420639528
	0.6186481992138274
	0.6186486623523573
	0.6186401676948692
	0.6186299466732526
	0.6186203972392819
	0.618616272278092
	0.6186077238915885
	0.6186072805655787
	0.6185954856705219
	0.6185925276491676
	0.6185932446999663
	0.6185887778038651
	0.6185869428004741
	0.6185832317968475
	0.6185834622954042
	0.6185885498342364
	0.6185799006578716
	0.6185782968045993
	0.6185724381348543
	0.6185686197363961
	0.6185671235312297
	0.6185654791797486
	0.6185647813237214
	0.6185588804766652
	0.6185490856897097
	0.6185463254328272
	0.6185375905581578
	0.6185253800682806
	0.6185231617045903
	0.6185305073687626
	0.6185282938099933
	0.6185200365489433
	0.6185226510134796
	0.6185145223933096
	0.6185049985366929
	0.6185002202607521
	0.618492738041207
	0.6184863169569652
	0.6184832716046776
	0.6184884072239346
	0.6184776985510407
	0.6184751638442176
	0.6184731056861584
	0.6184807527604932
	0.6184682645921333
	0.6184593357835909
	0.61845625346402
	0.6184598416011946
	0.6184624340190125
	0.618455516465883
	0.6184412685243725
	0.6184387599689763
	0.6184291840788223
	0.6184275843475655
	0.6184285831718273
	0.6184209136365815
	0.6184204894550784
	0.618414457506068
	0.6184102501779779
	0.6184084537361452
	0.6184009681004127
	0.6183915261628555
	0.61838832694074
	0.6183818982172267
	0.6183806870929022
	0.6183794099104375
	0.618380030047305
	0.6183783007228498
	0.6183726341556683
	0.618372803980741
	0.618360315258834
	0.6183576572587871
	0.6183563999763013
	0.618351835926548
	0.6183606234086654
	0.6183533544959858
	0.6183490916992034
	0.6183497344085526
	0.6183478412050964
	0.6183419406602657
	0.6183364560940674
	0.6183377502795486
	0.6183303500502736
	0.6183316111818574
	0.6183260527349904
	0.6183261973114378
	0.6183222888250909
	0.6183230174985694
	0.6183250175874172
	0.6183222731342726
	0.6183199060346115
	0.6183190742621267
	0.6183153519400021
	0.6183089703754934
	0.6183093858109613
	0.6182997702836907
	0.6183001599429213
	0.6182938158636772
	0.618290500509001
	0.6182799394715911
	0.618276559344448
	0.618275290399152
	0.6182761163793594
	0.6182750151104077
	0.618277882348771
	0.6182767292945233
	0.6182733203990018
	0.618270449279899
	0.6182712113422736
	0.618271902728081
	0.61826914930478
	0.6182643932667778
	0.6182613478053752
	0.6182578208799607
	0.6182643921632516
	0.6182653891773099
	0.6182717439869323
	0.6182724916689706
	0.6182707850696739
	0.6182736793511476
	0.6182792444247669
	0.6182843992662875
	0.6182820599018255
	0.6182908453956373
	0.6182844449811722
	0.618286902831018
	0.6182830174781205
	0.6182820646839355
	0.6182819576457109
	0.618279048036724
	0.6182795374279982
	0.6182836463023295
	0.618277668078675
	0.6182845897300194
	0.6182782959860833
	0.6182770263917907
	0.6182783437818115
	0.618274794794496
	0.6182695087119175
	0.618271334906041
	0.6182710857367988
	0.6182708713449127
	0.6182606560564555
	0.6182578855563045
	0.6182539499029786
	0.6182467398866128
	0.6182450406179255
	0.6182452781658087
	0.6182556373667069
	0.618257343385015
	0.6182546857712282
	0.6182439595650012
	0.6182389242565643
	0.6182437881869642
	0.6182504795409207
	0.618260231017081
	0.6182572787027295
	0.6182576304020939
	0.6182614934748266
	0.6182593539115765
	0.6182571954796359
	0.6182560016624824
	0.6182611875333173
	0.6182593515393824
	0.6182563569096071
	0.618257709206751
	0.6182571354503015
	0.6182558775497047
	0.6182497406131449
	0.61824798576793
	0.618237880471269
	0.6182338019404721
	0.6182368618440279
	0.6182355603244104
	0.6182369135974727
	0.6182414754755761
	0.6182461326902466
	0.6182438293771509
	0.6182426592433201
	0.6182427340782232
	0.6182424621679439
	0.6182475678865929
	0.6182481650119013
	0.6182482716755842
	0.6182523268888518
	0.6182633914684844
	0.6182593663923054
	0.6182633320837004
	0.6182561317566763
	0.6182635719874234
	0.6182631483549771
	0.618261572841568
	0.6182545840266482
	0.6182563115668395
	0.6182500063458033
	0.6182489717364185
	0.6182452647268597
	0.6182428259303605
	0.618235696791782
	0.6182291714247304
	0.6182269974766316
	0.6182304109842236
	0.6182305552530106
	0.6182289803167678
	0.6182252975085023
	0.6182170239462598
	0.6182207379259739
	0.6182129991655917
	0.6182116628615283
	0.6182122338650297
	0.6182118852355116
	0.6182145486408753
	0.6182133913135235
	0.61821638603497
	0.6182119406102295
	0.6182113974504441
	0.6182136238838887
	0.6182119085885457
	0.6182121075337371
	0.6182144580762673
	0.6182114869962132
	0.6182134876970276
	0.6182146618381938
	0.6182176587607359
	0.6182237997841205
	0.6182264481543592
	0.6182219583989629
	0.6182185740158076
	0.6182210809481378
	0.6182224555928899
	0.6182271635656951
	0.618225997025
	0.6182247591241706
	0.618223783320785
	0.6182229987467622
	0.6182234825667862
	0.6182301905753124
	0.6182244590751256
	0.6182284853728726
	0.618233607623336
	0.6182321125556843
	0.6182354518200437
	0.6182299804279728
	0.6182259025418708
	0.6182309550268321
	0.6182270943809192
	0.6182280682800471
	0.6182292307506434
	0.6182285961813679
	0.6182365000524653
	0.6182465684524541
	0.6182529507394208
	0.6182518057354324
	0.6182527683820647
	0.6182500058347177
	0.6182467105122332
	0.6182517603972119
	0.6182568143570775
	0.6182570608523249
	0.6182586344779207
	0.6182571704210792
	0.618256745611593
	0.6182519062090349
	0.6182546291855774
	0.6182749708393022
	0.61827447055305
	0.6182738724076952
	0.6182810914831954
	0.618277118985251
	0.6182706524828526
	0.61826693350624
	0.6182632125498001
	0.6182596210561822
	0.6182657911035374
	0.6182687269092532
	0.6182673751593488
	0.6182689885449447
	0.6182696105762028
	0.6182668552223161
	0.6182625778484051
	0.6182639432172423
	0.6182598917260913
	0.6182539879494315
	0.6182614998131215
	0.618264348184689
	0.6182672248960955
	0.6182647718476113
	0.6182707439632159
	0.6182655898999992
	0.6182666868336841
	0.6182627623948186
	0.6182543599659461
	0.6182582079491831
	0.6182578990426506
	0.6182576484014359
	0.618257864335901
	0.618259951183983
	0.6182634910557913
	0.6182579937564144
	0.6182633135528244
	0.6182661422801417
	0.6182634152697489
	0.618255247795448
	0.6182610064115972
	0.6182580603105406
	0.6182580622620578
	0.6182529513661663
	0.618247081299775
	0.6182428023885914
	0.6182423358388771
	0.6182425699574557
	0.6182416268580883
	0.6182384807273482
	0.6182422804618624
	0.6182364595517065
	0.6182363857720143
	0.6182292755456199
	0.6182323501465053
	0.6182292982575379
	0.6182291551555226
	0.6182348546872956
	0.6182367348781618
	0.6182358841039971
	0.6182375096008877
	0.6182481196592853
	0.6182523303399974
	0.6182559078041641
	0.6182605478761306
	0.6182583778316776
	0.6182541314204844
	0.6182524380009174
	0.6182476929835777
	0.61824331423481
	0.6182507190505376
	0.6182431229772242
	0.6182467222117064
	0.6182439482884847
	0.6182509768589017
	0.6182459021935746
	0.6182430774317473
	0.6182514898831687
	0.6182578666484947
	0.6182598370442303
	0.6182598960446749
	0.6182544797269349
	0.6182538761871597
	0.6182510141135289
	0.6182516096708048
	0.6182410014017338
	0.618234451610722
	0.6182287786018477
	0.6182285491025641
	0.6182274246284719
	0.6182269031202249
	0.6182271576712879
	0.6182158524757915
	0.6182149262453679
	0.6182251928723205
	0.6182248870350372
	0.61822285964768
	0.6182252267820515
	0.6182232869397701
	0.6182181317915512
	0.6182196821718541
	0.6182234242575262
	0.6182166725448734
	0.6182179625139701
	0.6182176184205225
	0.6182186074725492
	0.6182188053607504
	0.6182169016989126
	0.6182209505826448
	0.618222063161525
	0.6182207134876163
	0.6182164776907143
	0.6182078190712101
	0.6182004648729547
	0.618206401781133
	0.6182127013368384
	0.6182090125580856
	0.6182105407455986
	0.6182050739984083
	0.6182040537838578
	0.6182063316521345
	0.618212422634502
	0.6182051416861664
	0.6182080816017312
	0.6182136198663246
	0.6182139423483651
	0.6182137808971948
	0.6182145150023143
	0.6182144228805516
	0.6182127095520582
	0.6182114254212862
	0.6182158327572157
	0.6182107298599285
	0.6182109263150342
	0.6182127534692827
	0.6182132226570247
	0.6182076851593544
	0.6182086070162612
	0.618213266483551
	0.6182019848201882
	0.6182068591508394
	0.618207274041549
	0.6182081979447508
	0.6182064971024807
	0.6182001518610963
	0.6182009615200225
	0.6182024846445303
	0.6182069785976994
	0.618207372476042
	0.6182142096258791
	0.6182105242290468
	0.6182130223885947
	0.6182178461993181
	0.6182139929713385
	0.6182160877109203
	0.6182084938077914
	0.6182096666385732
	0.6182127728314173
	0.6182143997126923
	0.6182072187800622
	0.6182055211816
	0.6182081915911359
	0.6182117006722625
	0.6182188164113264
	0.6182260590246531
	0.6182260500074652
	0.6182239610744961
	0.6182292242892151
	0.6182349820207661
	0.6182381614490162
	0.6182363871393497
	0.6182373802442497
	0.6182374566783297
	0.6182348511195471
	0.6182318575110517
	0.6182377145593932
	0.6182396110104618
	0.6182429064771715
	0.6182387015498496
	0.6182357500196173
	0.6182405578492833
	0.61823905083177
	0.6182343263570288
	0.6182350099963496
	0.6182306846659185
	0.6182278136222961
	0.6182245535738375
	0.6182209544877575
	0.6182190414627695
	0.61822782123218
	0.6182270104571509
	0.6182217979102091
	0.6182239237420016
	0.6182255611122207
	0.6182307108463807
	0.6182394476969862
	0.6182372399089525
	0.6182515392183682
	0.6182541515254794
	0.6182571997222186
	0.6182534563296079
	0.6182569246816721
	0.6182557277225748
	0.6182621253429043
	0.6182560246663916
	0.6182501020975024
	0.6182476770659863
	0.6182440381509936
	0.6182510758967547
	0.6182531322748803
	0.618250025030644
	0.6182482163708507
	0.618245972475027
	0.618245671773441
	0.6182509578518365
	0.6182560463913248
	0.6182586193852012
	0.6182535857209358
	0.6182528822165626
	0.6182585979603548
	0.6182671727515783
	0.618262623436045
	0.6182584229030995
	0.6182616133808546
	0.6182692070539683
	0.6182691992722522
	0.618269658897747
	0.6182660485036799
	0.6182606138149487
	0.6182558978246592
	0.6182611702136307
	0.6182599816092229
	0.618256955423735
	0.6182517211841978
	0.6182566111298383
	0.6182579336488063
	0.6182639921086007
	0.6182697564702281
	0.6182684435513265
	0.6182640309791005
	0.6182677104505474
	0.6182674483918327
	0.6182727071244892
	0.6182655713213638
	0.6182657634391256
	0.6182604942593151
	0.6182598717622447
	0.6182660944312472
	0.6182734077721674
	0.61827897734542
	0.6182806609112633
	0.6182808341079141
	0.6182804608544151
	0.6182832789653957
	0.6182850688125894
	0.6182837968813079
	0.6182801758772499
	0.618278211840048
	0.6182808890467499
	0.6182770335261417
	0.6182721405028947
	0.6182716834346658
	0.6182776259698858
	0.6182734546543771
	0.618272744990378
	0.6182779006688087
	0.6182743903773993
	0.6182682221162125
	0.618276337661215
	0.6182815410851586
	0.6182781506951074
	0.6182746251712159
	0.618272812885641
	0.6182754213623393
	0.6182718255411568
	0.6182760462962711
	0.6182691465719736
	0.6182758845719264
	0.6182851664301371
	0.6182776234025917
	0.6182872569125207
	0.6182916627410626
	0.6182755619562388
	0.618276572503012
	0.6182767732379424
	0.618276419996806
	0.6182819261920864
	0.6182826283532963
	0.6182798964727741
	0.6182774906947021
	0.6182776018509741
	0.6182760613034513
	0.6182734075692997
	0.6182764231318562
	0.6182759942175521
	0.6182755904801737
	0.6182752224681118
	0.6182787794106812
	0.6182714662124293
	0.6182679445127872
	0.6182728239041061
	0.6182786399562797
	0.6182762622021366
	0.6182828026126763
	0.6182805972665547
	0.6182809867437731
	0.61827967868905
	0.6182695014039635
	0.6182729572713843
	0.6182684449167235
	0.6182690606929466
	0.6182677616553875
	0.6182620396242556
	0.618262418191453
	0.6182671683196116
	0.6182645060021336
	0.6182762498083897
	0.6182780616630976
	0.6182786102189152
	0.618281554867826
	0.618286966893984
	0.6182779497249251
	0.6182880209317745
	0.6182913156634149
	0.6182877073127565
	0.6182872162941647
	0.6182907183870676
	0.618290821209909
	0.6182821376366421
	0.618278732562496
	0.6182808979400191
	0.6182858581717122
	0.6182806670591147
	0.6182795403387561
	0.6182751243422425
	0.6182709029228887
	0.6182759223727334
	0.6182659917196272
	0.6182611592571782
	0.6182579399146093
	0.6182583492291509
	0.6182586077529336
	0.6182500650262354
	0.6182529574874379
	0.6182540923416519
	0.6182551180562476
	0.6182571333689082
	0.6182564221716601
	0.6182677248643236
	0.6182619172324167
	0.6182651691401697
	0.618262322619228
	0.6182615667730964
	0.6182626285561067
	0.6182700564244762
	0.6182704206682156
	0.6182732032974356
	0.6182702993776535
	0.6182787867200101
	0.618273978021808
	0.6182768466635982
	0.6182766979557276
	0.6182802391587333
	0.6182881652626326
	0.6182928047079458
	0.6182978197387119
	0.6182981427774776
	0.6182920906338386
	0.618286060937533
	0.6182849666595935
	0.6182820904571416
	0.6182735301706888
	0.6182753822920221
	0.6182699841212967
	0.6182682575336492
	0.6182662968190242
	0.6182742991024689
	0.6182774567162163
	0.6182813847510622
	0.618269842269667
	0.6182647955738994
	0.6182558321588811
	0.6182475769882767
	0.6182377777360201
	0.6182324148583158
	0.618228135693188
	0.6182287688330796
	0.6182287875928865
	0.618231857559234
	0.6182340553534402
	0.6182308988304713
	0.6182388098565594
	0.6182414377901965
	0.6182484515854835
	0.6182437079950162
	0.6182408898496559
	0.6182456566465053
	0.6182473351894835
	0.6182539628875544
	0.6182508364764929
	0.6182485251331148
	0.6182512167518357
	0.6182481268162671
	0.618258622404482
	0.6182545267445921
	0.6182538824586392
	0.6182597284555229
	0.6182588140529782
	0.6182605429317584
	0.6182632554342496
	0.6182686975870804
	0.6182676078706075
	0.6182687227951885
	0.6182746302734059
	0.6182750528649709
	0.6182727269568941
	0.618266583055515
	0.6182733663903301
	0.6182824475568974
	0.6182820814973653
	0.6182827396299757
	0.618283060708013
	0.6182886034748729
	0.618295341859113
	0.6182962338526863
	0.6182998748026332
	0.6183016714617434
	0.6182979919128161
	0.6182922730526708
	0.618292083570836
	0.618292321440919
	0.6182926033183954
	0.6182926404181167
	0.6182798726650146
	0.6182671471960955
	0.6182618481364772
	0.6182549608599296
	0.6182552373436622
	0.6182575011804339
	0.6182565467955066
	0.6182579501235846
	0.6182571827960468
	0.6182665295331741
	0.6182641223257533
	0.6182654172496339
	0.6182609428425276
	0.61826131836515
	0.6182639411196658
	0.6182683490546207
	0.6182675193505482
	0.6182557793246057
	0.6182568203005966
	0.6182611229868671
	0.618261956939622
	0.6182552619123008
	0.618259296542492
	0.6182586717191645
	0.6182592268523921
	0.6182597368377523
	0.6182579537037752
	0.6182544479930223
	0.6182526080230772
	0.6182603784288389
	0.6182608770140904
	0.6182657714726203
	0.61826698221448
	0.6182703248401583
	0.6182689126664799
	0.618267125895167
	0.61826222510646
	0.6182592043170871
	0.6182629050858609
	0.6182690477346505
	0.6182625651441158
	0.6182611596754248
	0.6182650776954588
	0.6182670609053417
	0.618276327844885
	0.6182793158567251
	0.6182786095148094
	0.6182736807015937
	0.6182759871464195
	0.6182743708359361
	0.6182721951592782
	0.6182659469465304
	0.6182695422831036
	0.6182699512757588
	0.6182722993520122
	0.6182781553190052
	0.6182701157076319
	0.6182704590263424
	0.6182650715581929
	0.6182593509511009
	0.6182666534429547
	0.6182736018951802
	0.6182688635259341
	0.618268079830513
	0.6182702049667982
	0.6182763635785287
	0.6182794552585152
	0.6182760131969531
	0.6182815801028774
	0.6182803200274586
	0.6182720902099358
	0.6182760025454508
	0.6182761731778819
	0.6182705047192176
	0.6182731293828978
	0.6182751663411536
	0.6182691870754249
	0.6182741013322176
	0.618277041819227
	0.6182698224168367
	0.6182667535521769
	0.6182637360274321
	0.6182668110167442
	0.6182678702642539
	0.6182688543722512
	0.6182612503077198
	0.618259276627958
	0.6182538647188752
	0.6182573848800615
	0.6182596967502063
	0.6182581832806767
	0.6182597057397238
	0.6182605159189811
	0.618256749983939
	0.6182617431675201
	0.6182605258213767
	0.6182738418452904
	0.618278846250677
	0.6182771699930858
	0.6182806178750355
	0.6182763798042238
	0.6182736284110409
	0.6182682490495619
	0.6182649491230726
	0.6182692510034254
	0.61827102371509
	0.6182672981968887
	0.6182607091089795
	0.6182620934657732
	0.618259516032385
	0.6182583119227625
	0.6182568178321635
	0.6182646472484695
	0.618264015802503
	0.6182668895486334
	0.6182620245149809
	0.6182537829263229
	0.6182544544823977
	0.6182582874770363
	0.6182588121831666
	0.6182593207304835
	0.6182515058455378
	0.6182527745023036
	0.6182552736596503
	0.6182546649647839
	0.6182517645352299
	0.6182495246889446
	0.6182473454116004
	0.6182479868876345
	0.6182545612249709
	0.6182603924646405
	0.6182535231767244
	0.6182549152880535
	0.6182503795146638
	0.6182514950271576
	0.6182524295806873
	0.6182603360863035
	0.6182578591251424
	0.6182524434414245
	0.6182583708826099
	0.6182592582280073
	0.6182573676176294
	0.6182633982666365
	0.6182687227331001
	0.6182680167315562
	0.6182700269779523
	0.6182652433551764
	0.6182624893361357
	0.6182589424007711
	0.618255687955035
	0.6182490140560556
	0.6182494114775015
	0.618243046390417
	0.6182375798835631
	0.6182475587207132
	0.618250479222879
	0.6182585491610717
	0.6182596167898486
	0.6182652889576463
	0.6182624410080929
	0.6182525718396028
	0.6182537409391491
	0.6182510675948532
	0.6182545905890718
	0.6182539004093757
	0.6182485476333122
	0.6182423532741327
	0.6182499618064513
	0.6182448619684223
	0.61825090143575
	0.6182467681981175
	0.6182497276847942
	0.6182489376261019
	0.6182532993873714
	0.6182589481291629
	0.6182540064738795
	0.6182630601757672
	0.6182691163728242
	0.6182649567280897
	0.6182657617163708
	0.6182627030041126
	0.6182628676487845
	0.6182643680131533
	0.6182561257621826
	0.6182662382748958
	0.61827400267445
	0.6182717838498301
	0.6182657475320522
	0.6182612748569202
	0.6182581119449203
	0.6182560786998076
	0.618264204464723
	0.6182666501015387
	0.6182608521379126
	0.6182581996256679
	0.618258765322321
	0.6182597318198575
	0.6182591202023544
	0.6182622792495901
	0.6182620568973819
	0.6182665330631003
	0.6182679643403491
	0.6182707091691193
	0.6182663835453444
	0.6182702741489678
	0.6182700664217696
	0.6182740493990765
	0.6182768129524427
	0.6182806966199097
	0.6182818077282657
	0.6182748088407619
	0.6182710129861033
	0.6182722845656242
	0.618276399605056
	0.618272673390272
	0.6182750298745705
	0.6182729068948162
	0.6182705799025133
	0.6182725864017522
	0.6182730516694872
	0.6182823368731235
	0.6182829509457465
	0.6182858935303319
	0.6182823725136937
	0.6182772772913613
	0.6182799069672533
	0.6182795781619667
	0.6182816001255308
	0.6182812741725763
	0.6182822431419186
	0.6182797869255412
	0.618290347063343
	0.6182856953126704
	0.6182828404721339
	0.618275904587988
	0.6182784427205489
	0.618275759467186
	0.6182701443925824
	0.6182712981172641
	0.6182686484116331
	0.6182591816829933
	0.6182617095268842
	0.6182647752452921
	0.6182596251219072
	0.6182564646156412
	0.6182623516314422
	0.6182662364658361
	0.6182647366823856
	0.6182657081469858
	0.6182630948105338
	0.6182629733823536
	0.6182608675541285
	0.618259101829968
	0.6182631830004659
	0.618267380883871
	0.6182663481078896
	0.6182681947803911
	0.6182786320821078
	0.6182809100449591
	0.618279196834565
	0.6182723866454597
	0.6182665325429306
	0.618266289599701
	0.6182744318888401
	0.6182686353531216
	0.6182723840947255
	0.6182724042655925
	0.6182732996926388
	0.6182701878856454
	0.6182726784849325
	0.6182810695981228
	0.6182811437432291
	0.6182734250849272
	0.6182752159647553
	0.6182771504254374
	0.6182782459021331
	0.6182722066998535
	0.6182751097232289
	0.6182755124873851
	0.618281269487371
	0.6182857268870708
	0.6182812537177074
	0.6182863591799471
	0.6182852991078639
	0.6182888418506713
	0.6182915606000664
	0.6182973685116705
	0.6183019762102911
	0.6182963268059157
	0.6182901631823751
	0.6182927461295038
	0.6182858901954823
	0.6182852989703442
	0.6182763375191082
	0.6182769262391006
	0.6182748061673694
	0.6182742486110974
	0.6182778767479645
	0.618279168994375
	0.6182717420899875
	0.6182666988588107
	0.6182671484244606
	0.6182715498684423
	0.6182666903427531
	0.6182608213926856
	0.6182553545899303
	0.618254599101901
	0.6182537841437287
	0.6182513798361341
	0.6182563148552416
	0.6182616882148201
	0.6182604753572732
	0.61826533527817
	0.6182624140853845
	0.6182580495622041
	0.6182624698401754
	0.6182606438082535
	0.6182537272978641
	0.6182576490936826
	0.6182653555451536
	0.6182640246517555
	0.6182650647859913
	0.6182691406022991
	0.6182571547920628
	0.6182635076925231
	0.6182619358171605
	0.6182595844982174
	0.6182628302747006
	0.6182632673210797
	0.6182624797796702
	0.6182593044018413
	0.618257500080349
	0.6182560691877574
	0.6182569769978954
	0.6182615921183003
	0.6182586421936997
	0.6182596345037071
	0.6182606768335566
	0.6182631184265635
	0.6182592445718513
	0.6182642619029745
	0.6182659214695214
	0.6182725922450519
	0.6182687569458993
	0.6182713768241221
	0.6182732941204642
	0.6182735682378255
	0.6182687945012052
	0.6182725472285191
	0.6182728047888714
	0.6182693386424388
	0.6182611670899646
	0.6182608080646739
	0.6182607158165875
	0.6182668833073973
	0.6182639183721539
	0.6182572967927128
	0.6182605045177197
	0.6182486565938947
	0.6182507187506985
	0.6182517865990821
	0.6182501149276174
	0.6182463115879985
	0.6182453007218409
	0.6182469643315143
	0.6182512980013873
	0.618256280484087
	0.6182599126264657
	0.6182552918433897
	0.618256547430627
	0.61825857754833
	0.6182555372809585
	0.6182584599046381
	0.618251734828631
	0.618247610671252
	0.618252958986207
	0.6182569388506695
	0.6182557025143849
	0.6182582418780496
	0.6182585193295609
	0.6182613891084937
	0.6182570744672379
	0.6182610702045951
	0.6182540914806609
	0.6182500683627598
	0.6182515203160377
	0.6182417404804469
	0.6182389811550346
	0.618232694135008
	0.6182377227290606
	0.6182402433695946
	0.6182451047300878
	0.6182454732056565
	0.6182373550322621
	0.618235987863131
	0.6182363570352687
	0.6182376210353515
	0.6182410915468648
	0.6182438013294133
	0.6182555379060584
	0.6182599667078532
	0.6182582030000312
	0.6182569837173411
	0.6182487733581502
	0.6182438032616469
	0.6182467453934808
	0.6182443830622474
	0.6182384030895631
	0.6182427225980063
	0.6182360868007526
	0.6182338558008796
	0.6182371533746017
	0.6182380458179727
	0.6182371975627504
	0.6182405928439785
	0.6182433355188388
	0.6182436046350809
	0.6182426353310327
	0.6182433391248346
	0.6182386610693429
	0.6182360017112446
	0.6182387285768667
	0.6182331705554162
	0.6182345370158204
	0.6182288677462652
	0.61822673134401
	0.6182232272285832
	0.6182208242068613
	0.6182181679254036
	0.6182163032516359
	0.6182174224681203
	0.6182205807836335
	0.6182187959843811
	0.6182239349307542
	0.6182328540446358
	0.6182314603264387
	0.6182296312470247
	0.6182267077614915
	0.6182208021549155
	0.6182122324823299
	0.618225987490718
	0.6182301000851291
	0.6182258214940143
	0.6182272077519309
	0.6182309591106857
	0.6182329809139454
	0.6182327922601684
	0.6182300581741248
	0.6182355958671036
	0.618243086421786
	0.6182427447907107
	0.6182430395186688
	0.6182436548693196
	0.6182405047091778
	0.6182312240372494
	0.6182348247886725
	0.6182366868041367
	0.6182358496246441
	0.6182323626844723
	0.6182325382579444
	0.61822762496447
	0.618225524215107
	0.6182358069655655
	0.6182338446350878
	0.6182296466144876
	0.6182283562130928
	0.6182247297594752
	0.6182220886964973
	0.6182189194739252
	0.618221152417644
	0.6182237124598662
	0.6182171740021898
	0.6182197912241929
	0.6182134254084628
	0.6182175005485535
	0.6182249812546862
	0.6182265756891173
	0.6182257637425617
	0.6182223542576536
	0.6182217803602627
	0.6182214800493216
	0.6182181659439235
	0.618218421516564
	0.6182161373980082
	0.6182197353433216
	0.6182259015800332
	0.618223066233684
	0.6182287311481388
	0.6182256838394351
	0.618238725178682
	0.6182351801909562
	0.6182347638663982
	0.6182338984211936
	0.618236144831497
	0.6182343439660113
	0.618237581836145
	0.618243660263632
	0.6182379596361194
	0.6182365121370693
	0.6182355159452224
	0.6182456384456095
	0.6182462795061073
	0.6182433732067179
	0.6182455088909423
	0.6182435567966034
	0.6182365153449474
	0.618230913020436
	0.6182305228881472
	0.6182399964498658
	0.6182406549230277
	0.6182456715902463
	0.6182434412491961
	0.6182410534573802
	0.6182449125492913
	0.6182435115052453
	0.618244560533841
	0.6182481819698847
	0.6182401917097454
	0.6182353368451227
	0.6182288412688565
	0.618213902369832
	0.6182074413169732
	0.6182104695245636
	0.618220489353219
	0.6182254761940513
	0.6182262809367355
	0.6182268841744154
	0.6182215231160563
	0.6182192302703041
	0.6182186818748702
	0.6182063483996291
	0.6182126361382362
	0.6182153014099362
	0.618221173162159
	0.618220743140805
	0.6182216977011064
	0.6182192382276238
	0.6182243968246107
	0.6182287353720005
	0.6182316203518458
	0.6182333550874558
	0.6182314425246505
	0.618226446113919
	0.6182336359540209
	0.6182416031769216
	0.6182418036905613
	0.6182386070280865
	0.6182376068338672
	0.6182375418228773
	0.618242276670255
	0.6182391746508273
	0.6182392159737626
	0.6182386237639939
	0.6182388527971378
	0.6182433231389521
	0.6182457107827168
	0.6182418179080099
	0.61823841757048
	0.6182344971510405
	0.6182252638358655
	0.618227053177008
	0.6182291053905493
	0.6182330252129422
	0.6182372164468161
	0.6182375009871974
	0.6182282028837413
	0.6182210112963333
	0.6182230612725086
	0.6182221387222863
	0.6182274256624327
	0.6182291237191196
	0.6182295071840547
	0.6182302775851853
	0.6182368820653198
	0.6182304716291179
	0.6182366746289205
	0.6182389854782276
	0.6182361175717671
	0.6182404823589018
	0.6182442999156822
	0.6182516149689804
	0.6182565573697543
	0.6182544574835648
	0.618251676118602
	0.6182437968213862
	0.6182488616242666
	0.6182428031909695
	0.618241070884645
	0.6182457227825665
	0.6182441547524633
	0.6182403755218923
	0.6182309244370418
	0.6182338363637123
	0.618238295958474
	0.6182392248402764
	0.6182354558985085
	0.6182411228577288
	0.6182416303536027
	0.6182402527298979
	0.6182448938618987
	0.6182428212257424
	0.6182356455366669
	0.6182288567049337
	0.6182334741599934
	0.6182369234136459
	0.6182426886380457
	0.6182366421395514
	0.6182395579153058
	0.6182387779452685
	0.6182356011731213
	0.6182284396926355
	0.6182314266513633
	0.6182335986841424
	0.6182317158797832
	0.6182351639552766
	0.6182378867665337
	0.6182428865245672
	0.6182483112943137
	0.6182550333427647
	0.6182566587573961
	0.6182617515896506
	0.6182535649606429
	0.6182475672778054
	0.6182500257966947
	0.6182537862526166
	0.6182626402735093
	0.6182622260794696
	0.6182582667723258
	0.6182508081473469
	0.6182495111449166
	0.6182530128978386
	0.6182475087270726
	0.618253639682684
	0.6182522239190403
	0.6182497289367808
	0.6182456556027247
	0.61824692777956
	0.6182510916913662
	0.6182415173060345
	0.6182424628999859
	0.6182438544381088
	0.6182410366363155
	0.6182445171036108
	0.6182514523243943
	0.6182543146409583
	0.6182520458338017
	0.618255564608718
	0.618261060841438
	0.6182609361381407
	0.6182611912437895
	0.6182628939334492
	0.6182628699739391
	0.6182648604118555
	0.6182661133109923
	0.6182692048904674
	0.6182717041371202
	0.61827210834977
	0.6182689406774897
	0.6182694020268531
	0.618269519959017
	0.618267810381613
	0.6182683889960231
	0.6182701166578918
	0.6182721105307933
	0.6182696871809239
	0.6182666175304318
	0.6182681155182367
	0.6182700267184539
	0.6182724111925384
	0.6182694528761282
	0.618263959125972
	0.6182689421719418
	0.6182750362553496
	0.6182710075602369
	0.618273106118991
	0.6182655451591327
	0.6182592423973439
	0.618258461928844
	0.6182525833410082
	0.6182490512391066
	0.618252581156229
	0.6182540554544472
	0.6182476538181751
	0.6182459022146229
	0.6182457382500286
	0.6182407977064502
	0.6182434783747525
	0.6182454881070928
	0.6182514362902962
	0.6182444464907865
	0.6182405573188712
	0.618250866493048
	0.618244176965113
	0.6182342188030372
	0.6182382589746475
	0.6182480376417764
	0.6182538088325962
	0.6182610845505501
	0.6182550255745095
	0.6182517418152872
	0.6182550859315626
	0.6182545498821133
	0.6182522657509948
	0.6182577644916116
	0.6182611522460334
	0.6182587375621741
	0.6182667239390379
	0.6182720998325161
	0.6182677838239744
	0.6182685971782298
	0.6182626526414423
	0.618258021847992
	0.618264605674989
	0.6182612586161249
	0.6182627225072199
	0.6182621389185213
	0.6182621839384342
	0.6182587025955243
	0.6182577471215355
	0.6182581107361764
	0.6182557124830864
	0.6182612563290504
	0.6182631689023895
	0.6182603812102231
	0.6182625972625452
	0.6182655310131704
	0.6182549471550663
	0.6182504805136072
	0.618247459102191
	0.6182438369934948
	0.6182447978925455
	0.6182531810332427
	0.6182603476280102
	0.618263543425503
	0.6182658420592901
	0.6182596885739068
	0.6182559309281342
	0.6182569452938036
	0.6182455063781049
	0.6182394770195782
	0.6182308364362301
	0.6182290769471533
	0.6182291724806787
	0.6182266942925606
	0.6182282546241861
	0.6182293292274386
	0.6182231686032664
	0.6182225629735142
	0.6182202147655239
	0.6182102559628524
	0.6182062612510005
	0.6182113660491169
	0.6182082352955959
	0.6182124588776242
	0.6182053354880842
	0.6181997750952382
	0.6181925162807838
	0.6181920155858954
	0.6181911420479911
	0.6181929929353239
	0.6181918928851933
	0.61819620464328
	0.6181924674246269
	0.6181919139085454
	0.6181905644435226
	0.6181858496352217
	0.6181839489714066
	0.6181829588301164
	0.6181861137619804
	0.6181885421609146
	0.6181919445529669
	0.6181979156160313
	0.6182063488339352
	0.6182060550846744
	0.6182080649000371
	0.618214877077422
	0.6182222892993147
	0.6182280324717301
	0.6182236908419585
	0.6182201863212197
	0.618220615128466
	0.6182238709314022
	0.6182206768397012
	0.6182283526595372
	0.6182250258158272
	0.6182277577750078
	0.618224932275286
	0.6182255666211902
	0.6182328871860023
	0.618223729944311
	0.618222555700844
	0.6182174370467515
	0.6182183531648835
	0.6182198706845071
	0.6182189985187975
	0.6182214218299211
	0.6182272493583072
	0.6182280371933364
	0.6182291388330606
	0.6182334919889539
	0.618228526125326
	0.6182319271716399
	0.6182383942457023
	0.6182503235043373
	0.6182445016045216
	0.6182430709941288
	0.6182367963639
	0.618234204010525
	0.6182346341315561
	0.618239193005214
	0.6182300567834899
	0.6182225740023239
	0.618222304984577
	0.618225718434985
	0.6182263774285839
	0.618217322643693
	0.6182317072443992
	0.6182301637387606
	0.6182292204092915
	0.6182325035998376
	0.6182366584751152
	0.6182383897215482
	0.6182425590023657
	0.6182436644767086
	0.6182458704338629
	0.6182504212044632
	0.6182508505357515
	0.6182465268010325
	0.618249461369917
	0.6182449526375247
	0.6182456463122799
	0.6182523130633123
	0.6182544943634604
	0.6182593587773396
	0.6182610487366909
	0.6182622388389769
	0.6182533325184818
	0.6182479932311069
	0.6182415486516373
	0.6182398133542518
	0.6182394207126694
	0.6182349518138043
	0.6182279400593046
	0.6182317376869072
	0.6182348198610168
	0.6182386122727447
	0.6182357689412521
	0.6182388421546451
	0.6182427345311717
	0.6182412540879122
	0.6182440758641669
	0.6182489732178333
	0.6182462571612403
	0.6182452337081161
	0.6182448726867381
	0.6182386308017674
	0.6182417328994746
	0.618246613814803
	0.6182446441419283
	0.6182472609656755
	0.6182442809448492
	0.6182403897006199
	0.6182439596371425
	0.6182449885927872
	0.618246481447816
	0.6182511074469386
	0.6182431648820216
	0.6182453967329046
	0.618242120764818
	0.6182458066453446
	0.6182452867244537
	0.6182496232308703
	0.6182512881862284
	0.6182551186109154
	0.6182571734110579
	0.618261247254757
	0.6182567903826
	0.6182534409937961
	0.6182472125661364
	0.6182421987547723
	0.6182437228221235
	0.6182445894620435
	0.6182504569747149
	0.6182436966356893
	0.6182425128038576
	0.618246900634639
	0.6182549959718912
	0.6182596247733784
	0.6182524266064258
	0.6182429519408157
	0.6182361716669139
]