[
	1.047326683998108
	1.0472962856292725
	1.0472334623336792
	1.0471792221069336
	1.0471248626708984
	1.0470383167266846
	1.04697847366333
	1.0469131469726562
	1.0468438863754272
	1.0467947721481323
	1.046735405921936
	1.046690821647644
	1.0466320514678955
	1.0465774536132812
	1.0465278625488281
	1.0464643239974976
	1.0464041233062744
	1.0463480949401855
	1.0463132858276367
	1.046274185180664
	1.0462255477905273
	1.046178936958313
	1.0461328029632568
	1.0460785627365112
	1.0460407733917236
	1.0460031032562256
	1.045964241027832
	1.0459343194961548
	1.0459105968475342
	1.0458686351776123
	1.0458282232284546
	1.0457947254180908
	1.045767068862915
	1.0457254648208618
	1.045685052871704
	1.0456295013427734
	1.0455851554870605
	1.0455602407455444
	1.0455173254013062
	1.0454645156860352
	1.0454312562942505
	1.0453875064849854
	1.0453624725341797
	1.045316219329834
	1.0452663898468018
	1.0452371835708618
	1.0452086925506592
	1.0451816320419312
	1.0451546907424927
	1.045119047164917
	1.0450704097747803
	1.0450348854064941
	1.044988989830017
	1.04496431350708
	1.0449351072311401
	1.0448908805847168
	1.0448675155639648
	1.0448323488235474
	1.0448039770126343
	1.044768214225769
	1.04473876953125
	1.0447156429290771
	1.0446994304656982
	1.0446873903274536
	1.0446650981903076
	1.0446406602859497
	1.044620156288147
	1.044601559638977
	1.0445767641067505
	1.0445446968078613
	1.0445295572280884
	1.0444979667663574
	1.0444777011871338
	1.0444622039794922
	1.0444282293319702
	1.0444196462631226
	1.0443981885910034
	1.0443825721740723
	1.044365644454956
	1.044352412223816
	1.0443313121795654
	1.0443239212036133
	1.0443034172058105
	1.0442767143249512
	1.0442702770233154
	1.0442628860473633
	1.044243335723877
	1.0442230701446533
	1.0442148447036743
	1.0442043542861938
	1.0441826581954956
	1.0441735982894897
	1.044164776802063
	1.0441412925720215
	1.0441193580627441
	1.0441088676452637
	1.0440983772277832
	1.0440763235092163
	1.0440566539764404
	1.0440386533737183
	1.0440218448638916
	1.0440058708190918
	1.0439738035202026
	1.043967366218567
	1.0439532995224
	1.0439331531524658
	1.043919563293457
	1.0439088344573975
	1.0438892841339111
	1.0438851118087769
	1.0438634157180786
	1.043845534324646
	1.0438320636749268
	1.0438203811645508
	1.0438129901885986
	1.0437983274459839
	1.043788194656372
	1.0437904596328735
	1.0437841415405273
	1.043762445449829
	1.0437508821487427
	1.04374361038208
	1.0437265634536743
	1.0437240600585938
	1.0437036752700806
	1.0436822175979614
	1.0436673164367676
	1.0436440706253052
	1.0436302423477173
	1.0436155796051025
	1.0435974597930908
	1.0435830354690552
	1.0435596704483032
	1.0435467958450317
	1.0435281991958618
	1.0435166358947754
	1.0435123443603516
	1.0435024499893188
	1.0434995889663696
	1.0434969663619995
	1.0434781312942505
	1.0434722900390625
	1.0434640645980835
	1.043458342552185
	1.0434452295303345
	1.0434327125549316
	1.0434128046035767
	1.0434064865112305
	1.0433965921401978
	1.0433907508850098
	1.0433858633041382
	1.0433769226074219
	1.0433794260025024
	1.043375849723816
	1.0433683395385742
	1.0433467626571655
	1.0433454513549805
	1.0433354377746582
	1.0433310270309448
	1.0433292388916016
	1.0433344841003418
	1.043337106704712
	1.0433348417282104
	1.0433388948440552
	1.0433273315429688
	1.0433173179626465
	1.0433181524276733
	1.0433080196380615
	1.0432920455932617
	1.043284296989441
	1.0432745218276978
	1.0432661771774292
	1.0432571172714233
	1.04324471950531
	1.0432486534118652
	1.0432379245758057
	1.0432301759719849
	1.0432112216949463
	1.0432034730911255
	1.043191909790039
	1.043190836906433
	1.0431663990020752
	1.0431509017944336
	1.0431421995162964
	1.0431524515151978
	1.043162226676941
	1.0431524515151978
	1.0431486368179321
	1.0431270599365234
	1.0431216955184937
	1.0431150197982788
	1.0431101322174072
	1.0431042909622192
	1.0430988073349
	1.0430899858474731
	1.0430792570114136
	1.0430641174316406
	1.043058156967163
	1.0430525541305542
	1.0430539846420288
	1.0430456399917603
	1.0430322885513306
	1.0430355072021484
	1.0430434942245483
	1.0430442094802856
	1.0430397987365723
	1.0430370569229126
	1.04304039478302
	1.043036937713623
	1.0430256128311157
	1.0430209636688232
	1.0430138111114502
	1.0430104732513428
	1.0430127382278442
	1.0429980754852295
	1.0429983139038086
	1.0429984331130981
	1.0429909229278564
	1.0429857969284058
	1.0429797172546387
	1.0429686307907104
	1.0429595708847046
	1.0429480075836182
	1.0429437160491943
	1.0429378747940063
	1.042934536933899
	1.0429311990737915
	1.042914628982544
	1.0429118871688843
	1.0429109334945679
	1.0429158210754395
	1.0429179668426514
	1.042917251586914
	1.042919397354126
	1.0429145097732544
	1.042918086051941
	1.042912244796753
	1.0429153442382812
	1.0429202318191528
	1.0429223775863647
	1.0429224967956543
	1.0429301261901855
	1.04292631149292
	1.0429266691207886
	1.0429233312606812
	1.0429091453552246
	1.0429099798202515
	1.042907953262329
	1.0429164171218872
	1.0429086685180664
	1.0428988933563232
	1.0428873300552368
	1.0428917407989502
	1.0428924560546875
	1.0429024696350098
	1.0429155826568604
	1.0429102182388306
	1.0429190397262573
	1.0429130792617798
	1.042907953262329
	1.0429093837738037
	1.0429102182388306
	1.0429030656814575
	1.0429116487503052
	1.0429153442382812
	1.0429185628890991
	1.042913556098938
	1.0429142713546753
	1.0429033041000366
	1.0429109334945679
	1.0429106950759888
	1.042909860610962
	1.0429134368896484
	1.042919397354126
	1.0429240465164185
	1.042921543121338
	1.0429177284240723
	1.0429154634475708
	1.042929768562317
	1.0429304838180542
	1.042934536933899
	1.042944312095642
	1.0429513454437256
	1.0429587364196777
	1.0429643392562866
	1.0429637432098389
	1.0429710149765015
	1.0429770946502686
	1.0429677963256836
	1.0429704189300537
	1.0429645776748657
	1.042962908744812
	1.042968988418579
	1.0429778099060059
	1.0429831743240356
	1.0429881811141968
	1.0429954528808594
	1.0429950952529907
	1.0429964065551758
	1.042993187904358
	1.0430049896240234
	1.0430147647857666
	1.043022632598877
	1.0430461168289185
	1.043053388595581
	1.043059229850769
	1.0430588722229004
	1.043062686920166
	1.0430618524551392
	1.043055534362793
	1.043064832687378
	1.043070912361145
	1.043070912361145
	1.0430678129196167
	1.0430772304534912
	1.0430859327316284
	1.0430798530578613
	1.0430818796157837
	1.0430763959884644
	1.0430835485458374
	1.0430989265441895
	1.0430899858474731
	1.0431015491485596
	1.0431115627288818
	1.0431180000305176
	1.0431169271469116
	1.0431208610534668
	1.0431145429611206
	1.043107271194458
	1.043111801147461
	1.0431147813796997
	1.0431203842163086
	1.0431413650512695
	1.0431567430496216
	1.0431804656982422
	1.0431935787200928
	1.0432155132293701
	1.043224573135376
	1.0432237386703491
	1.0432230234146118
	1.043226718902588
	1.0432350635528564
	1.0432446002960205
	1.0432459115982056
	1.0432603359222412
	1.043268084526062
	1.0432770252227783
	1.0432826280593872
	1.0432956218719482
	1.04330313205719
	1.043320894241333
	1.0433207750320435
	1.0433180332183838
	1.0433266162872314
	1.0433493852615356
	1.0433499813079834
	1.0433491468429565
	1.043363094329834
	1.0433766841888428
	1.0433903932571411
	1.043400764465332
	1.043418049812317
	1.0434309244155884
	1.0434364080429077
	1.043446660041809
	1.0434619188308716
	1.0434690713882446
	1.043476939201355
	1.0434887409210205
	1.0434978008270264
	1.0435090065002441
	1.0435115098953247
	1.043529987335205
	1.043534278869629
	1.043540358543396
	1.043557047843933
	1.043562889099121
	1.043574333190918
	1.0435791015625
	1.0435930490493774
	1.043599247932434
	1.0436111688613892
	1.0436170101165771
	1.0436265468597412
	1.0436313152313232
	1.0436490774154663
	1.0436668395996094
	1.0436768531799316
	1.0436811447143555
	1.0436832904815674
	1.0437113046646118
	1.0437103509902954
	1.0437155961990356
	1.0437229871749878
	1.043731689453125
	1.0437414646148682
	1.0437564849853516
	1.0437618494033813
	1.0437672138214111
	1.0437792539596558
	1.0437891483306885
	1.0438052415847778
	1.0438188314437866
	1.0438216924667358
	1.0438185930252075
	1.0438275337219238
	1.0438214540481567
	1.0438371896743774
	1.0438449382781982
	1.0438565015792847
	1.0438604354858398
	1.0438774824142456
	1.0438882112503052
	1.0438958406448364
	1.0439133644104004
	1.0439181327819824
	1.0439202785491943
	1.0439274311065674
	1.0439376831054688
	1.0439480543136597
	1.0439560413360596
	1.043969750404358
	1.0439831018447876
	1.043996810913086
	1.0440089702606201
	1.0440099239349365
	1.0440142154693604
	1.0440267324447632
	1.044040560722351
	1.0440493822097778
	1.0440627336502075
	1.0440831184387207
	1.0440975427627563
	1.0441179275512695
	1.0441315174102783
	1.0441548824310303
	1.0441763401031494
	1.0441912412643433
	1.0442131757736206
	1.044227123260498
	1.0442419052124023
	1.0442501306533813
	1.0442556142807007
	1.044265866279602
	1.0442787408828735
	1.0443058013916016
	1.0443096160888672
	1.0443274974822998
	1.0443378686904907
	1.0443493127822876
	1.04435133934021
	1.0443620681762695
	1.0443754196166992
	1.0443899631500244
	1.0443936586380005
	1.044420838356018
	1.044435739517212
	1.0444411039352417
	1.0444543361663818
	1.0444669723510742
	1.044472336769104
	1.0444869995117188
	1.0444974899291992
	1.0445139408111572
	1.04451584815979
	1.0445252656936646
	1.0445332527160645
	1.044551968574524
	1.044553518295288
	1.0445634126663208
	1.0445729494094849
	1.0445830821990967
	1.044581413269043
	1.0445950031280518
	1.0446195602416992
	1.044634222984314
	1.0446569919586182
	1.044674277305603
	1.044693946838379
	1.0447137355804443
	1.044724702835083
	1.0447479486465454
	1.0447624921798706
	1.0447807312011719
	1.0447947978973389
	1.0448036193847656
	1.0448254346847534
	1.0448380708694458
	1.0448542833328247
	1.0448752641677856
	1.0448896884918213
	1.044907808303833
	1.044910192489624
	1.044918179512024
	1.0449349880218506
	1.0449596643447876
	1.044976830482483
	1.0450057983398438
	1.0450100898742676
	1.0450224876403809
	1.0450348854064941
	1.045048475265503
	1.045058250427246
	1.0450655221939087
	1.0450851917266846
	1.045106053352356
	1.0451143980026245
	1.0451319217681885
	1.0451500415802002
	1.0451641082763672
	1.045184850692749
	1.0452004671096802
	1.045207142829895
	1.0452206134796143
	1.0452358722686768
	1.045247197151184
	1.0452632904052734
	1.0452717542648315
	1.0453013181686401
	1.0453017950057983
	1.0453280210494995
	1.0453486442565918
	1.045372724533081
	1.0453931093215942
	1.0454179048538208
	1.045426845550537
	1.045440912246704
	1.045453667640686
	1.0454705953598022
	1.0454943180084229
	1.045518398284912
	1.0455427169799805
	1.04556143283844
	1.0455718040466309
	1.045587420463562
	1.045605182647705
	1.045615553855896
	1.0456252098083496
	1.0456358194351196
	1.0456432104110718
	1.0456684827804565
	1.0456842184066772
	1.0456944704055786
	1.045710563659668
	1.0457193851470947
	1.0457229614257812
	1.0457561016082764
	1.0457730293273926
	1.0457791090011597
	1.0457994937896729
	1.0458219051361084
	1.0458372831344604
	1.0458589792251587
	1.0458743572235107
	1.0458869934082031
	1.0459064245224
	1.0459202527999878
	1.0459409952163696
	1.0459563732147217
	1.0459632873535156
	1.0459681749343872
	1.0459787845611572
	1.0459930896759033
	1.0460233688354492
	1.0460401773452759
	1.0460479259490967
	1.046064853668213
	1.046080231666565
	1.046089768409729
	1.0460968017578125
	1.0461105108261108
	1.0461339950561523
	1.0461372137069702
	1.0461405515670776
	1.0461571216583252
	1.0461794137954712
	1.0461918115615845
	1.0462030172348022
	1.0462164878845215
	1.0462344884872437
	1.0462491512298584
	1.0462620258331299
	1.0462636947631836
	1.0462790727615356
	1.0462967157363892
	1.0463082790374756
	1.0463329553604126
	1.0463502407073975
	1.0463647842407227
	1.0463887453079224
	1.0464166402816772
	1.0464457273483276
	1.0464447736740112
	1.0464599132537842
	1.0464756488800049
	1.0464926958084106
	1.0465121269226074
	1.0465309619903564
	1.04654860496521
	1.0465635061264038
	1.0465632677078247
	1.0465813875198364
	1.0466033220291138
	1.0466201305389404
	1.0466259717941284
	1.0466340780258179
	1.0466479063034058
	1.0466736555099487
	1.0466890335083008
	1.0466985702514648
	1.0467115640640259
	1.0467336177825928
	1.0467584133148193
	1.0467725992202759
	1.0467926263809204
	1.0467959642410278
	1.0468063354492188
	1.0468168258666992
	1.0468398332595825
	1.0468553304672241
	1.0468809604644775
	1.0468956232070923
	1.0469194650650024
	1.0469392538070679
	1.0469602346420288
	1.046983003616333
	1.0470147132873535
	1.0470349788665771
	1.0470601320266724
	1.0470876693725586
	1.0470952987670898
	1.0471091270446777
	1.047121286392212
	1.0471330881118774
	1.0471487045288086
	1.047158122062683
	1.0471774339675903
	1.0471965074539185
	1.0472195148468018
	1.0472325086593628
	1.0472509860992432
	1.047273874282837
	1.0472878217697144
	1.0473066568374634
	1.047325849533081
	1.047339916229248
	1.0473638772964478
	1.0473785400390625
	1.0473850965499878
	1.0474058389663696
	1.047428011894226
	1.0474406480789185
	1.0474618673324585
	1.047470211982727
	1.047486424446106
	1.0475047826766968
	1.047513484954834
	1.047528862953186
	1.047538161277771
	1.0475561618804932
	1.0475910902023315
	1.0475941896438599
	1.0476124286651611
	1.0476363897323608
	1.0476453304290771
	1.0476653575897217
	1.0476939678192139
	1.0477125644683838
	1.0477161407470703
	1.0477312803268433
	1.047744870185852
	1.047747015953064
	1.0477627515792847
	1.0477912425994873
	1.0478075742721558
	1.0478298664093018
	1.0478506088256836
	1.0478616952896118
	1.0478767156600952
	1.047886848449707
	1.0478957891464233
	1.0479198694229126
	1.0479358434677124
	1.0479754209518433
	1.0479938983917236
	1.0480053424835205
	1.048022985458374
	1.0480403900146484
	1.0480700731277466
	1.0480852127075195
	1.0480833053588867
	1.0481079816818237
	1.04811429977417
	1.0481311082839966
	1.0481607913970947
	1.0481789112091064
	1.048179268836975
	1.048198938369751
	1.0482155084609985
	1.0482419729232788
	1.0482659339904785
	1.0482803583145142
	1.0483070611953735
	1.048332691192627
	1.0483509302139282
	1.0483731031417847
	1.0483888387680054
	1.0484001636505127
	1.048416018486023
	1.0484381914138794
	1.0484538078308105
	1.048473596572876
	1.0484956502914429
	1.048511266708374
	1.048533320426941
	1.0485583543777466
	1.048574447631836
	1.0485812425613403
	1.048589825630188
	1.048603892326355
	1.0486102104187012
	1.0486361980438232
	1.0486595630645752
	1.0486760139465332
	1.0487135648727417
	1.0487369298934937
	1.0487622022628784
	1.0487706661224365
	1.048791527748108
	1.048807978630066
	1.048831582069397
	1.0488502979278564
	1.0488749742507935
	1.048876404762268
	1.0488970279693604
	1.0489050149917603
	1.0489223003387451
	1.0489439964294434
	1.0489603281021118
	1.0489739179611206
	1.0489758253097534
	1.0489966869354248
	1.0490206480026245
	1.0490407943725586
	1.0490463972091675
	1.0490610599517822
	1.0490777492523193
	1.0490849018096924
	1.0490926504135132
	1.0491127967834473
	1.0491321086883545
	1.0491455793380737
	1.0491747856140137
	1.049196481704712
	1.0492109060287476
	1.0492256879806519
	1.0492552518844604
	1.0492825508117676
	1.0493106842041016
	1.0493199825286865
	1.0493406057357788
	1.049363613128662
	1.0493818521499634
	1.0494000911712646
	1.0494130849838257
	1.0494439601898193
	1.0494617223739624
	1.0494781732559204
	1.0494980812072754
	1.049519419670105
	1.0495259761810303
	1.0495434999465942
	1.0495591163635254
	1.049580693244934
	1.0495994091033936
	1.0496076345443726
	1.0496143102645874
	1.0496437549591064
	1.0496611595153809
	1.0496691465377808
	1.0496841669082642
	1.0497105121612549
	1.0497390031814575
	1.0497640371322632
	1.0497733354568481
	1.0498064756393433
	1.0498322248458862
	1.0498567819595337
	1.0498789548873901
	1.0498918294906616
	1.0498923063278198
	1.049897313117981
	1.0499191284179688
	1.0499343872070312
	1.0499550104141235
	1.0499696731567383
	1.0499835014343262
	1.0500004291534424
	1.050021767616272
	1.0500445365905762
	1.0500723123550415
	1.0500926971435547
	1.0501049757003784
	1.0501278638839722
	1.0501466989517212
	1.050175428390503
	1.050191879272461
	1.0502099990844727
	1.0502183437347412
	1.050240397453308
	1.0502501726150513
	1.050264596939087
	1.0502891540527344
	1.0503013134002686
	1.0503273010253906
	1.050331950187683
	1.050358772277832
	1.0503652095794678
	1.0503803491592407
	1.0503933429718018
	1.0504071712493896
	1.0504257678985596
	1.050445318222046
	1.050465703010559
	1.0504859685897827
	1.0505080223083496
	1.0505473613739014
	1.050579309463501
	1.0506030321121216
	1.0506235361099243
	1.0506436824798584
	1.0506559610366821
	1.0506725311279297
	1.0506806373596191
	1.0507032871246338
	1.0507187843322754
	1.0507278442382812
	1.050739049911499
	1.0507501363754272
	1.050763726234436
	1.0507805347442627
	1.0507992506027222
	1.0508149862289429
	1.050841212272644
	1.0508595705032349
	1.0508753061294556
	1.050892949104309
	1.050903558731079
	1.0509166717529297
	1.050930142402649
	1.050948143005371
	1.050970196723938
	1.050971508026123
	1.0509952306747437
	1.0509939193725586
	1.0510050058364868
	1.0510152578353882
	1.051027774810791
	1.051047921180725
	1.0510754585266113
	1.0510807037353516
	1.051091194152832
	1.051102876663208
	1.0511192083358765
	1.0511480569839478
	1.0511678457260132
	1.0511820316314697
	1.0512055158615112
	1.0512211322784424
	1.0512429475784302
	1.0512555837631226
	1.0512793064117432
	1.0512884855270386
	1.0513057708740234
	1.0513224601745605
	1.0513447523117065
	1.0513612031936646
	1.0513850450515747
	1.05140221118927
	1.0514286756515503
	1.051464319229126
	1.0514777898788452
	1.0514912605285645
	1.0515036582946777
	1.0515151023864746
	1.051528811454773
	1.051540732383728
	1.0515576601028442
	1.051576852798462
	1.0515834093093872
	1.0516024827957153
	1.0516338348388672
	1.0516589879989624
	1.0516974925994873
	1.0517216920852661
	1.0517405271530151
	1.05173659324646
	1.0517494678497314
	1.0517711639404297
	1.0517854690551758
	1.0518147945404053
	1.0518397092819214
	1.0518490076065063
	1.051875114440918
	1.051885962486267
	1.0519075393676758
	1.0519392490386963
	1.0519616603851318
	1.0519969463348389
	1.052016019821167
	1.0520379543304443
	1.0520517826080322
	1.0520647764205933
	1.0520908832550049
	1.0521095991134644
	1.0521304607391357
	1.052159309387207
	1.0521681308746338
	1.0521785020828247
	1.0521944761276245
	1.0522096157073975
	1.052221417427063
	1.0522476434707642
	1.052270531654358
	1.0522840023040771
	1.052311658859253
	1.052330732345581
	1.0523552894592285
	1.0523788928985596
	1.0524067878723145
	1.052420973777771
	1.052446961402893
	1.0524741411209106
	1.0524970293045044
	1.0525157451629639
	1.0525354146957397
	1.0525568723678589
	1.0525703430175781
	1.0525892972946167
	1.0526031255722046
	1.052620530128479
	1.052634835243225
	1.0526527166366577
	1.052686095237732
	1.052707552909851
	1.0527310371398926
	1.0527665615081787
	1.0527927875518799
	1.0528099536895752
	1.0528366565704346
	1.0528630018234253
	1.0528793334960938
	1.052897572517395
	1.0529118776321411
	1.0529372692108154
	1.052959680557251
	1.0529729127883911
	1.0529958009719849
	1.0530163049697876
	1.0530376434326172
	1.0530588626861572
	1.053083062171936
	1.0531007051467896
	1.0531221628189087
	1.0531554222106934
	1.053177833557129
	1.053191900253296
	1.0532282590866089
	1.0532572269439697
	1.053269386291504
	1.0532870292663574
	1.053305745124817
	1.0533256530761719
	1.0533462762832642
	1.0533714294433594
	1.0533952713012695
	1.0534112453460693
	1.053427815437317
	1.053432822227478
	1.053455114364624
	1.053464651107788
	1.0534875392913818
	1.0534861087799072
	1.053497552871704
	1.0534977912902832
	1.0535215139389038
	1.053534984588623
	1.053559422492981
	1.0535632371902466
	1.0535701513290405
	1.0535833835601807
	1.0535881519317627
	1.0536054372787476
	1.0536235570907593
	1.0536417961120605
	1.0536596775054932
	1.0536786317825317
	1.0536943674087524
	1.0537197589874268
	1.0537331104278564
	1.0537583827972412
	1.0537701845169067
	1.0537950992584229
	1.0538079738616943
	1.053829550743103
	1.0538464784622192
	1.0538798570632935
	1.0539087057113647
	1.0539299249649048
	1.0539441108703613
	1.0539666414260864
	1.05398428440094
	1.0540177822113037
	1.0540375709533691
	1.0540603399276733
	1.0540783405303955
	1.054094672203064
	1.0541250705718994
	1.0541406869888306
	1.054155945777893
	1.0541718006134033
	1.0541784763336182
	1.0541977882385254
	1.054208517074585
	1.054233193397522
	1.0542575120925903
	1.05426824092865
	1.0542901754379272
	1.0543111562728882
	1.0543406009674072
	1.0543429851531982
	1.0543841123580933
	1.0544145107269287
	1.0544397830963135
	1.054473876953125
	1.0544935464859009
	1.0545023679733276
	1.0545259714126587
	1.0545448064804077
	1.0545607805252075
	1.0545744895935059
	1.0545910596847534
	1.0546139478683472
	1.054642915725708
	1.054656982421875
	1.054682731628418
	1.0546940565109253
	1.054700255393982
	1.0547271966934204
	1.0547467470169067
	1.0547772645950317
	1.0547997951507568
	1.0548200607299805
	1.0548431873321533
	1.0548715591430664
	1.0548896789550781
	1.0549051761627197
	1.0549322366714478
	1.054961085319519
	1.054970622062683
	1.0550037622451782
	1.0550205707550049
	1.0550323724746704
	1.0550540685653687
	1.055077075958252
	1.0550998449325562
	1.0551236867904663
	1.0551292896270752
	1.0551517009735107
	1.0551625490188599
	1.0551838874816895
	1.0552010536193848
	1.0552242994308472
	1.0552335977554321
	1.0552728176116943
	1.0552884340286255
	1.0553091764450073
	1.0553247928619385
	1.0553332567214966
	1.0553503036499023
	1.0553679466247559
	1.055394172668457
	1.055408239364624
	1.055426001548767
	1.055458664894104
	1.0554752349853516
	1.0555000305175781
	1.0555095672607422
	1.0555311441421509
	1.0555646419525146
	1.0555750131607056
	1.055607557296753
	1.0556212663650513
	1.0556341409683228
	1.055643081665039
	1.0556600093841553
]