[
	1.066784143447876
	1.0666002035140991
	1.0664149522781372
	1.0662363767623901
	1.0660440921783447
	1.0658531188964844
	1.0656638145446777
	1.0654852390289307
	1.065298080444336
	1.0651072263717651
	1.0649313926696777
	1.0647499561309814
	1.0645675659179688
	1.0643789768218994
	1.0641908645629883
	1.0640045404434204
	1.0638182163238525
	1.0636296272277832
	1.0634335279464722
	1.063247561454773
	1.063069224357605
	1.0628854036331177
	1.0626991987228394
	1.0625056028366089
	1.0623332262039185
	1.0621581077575684
	1.061982274055481
	1.061802864074707
	1.0616118907928467
	1.0614218711853027
	1.0612469911575317
	1.0610697269439697
	1.060888648033142
	1.0607095956802368
	1.060539960861206
	1.0603604316711426
	1.0601766109466553
	1.0599987506866455
	1.0598227977752686
	1.0596539974212646
	1.0594701766967773
	1.0592923164367676
	1.0591217279434204
	1.0589497089385986
	1.0587794780731201
	1.058597207069397
	1.0584218502044678
	1.0582391023635864
	1.0580756664276123
	1.0579042434692383
	1.0577267408370972
	1.0575581789016724
	1.0573968887329102
	1.0572280883789062
	1.057062029838562
	1.0568935871124268
	1.0567207336425781
	1.056552767753601
	1.0563840866088867
	1.0562138557434082
	1.0560572147369385
	1.0558929443359375
	1.0557334423065186
	1.0555726289749146
	1.0554121732711792
	1.0552518367767334
	1.0551037788391113
	1.0549428462982178
	1.0547899007797241
	1.054630994796753
	1.0544748306274414
	1.054316520690918
	1.0541554689407349
	1.0540077686309814
	1.0538519620895386
	1.053702473640442
	1.0535646677017212
	1.053421139717102
	1.053261399269104
	1.053112506866455
	1.0529606342315674
	1.052804946899414
	1.052645206451416
	1.0524888038635254
	1.0523440837860107
	1.0521849393844604
	1.0520291328430176
	1.0518754720687866
	1.051726222038269
	1.0515618324279785
	1.051414132118225
	1.0512640476226807
	1.0511244535446167
	1.050979495048523
	1.050832986831665
	1.050683856010437
	1.0505377054214478
	1.0503945350646973
	1.050260066986084
	1.0501145124435425
	1.0499736070632935
	1.0498465299606323
	1.049702763557434
	1.0495675802230835
	1.0494139194488525
	1.049285650253296
	1.0491479635238647
	1.0490108728408813
	1.0488663911819458
	1.0487309694290161
	1.048581838607788
	1.0484377145767212
	1.0482856035232544
	1.0481680631637573
	1.0480332374572754
	1.0478984117507935
	1.0477625131607056
	1.0476256608963013
	1.0475023984909058
	1.047374963760376
	1.0472421646118164
	1.0471051931381226
	1.046981692314148
	1.046846866607666
	1.04671049118042
	1.0465943813323975
	1.0464586019515991
	1.0463393926620483
	1.0462169647216797
	1.0460957288742065
	1.0459768772125244
	1.0458526611328125
	1.0457278490066528
	1.0456000566482544
	1.0454647541046143
	1.0453400611877441
	1.0452167987823486
	1.045087456703186
	1.0449613332748413
	1.0448479652404785
	1.0447205305099487
	1.0446057319641113
	1.044477939605713
	1.044350266456604
	1.0442363023757935
	1.044114589691162
	1.044001579284668
	1.0438838005065918
	1.043772578239441
	1.0436474084854126
	1.0435329675674438
	1.0434149503707886
	1.043296456336975
	1.043173909187317
	1.0430517196655273
	1.0429258346557617
	1.0428047180175781
	1.0426898002624512
	1.0425727367401123
	1.042470097541809
	1.0423530340194702
	1.0422465801239014
	1.0421454906463623
	1.042030692100525
	1.0419199466705322
	1.041819453239441
	1.0417108535766602
	1.041609287261963
	1.0415064096450806
	1.0414018630981445
	1.0412935018539429
	1.041178584098816
	1.0410808324813843
	1.0409796237945557
	1.0408743619918823
	1.0407681465148926
	1.0406771898269653
	1.0405693054199219
	1.0404634475708008
	1.0403693914413452
	1.0402592420578003
	1.0401561260223389
	1.0400550365447998
	1.0399529933929443
	1.039857029914856
	1.0397573709487915
	1.0396510362625122
	1.0395644903182983
	1.0394608974456787
	1.0393556356430054
	1.039257526397705
	1.0391641855239868
	1.0390604734420776
	1.0389584302902222
	1.038845181465149
	1.0387438535690308
	1.0386474132537842
	1.0385674238204956
	1.0384727716445923
	1.0383840799331665
	1.0382989645004272
	1.0382018089294434
	1.0381072759628296
	1.0380208492279053
	1.037929654121399
	1.0378262996673584
	1.0377310514450073
	1.0376312732696533
	1.0375407934188843
	1.0374454259872437
	1.0373597145080566
	1.0372620820999146
	1.0371705293655396
	1.0370804071426392
	1.036984920501709
	1.036896824836731
	1.0368075370788574
	1.0367178916931152
	1.0366182327270508
	1.0365254878997803
	1.0364381074905396
	1.0363563299179077
	1.0362586975097656
	1.0361740589141846
	1.0360902547836304
	1.0360069274902344
	1.0359296798706055
	1.0358271598815918
	1.035729169845581
	1.035632610321045
	1.0355602502822876
	1.0354793071746826
	1.0353931188583374
	1.0353147983551025
	1.0352193117141724
	1.0351402759552002
	1.0350611209869385
	1.0349712371826172
	1.0348761081695557
	1.0347867012023926
	1.0347076654434204
	1.0346202850341797
	1.0345481634140015
	1.0344620943069458
	1.0343784093856812
	1.034300446510315
	1.0342198610305786
	1.0341405868530273
	1.034057855606079
	1.0339769124984741
	1.0339034795761108
	1.0338209867477417
	1.0337320566177368
	1.0336486101150513
	1.033573031425476
	1.0334960222244263
	1.0334248542785645
	1.0333434343338013
	1.0332671403884888
	1.0331823825836182
	1.0331050157546997
	1.0330238342285156
	1.0329327583312988
	1.0328487157821655
	1.0327707529067993
	1.0326945781707764
	1.0326228141784668
	1.0325554609298706
	1.0324770212173462
	1.0324091911315918
	1.0323313474655151
	1.0322558879852295
	1.0321842432022095
	1.0321063995361328
	1.0320332050323486
	1.0319486856460571
	1.0318777561187744
	1.0317986011505127
	1.031732201576233
	1.031662940979004
	1.031586766242981
	1.0315150022506714
	1.031443476676941
	1.0313695669174194
	1.0312933921813965
	1.0312095880508423
	1.0311440229415894
	1.0310723781585693
	1.030998706817627
	1.0309301614761353
	1.0308637619018555
	1.0307892560958862
	1.0307111740112305
	1.0306472778320312
	1.0305812358856201
	1.030505895614624
	1.0304441452026367
	1.030366063117981
	1.0303034782409668
	1.0302330255508423
	1.0301682949066162
	1.0301061868667603
	1.0300407409667969
	1.0299732685089111
	1.0299044847488403
	1.0298203229904175
	1.029742956161499
	1.0296812057495117
	1.0296097993850708
	1.0295374393463135
	1.0294674634933472
	1.029398798942566
	1.0293418169021606
	1.0292751789093018
	1.0292097330093384
	1.0291327238082886
	1.0290687084197998
	1.029005765914917
	1.028947114944458
	1.0288796424865723
	1.028825283050537
	1.0287656784057617
	1.0287127494812012
	1.0286492109298706
	1.028578281402588
	1.0285241603851318
	1.0284708738327026
	1.0284055471420288
	1.0283472537994385
	1.0282920598983765
	1.0282349586486816
	1.028173804283142
	1.0281208753585815
	1.0280581712722778
	1.027991533279419
	1.0279330015182495
	1.0278633832931519
	1.0278037786483765
	1.027740716934204
	1.0276778936386108
	1.0276234149932861
	1.0275561809539795
	1.0274875164031982
	1.027425765991211
	1.0273696184158325
	1.0273059606552124
	1.0272376537322998
	1.0271823406219482
	1.0271075963974
	1.027040958404541
	1.026975154876709
	1.0269174575805664
	1.0268511772155762
	1.0267980098724365
	1.0267386436462402
	1.0266822576522827
	1.0266176462173462
	1.0265575647354126
	1.026495099067688
	1.0264394283294678
	1.0263752937316895
	1.0263184309005737
	1.0262585878372192
	1.0262067317962646
	1.0261437892913818
	1.0260825157165527
	1.0260332822799683
	1.0259753465652466
	1.0259183645248413
	1.0258642435073853
	1.0258100032806396
	1.0257530212402344
	1.0256990194320679
	1.0256446599960327
	1.0255820751190186
	1.0255210399627686
	1.0254640579223633
	1.0254093408584595
	1.0253525972366333
	1.0252985954284668
	1.0252463817596436
	1.0251942873001099
	1.0251425504684448
	1.0250904560089111
	1.0250307321548462
	1.0249745845794678
	1.0249263048171997
	1.0248736143112183
	1.0248160362243652
	1.0247621536254883
	1.0247135162353516
	1.0246644020080566
	1.0246132612228394
	1.0245647430419922
	1.024509310722351
	1.0244516134262085
	1.024397373199463
	1.0243468284606934
	1.0242983102798462
	1.0242407321929932
	1.024185061454773
	1.0241341590881348
	1.0240862369537354
	1.0240293741226196
	1.0239843130111694
	1.023930549621582
	1.0238747596740723
	1.0238205194473267
	1.0237700939178467
	1.0237191915512085
	1.0236679315567017
	1.0236154794692993
	1.0235658884048462
	1.0235238075256348
	1.0234655141830444
	1.0234119892120361
	1.023359775543213
	1.0233056545257568
	1.023263931274414
	1.0232176780700684
	1.0231778621673584
	1.0231291055679321
	1.0230844020843506
	1.0230363607406616
	1.022995948791504
	1.0229548215866089
	1.02290678024292
	1.0228595733642578
	1.0228065252304077
	1.0227636098861694
	1.0227224826812744
	1.0226753950119019
	1.0226227045059204
	1.0225757360458374
	1.022524118423462
	1.0224647521972656
	1.0224249362945557
	1.0223785638809204
	1.022334337234497
	1.0222907066345215
	1.0222455263137817
	1.0222002267837524
	1.022145390510559
	1.0220952033996582
	1.0220435857772827
	1.0219956636428833
	1.0219484567642212
	1.021899938583374
	1.0218596458435059
	1.0218114852905273
	1.0217710733413696
	1.0217238664627075
	1.0216776132583618
	1.02162766456604
	1.0215766429901123
	1.0215222835540771
	1.0214771032333374
	1.0214262008666992
	1.0213807821273804
	1.0213321447372437
	1.0212793350219727
	1.0212239027023315
	1.0211795568466187
	1.021133542060852
	1.0210903882980347
	1.0210504531860352
	1.021006464958191
	1.0209587812423706
	1.020910382270813
	1.0208665132522583
	1.0208184719085693
	1.0207679271697998
	1.0207287073135376
	1.020680546760559
	1.020634651184082
	1.0205893516540527
	1.0205413103103638
	1.0204962491989136
	1.0204493999481201
	1.0204014778137207
	1.0203649997711182
	1.020321249961853
	1.0202772617340088
	1.020233154296875
	1.0201935768127441
	1.0201536417007446
	1.020111083984375
	1.0200756788253784
	1.020037293434143
	1.01999032497406
	1.0199477672576904
	1.019907832145691
	1.0198664665222168
	1.0198242664337158
	1.019787311553955
	1.0197397470474243
	1.019700288772583
	1.0196586847305298
	1.0196254253387451
	1.0195778608322144
	1.0195393562316895
	1.0194880962371826
	1.019446611404419
	1.019400715827942
	1.0193614959716797
	1.0193240642547607
	1.0192878246307373
	1.019242763519287
	1.0192068815231323
	1.0191571712493896
	1.019114375114441
	1.0190784931182861
	1.0190315246582031
	1.0189881324768066
	1.0189508199691772
	1.0189093351364136
	1.0188629627227783
	1.0188164710998535
	1.0187761783599854
	1.0187383890151978
	1.0187031030654907
	1.0186659097671509
	1.0186213254928589
	1.018584132194519
	1.0185524225234985
	1.0185109376907349
	1.0184731483459473
	1.018437147140503
	1.018398642539978
	1.0183550119400024
	1.0183219909667969
	1.0182900428771973
	1.018246054649353
	1.018202304840088
	1.0181578397750854
	1.018121361732483
	1.0180872678756714
	1.0180507898330688
	1.018010139465332
	1.0179738998413086
	1.0179331302642822
	1.0178974866867065
	1.0178580284118652
	1.017822265625
	1.0177836418151855
	1.0177452564239502
	1.0177053213119507
	1.0176641941070557
	1.017626404762268
	1.0175938606262207
	1.0175591707229614
	1.0175206661224365
	1.0174936056137085
	1.0174572467803955
	1.0174146890640259
	1.017379641532898
	1.017350435256958
	1.0173124074935913
	1.0172793865203857
	1.0172321796417236
	1.0172044038772583
	1.017163634300232
	1.0171247720718384
	1.0170921087265015
	1.0170502662658691
	1.0170049667358398
	1.0169668197631836
	1.0169386863708496
	1.0169050693511963
	1.0168659687042236
	1.0168342590332031
	1.0168015956878662
	1.0167666673660278
	1.016728401184082
	1.0166875123977661
	1.0166555643081665
	1.0166165828704834
	1.016579270362854
	1.0165506601333618
	1.0165079832077026
	1.0164731740951538
	1.0164395570755005
	1.0164026021957397
	1.0163716077804565
	1.0163402557373047
	1.0162988901138306
	1.0162744522094727
	1.0162389278411865
	1.0162028074264526
	1.016174077987671
	1.0161415338516235
	1.0161123275756836
	1.0160809755325317
	1.0160449743270874
	1.0160155296325684
	1.0159913301467896
	1.0159649848937988
	1.015934705734253
	1.0159038305282593
	1.0158765316009521
	1.015835165977478
	1.015803337097168
	1.0157661437988281
	1.0157301425933838
	1.0157012939453125
	1.0156702995300293
	1.0156447887420654
	1.0156217813491821
	1.0155866146087646
	1.0155550241470337
	1.01553213596344
	1.0154999494552612
	1.015460729598999
	1.015433430671692
	1.0154041051864624
	1.015375018119812
	1.0153381824493408
	1.0153050422668457
	1.0152735710144043
	1.0152395963668823
	1.0152112245559692
	1.0151784420013428
	1.0151400566101074
	1.015114188194275
	1.0150758028030396
	1.0150351524353027
	1.0149973630905151
	1.0149672031402588
	1.014937400817871
	1.014901876449585
	1.0148686170578003
	1.0148394107818604
	1.0148097276687622
	1.0147758722305298
	1.0147428512573242
	1.0147180557250977
	1.0146814584732056
	1.014651894569397
	1.0146304368972778
	1.0145957469940186
	1.014566421508789
	1.0145435333251953
	1.014511227607727
	1.0144827365875244
	1.014445424079895
	1.0144109725952148
	1.014390230178833
	1.0143582820892334
	1.0143272876739502
	1.0142923593521118
	1.0142650604248047
	1.014237880706787
	1.0142043828964233
	1.0141792297363281
	1.014148473739624
	1.014115810394287
	1.0140900611877441
	1.0140619277954102
	1.0140342712402344
	1.0140026807785034
	1.0139721632003784
	1.013942837715149
	1.0139261484146118
	1.013903021812439
	1.0138733386993408
	1.013843059539795
	1.0138158798217773
	1.0137898921966553
	1.0137689113616943
	1.0137405395507812
	1.0137079954147339
	1.0136746168136597
	1.0136393308639526
	1.0136103630065918
	1.0135746002197266
	1.0135395526885986
	1.013500452041626
	1.0134754180908203
	1.0134423971176147
	1.013406753540039
	1.0133830308914185
	1.0133460760116577
	1.0133187770843506
	1.0132863521575928
	1.0132553577423096
	1.0132248401641846
	1.0131937265396118
	1.013173222541809
	1.0131442546844482
	1.0131206512451172
	1.013092041015625
	1.0130565166473389
	1.0130336284637451
	1.0130088329315186
	1.0129783153533936
	1.0129482746124268
	1.01291823387146
	1.0128858089447021
	1.0128512382507324
	1.0128296613693237
	1.0128003358840942
	1.0127668380737305
	1.0127432346343994
	1.0127112865447998
	1.012682557106018
	1.0126487016677856
	1.0126217603683472
	1.012589931488037
	1.0125640630722046
	1.0125373601913452
	1.0125148296356201
	1.0124884843826294
	1.0124598741531372
	1.0124242305755615
	1.0123932361602783
	1.0123684406280518
	1.012346863746643
	1.0123211145401
	1.0122907161712646
	1.0122597217559814
	1.0122315883636475
	1.0121992826461792
	1.01217520236969
	1.0121480226516724
	1.0121139287948608
	1.0120799541473389
	1.0120600461959839
	1.0120309591293335
	1.0120022296905518
	1.0119669437408447
	1.0119346380233765
	1.011907696723938
	1.0118954181671143
	1.011867642402649
	1.0118372440338135
	1.011812686920166
	1.011790156364441
	1.0117563009262085
	1.011732578277588
	1.011710286140442
	1.0116820335388184
	1.01165771484375
	1.011629581451416
	1.0116060972213745
	1.0115737915039062
	1.0115514993667603
	1.011523962020874
	1.0115056037902832
	1.0114784240722656
	1.011459469795227
	1.0114266872406006
	1.0114021301269531
	1.0113743543624878
	1.011350393295288
	1.011324405670166
	1.0113009214401245
	1.0112704038619995
	1.0112422704696655
	1.0112096071243286
	1.011178970336914
	1.0111584663391113
	1.0111318826675415
	1.011100172996521
	1.0110712051391602
	1.0110430717468262
	1.0110230445861816
	1.011000633239746
	1.0109730958938599
	1.0109448432922363
	1.010919213294983
	1.0109001398086548
	1.0108733177185059
	1.0108470916748047
	1.0108202695846558
	1.0107953548431396
	1.0107613801956177
	1.0107297897338867
	1.010711908340454
	1.0106866359710693
	1.0106587409973145
	1.0106242895126343
	1.0106080770492554
	1.0105798244476318
	1.010558009147644
	1.0105371475219727
	1.0105156898498535
	1.0104918479919434
	1.0104702711105347
	1.0104514360427856
	1.010421633720398
	1.0103893280029297
	1.0103641748428345
	1.0103340148925781
	1.0103062391281128
	1.0102782249450684
	1.0102572441101074
	1.0102291107177734
	1.0101981163024902
	1.010169506072998
	1.010137677192688
	1.0101139545440674
	1.0100839138031006
	1.0100610256195068
	1.0100361108779907
	1.0100069046020508
	1.0099737644195557
	1.0099600553512573
	1.0099353790283203
	1.0099173784255981
	1.0098838806152344
	1.0098596811294556
	1.0098447799682617
	1.009819507598877
	1.0097999572753906
	1.0097763538360596
	1.0097558498382568
	1.009732961654663
	1.0097023248672485
	1.009676456451416
	1.0096458196640015
	1.0096243619918823
	1.0096005201339722
	1.0095802545547485
	1.0095500946044922
	1.0095278024673462
	1.0095014572143555
	1.009482979774475
	1.0094538927078247
	1.0094279050827026
	1.0094140768051147
	1.0093919038772583
	1.0093613862991333
	1.009334683418274
	1.0093090534210205
	1.0092887878417969
	1.0092542171478271
	1.0092289447784424
	1.009206771850586
	1.0091841220855713
	1.0091570615768433
	1.009139060974121
	1.0091111660003662
	1.0090841054916382
	1.0090556144714355
	1.0090256929397583
	1.0089974403381348
	1.008973479270935
	1.0089424848556519
	1.0089201927185059
	1.0088980197906494
	1.008879542350769
	1.0088613033294678
	1.0088385343551636
	1.0088140964508057
	1.0087932348251343
	1.0087673664093018
	1.0087450742721558
	1.00871741771698
	1.0086907148361206
	1.0086712837219238
	1.0086488723754883
	1.0086263418197632
	1.0085963010787964
	1.0085715055465698
	1.0085474252700806
	1.0085208415985107
	1.008495569229126
	1.0084712505340576
	1.0084443092346191
	1.0084189176559448
	1.0083943605422974
	1.0083727836608887
	1.00834321975708
	1.0083208084106445
	1.0083016157150269
	1.0082842111587524
	1.0082576274871826
	1.0082350969314575
	1.0082093477249146
	1.008180022239685
	1.0081536769866943
	1.008124828338623
	1.0080970525741577
	1.008083462715149
	1.0080525875091553
	1.0080368518829346
	1.0080229043960571
	1.0080019235610962
	1.0079821348190308
	1.0079574584960938
	1.0079339742660522
	1.0079094171524048
	1.0078917741775513
	1.007869839668274
	1.0078526735305786
	1.0078284740447998
	1.0078067779541016
	1.0077825784683228
	1.0077654123306274
	1.0077362060546875
	1.0077153444290161
	1.0076892375946045
	1.0076673030853271
	1.007645606994629
	1.0076284408569336
	1.0076075792312622
	1.0075876712799072
	1.007565975189209
	1.0075472593307495
	1.0075266361236572
	1.0075008869171143
	1.0074818134307861
	1.0074644088745117
	1.0074387788772583
	1.007415771484375
	1.0073894262313843
	1.0073614120483398
	1.0073460340499878
	1.0073200464248657
	1.007298231124878
	1.0072731971740723
	1.007245659828186
	1.007228136062622
	1.0072085857391357
	1.0071874856948853
	1.0071736574172974
	1.0071563720703125
	1.0071277618408203
	1.0071076154708862
	1.0070734024047852
	1.0070513486862183
	1.0070276260375977
	1.0070037841796875
	1.0069795846939087
	1.0069631338119507
	1.006943941116333
	1.0069239139556885
	1.00689697265625
	1.0068734884262085
	1.0068455934524536
	1.0068225860595703
	1.0068074464797974
	1.0067882537841797
	1.0067635774612427
	1.0067389011383057
	1.006709098815918
	1.0066863298416138
	1.00665283203125
	1.006629228591919
	1.0066020488739014
	1.0065854787826538
	1.0065659284591675
	1.006541132926941
	1.0065252780914307
	1.0065083503723145
	1.0064976215362549
	1.006487250328064
	1.006466269493103
	1.0064424276351929
	1.0064191818237305
	1.0063927173614502
	1.0063766241073608
	1.0063585042953491
	1.006339192390442
	1.0063146352767944
	1.0062880516052246
	1.0062639713287354
	1.0062466859817505
	1.0062247514724731
	1.0062066316604614
	1.0061941146850586
	1.0061765909194946
	1.0061520338058472
	1.006126880645752
	1.0061088800430298
	1.0060884952545166
	1.0060698986053467
	1.0060482025146484
	1.0060361623764038
	1.006008267402649
	1.0059800148010254
	1.0059584379196167
	1.0059301853179932
	1.005910038948059
	1.005900502204895
	1.00588059425354
	1.0058708190917969
	1.0058475732803345
	1.0058118104934692
	1.0057882070541382
	1.0057653188705444
	1.0057491064071655
	1.0057311058044434
	1.0057024955749512
	1.0056837797164917
	1.0056626796722412
	1.0056324005126953
	1.005615472793579
	1.005592703819275
	1.0055742263793945
	1.005547046661377
	1.0055279731750488
	1.0055160522460938
	1.005492091178894
	1.005476713180542
	1.0054587125778198
	1.0054367780685425
	1.0054175853729248
	1.0053919553756714
	1.0053669214248657
	1.005342960357666
	1.0053247213363647
	1.0052969455718994
	1.0052789449691772
	1.0052471160888672
	1.0052247047424316
	1.0052043199539185
	1.0051777362823486
	1.0051593780517578
	1.0051393508911133
	1.005115270614624
	1.005086898803711
	1.005064845085144
	1.005042552947998
	1.005018949508667
	1.0050036907196045
	1.0049806833267212
	1.0049586296081543
	1.0049326419830322
	1.0049139261245728
	1.0048884153366089
	1.0048719644546509
	1.0048513412475586
	1.0048308372497559
	1.0048080682754517
	1.0047932863235474
	1.0047670602798462
	1.0047448873519897
	1.0047270059585571
	1.0046982765197754
	1.0046802759170532
	1.0046650171279907
	1.0046409368515015
	1.0046192407608032
	1.004606008529663
	1.0045931339263916
	1.0045626163482666
	1.0045400857925415
	1.0045231580734253
	1.0045020580291748
	1.0044764280319214
	1.0044602155685425
	1.0044357776641846
	1.0044186115264893
	1.0044047832489014
	1.0043851137161255
	1.004355788230896
	1.0043327808380127
	1.0043087005615234
	1.0042879581451416
	1.0042632818222046
	1.004246473312378
	1.0042330026626587
	1.0042097568511963
	1.0041841268539429
	1.0041669607162476
	1.004136085510254
	1.0041205883026123
	1.004106879234314
	1.0040912628173828
	1.004069209098816
	1.0040472745895386
	1.0040223598480225
	1.0039992332458496
	1.0039780139923096
	1.0039538145065308
	1.0039269924163818
	1.003903865814209
	1.0038847923278809
	1.0038660764694214
	1.0038483142852783
	1.0038267374038696
	1.0038081407546997
	1.003794550895691
	1.003772258758545
	1.003750205039978
	1.0037347078323364
	1.0037083625793457
	1.0036908388137817
	1.003676414489746
	1.0036537647247314
	1.0036325454711914
	1.0036146640777588
	1.0036065578460693
	1.003586769104004
	1.0035600662231445
	1.0035319328308105
	1.0035111904144287
	1.0034983158111572
	1.0034676790237427
	1.0034595727920532
	1.0034457445144653
	1.0034312009811401
	1.0034077167510986
	1.003382682800293
	1.003361701965332
	1.0033460855484009
	1.0033321380615234
	1.0033146142959595
	1.0033022165298462
	1.0032857656478882
	1.0032628774642944
	1.003232717514038
	1.0032151937484741
	1.0031996965408325
	1.0031774044036865
	1.0031503438949585
	1.003119945526123
	1.0030981302261353
	1.0030763149261475
	1.0030673742294312
	1.0030454397201538
	1.0030333995819092
	1.0030169486999512
	1.0030015707015991
	1.0029772520065308
	1.0029702186584473
	1.0029593706130981
	1.0029425621032715
	1.0029207468032837
	1.0029017925262451
	1.0028775930404663
	1.002860188484192
	1.002840280532837
	1.002823829650879
	1.0027986764907837
	1.002774715423584
	1.0027514696121216
	1.0027332305908203
	1.0027164220809937
	1.0026909112930298
	1.0026795864105225
	1.002654790878296
	1.0026346445083618
	1.0026195049285889
	1.0026073455810547
	1.0025955438613892
	1.0025826692581177
	1.0025737285614014
	1.0025554895401
	1.0025323629379272
	1.0025156736373901
	1.0024954080581665
	1.0024781227111816
	1.0024573802947998
	1.0024303197860718
	1.0024045705795288
	1.0023770332336426
	1.0023572444915771
	1.0023338794708252
	1.002309799194336
	1.0022993087768555
	1.0022759437561035
	1.0022528171539307
	1.002225399017334
	1.0021941661834717
	1.00217604637146
	1.002152442932129
	1.0021369457244873
	1.0021263360977173
	1.0020986795425415
	1.0020726919174194
	1.0020591020584106
	1.002048373222351
	1.0020328760147095
	1.002023458480835
	1.0020041465759277
	1.0019845962524414
	1.0019714832305908
	1.0019537210464478
	1.0019375085830688
	1.0019170045852661
	1.0018959045410156
	1.0018759965896606
	1.0018550157546997
	1.001839518547058
	1.0018250942230225
	1.0018086433410645
	1.0017926692962646
	1.001776099205017
	1.001752257347107
	1.0017318725585938
	1.0017156600952148
	1.0017040967941284
	1.0016826391220093
	1.0016547441482544
	1.0016366243362427
	1.001619577407837
	1.001597285270691
	1.001572847366333
	1.0015544891357422
	1.001541256904602
	1.001520037651062
	1.0015028715133667
	1.0014876127243042
	1.0014787912368774
	1.001465916633606
	1.0014418363571167
	1.001426100730896
	1.0014201402664185
	1.0014090538024902
	1.0013937950134277
	1.0013794898986816
	1.0013556480407715
	1.0013444423675537
	1.0013163089752197
	1.0012928247451782
	1.0012881755828857
	1.0012660026550293
	1.0012636184692383
	1.0012469291687012
	1.0012356042861938
	1.0012156963348389
	1.001205563545227
	1.0011910200119019
	1.0011814832687378
	1.001173496246338
	1.0011545419692993
	1.001143217086792
	1.0011255741119385
	1.0010961294174194
	1.00108003616333
	1.0010652542114258
	1.001050591468811
	1.001036524772644
	1.0010197162628174
	1.0009979009628296
	1.000986099243164
	1.0009702444076538
	1.0009535551071167
	1.0009326934814453
	1.0009163618087769
	1.000901460647583
	1.0008801221847534
	1.000866413116455
	1.0008513927459717
	1.0008289813995361
	1.0008100271224976
	1.0007860660552979
	1.0007765293121338
	1.000762939453125
	1.0007460117340088
	1.0007262229919434
	1.0007071495056152
	1.0006859302520752
	1.0006753206253052
	1.0006502866744995
	1.0006366968154907
	1.0006129741668701
	1.0005922317504883
	1.0005789995193481
	1.0005619525909424
	1.0005499124526978
	1.000524640083313
	1.000509262084961
	1.0004886388778687
	1.0004680156707764
	1.0004509687423706
	1.000442624092102
	1.0004194974899292
	1.0004074573516846
	1.0003852844238281
	1.000367522239685
	1.0003455877304077
	1.0003316402435303
	1.0003101825714111
	1.0002856254577637
	1.000279188156128
	1.000258207321167
	1.0002450942993164
	1.000231146812439
	1.0002212524414062
	1.000198483467102
	1.0001778602600098
	1.0001567602157593
	1.0001379251480103
	1.000119924545288
	1.0000933408737183
	1.0000704526901245
	1.0000503063201904
	1.0000364780426025
	1.0000247955322266
	1.0000048875808716
	0.9999806880950928
	0.999957799911499
	0.9999423027038574
	0.9999148845672607
	0.9998971819877625
	0.9998792409896851
	0.9998657703399658
	0.9998441934585571
	0.9998223185539246
	0.999805748462677
	0.9997884631156921
	0.9997648596763611
	0.9997497200965881
	0.999744713306427
	0.999728262424469
	0.999714732170105
	0.9997138977050781
	0.9996910095214844
	0.999674916267395
	0.9996563792228699
	0.9996339678764343
	0.9996157288551331
	0.999592125415802
	0.9995812773704529
	0.9995725154876709
	0.9995508790016174
	0.9995266795158386
	0.999518871307373
	0.9994792342185974
	0.9994645714759827
	0.9994393587112427
	0.9994236826896667
	0.9994037747383118
	0.9993767142295837
	0.9993559122085571
	0.9993476271629333
	0.9993382692337036
	0.9993159770965576
	0.9992969036102295
	0.9992908239364624
	0.9992790818214417
	0.9992672204971313
	0.999253511428833
	0.9992311596870422
	0.9992159008979797
	0.9991872906684875
	0.9991773962974548
	0.9991644620895386
	0.9991538524627686
	0.9991402626037598
	0.9991269111633301
	0.9991145133972168
	0.9990929365158081
	0.9990711212158203
	0.9990507960319519
	0.999031126499176
	0.9990250468254089
	0.9990085959434509
	0.9989907145500183
	0.9989681243896484
	0.9989506602287292
	0.9989273548126221
	0.998905599117279
	0.9988975524902344
	0.998882532119751
	0.9988700151443481
	0.9988566040992737
	0.9988451600074768
	0.9988235235214233
	0.9988148212432861
	0.9987964034080505
	0.9987773895263672
	0.9987688064575195
	0.9987469911575317
	0.9987332224845886
	0.9987245798110962
	0.9987080693244934
	0.9986864924430847
	0.998672366142273
	0.9986435770988464
	0.9986326098442078
	0.9986160397529602
	0.9985911846160889
	0.9985842704772949
	0.9985774159431458
	0.998561441898346
	0.9985544085502625
	0.9985353946685791
	0.998512327671051
	0.99848872423172
	0.9984626173973083
	0.9984472393989563
	0.9984294176101685
	0.9984194040298462
	0.9984036684036255
	0.9983903169631958
	0.9983654618263245
	0.9983462691307068
	0.9983282685279846
	0.9983147978782654
	0.9983060956001282
	0.9982877373695374
	0.9982669949531555
	0.9982521533966064
	0.9982377290725708
	0.998222291469574
	0.9982112050056458
	0.9981926083564758
	0.9981852769851685
	0.9981783628463745
	0.9981671571731567
	0.9981536269187927
	0.9981333613395691
	0.9981087446212769
	0.9980953931808472
	0.9980748891830444
	0.9980612397193909
	0.9980486035346985
	0.9980255365371704
	0.9980091452598572
	0.9979903101921082
	0.9979768991470337
	0.9979619979858398
	0.9979496598243713
	0.9979451298713684
	0.9979255795478821
	0.997911810874939
	0.9978997707366943
	0.9978786110877991
	0.9978581070899963
	0.997840166091919
	0.9978170394897461
	0.9978043437004089
	0.997791051864624
	0.9977714419364929
	0.9977459907531738
	0.9977325201034546
	0.9977168440818787
	0.9977126121520996
	0.9976983666419983
	0.9976896047592163
	0.997668981552124
	0.9976562857627869
	0.9976488351821899
	0.9976323246955872
	0.9976094961166382
	0.9975897073745728
	0.9975776672363281
	0.9975526928901672
	0.99753737449646
	0.9975264072418213
	0.9975120425224304
	0.9975082278251648
	0.99748694896698
	0.9974863529205322
	0.9974755644798279
	0.9974706172943115
	0.9974581003189087
	0.9974432587623596
	0.9974274039268494
	0.9974188804626465
	0.9974042773246765
	0.997388482093811
	0.9973742365837097
	0.9973481297492981
	0.9973302483558655
	0.9973160028457642
	0.997296929359436
	0.9972707629203796
	0.9972582459449768
	0.9972366094589233
	0.9972193837165833
	0.9972045421600342
	0.9971954226493835
	0.9971767067909241
	0.9971593022346497
	0.9971468448638916
	0.9971363544464111
	0.997118353843689
	0.997101902961731
	0.9970947504043579
	0.9970693588256836
	0.997048020362854
	0.9970336556434631
	0.997021496295929
	0.9970057010650635
	0.9969884157180786
	0.9969803094863892
	0.9969764351844788
	0.9969642758369446
	0.9969452619552612
	0.9969409704208374
	0.9969319105148315
	0.9969225525856018
	0.996893584728241
	0.9968878626823425
	0.9968714118003845
	0.9968618750572205
	0.9968529343605042
	0.9968345165252686
	0.9968211054801941
	0.9968032836914062
	0.996789813041687
	0.9967742562294006
	0.9967563152313232
	0.9967482686042786
	0.9967381954193115
	0.9967266917228699
	0.9967219829559326
	0.9966945052146912
	0.9966728687286377
	0.9966573715209961
	0.9966381192207336
	0.9966250061988831
	0.9966059923171997
	0.9965932965278625
	0.9965818524360657
	0.9965702891349792
	0.9965521693229675
	0.9965388178825378
	0.9965224862098694
	0.9964962005615234
	0.9964789152145386
	0.9964609146118164
	0.9964506030082703
	0.9964324831962585
	0.996424674987793
	0.9964206218719482
	0.9964107275009155
	0.9964028596878052
	0.9964049458503723
	0.9963946342468262
	0.9963886141777039
	0.9963650703430176
	0.9963511228561401
	0.9963457584381104
	0.9963316917419434
	0.9963126182556152
	0.9963043332099915
	0.9962794780731201
	0.9962648153305054
	0.9962451457977295
	0.9962248802185059
	0.9962071776390076
	0.99620521068573
	0.9961918592453003
	0.9961833953857422
	0.9961735606193542
	0.9961657524108887
	0.9961478114128113
	0.9961305856704712
	0.9961155652999878
	0.9961053729057312
	0.9960870146751404
	0.9960790872573853
	0.9960668683052063
	0.9960636496543884
	0.9960556030273438
	0.9960418343544006
	0.9960411190986633
	0.996042013168335
	0.9960106611251831
	0.9959978461265564
	0.9959893822669983
	0.9959765672683716
	0.9959686398506165
	0.9959568381309509
	0.9959359169006348
	0.9959275126457214
	0.9959156513214111
	0.9958993792533875
	0.9958876371383667
	0.9958824515342712
	0.9958846569061279
	0.9958744645118713
	0.9958590865135193
	0.9958434104919434
	0.9958318471908569
	0.9958310127258301
	0.995822548866272
	0.9958208799362183
	0.9958182573318481
	0.9958136081695557
	0.9958122372627258
	0.9957925081253052
	0.9957833290100098
	0.9957739114761353
	0.9957690238952637
	0.99574875831604
	0.9957370758056641
	0.9957079887390137
	0.9956898093223572
	0.9956773519515991
	0.9956775307655334
	0.9956672191619873
	0.9956653118133545
	0.9956541061401367
	0.9956420063972473
	0.9956346750259399
	0.9956092834472656
	0.9956067204475403
	0.9955995082855225
	0.9955792427062988
	0.9955572485923767
	0.9955617189407349
	0.9955474138259888
	0.9955426454544067
	0.9955316781997681
	0.9955236911773682
	0.9955162405967712
	0.9954970479011536
	0.9954910278320312
	0.9954869747161865
	0.9954608082771301
	0.995452344417572
	0.9954372048377991
	0.9954283237457275
	0.9954181909561157
	0.9954093098640442
	0.9953954219818115
	0.9953876733779907
	0.9953805208206177
	0.9953799247741699
	0.995369017124176
	0.9953636527061462
	0.9953504204750061
	0.9953377842903137
	0.9953235983848572
	0.9953147172927856
	0.9953105449676514
	0.9952861666679382
	0.9952663779258728
	0.9952536821365356
	0.9952574372291565
	0.9952468872070312
	0.9952239990234375
	0.9952160716056824
	0.995206356048584
	0.9951933026313782
	0.9951838254928589
	0.9951712489128113
	0.995153546333313
	0.9951506853103638
	0.9951462745666504
	0.9951414465904236
	0.9951242804527283
	0.9951173067092896
	0.9951133131980896
	0.9951085448265076
	0.9950923323631287
	0.995087742805481
	0.9950740933418274
	0.9950609803199768
	0.9950579404830933
	0.9950377941131592
	0.9950260519981384
	0.9950202107429504
	0.9950075149536133
	0.9949895143508911
	0.9949729442596436
	0.9949665069580078
	0.9949634671211243
	0.9949505925178528
	0.9949322938919067
	0.9949222803115845
	0.9949114322662354
	0.994904637336731
	0.9948866963386536
	0.9948853254318237
	0.9948654770851135
	0.9948505163192749
	0.994841992855072
	0.9948373436927795
	0.9948216676712036
	0.9948133826255798
	0.9947952628135681
	0.9947802424430847
	0.9947670698165894
	0.9947540163993835
	0.9947444200515747
	0.9947324395179749
	0.9947191476821899
	0.9946998953819275
	0.9946823716163635
	0.9946787357330322
	0.9946703910827637
	0.994658887386322
	0.9946566224098206
	0.9946367740631104
	0.9946205615997314
	0.9946144819259644
	0.9945960640907288
	0.9945908188819885
	0.9945765137672424
	0.9945615530014038
	0.9945528507232666
	0.9945449233055115
	0.9945260286331177
	0.9945091009140015
	0.9944998621940613
	0.9944846034049988
	0.9944648742675781
	0.9944544434547424
	0.9944403767585754
	0.9944292306900024
	0.9944159984588623
	0.9944142699241638
	0.9944066405296326
	0.994394063949585
	0.9943769574165344
	0.9943717122077942
	0.9943655133247375
	0.9943434596061707
	0.9943450689315796
	0.9943296909332275
	0.9943194389343262
	0.9942996501922607
	0.9942815899848938
	0.9942773580551147
	0.9942637085914612
	0.9942678213119507
	0.994262158870697
	0.9942490458488464
	0.9942511916160583
	0.9942378997802734
	0.994224488735199
	0.9942194819450378
	0.9942180514335632
	0.9942054152488708
	0.9941824674606323
	0.9941688179969788
	0.9941689372062683
	0.9941492676734924
	0.9941432476043701
	0.9941352605819702
	0.9941363334655762
	0.9941249489784241
	0.9941161870956421
	0.9941169023513794
	0.9941010475158691
	0.994093120098114
	0.9940717220306396
	0.9940568208694458
	0.9940476417541504
	0.9940283894538879
	0.9940211772918701
	0.994001030921936
	0.9939939975738525
	0.9939922094345093
	0.9939796328544617
	0.9939662218093872
	0.9939560294151306
	0.9939517974853516
	0.9939367175102234
	0.9939193725585938
	0.9939091801643372
	0.9939046502113342
	0.9938993453979492
	0.9938856363296509
	0.9938778281211853
	0.9938660860061646
	0.9938544034957886
	0.9938270449638367
	0.9938211441040039
	0.9937958717346191
	0.9937848448753357
	0.9937861561775208
	0.993769109249115
	0.9937548637390137
	0.9937511086463928
	0.9937396049499512
	0.993733823299408
	0.993722677230835
	0.9937115907669067
	0.9937111139297485
	0.993691623210907
	0.9936798810958862
	0.9936692118644714
	0.9936606884002686
	0.9936554431915283
	0.9936466813087463
	0.9936426877975464
	0.993632972240448
	0.9936236143112183
	0.9936220049858093
	0.9936096668243408
	0.9935998916625977
	0.9935951232910156
	0.9935820698738098
	0.9935802221298218
	0.9935668706893921
	0.9935530424118042
	0.9935489892959595
	0.9935331344604492
	0.9935187101364136
	0.9935159683227539
	0.9935041666030884
	0.9934930801391602
	0.9934741854667664
	0.9934595823287964
	0.9934433102607727
	0.9934407472610474
	0.9934319853782654
	0.9934277534484863
	0.9934222102165222
	0.9934165477752686
	0.9934128522872925
	0.9934092164039612
	0.9933930039405823
	0.9933657050132751
	0.9933498501777649
	0.9933534860610962
	0.9933488368988037
	0.993341863155365
	0.993340015411377
	0.9933347702026367
	0.9933335185050964
	0.9933164715766907
	0.9933175444602966
	0.9933128356933594
	0.9933041930198669
	0.9932972192764282
	0.9932847619056702
	0.9932608008384705
	0.9932520389556885
	0.9932456612586975
	0.9932291507720947
	0.9932183623313904
	0.9932029247283936
	0.9932016134262085
	0.9932026267051697
	0.9931817650794983
	0.9931842088699341
	0.9931731820106506
	0.9931609630584717
	0.9931407570838928
	0.9931410551071167
	0.9931342005729675
	0.9931272268295288
	0.993120551109314
	0.9931124448776245
	0.993100106716156
	0.9930858016014099
	0.9930784106254578
	0.9930704236030579
	0.993057906627655
	0.9930570125579834
	0.9930523037910461
	0.9930325150489807
	0.9930256605148315
	0.9930222630500793
	0.993022084236145
	0.9930257201194763
	0.9930164217948914
	0.9930093288421631
	0.99300217628479
	0.99298495054245
	0.9929770827293396
	0.9929686188697815
	0.9929652810096741
	0.9929590821266174
	0.9929450750350952
	0.9929308891296387
	0.9929277896881104
	0.992926836013794
	0.9929215312004089
	0.9929141998291016
	0.9929074048995972
	0.9928985834121704
	0.9928844571113586
	0.9928714632987976
	0.9928622841835022
	0.9928527474403381
	0.9928517937660217
	0.9928465485572815
	0.9928370714187622
	0.9928275346755981
	0.9928328990936279
	0.992810070514679
	0.9927974939346313
	0.9927893280982971
	0.9927794933319092
	0.992793083190918
	0.9927855730056763
	0.9927761554718018
	0.9927694201469421
	0.9927554130554199
	0.9927482008934021
	0.9927393794059753
	0.9927302002906799
	0.992720901966095
	0.992708146572113
	0.9927114248275757
	0.9927064180374146
	0.9927123785018921
	0.9927020072937012
	0.9926842451095581
	0.9926906824111938
	0.9926750063896179
	0.9926623702049255
	0.9926616549491882
	0.9926527142524719
	0.9926519393920898
	0.9926419258117676
	0.9926379919052124
	0.9926262497901917
	0.9926074147224426
	0.992598831653595
	0.9925900101661682
	0.9925865530967712
	0.9925784468650818
	0.9925690293312073
	0.9925551414489746
	0.992544412612915
	0.9925510883331299
	0.9925444722175598
	0.9925329089164734
	0.9925306439399719
	0.9925283789634705
	0.9925169348716736
	0.9925234317779541
	0.9925181865692139
	0.9925122261047363
	0.992504894733429
	0.9924949407577515
	0.9924859404563904
	0.9924765229225159
	0.9924612641334534
	0.9924423694610596
	0.992434024810791
	0.9924408197402954
	0.9924420714378357
	0.9924214482307434
	0.992418110370636
	0.9924150705337524
	0.992419958114624
	0.9924036860466003
	0.9924046397209167
	0.9924054741859436
	0.992403507232666
	0.9923940300941467
	0.9923858642578125
	0.9923831820487976
	0.9923758506774902
	0.9923604130744934
	0.9923579692840576
	0.9923515915870667
	0.992347240447998
	0.9923475980758667
	0.992344081401825
	0.992340087890625
	0.992339551448822
	0.9923321604728699
	0.9923164248466492
	0.9923044443130493
	0.9922985434532166
	0.9922862648963928
	0.992281973361969
	0.9922793507575989
	0.9922714233398438
	0.992261528968811
	0.9922553896903992
	0.9922572374343872
	0.9922477602958679
	0.9922317266464233
	0.9922131299972534
	0.9922105073928833
	0.9922042489051819
	0.9921994805335999
	0.9921778440475464
	0.9921716451644897
	0.9921726584434509
	0.9921609163284302
	0.9921590089797974
	0.9921544194221497
	0.9921525120735168
	0.9921546578407288
	0.9921516180038452
	0.9921393394470215
	0.9921265840530396
	0.9921315312385559
	0.9921227097511292
	0.9921166896820068
	0.9920935034751892
	0.9920834302902222
	0.9920836091041565
	0.9920759201049805
	0.9920702576637268
	0.9920501708984375
	0.9920596480369568
	0.9920653104782104
	0.9920666813850403
	0.992051362991333
	0.9920433759689331
	0.9920324683189392
	0.9920282959938049
	0.9920222759246826
	0.9920111894607544
	0.992001473903656
	0.9920040369033813
	0.991989016532898
	0.9919779896736145
	0.9919695854187012
	0.9919682145118713
	0.9919637441635132
	0.9919516444206238
	0.9919423460960388
]