[
	1.2020502090454102
	1.2018163204193115
	1.2015974521636963
	1.2013640403747559
	1.2011265754699707
	1.2008955478668213
	1.200648546218872
	1.2004215717315674
	1.2001889944076538
	1.1999582052230835
	1.1997398138046265
	1.1995084285736084
	1.199291706085205
	1.199060082435608
	1.1988307237625122
	1.1986019611358643
	1.1983767747879028
	1.198155164718628
	1.1979316473007202
	1.197705864906311
	1.1974889039993286
	1.1972644329071045
	1.1970490217208862
	1.1968343257904053
	1.1966159343719482
	1.1964040994644165
	1.1961901187896729
	1.1959726810455322
	1.1957517862319946
	1.1955312490463257
	1.1953166723251343
	1.1951018571853638
	1.1948857307434082
	1.1946736574172974
	1.1944506168365479
	1.19424569606781
	1.1940312385559082
	1.1938211917877197
	1.193613052368164
	1.193402886390686
	1.1931941509246826
	1.1929881572723389
	1.1927824020385742
	1.1925694942474365
	1.192368507385254
	1.1921703815460205
	1.191965103149414
	1.1917665004730225
	1.1915535926818848
	1.1913442611694336
	1.1911367177963257
	1.1909407377243042
	1.1907386779785156
	1.1905391216278076
	1.190354347229004
	1.1901512145996094
	1.1899653673171997
	1.18976628780365
	1.1895689964294434
	1.1893775463104248
	1.189182996749878
	1.1889922618865967
	1.1888023614883423
	1.188617467880249
	1.1884230375289917
	1.1882412433624268
	1.1880570650100708
	1.1878740787506104
	1.1876906156539917
	1.1874948740005493
	1.1873008012771606
	1.1871144771575928
	1.186927318572998
	1.186753749847412
	1.1865652799606323
	1.1863787174224854
	1.1861965656280518
	1.18602454662323
	1.1858454942703247
	1.185659646987915
	1.185478687286377
	1.1852972507476807
	1.1851139068603516
	1.1849544048309326
	1.1847819089889526
	1.1846102476119995
	1.1844213008880615
	1.1842297315597534
	1.1840471029281616
	1.1838600635528564
	1.183680772781372
	1.183491826057434
	1.1833126544952393
	1.1831259727478027
	1.1829447746276855
	1.1827775239944458
	1.1826062202453613
	1.1824277639389038
	1.1822547912597656
	1.1820801496505737
	1.18190598487854
	1.1817443370819092
	1.1815677881240845
	1.1814024448394775
	1.1812363862991333
	1.1810680627822876
	1.180890440940857
	1.1807143688201904
	1.180538535118103
	1.1803680658340454
	1.1802093982696533
	1.1800470352172852
	1.1798782348632812
	1.1797130107879639
	1.1795375347137451
	1.1793758869171143
	1.1792091131210327
	1.179049015045166
	1.178889274597168
	1.1787313222885132
	1.1785697937011719
	1.1784149408340454
	1.1782485246658325
	1.1780844926834106
	1.1779083013534546
	1.1777552366256714
	1.1776028871536255
	1.177441954612732
	1.1772791147232056
	1.1771178245544434
	1.1769484281539917
	1.1767829656600952
	1.1766279935836792
	1.176458716392517
	1.1763023138046265
	1.176142692565918
	1.1759729385375977
	1.1758161783218384
	1.1756566762924194
	1.1755112409591675
	1.175349235534668
	1.175197720527649
	1.1750370264053345
	1.1748918294906616
	1.1747446060180664
	1.1746032238006592
	1.17446768283844
	1.1743152141571045
	1.1741752624511719
	1.1740269660949707
	1.1738816499710083
	1.1737186908721924
	1.1735618114471436
	1.1734241247177124
	1.1732697486877441
	1.173121452331543
	1.1729735136032104
	1.1728194952011108
	1.1726653575897217
	1.1725132465362549
	1.172369360923767
	1.1722240447998047
	1.1720716953277588
	1.1719123125076294
	1.1717634201049805
	1.1716045141220093
	1.1714519262313843
	1.1713000535964966
	1.171155333518982
	1.171011209487915
	1.170854926109314
	1.1707072257995605
	1.1705540418624878
	1.1704097986221313
	1.1702598333358765
	1.1701056957244873
	1.1699559688568115
	1.169809341430664
	1.1696643829345703
	1.1695202589035034
	1.1693674325942993
	1.1692273616790771
	1.1690772771835327
	1.1689352989196777
	1.168789029121399
	1.1686407327651978
	1.1685054302215576
	1.168372631072998
	1.1682288646697998
	1.168091058731079
	1.167955756187439
	1.1678085327148438
	1.1676669120788574
	1.1675266027450562
	1.1673932075500488
	1.167254090309143
	1.1671197414398193
	1.1669881343841553
	1.166841745376587
	1.166701316833496
	1.1665732860565186
	1.1664375066757202
	1.1662944555282593
	1.1661502122879028
	1.1660133600234985
	1.1658979654312134
	1.165761113166809
	1.165629267692566
	1.1655012369155884
	1.1653705835342407
	1.1652432680130005
	1.165113925933838
	1.1649833917617798
	1.1648415327072144
	1.1647135019302368
	1.1645840406417847
	1.1644566059112549
	1.1643259525299072
	1.1641963720321655
	1.1640634536743164
	1.1639317274093628
	1.1638058423995972
	1.1636615991592407
	1.1635215282440186
	1.1633862257003784
	1.1632623672485352
	1.1631280183792114
	1.162997841835022
	1.162866234779358
	1.1627442836761475
	1.1626137495040894
	1.1624811887741089
	1.1623497009277344
	1.162230372428894
	1.1621084213256836
	1.1619882583618164
	1.161864161491394
	1.1617431640625
	1.1616188287734985
	1.1615015268325806
	1.1613755226135254
	1.1612460613250732
	1.1611284017562866
	1.1610057353973389
	1.160888433456421
	1.1607600450515747
	1.1606460809707642
	1.1605181694030762
	1.1603925228118896
	1.1602650880813599
	1.1601511240005493
	1.1600338220596313
	1.1599175930023193
	1.1597944498062134
	1.1596734523773193
	1.1595505475997925
	1.1594290733337402
	1.1593226194381714
	1.1592024564743042
	1.159085988998413
	1.1589679718017578
	1.1588481664657593
	1.1587202548980713
	1.1585876941680908
	1.1584656238555908
	1.1583465337753296
	1.158228874206543
	1.1581181287765503
	1.1579930782318115
	1.1578680276870728
	1.1577489376068115
	1.1576380729675293
	1.1575238704681396
	1.1574105024337769
	1.1572877168655396
	1.1571804285049438
	1.157060980796814
	1.1569464206695557
	1.1568326950073242
	1.1567178964614868
	1.156602382659912
	1.1564878225326538
	1.1563737392425537
	1.156253695487976
	1.156134009361267
	1.1560217142105103
	1.1558971405029297
	1.155781626701355
	1.155667781829834
	1.1555492877960205
	1.1554381847381592
	1.1553223133087158
	1.155217170715332
	1.155104637145996
	1.1549947261810303
	1.1548856496810913
	1.154770851135254
	1.154655933380127
	1.1545426845550537
	1.1544177532196045
	1.154313325881958
	1.1542049646377563
	1.1540848016738892
	1.1539658308029175
	1.1538536548614502
	1.153734564781189
	1.1536178588867188
	1.1535074710845947
	1.1533886194229126
	1.153289556503296
	1.153172254562378
	1.1530665159225464
	1.1529539823532104
	1.1528269052505493
	1.1527085304260254
	1.1526111364364624
	1.1524943113327026
	1.1523746252059937
	1.152276873588562
	1.1521656513214111
	1.1520613431930542
	1.1519495248794556
	1.1518397331237793
	1.151724934577942
	1.1516170501708984
	1.1514995098114014
	1.1513798236846924
	1.1512717008590698
	1.1511720418930054
	1.1510566473007202
	1.1509521007537842
	1.1508452892303467
	1.150735855102539
	1.1506290435791016
	1.1505217552185059
	1.1504071950912476
	1.1503008604049683
	1.1502031087875366
	1.150098443031311
	1.1499981880187988
	1.149896264076233
	1.1497877836227417
	1.149680733680725
	1.1495800018310547
	1.1494779586791992
	1.1493805646896362
	1.14927339553833
	1.1491732597351074
	1.1490638256072998
	1.1489683389663696
	1.1488655805587769
	1.1487687826156616
	1.1486718654632568
	1.148575782775879
	1.1484766006469727
	1.1483699083328247
	1.148270845413208
	1.148171067237854
	1.1480746269226074
	1.1479711532592773
	1.1478723287582397
	1.147763967514038
	1.1476696729660034
	1.1475646495819092
	1.1474722623825073
	1.1473727226257324
	1.147271752357483
	1.1471786499023438
	1.1470825672149658
	1.1469894647598267
	1.1468900442123413
	1.1467941999435425
	1.1467024087905884
	1.146612286567688
	1.146507740020752
	1.1464061737060547
	1.146302342414856
	1.1462018489837646
	1.1460999250411987
	1.146003007888794
	1.1459077596664429
	1.1458172798156738
	1.1457126140594482
	1.1456228494644165
	1.145530343055725
	1.1454315185546875
	1.1453397274017334
	1.1452499628067017
	1.1451542377471924
	1.1450600624084473
	1.1449573040008545
	1.144857406616211
	1.144757866859436
	1.1446620225906372
	1.1445543766021729
	1.144458293914795
	1.1443699598312378
	1.1442691087722778
	1.1441848278045654
	1.1440894603729248
	1.1439951658248901
	1.143897533416748
	1.1438034772872925
	1.143699288368225
	1.1436086893081665
	1.1435037851333618
	1.1434065103530884
	1.143315315246582
	1.1432204246520996
	1.1431243419647217
	1.1430346965789795
	1.1429411172866821
	1.1428521871566772
	1.1427549123764038
	1.1426756381988525
	1.1425838470458984
	1.142481803894043
	1.1423976421356201
	1.1423059701919556
	1.1422265768051147
	1.1421229839324951
	1.1420354843139648
	1.1419435739517212
	1.1418609619140625
	1.1417587995529175
	1.1416667699813843
	1.1415776014328003
	1.1414904594421387
	1.141405463218689
	1.1413147449493408
	1.1412235498428345
	1.1411309242248535
	1.1410421133041382
	1.1409538984298706
	1.1408640146255493
	1.140772819519043
	1.1406809091567993
	1.1405919790267944
	1.1404958963394165
	1.1404088735580444
	1.140323519706726
	1.1402384042739868
	1.1401524543762207
	1.140059232711792
	1.1399694681167603
	1.139885663986206
	1.1397913694381714
	1.139696717262268
	1.1396162509918213
	1.1395325660705566
	1.1394402980804443
	1.1393558979034424
	1.139267086982727
	1.139178991317749
	1.1390873193740845
	1.1389939785003662
	1.1389063596725464
	1.138803482055664
	1.138718843460083
	1.1386260986328125
	1.1385399103164673
	1.1384588479995728
	1.1383709907531738
	1.138285517692566
	1.1382030248641968
	1.1381125450134277
	1.1380184888839722
	1.1379317045211792
	1.1378403902053833
	1.137756109237671
	1.1376838684082031
	1.137601613998413
	1.137520670890808
	1.1374433040618896
	1.1373704671859741
	1.137281894683838
	1.137199878692627
	1.1371208429336548
	1.1370338201522827
	1.136949062347412
	1.1368578672409058
	1.1367765665054321
	1.1366920471191406
	1.1366122961044312
	1.1365307569503784
	1.136451244354248
	1.1363712549209595
	1.1362888813018799
	1.1362022161483765
	1.1361173391342163
	1.1360417604446411
	1.13595712184906
	1.1358771324157715
	1.135789394378662
	1.1357065439224243
	1.1356176137924194
	1.1355377435684204
	1.1354535818099976
	1.1353778839111328
	1.1353031396865845
	1.1352238655090332
	1.13515043258667
	1.1350799798965454
	1.134999394416809
	1.1349172592163086
	1.1348373889923096
	1.1347585916519165
	1.1346646547317505
	1.1345900297164917
	1.1345034837722778
	1.1344289779663086
	1.1343531608581543
	1.1342600584030151
	1.134177327156067
	1.1340925693511963
	1.1340237855911255
	1.1339424848556519
	1.1338613033294678
	1.1337794065475464
	1.13370680809021
	1.1336328983306885
	1.1335513591766357
	1.1334749460220337
	1.1333975791931152
	1.1333122253417969
	1.1332253217697144
	1.1331485509872437
	1.1330726146697998
	1.132978916168213
	1.1328961849212646
	1.1328212022781372
	1.1327446699142456
	1.1326708793640137
	1.1325955390930176
	1.1325198411941528
	1.1324422359466553
	1.132370948791504
	1.1322897672653198
	1.132218360900879
	1.1321440935134888
	1.1320797204971313
	1.1320079565048218
	1.1319397687911987
	1.1318590641021729
	1.1317822933197021
	1.1317129135131836
	1.1316381692886353
	1.1315573453903198
	1.1314810514450073
	1.1314035654067993
	1.1313273906707764
	1.1312506198883057
	1.1311715841293335
	1.1310949325561523
	1.1310163736343384
	1.130938172340393
	1.130868911743164
	1.1307975053787231
	1.1307238340377808
	1.1306501626968384
	1.1305773258209229
	1.1305042505264282
	1.130423903465271
	1.1303514242172241
	1.130286693572998
	1.130210041999817
	1.1301342248916626
	1.1300618648529053
	1.129993200302124
	1.129923939704895
	1.1298552751541138
	1.1297935247421265
	1.1297197341918945
	1.1296477317810059
	1.1295766830444336
	1.1294982433319092
	1.1294177770614624
	1.1293436288833618
	1.129276990890503
	1.1292026042938232
	1.1291298866271973
	1.1290522813796997
	1.1289763450622559
	1.1289091110229492
	1.1288431882858276
	1.1287777423858643
	1.128702998161316
	1.1286377906799316
	1.1285666227340698
	1.128503441810608
	1.128429651260376
	1.1283645629882812
	1.1282923221588135
	1.1282192468643188
	1.1281477212905884
	1.1280869245529175
	1.1280189752578735
	1.1279475688934326
	1.1278783082962036
	1.1278074979782104
	1.1277371644973755
	1.1276659965515137
	1.127598524093628
	1.127532958984375
	1.127474069595337
	1.1274081468582153
	1.1273373365402222
	1.1272696256637573
	1.1272087097167969
	1.12713623046875
	1.127066969871521
	1.12700355052948
	1.126942753791809
	1.1268689632415771
	1.1268037557601929
	1.1267361640930176
	1.126670002937317
	1.1265995502471924
	1.126534342765808
	1.1264675855636597
	1.1264045238494873
	1.1263397932052612
	1.126272201538086
	1.1262160539627075
	1.1261496543884277
	1.126082181930542
	1.1260218620300293
	1.1259593963623047
	1.125893235206604
	1.12583327293396
	1.1257718801498413
	1.1257073879241943
	1.1256392002105713
	1.1255770921707153
	1.125510811805725
	1.1254448890686035
	1.1253807544708252
	1.1253174543380737
	1.1252549886703491
	1.1251848936080933
	1.1251215934753418
	1.1250561475753784
	1.1249862909317017
	1.1249220371246338
	1.124853491783142
	1.1247926950454712
	1.1247283220291138
	1.1246534585952759
	1.124576210975647
	1.1245197057724
	1.124458909034729
	1.124396800994873
	1.124345064163208
	1.1242778301239014
	1.124218463897705
	1.1241531372070312
	1.1240941286087036
	1.1240313053131104
	1.1239649057388306
	1.123898983001709
	1.1238306760787964
	1.1237651109695435
	1.123703956604004
	1.1236426830291748
	1.1235833168029785
	1.1235209703445435
	1.1234588623046875
	1.123395562171936
	1.123338222503662
	1.1232688426971436
	1.1232064962387085
	1.1231417655944824
	1.1230751276016235
	1.1230090856552124
	1.122944712638855
	1.1228868961334229
	1.1228158473968506
	1.122754454612732
	1.122697353363037
	1.122638463973999
	1.1225870847702026
	1.1225281953811646
	1.1224658489227295
	1.1224013566970825
	1.12233567237854
	1.1222798824310303
	1.1222184896469116
	1.1221649646759033
	1.122110366821289
	1.122050404548645
	1.1219847202301025
	1.121919870376587
	1.1218581199645996
	1.1217926740646362
	1.121729850769043
	1.1216791868209839
	1.1216260194778442
	1.1215711832046509
	1.1215184926986694
	1.1214560270309448
	1.121403694152832
	1.1213533878326416
	1.1212865114212036
	1.1212314367294312
	1.1211835145950317
	1.1211258172988892
	1.1210598945617676
	1.1210029125213623
	1.1209436655044556
	1.1208792924880981
	1.1208263635635376
	1.1207616329193115
	1.1206992864608765
	1.120642066001892
	1.1205872297286987
	1.1205265522003174
	1.1204708814620972
	1.1204124689102173
	1.1203557252883911
	1.1203058958053589
	1.120254635810852
	1.1202014684677124
	1.1201481819152832
	1.1200889348983765
	1.1200295686721802
	1.1199657917022705
	1.119908094406128
	1.1198530197143555
	1.1197924613952637
	1.1197328567504883
	1.1196790933609009
	1.1196136474609375
	1.1195570230484009
	1.1195049285888672
	1.119452953338623
	1.1193996667861938
	1.1193463802337646
	1.1192907094955444
	1.1192327737808228
	1.1191747188568115
	1.1191236972808838
	1.1190723180770874
	1.1190179586410522
	1.1189615726470947
	1.1189059019088745
	1.118844747543335
	1.1187928915023804
	1.1187422275543213
	1.1186953783035278
	1.1186432838439941
	1.118589997291565
	1.1185256242752075
	1.1184766292572021
	1.1184203624725342
	1.1183741092681885
	1.1183183193206787
	1.1182664632797241
	1.118219256401062
	1.1181584596633911
	1.1181087493896484
	1.1180570125579834
	1.118005633354187
	1.1179471015930176
	1.1178909540176392
	1.1178373098373413
	1.1177866458892822
	1.1177293062210083
	1.1176859140396118
	1.1176297664642334
	1.1175771951675415
	1.117531180381775
	1.1174780130386353
	1.1174287796020508
	1.1173760890960693
	1.1173245906829834
	1.117270588874817
	1.1172246932983398
	1.117173433303833
	1.1171234846115112
	1.1170789003372192
	1.1170259714126587
	1.1169713735580444
	1.1169155836105347
	1.1168692111968994
	1.1168242692947388
	1.116769790649414
	1.116719365119934
	1.116674780845642
	1.1166189908981323
	1.1165741682052612
	1.1165202856063843
	1.1164731979370117
	1.1164270639419556
	1.1163796186447144
	1.116331696510315
	1.1162919998168945
	1.116242527961731
	1.1161930561065674
	1.116140604019165
	1.116096019744873
	1.1160470247268677
	1.1159899234771729
	1.1159396171569824
	1.1158933639526367
	1.1158428192138672
	1.1157798767089844
	1.1157249212265015
	1.115673542022705
	1.1156193017959595
	1.1155649423599243
	1.1155173778533936
	1.1154612302780151
	1.1154077053070068
	1.1153604984283447
	1.1153132915496826
	1.1152704954147339
	1.1152321100234985
	1.1151872873306274
	1.1151440143585205
	1.1150965690612793
	1.1150546073913574
	1.1150093078613281
	1.1149612665176392
	1.1149089336395264
	1.1148617267608643
	1.1148205995559692
	1.1147685050964355
	1.1147267818450928
	1.1146833896636963
	1.1146317720413208
	1.114586591720581
	1.1145421266555786
	1.1144887208938599
	1.1144376993179321
	1.1143853664398193
	1.1143403053283691
	1.1142953634262085
	1.1142513751983643
	1.1142038106918335
	1.1141597032546997
	1.1141066551208496
	1.1140578985214233
	1.1140104532241821
	1.1139626502990723
	1.1139215230941772
	1.1138728857040405
	1.1138253211975098
	1.1137759685516357
	1.1137315034866333
	1.113673448562622
	1.1136260032653809
	1.113587498664856
	1.1135368347167969
	1.1134899854660034
	1.1134395599365234
	1.1133919954299927
	1.1133462190628052
	1.113305687904358
	1.1132612228393555
	1.1132192611694336
	1.1131772994995117
	1.1131376028060913
	1.1131012439727783
	1.1130529642105103
	1.113010287284851
	1.1129672527313232
	1.1129224300384521
	1.1128758192062378
	1.1128276586532593
	1.1127811670303345
	1.1127355098724365
	1.1126935482025146
	1.1126513481140137
	1.1126106977462769
	1.112563967704773
	1.1125195026397705
	1.112483024597168
	1.112439513206482
	1.1123887300491333
	1.1123532056808472
	1.1123126745224
	1.1122615337371826
	1.1122159957885742
	1.1121820211410522
	1.112128734588623
	1.1120879650115967
	1.1120414733886719
	1.1119933128356934
	1.111950159072876
	1.1119064092636108
	1.1118582487106323
	1.1118158102035522
	1.1117721796035767
	1.1117315292358398
	1.1116974353790283
	1.111649990081787
	1.1116068363189697
	1.111572265625
	1.1115323305130005
	1.1114946603775024
	1.1114505529403687
	1.1114128828048706
	1.1113651990890503
	1.1113234758377075
	1.1112844944000244
	1.1112408638000488
	1.1111947298049927
	1.111151099205017
	1.111116647720337
	1.1110719442367554
	1.11103355884552
	1.1109998226165771
	1.1109486818313599
	1.1109027862548828
	1.1108567714691162
	1.1108059883117676
	1.110766053199768
	1.1107252836227417
	1.110687017440796
	1.1106531620025635
	1.1106270551681519
	1.1105841398239136
	1.1105453968048096
	1.1105079650878906
	1.1104744672775269
	1.1104316711425781
	1.1103945970535278
	1.1103570461273193
	1.1103204488754272
	1.1102814674377441
	1.1102454662322998
	1.1102142333984375
	1.1101720333099365
	1.1101281642913818
	1.1100869178771973
	1.110055923461914
	1.1100140810012817
	1.1099698543548584
	1.1099385023117065
	1.1098967790603638
	1.1098660230636597
	1.1098347902297974
	1.1097943782806396
	1.1097588539123535
	1.1097075939178467
	1.1096612215042114
	1.1096111536026
	1.1095730066299438
	1.1095314025878906
	1.1094858646392822
	1.1094436645507812
	1.1094001531600952
	1.109365701675415
	1.1093240976333618
	1.1092853546142578
	1.1092479228973389
	1.109217643737793
	1.1091817617416382
	1.1091426610946655
	1.109096646308899
	1.1090508699417114
	1.109012246131897
	1.1089746952056885
	1.1089434623718262
	1.108905553817749
	1.1088660955429077
	1.1088265180587769
	1.1087924242019653
	1.1087486743927002
	1.1087074279785156
	1.1086689233779907
	1.1086342334747314
	1.1085952520370483
	1.1085530519485474
	1.1085137128829956
	1.1084738969802856
	1.108426809310913
	1.1083929538726807
	1.1083600521087646
	1.1083225011825562
	1.1082850694656372
	1.1082509756088257
	1.1082074642181396
	1.1081796884536743
	1.1081501245498657
	1.108107566833496
	1.1080595254898071
	1.1080172061920166
	1.107984185218811
	1.1079469919204712
	1.1079120635986328
	1.1078706979751587
	1.1078351736068726
	1.1078035831451416
	1.1077722311019897
	1.1077330112457275
	1.1076961755752563
	1.1076600551605225
	1.1076170206069946
	1.1075711250305176
	1.1075356006622314
	1.1074949502944946
	1.1074550151824951
	1.1074093580245972
	1.1073713302612305
	1.1073393821716309
	1.1073096990585327
	1.1072744131088257
	1.1072334051132202
	1.107198715209961
	1.107161045074463
	1.1071248054504395
	1.1070823669433594
	1.1070466041564941
	1.1070115566253662
	1.106977939605713
	1.1069339513778687
	1.1068974733352661
	1.106858491897583
	1.1068191528320312
	1.1067756414413452
	1.1067430973052979
	1.106701135635376
	1.106665015220642
	1.1066285371780396
	1.106590986251831
	1.1065609455108643
	1.1065280437469482
	1.1064984798431396
	1.1064627170562744
	1.106422781944275
	1.1063848733901978
	1.1063547134399414
	1.1063193082809448
	1.1062836647033691
	1.1062450408935547
	1.1062053442001343
	1.1061789989471436
	1.1061428785324097
	1.1061137914657593
	1.1060734987258911
	1.1060329675674438
	1.1060023307800293
	1.1059726476669312
	1.1059364080429077
	1.1059010028839111
	1.1058555841445923
	1.1058204174041748
	1.1057769060134888
	1.105739712715149
	1.1057039499282837
	1.105666160583496
	1.1056358814239502
	1.1056064367294312
	1.1055697202682495
	1.1055306196212769
	1.1054993867874146
	1.1054683923721313
	1.1054348945617676
	1.1053956747055054
	1.1053662300109863
	1.1053354740142822
	1.1053011417388916
	1.1052651405334473
	1.1052422523498535
	1.105209469795227
	1.1051769256591797
	1.1051405668258667
	1.1051009893417358
	1.10506010055542
	1.1050376892089844
	1.1050087213516235
	1.1049805879592896
	1.1049445867538452
	1.104910135269165
	1.1048752069473267
	1.1048401594161987
	1.104811429977417
	1.1047780513763428
	1.1047356128692627
	1.1047015190124512
	1.104666829109192
	1.1046315431594849
	1.1046011447906494
	1.1045628786087036
	1.1045273542404175
	1.104498267173767
	1.1044728755950928
	1.1044362783432007
	1.1044002771377563
	1.1043747663497925
	1.1043368577957153
	1.1043065786361694
	1.10426926612854
	1.104236364364624
	1.1042059659957886
	1.104180932044983
	1.1041481494903564
	1.104117751121521
	1.10408616065979
	1.1040520668029785
	1.104019045829773
	1.1039823293685913
	1.1039505004882812
	1.103918433189392
	1.1038753986358643
	1.1038355827331543
	1.1037943363189697
	1.1037641763687134
	1.1037304401397705
	1.103703498840332
	1.1036756038665771
	1.1036378145217896
	1.1036094427108765
	1.1035748720169067
	1.1035518646240234
	1.1035040616989136
	1.103469729423523
	1.103440523147583
	1.1034115552902222
	1.1033823490142822
	1.1033457517623901
	1.1033135652542114
	1.103284239768982
	1.1032588481903076
	1.103222370147705
	1.1031908988952637
	1.1031619310379028
	1.1031321287155151
	1.1030956506729126
	1.1030725240707397
	1.103041172027588
	1.1030069589614868
	1.1029913425445557
	1.102968692779541
	1.102939248085022
	1.1029109954833984
	1.1028852462768555
	1.102855920791626
	1.102825403213501
	1.102794885635376
	1.1027649641036987
	1.102730631828308
	1.1027017831802368
	1.1026692390441895
	1.1026345491409302
	1.102607011795044
	1.1025722026824951
	1.1025431156158447
	1.10250723361969
	1.1024760007858276
	1.102448582649231
	1.1024187803268433
	1.1023906469345093
	1.102353572845459
	1.1023203134536743
	1.1022859811782837
	1.1022648811340332
	1.1022273302078247
	1.1022089719772339
	1.102185845375061
	1.1021485328674316
	1.1021233797073364
	1.1020925045013428
	1.102063775062561
	1.1020277738571167
	1.1019941568374634
	1.1019541025161743
	1.1019227504730225
	1.1018955707550049
	1.1018493175506592
	1.101818561553955
	1.1017861366271973
	1.1017557382583618
	1.1017249822616577
	1.101691722869873
	1.1016677618026733
	1.10163152217865
	1.1016056537628174
	1.1015684604644775
	1.1015435457229614
	1.101510763168335
	1.101478934288025
	1.1014456748962402
	1.1014212369918823
	1.1013940572738647
	1.101366639137268
	1.1013412475585938
	1.1013094186782837
	1.1012836694717407
	1.1012513637542725
	1.1012283563613892
	1.1012027263641357
	1.1011768579483032
	1.10114586353302
	1.1011207103729248
	1.101089596748352
	1.1010557413101196
	1.1010286808013916
	1.1010068655014038
	1.1009833812713623
	1.100946307182312
	1.1009154319763184
	1.1008824110031128
	1.1008501052856445
	1.1008206605911255
	1.1007862091064453
	1.1007649898529053
	1.1007429361343384
	1.1007136106491089
	1.1006851196289062
	1.100659728050232
	1.1006274223327637
	1.1005886793136597
	1.1005573272705078
	1.1005299091339111
	1.1005066633224487
	1.1004732847213745
	1.1004482507705688
	1.1004250049591064
	1.1003888845443726
	1.1003572940826416
	1.1003272533416748
	1.1002960205078125
	1.1002687215805054
	1.1002404689788818
	1.1002075672149658
	1.100173830986023
	1.1001437902450562
	1.100113868713379
	1.1000806093215942
	1.1000542640686035
	1.1000241041183472
	1.1000016927719116
	1.0999715328216553
	1.0999451875686646
	1.0999187231063843
	1.0998867750167847
	1.0998640060424805
	1.0998311042785645
	1.0998023748397827
	1.0997662544250488
	1.0997319221496582
	1.0997045040130615
	1.0996723175048828
	1.0996456146240234
	1.0996273756027222
	1.0995959043502808
	1.0995739698410034
	1.099549651145935
	1.0995221138000488
	1.0994852781295776
	1.0994590520858765
	1.0994285345077515
	1.099401831626892
	1.099374771118164
	1.0993480682373047
	1.0993212461471558
	1.0992872714996338
	1.099265694618225
	1.0992354154586792
	1.0992040634155273
	1.0991833209991455
	1.0991631746292114
	1.0991374254226685
	1.0991075038909912
	1.0990819931030273
	1.0990574359893799
	1.0990325212478638
	1.0990010499954224
	1.0989809036254883
	1.098957896232605
	1.0989328622817993
	1.098907470703125
	1.0988795757293701
	1.0988496541976929
	1.0988147258758545
	1.0987908840179443
	1.0987637042999268
	1.098739743232727
	1.0987077951431274
	1.0986839532852173
	1.0986511707305908
	1.0986194610595703
	1.0985912084579468
	1.0985639095306396
	1.0985220670700073
	1.0984984636306763
	1.098467230796814
	1.0984458923339844
	1.0984184741973877
	1.0983887910842896
	1.098358392715454
	1.098328948020935
	1.0983086824417114
	1.0982813835144043
	1.0982507467269897
	1.0982199907302856
	1.098193883895874
	1.098160982131958
	1.0981345176696777
	1.098109245300293
	1.0980745553970337
	1.098039984703064
	1.0980063676834106
	1.0979809761047363
	1.0979548692703247
	1.0979278087615967
	1.0978999137878418
	1.0978775024414062
	1.097854733467102
	1.0978238582611084
	1.0977919101715088
	1.0977662801742554
	1.097740888595581
	1.0977110862731934
	1.0976848602294922
	1.0976606607437134
	1.0976346731185913
	1.0976160764694214
	1.0975884199142456
	1.0975672006607056
	1.0975340604782104
	1.0975010395050049
	1.0974740982055664
	1.0974452495574951
	1.0974225997924805
	1.0974057912826538
	1.0973730087280273
	1.0973409414291382
	1.0973196029663086
	1.097294807434082
	1.0972684621810913
	1.0972367525100708
	1.097206950187683
	1.09717857837677
	1.0971558094024658
	1.097130537033081
	1.0971059799194336
	1.0970829725265503
	1.0970606803894043
	1.0970327854156494
	1.0970110893249512
	1.0969840288162231
	1.0969550609588623
	1.096939206123352
	1.096909761428833
	1.0968852043151855
	1.0968581438064575
	1.0968270301818848
	1.0967944860458374
	1.0967686176300049
	1.0967402458190918
	1.0967148542404175
	1.0966882705688477
	1.096656084060669
	1.096628189086914
	1.0966084003448486
	1.09658682346344
	1.0965713262557983
	1.096545934677124
	1.0965324640274048
	1.0965007543563843
	1.0964754819869995
	1.096452236175537
	1.0964279174804688
	1.09640634059906
	1.0963845252990723
	1.096360683441162
	1.0963311195373535
	1.096308708190918
	1.0962811708450317
	1.0962592363357544
	1.0962388515472412
	1.0962148904800415
	1.0961889028549194
	1.096161127090454
	1.0961425304412842
	1.096113681793213
	1.0960897207260132
	1.0960636138916016
	1.0960396528244019
	1.096017837524414
	1.096001386642456
	1.095971941947937
	1.0959339141845703
	1.0959126949310303
	1.0958905220031738
	1.0958659648895264
	1.0958436727523804
	1.0958136320114136
	1.0957930088043213
	1.0957684516906738
	1.095746636390686
	1.0957218408584595
	1.0956969261169434
	1.0956648588180542
	1.0956454277038574
	1.095616102218628
	1.0955917835235596
	1.095566987991333
	1.095546007156372
	1.0955206155776978
	1.0954995155334473
	1.0954729318618774
	1.095457673072815
	1.095432996749878
	1.0954190492630005
	1.0953936576843262
	1.0953649282455444
	1.0953311920166016
	1.095302939414978
	1.0952820777893066
	1.095267415046692
	1.0952463150024414
	1.095228672027588
	1.0952088832855225
	1.0951814651489258
	1.0951554775238037
	1.0951378345489502
	1.0951118469238281
	1.0950902700424194
	1.0950647592544556
	1.0950430631637573
	1.095026969909668
	1.0949985980987549
	1.0949794054031372
	1.094956874847412
	1.094939112663269
	1.094904899597168
	1.094881296157837
	1.0948638916015625
	1.0948400497436523
	1.094820261001587
	1.0948021411895752
	1.0947850942611694
	1.0947630405426025
	1.0947318077087402
	1.0947104692459106
	1.0946855545043945
	1.0946619510650635
	1.0946406126022339
	1.0946155786514282
	1.0946004390716553
	1.094574213027954
	1.0945533514022827
	1.0945340394973755
	1.0945090055465698
	1.0944799184799194
	1.0944597721099854
	1.094439148902893
	1.0944099426269531
	1.0943877696990967
	1.0943610668182373
	1.094340443611145
	1.094310998916626
	1.0942870378494263
	1.0942630767822266
	1.0942366123199463
	1.094217300415039
	1.0942023992538452
	1.0941811800003052
	1.0941548347473145
	1.0941325426101685
	1.094110131263733
	1.0940945148468018
	1.094075083732605
	1.0940439701080322
	1.0940276384353638
	1.0940052270889282
	1.0939871072769165
	1.0939644575119019
	1.093948245048523
	1.09393310546875
	1.0939109325408936
	1.0938875675201416
	1.093862771987915
	1.093830943107605
	1.0938103199005127
	1.093790888786316
	1.0937663316726685
	1.0937421321868896
	1.0937186479568481
	1.0937048196792603
	1.0936845541000366
	1.0936647653579712
	1.0936414003372192
	1.0936222076416016
	1.09359872341156
	1.0935860872268677
	1.0935674905776978
	1.0935437679290771
	1.0935227870941162
	1.0935014486312866
	1.093481183052063
	1.0934613943099976
	1.0934422016143799
	1.0934165716171265
	1.0933881998062134
	1.0933595895767212
	1.0933409929275513
	1.0933223962783813
	1.093302607536316
	1.09328293800354
	1.093259334564209
	1.0932453870773315
	1.0932271480560303
	1.093204140663147
	1.0931769609451294
	1.0931613445281982
	1.0931445360183716
	1.0931262969970703
	1.093104362487793
	1.0930752754211426
	1.0930567979812622
	1.0930277109146118
	1.093007206916809
	1.092996597290039
	1.0929754972457886
	1.0929566621780396
	1.0929288864135742
	1.0929099321365356
	1.0928875207901
	1.0928679704666138
	1.0928477048873901
	1.0928226709365845
	1.0928033590316772
	1.0927882194519043
	1.0927708148956299
	1.0927581787109375
	1.0927451848983765
	1.0927320718765259
	1.0927069187164307
	1.0926965475082397
	1.0926783084869385
	1.092655897140503
	1.0926356315612793
	1.0926179885864258
	1.0926014184951782
	1.0925809144973755
	1.0925637483596802
	1.0925357341766357
	1.0925205945968628
	1.0925092697143555
	1.0924909114837646
	1.0924735069274902
	1.09245765209198
	1.092442512512207
	1.0924251079559326
	1.0923959016799927
	1.0923810005187988
	1.0923616886138916
	1.0923441648483276
	1.0923212766647339
	1.0922878980636597
	1.0922731161117554
	1.0922497510910034
	1.0922316312789917
	1.0922154188156128
	1.092193603515625
	1.0921728610992432
	1.092162013053894
	1.0921493768692017
	1.092136263847351
	1.09212064743042
	1.0921019315719604
	1.0920857191085815
	1.0920758247375488
	1.0920593738555908
	1.0920435190200806
	1.0920302867889404
	1.092012882232666
	1.0919970273971558
	1.0919746160507202
	1.0919601917266846
	1.091943383216858
	1.0919336080551147
	1.0919134616851807
	1.0918986797332764
	1.0918877124786377
	1.0918687582015991
	1.0918498039245605
	1.0918329954147339
	1.0918149948120117
	1.0918039083480835
	1.0917959213256836
	1.091780185699463
	1.0917645692825317
	1.0917562246322632
	1.0917390584945679
	1.0917245149612427
	1.0917085409164429
	1.091685175895691
	1.0916740894317627
	1.0916519165039062
	1.0916284322738647
	1.0916107892990112
	1.0915946960449219
	1.0915807485580444
	1.0915640592575073
	1.0915570259094238
	1.0915316343307495
	1.0915144681930542
	1.0914958715438843
	1.091468095779419
	1.0914487838745117
	1.0914286375045776
	1.0914123058319092
	1.0913965702056885
	1.091382384300232
	1.0913581848144531
	1.0913420915603638
	1.0913257598876953
	1.091312050819397
	1.0912926197052002
	1.091274619102478
	1.0912551879882812
	1.0912419557571411
	1.0912293195724487
	1.091210961341858
	1.0912045240402222
	1.0911879539489746
	1.0911797285079956
	1.0911651849746704
	1.0911507606506348
	1.0911318063735962
	1.0911145210266113
	1.0911023616790771
	1.0910842418670654
	1.0910704135894775
	1.0910614728927612
	1.0910465717315674
	1.0910245180130005
	1.0910032987594604
	1.0909948348999023
	1.09097421169281
	1.0909655094146729
	1.0909464359283447
	1.0909239053726196
	1.090910792350769
	1.0908938646316528
	1.0908812284469604
	1.0908654928207397
	1.0908478498458862
	1.090834140777588
	1.0908193588256836
	1.0907981395721436
	1.0907841920852661
	1.090766429901123
	1.0907435417175293
	1.0907312631607056
	1.090713620185852
	1.0906983613967896
	1.0906869173049927
	1.0906651020050049
	1.09064519405365
	1.090632438659668
	1.090623378753662
	1.0905970335006714
	1.090578317642212
	1.0905632972717285
	1.0905457735061646
	1.0905276536941528
	1.0905061960220337
	1.090493083000183
	1.0904743671417236
	1.0904606580734253
	1.0904436111450195
	1.0904263257980347
	1.0904121398925781
	1.0903924703598022
	1.090376615524292
	1.0903633832931519
	1.0903428792953491
	1.090333104133606
	1.0903174877166748
	1.0902997255325317
	1.090284824371338
	1.090272307395935
	1.0902632474899292
	1.0902502536773682
	1.0902312994003296
	1.0902202129364014
	1.0902045965194702
	1.0901899337768555
	1.0901716947555542
	1.090163230895996
	1.0901544094085693
	1.0901402235031128
	1.0901278257369995
	1.0901074409484863
	1.090090036392212
	1.0900644063949585
	1.0900450944900513
	1.0900317430496216
	1.0900111198425293
	1.0899940729141235
	1.0899807214736938
	1.0899676084518433
	1.0899510383605957
	1.0899333953857422
	1.0899107456207275
	1.089898943901062
	1.0898914337158203
	1.089867353439331
	1.0898523330688477
	1.0898383855819702
	1.089822769165039
	1.0898113250732422
	1.0897982120513916
	1.0897854566574097
	1.0897736549377441
	1.0897585153579712
	1.0897458791732788
	1.089734435081482
	1.089718222618103
	1.0896964073181152
	1.0896811485290527
	1.089671015739441
	1.089663028717041
	1.0896493196487427
	1.0896326303482056
	1.0896142721176147
	1.0896027088165283
	1.089587688446045
	1.089566707611084
	1.0895546674728394
	1.0895442962646484
	1.0895352363586426
	1.089522123336792
	1.0895100831985474
	1.0894966125488281
	1.0894789695739746
	1.0894701480865479
	1.0894590616226196
	1.0894484519958496
	1.089437484741211
	1.0894238948822021
	1.089399814605713
	1.0893898010253906
	1.0893813371658325
	1.089371919631958
	1.0893529653549194
	1.0893405675888062
	1.0893173217773438
	1.0893019437789917
	1.0892797708511353
	1.0892598628997803
	1.0892480611801147
	1.0892351865768433
	1.0892224311828613
	1.0892062187194824
	1.089198112487793
	1.0891824960708618
	1.0891820192337036
	1.0891660451889038
	1.0891517400741577
	1.0891441106796265
	1.0891367197036743
	1.0891320705413818
	1.0891263484954834
	1.089110255241394
	1.0890958309173584
	1.0890827178955078
	1.0890638828277588
	1.0890470743179321
	1.0890257358551025
	1.0890166759490967
	1.0890029668807983
	1.088987112045288
	1.0889779329299927
	1.0889678001403809
	1.0889570713043213
	1.0889452695846558
	1.0889415740966797
	1.088929295539856
	1.0889182090759277
	1.0889049768447876
	1.0888928174972534
	1.0888830423355103
	1.0888729095458984
	1.0888581275939941
	1.0888489484786987
	1.088840365409851
	1.088820219039917
	1.088810682296753
	1.0887980461120605
	1.0887902975082397
	1.0887795686721802
	1.0887690782546997
	1.0887593030929565
	1.0887452363967896
	1.0887267589569092
	1.0887054204940796
	1.0887011289596558
	1.0886869430541992
	1.0886791944503784
	1.088670015335083
	1.0886579751968384
	1.0886476039886475
	1.0886344909667969
	1.0886263847351074
	1.0886129140853882
	1.0886093378067017
	1.0885934829711914
	1.0885798931121826
	1.0885711908340454
	1.088564157485962
	1.0885446071624756
	1.088538408279419
	1.0885285139083862
	1.0885111093521118
	1.0885028839111328
	1.088492751121521
	1.088480830192566
	1.0884701013565063
	1.0884480476379395
	1.0884325504302979
	1.0884181261062622
	1.08841073513031
	1.0883991718292236
	1.088391661643982
	1.0883870124816895
	1.088372826576233
	1.088360071182251
	1.0883480310440063
	1.088331699371338
	1.0883252620697021
	1.0883139371871948
	1.088301658630371
	1.0882891416549683
	1.0882827043533325
	1.0882811546325684
	1.0882794857025146
	1.0882679224014282
	1.0882624387741089
	1.0882526636123657
	1.0882467031478882
	1.0882269144058228
	1.0882145166397095
	1.0882065296173096
	1.088199496269226
	1.088192105293274
	1.088179588317871
	1.0881768465042114
	1.088170051574707
	1.0881534814834595
	1.0881394147872925
	1.0881235599517822
	1.0881062746047974
	1.0880918502807617
	1.088077425956726
	1.088062047958374
	1.0880441665649414
	1.088043212890625
	1.0880370140075684
	1.0880186557769775
	1.0880131721496582
	1.0880035161972046
	1.087986946105957
	1.087977409362793
	1.0879607200622559
	1.0879522562026978
	1.087937355041504
	1.087931513786316
	1.0879228115081787
	1.0879065990447998
	1.0878947973251343
	1.0878885984420776
	1.0878829956054688
	1.0878851413726807
	1.0878797769546509
	1.0878686904907227
	1.0878629684448242
	1.0878576040267944
	1.0878509283065796
	1.0878455638885498
	1.087838888168335
	1.0878329277038574
	1.0878161191940308
	1.087810754776001
	1.0877963304519653
	1.0877846479415894
	1.0877759456634521
	1.0877639055252075
	1.0877552032470703
	1.0877467393875122
	1.0877434015274048
	1.0877412557601929
	1.08773672580719
	1.0877271890640259
	1.0877119302749634
	1.087712287902832
	1.0876938104629517
	1.087683081626892
	1.0876739025115967
	1.0876597166061401
	1.0876491069793701
	1.0876332521438599
	1.087617039680481
	1.0876033306121826
	1.087591528892517
	1.0875903367996216
	1.0875805616378784
	1.0875705480575562
	1.0875707864761353
	1.0875658988952637
	1.0875557661056519
	1.0875533819198608
	1.087545394897461
	1.0875341892242432
	1.0875245332717896
	1.087520718574524
	1.0875191688537598
	1.0875093936920166
	1.0875046253204346
	1.0874923467636108
	1.0874855518341064
	1.0874773263931274
	1.0874696969985962
	1.0874629020690918
	1.0874614715576172
	1.0874509811401367
	1.0874501466751099
	1.0874398946762085
	1.087424874305725
	1.0874210596084595
	1.0874085426330566
	1.0873925685882568
	1.0873878002166748
	1.0873709917068481
	1.0873618125915527
	1.0873453617095947
	1.0873310565948486
	1.087322473526001
	1.0873111486434937
	1.0873072147369385
	1.0872973203659058
	1.0872877836227417
	1.0872818231582642
	1.0872719287872314
	1.0872710943222046
	1.0872617959976196
	1.0872496366500854
	1.0872423648834229
	1.087236762046814
	1.0872242450714111
	1.0872186422348022
	1.0872129201889038
	1.087205410003662
	1.0871930122375488
	1.0871752500534058
	1.0871745347976685
	1.0871671438217163
	1.0871537923812866
	1.0871553421020508
	1.0871522426605225
	1.0871460437774658
	1.087140440940857
	1.0871275663375854
	1.0871175527572632
	1.0871105194091797
	1.0870996713638306
	1.0870933532714844
	1.0870906114578247
	1.0870848894119263
	1.0870745182037354
	1.0870692729949951
	1.0870671272277832
	1.0870600938796997
	1.0870487689971924
	1.087042212486267
	1.0870261192321777
	1.0870212316513062
	1.087014079093933
	1.0870105028152466
	1.087003469467163
	1.0869978666305542
	1.08699369430542
	1.086989402770996
	1.0869892835617065
	1.0869779586791992
	1.0869675874710083
	1.0869511365890503
	1.0869441032409668
	1.0869383811950684
	1.0869338512420654
	1.086923599243164
	1.0869237184524536
	1.0869184732437134
	1.0869140625
	1.0869060754776
	1.0868961811065674
	1.0868902206420898
	1.0868853330612183
	1.0868757963180542
	1.086871862411499
	1.086870789527893
	1.0868655443191528
	1.0868570804595947
]