[
	0.8029188488664551
	0.8030782770731404
	0.8032286362987238
	0.8033762447937588
	0.8035267540011842
	0.8036721055556277
	0.8037993716657181
	0.8039207588309586
	0.8040540273173084
	0.8041592529352272
	0.8042764555173616
	0.8043973959952724
	0.8045162002498389
	0.8046236816400779
	0.8047397241929576
	0.8048520410846134
	0.8049657324132692
	0.8050705267971293
	0.8051623365443644
	0.8052707182709903
	0.8053721561679231
	0.805487983422724
	0.8055829308308735
	0.8056657163259774
	0.8057547478013976
	0.8058425956293119
	0.8059261055836655
	0.8060091653774468
	0.8060912232609088
	0.806178186961877
	0.8062725310827397
	0.8063405461986166
	0.8064144784235601
	0.8064952367652582
	0.8065724189853144
	0.8066550630528218
	0.8067328103096038
	0.806792316074052
	0.8068676530890798
	0.8069445213315704
	0.8070115437921175
	0.807077288364822
	0.8071335197026271
	0.8071857512074904
	0.8072580537089985
	0.8073093786975155
	0.8073637395132127
	0.8074242445680531
	0.807484229473149
	0.8075435069029477
	0.8075874821025093
	0.8076442808414228
	0.8077060293823053
	0.8077501713282571
	0.8077984586246684
	0.8078432177135852
	0.8078910273560407
	0.8079298269173761
	0.8079762912846158
	0.8080285010134408
	0.8080822730611431
	0.8081277319213582
	0.8081816650772495
	0.8082236040035782
	0.8082792091244813
	0.8083295491477601
	0.8083734251479735
	0.8084082728475724
	0.8084426497228233
	0.8084874744509735
	0.8085240272503081
	0.8085485197372714
	0.8085903521821736
	0.8086198125424129
	0.8086576268743145
	0.8086972572235507
	0.8087390956186856
	0.8087765799665229
	0.8088173201595181
	0.8088525965980954
	0.8088849041113947
	0.8089061915976158
	0.8089350320601236
	0.8089668427037277
	0.8089792695140939
	0.8090113534210378
	0.8090387287840813
	0.8090617436052796
	0.8090857900221058
	0.8091087841126365
	0.809132690581439
	0.809156766563594
	0.8091784249868208
	0.8092052602854249
	0.8092378814598219
	0.809260899926669
	0.8092839875788306
	0.8093063447880091
	0.809326172093477
	0.8093428669329537
	0.8093615420423037
	0.8093883026658533
	0.8094140452491864
	0.809442519670707
	0.8094552815853392
	0.8094870016160953
	0.8095146085523794
	0.809530378960507
	0.8095534182885901
	0.8095843842496417
	0.8096054504935889
	0.8096225108485031
	0.8096527645670816
	0.8096815765450252
	0.8097021121376373
	0.8097322087802562
	0.8097458399137961
	0.8097666036693965
	0.809772032640603
	0.8098016931051015
	0.8098212042291189
	0.8098333232765117
	0.809857471418212
	0.8098776147375952
	0.8098934004586071
	0.8099077991895542
	0.8099154581725384
	0.8099374020711013
	0.8099546358237864
	0.8099715255343617
	0.8099976411837567
	0.8100207823818623
	0.8100405862243736
	0.810048214729299
	0.8100708070264488
	0.8100860328810047
	0.8100968972611451
	0.8101148899849564
	0.8101263066802005
	0.8101351358500559
	0.8101486662829314
	0.8101624590915488
	0.8101711355651934
	0.8101796160571376
	0.8101917226300506
	0.8102095829505374
	0.8102249626135545
	0.8102457597984613
	0.8102492853290088
	0.8102550524132804
	0.810254921663616
	0.8102588752689183
	0.8102689817665005
	0.8102668046869577
	0.8102786143519062
	0.8103003627917003
	0.8103035762293195
	0.8103312266490756
	0.8103436794310919
	0.8103518317146162
	0.810353250512353
	0.8103561659864323
	0.8103640823448858
	0.8103713433117199
	0.8103841954413459
	0.8104018872570509
	0.8104087463931391
	0.8104142149010158
	0.8104289377485211
	0.8104276889563394
	0.8104376980971304
	0.8104393558269588
	0.8104490942070295
	0.8104566927876303
	0.8104715242059
	0.8104633063604678
	0.810465930496524
	0.8104677643703531
	0.8104668730323593
	0.810479493394861
	0.8104864368035284
	0.8104984031896737
	0.8104965715939203
	0.8105058242941852
	0.8105107417144793
	0.8105092325535365
	0.810513655892732
	0.8105169419626083
	0.8105234687050112
	0.8105415729948131
	0.8105461305713493
	0.8105549169421981
	0.8105687099988945
	0.8105766544755061
	0.8105813301178142
	0.8105833008775937
	0.8106013184580013
	0.8106066028262975
	0.8106103297293412
	0.8106183571012114
	0.8106217058484932
	0.8106249918587317
	0.8106239203434552
	0.8106212284150277
	0.8106305457972159
	0.8106320478127211
	0.8106332866557743
	0.8106369445629099
	0.8106384696417918
	0.8106343625317944
	0.8106378650983326
	0.8106426891982362
	0.8106483682754471
	0.8106492196336729
	0.8106489569632994
	0.8106521541584527
	0.8106455820084892
	0.810647045327
	0.8106493851479251
	0.8106473504560382
	0.8106534724476084
	0.8106465354435993
	0.8106519803883286
	0.8106457186713105
	0.8106500859019281
	0.8106597145339132
	0.8106706909183607
	0.8106786785314573
	0.8106840897490923
	0.810676147922552
	0.8106899865889464
	0.810699315930662
	0.8106964700688625
	0.8107033642623888
	0.8107053278211981
	0.8107092618788092
	0.8107185437770482
	0.8107185139236659
	0.8107146709296272
	0.8107164835041686
	0.8107175981252077
	0.8107111365396947
	0.8107085167731329
	0.8107057688068701
	0.8107108579050265
	0.8107079981533741
	0.8107075274712529
	0.8107075021364701
	0.8107138319170119
	0.8107223882888398
	0.8107297245549772
	0.8107385738552412
	0.8107349272078305
	0.8107412251674252
	0.8107361643770721
	0.8107310326141756
	0.8107306294580355
	0.8107310041883578
	0.8107338362408338
	0.8107398112673613
	0.8107473546890167
	0.8107456241060088
	0.8107470313258952
	0.8107601946078334
	0.8107599084158108
	0.8107597219012809
	0.8107578469827101
	0.8107533827315144
	0.8107576804896133
	0.8107624023991643
	0.8107646403695781
	0.8107651316221774
	0.8107678271733663
	0.8107692045444631
	0.8107786219547714
	0.8107769230775718
	0.8107779189322475
	0.810780814211543
	0.8107881287048118
	0.8107843376549646
	0.810786129219123
	0.8107827286499186
	0.8107815681719704
	0.8107829908987445
	0.8107857413555707
	0.8107950043241661
	0.8107860700120034
	0.810789117136443
	0.810800426561484
	0.810800529905938
	0.8108044377917092
	0.8108019807431761
	0.8107983478006939
	0.8108005669433739
	0.8108030323526789
	0.810799076151107
	0.8107920567787793
	0.8108000658440913
	0.8107945670425315
	0.8107965399889883
	0.8108033452746616
	0.8107974247454767
	0.8107926950307718
	0.8107899751395387
	0.8107876624323581
	0.810785119494332
	0.8107905668529398
	0.8107905820562774
	0.810788262555723
	0.8107871465366145
	0.8107805031847385
	0.810780606612481
	0.8107793031448031
	0.8107794377052355
	0.810787279807246
	0.8107843502293953
	0.8107782900455126
	0.810772022204174
	0.8107652391374052
	0.8107727594696986
	0.8107754500709511
	0.8107744824169869
	0.8107733093455916
	0.8107792808362451
	0.8107730861204756
	0.8107663818861446
	0.8107628870738275
	0.8107568922816717
	0.8107593686913351
	0.8107638233548619
	0.8107656997377827
	0.8107702911261532
	0.8107609053858469
	0.810765756665417
	0.8107595898933596
	0.8107540156782854
	0.8107577181124331
	0.8107629184773
	0.8107521827100681
	0.8107635384128491
	0.8107551159880703
	0.8107549433972476
	0.8107549568381388
	0.810750969959338
	0.8107476966871359
	0.8107448786940136
	0.8107382394659381
	0.8107365620322876
	0.8107398989795511
	0.8107411403511952
	0.8107285582179389
	0.8107322893525655
	0.8107302248768571
	0.8107233374809635
	0.81072289314435
	0.8107269672396099
	0.810724683887703
	0.8107141692954863
	0.8107154709351293
	0.8107295708445593
	0.810721993948695
	0.8107202283542415
	0.810706237870907
	0.8107009792294809
	0.8106961606932229
	0.8106940790900676
	0.8106948627779471
	0.8106973762791336
	0.8106981162428083
	0.8106943459810267
	0.8106872103017172
	0.8106868710152724
	0.810694197294295
	0.8106982636648846
	0.8106973611568657
	0.8106955941907114
	0.8106878439675059
	0.8106871387294446
	0.810681004578177
	0.8106814207126231
	0.8106716854889734
	0.8106759977133776
	0.8106793004293562
	0.8106713006146443
	0.8106656038329426
	0.8106668903586424
	0.8106693125764862
	0.8106747854868659
	0.8106739673988516
	0.8106696243631747
	0.8106684725260647
	0.8106730128021864
	0.8106707073898327
	0.8106742116302353
	0.8106760966438503
	0.8106794489277696
	0.810677036348861
	0.810683650528502
	0.8106871250046664
	0.810691482140387
	0.8106902235757812
	0.8106946612686012
	0.8106926379677397
	0.8106918986464777
	0.8106866081205206
	0.8106853341262434
	0.8106891827369368
	0.8106874284139448
	0.8106875697195112
	0.8106911701035834
	0.8107024601066108
	0.8107013147145417
	0.8107022611290358
	0.8106933089297025
	0.8106936856558149
	0.8106940561750939
	0.8106946799149907
	0.8106938352278529
	0.8106861444551081
	0.8106887281106294
	0.8106891424822416
	0.8106899426227927
	0.810692260094856
	0.8106876902591057
	0.8106861621085208
	0.8106995625865953
	0.810698911624278
	0.8107028069530384
	0.8107002810274239
	0.8106963076154342
	0.8107011099065333
	0.8106996598497868
	0.8107073600514403
	0.8107090239300394
	0.8107077548511538
	0.8107088392828626
	0.8107057061592917
	0.8107008467104362
	0.8107100446441833
	0.8107064571154975
	0.8107079256249564
	0.8107065309915296
	0.810711817476608
	0.8107029139089983
	0.8106939073928474
	0.8106990237005101
	0.8106941045451089
	0.810688770624861
	0.8106883872925145
	0.8106950707842989
	0.8106969755802816
	0.8106887553297122
	0.8106883642274336
	0.8106935332065264
	0.8106921005827419
	0.8106851862189383
	0.8106764359959155
	0.8106759105483389
	0.810673350796172
	0.8106672977079712
	0.8106672671031376
	0.8106620328221709
	0.8106685104416503
	0.8106656481831593
	0.8106593190530202
	0.8106623233169786
	0.8106613113402987
	0.810666736890353
	0.8106621803860083
	0.8106617640666159
	0.8106604757945785
	0.8106672978672016
	0.810672947914047
	0.8106706904681265
	0.8106731800937449
	0.8106753524729481
	0.8106720104333247
	0.8106739949199394
	0.8106733217631363
	0.8106721946139193
	0.8106689372497603
	0.8106578630704835
	0.8106604851017958
	0.8106543598980677
	0.8106562235115012
	0.8106534558855694
	0.8106500855000274
	0.8106425939193134
	0.8106390457785135
	0.8106373380557611
	0.8106318653476106
	0.8106321501391891
	0.8106295493636051
	0.8106272632256747
	0.8106271210818818
	0.8106255067166035
	0.8106318082618822
	0.8106297302835137
	0.8106225165921244
	0.8106218710633658
	0.8106198321902687
	0.8106152089604897
	0.8106198152158511
	0.810630614265876
	0.810630747565753
	0.8106278990674661
	0.8106279339587315
	0.8106262402114605
	0.8106255166259051
	0.8106181395474376
	0.8106157349739566
	0.8106088070192814
	0.8106064285811475
	0.8106033225793051
	0.8106115090962512
	0.8106111129176256
	0.8106112780917298
	0.8106144763943554
	0.8106174673866569
	0.8106212086347223
	0.8106199089756497
	0.8106155663417914
	0.8106072336279709
	0.8106049565054024
	0.8106143913428749
	0.8106145387410415
	0.8106139054544774
	0.8106178328575795
	0.8106120908587756
	0.8106147301118535
	0.8106198082471388
	0.8106185555202323
	0.8106255643370515
	0.8106256653722581
	0.8106282973953118
	0.8106271014322503
	0.8106274061849176
	0.8106296706349561
	0.8106215323699776
	0.8106229858689524
	0.8106204673499808
	0.8106169020659284
	0.8106230196122148
	0.810615973006409
	0.8106152772124272
	0.8106182182040889
	0.8106163504041043
	0.810615134982479
	0.8106148530377753
	0.8106156595224592
	0.8106214181118638
	0.8106256619056286
	0.810617341045361
	0.8106089345344644
	0.8106090728819384
	0.8106057320594702
	0.8106094205084902
	0.8106126768882357
	0.8106133391281913
	0.8106147946242601
	0.810611912915128
	0.8106070420850789
	0.8106110505713291
	0.8106073162533152
	0.8106027309762462
	0.8105968429205997
	0.8105969738990221
	0.8105919096595016
	0.8105941278459641
	0.8105887563759537
	0.8105864946975556
	0.8105828126957745
	0.8105869351670137
	0.8105801518216972
	0.8105775905675812
	0.8105774992228666
	0.8105692405991985
	0.8105664868133653
	0.8105657860459687
	0.810567594604749
	0.8105686829491898
	0.8105676766720055
	0.8105743562645503
	0.8105742175474173
	0.8105712830519493
	0.8105721938237874
	0.8105673370679926
	0.8105644418824773
	0.8105571916169655
	0.8105535249397648
	0.8105527030267721
	0.8105504371197059
	0.8105548809394014
	0.8105508246941469
	0.8105530794645789
	0.8105503144956748
	0.8105588465491125
	0.8105574770319331
	0.8105621879601872
	0.8105623516281757
	0.8105537806216394
	0.8105596347616858
	0.8105592107542212
	0.8105507513753419
	0.8105404593680152
	0.8105431219443514
	0.810545129256792
	0.810545499286392
	0.8105408054404003
	0.810528754584821
	0.8105281791666143
	0.8105368356847944
	0.8105346718276588
	0.810534186731667
	0.8105348269370726
	0.8105340263363449
	0.810534020056309
	0.8105353366921134
	0.8105366217700652
	0.8105341882783741
	0.8105398606261726
	0.8105475278603635
	0.810541398684059
	0.8105379214539657
	0.810532017818251
	0.8105244040055258
	0.8105271469176061
	0.8105217767384364
	0.8105262442222005
	0.8105195833069562
	0.8105192887455435
	0.8105312135270554
	0.8105281294330717
	0.810527300196524
	0.8105231888395851
	0.8105118794250801
	0.8105055184987948
	0.8105025957417734
	0.8104963103232903
	0.8104985503368576
	0.8105045591561748
	0.8105077356363842
	0.8105062949038226
	0.8105062079065385
	0.8105055202102697
	0.8105097828204166
	0.810507327777824
	0.810496665888444
	0.8104947962547899
	0.8104909052540954
	0.810489134733884
	0.8104777861174821
	0.8104759903728308
	0.8104740761745307
	0.8104788715915022
	0.8104799190514799
	0.8104794708001367
	0.8104763959315522
	0.8104788335392246
	0.810481997479744
	0.8104845162992339
	0.810489234040021
	0.8104959788659987
	0.8104889621866256
	0.8104870632580652
	0.8104840109858681
	0.8104904885128639
	0.8104980758629371
	0.8105018607804734
	0.8104899832179772
	0.8104951010473406
	0.810492822970308
	0.810490448796624
	0.8104823191517978
	0.8104826007901244
	0.8104791631143525
	0.8104854454228441
	0.8104873011658141
	0.8104913734408351
	0.8104865959197222
	0.8104839947126313
	0.8104808156195367
	0.8104799071291525
	0.8104833347770694
	0.810479830703473
	0.810489113440118
	0.8104893576963144
	0.8104864752721267
	0.8104831241243119
	0.8104776921913802
	0.8104729799786006
	0.8104685649662225
	0.8104739618187815
	0.8104749212976435
	0.81047066896945
	0.8104711102001205
	0.8104706346435036
	0.8104654753802923
	0.8104642839745211
	0.810461132978417
	0.810459548966804
	0.8104515327625557
	0.8104517903896719
	0.8104463129725358
	0.8104496853580159
	0.8104535581913074
	0.8104560554510392
	0.8104494791327911
	0.810450091507305
	0.8104542557215743
	0.810452961922818
	0.8104445698346663
	0.8104439982635744
	0.8104346343190444
	0.8104338896007077
	0.8104314928949343
	0.8104253203475823
	0.8104267514083799
	0.8104284899113088
	0.8104258047168196
	0.8104143456217981
	0.8104093349262768
	0.8104080035622648
	0.810413306501274
	0.810409286834904
	0.8104099524256482
	0.8104149373472657
	0.8104110763134095
	0.8104080939523476
	0.8104103302789958
	0.8104124540768857
	0.8104062838351037
	0.8104062987894368
	0.8104040498329316
	0.8103976599029852
	0.8104001101259319
	0.810399295397731
	0.8104029198674612
	0.8103969348207338
	0.8103977710577127
	0.8103965570761555
	0.810398767512945
	0.8104000110786003
	0.8104023040219759
	0.8104082122964198
	0.8103999303387129
	0.8104029640656688
	0.8104010550924382
	0.8104008565221973
	0.8103988836351494
	0.81039708945744
	0.8103946754479294
	0.8103895139325622
	0.8103893280771538
	0.8103891342164495
	0.8103871545121395
	0.8103811740747638
	0.8103748362094002
	0.8103705479342929
	0.8103635251482253
	0.8103653689263525
	0.810359781756684
	0.8103614030670933
	0.8103701232137782
	0.8103691295283193
	0.8103641734281696
	0.8103638096906229
	0.8103591115798197
	0.8103559325109567
	0.8103611736519891
	0.8103691071002044
	0.8103671813212979
	0.8103645934897472
	0.8103617379900818
	0.8103666152415931
	0.8103645059406774
	0.8103628111304697
	0.8103598646556991
	0.8103572373804061
	0.8103558659789691
	0.8103651357083326
	0.8103668238304258
	0.8103649990410899
	0.8103699904290944
	0.8103662524533451
	0.8103649371612692
	0.8103648860576432
	0.8103678124564708
	0.8103607645548457
	0.8103592601348748
	0.8103569745487308
	0.8103503917831197
	0.8103526826510993
	0.8103462033529556
	0.8103419168320011
	0.8103439676255317
	0.810339905035639
	0.810340859728612
	0.8103443604637246
	0.8103308031722074
	0.8103327679233682
	0.8103240094110068
	0.8103285220321641
	0.8103315824096292
	0.810335240023194
	0.8103364994529128
	0.8103368110670413
	0.8103364177000483
	0.8103366776887875
	0.8103416297018186
	0.8103410273300797
	0.8103416348645893
	0.8103453334963207
	0.8103536152056101
	0.8103527520221678
	0.810352823680975
	0.8103478737301116
	0.8103410377685772
	0.8103401402116314
	0.8103414380676492
	0.8103383562561264
	0.8103416943216297
	0.8103429766874375
	0.8103428698239338
	0.8103425636579782
	0.8103386759793235
	0.8103413220545278
	0.8103380169367034
	0.8103391689907463
	0.810342622705944
	0.810346205139678
	0.8103441034977935
	0.8103453350961474
	0.810345332196273
	0.8103549304729908
	0.8103542362142315
	0.8103517097939017
	0.8103579016428741
	0.8103590258568926
	0.8103628680793854
	0.8103586130269437
	0.8103535314529469
	0.810347417889472
	0.8103478605877068
	0.8103549244707973
	0.8103477779860292
	0.8103479650506747
	0.810354551140584
	0.8103610725835144
	0.8103636389104872
	0.8103620901997309
	0.8103617487058443
	0.8103594192186627
	0.8103589422744552
	0.8103709041572942
	0.8103688243134028
	0.8103759579206333
	0.8103806256655274
	0.8103888238800284
	0.8103929364490211
	0.8103951920280684
	0.8104023574963309
	0.8104001245596305
	0.8104066642239965
	0.8104043215727993
	0.8104048141459559
	0.8104060943088943
	0.8104078253190278
	0.8104023246632649
	0.8104016579208958
	0.8104039815724331
	0.8103950811131743
	0.8103920942473887
	0.8103897196972596
	0.8103891486480512
	0.8103865545378923
	0.8103846705307474
	0.8103865230281445
	0.8103877021588728
	0.8103816551478655
	0.8103788065920537
	0.8103755039875452
	0.8103801353516596
	0.8103791614652974
	0.8103749094635152
	0.8103719901527855
	0.8103775243835025
	0.8103774638912782
	0.8103737949718295
	0.8103768831040776
	0.8103783811720817
	0.8103782397189533
	0.8103769020154951
	0.810375852717926
	0.8103757119614328
	0.8103736172506608
	0.8103730632415092
	0.8103820283137327
	0.8103763975938949
	0.8103819283835376
	0.810378697894594
	0.8103793139463592
	0.8103795290970285
	0.810379475921448
	0.8103753168791034
	0.8103731767869797
	0.8103663471237891
	0.8103633425153572
	0.810354558310567
	0.8103567930656153
	0.8103561080468606
	0.8103590117360279
	0.8103664795593013
	0.8103595317401104
	0.8103662495120578
	0.8103699362274123
	0.8103624383493195
	0.8103643721994874
	0.8103715914222529
	0.8103736712485984
	0.8103766864007412
	0.8103814813618689
	0.8103746550906533
	0.8103718706293692
	0.8103675628203998
	0.8103717229521922
	0.8103776414938383
	0.8103716000589747
	0.8103713944180887
	0.8103721263760697
	0.8103736714015146
	0.8103688160537921
	0.8103651985225953
	0.8103620688226733
	0.8103673878874256
	0.810366996867977
	0.8103642365097534
	0.8103714857382421
	0.8103656674507952
	0.8103626530391591
	0.8103536364791323
	0.8103503847022768
	0.8103442150718848
	0.8103417685202882
	0.8103426279337572
	0.810326668453395
	0.8103261024853029
	0.8103302854397109
	0.8103323709706474
	0.8103315789694533
	0.8103273854061142
	0.8103319430360413
	0.8103299615321735
	0.8103316298482778
	0.8103335011183083
	0.8103352414936428
	0.810333430370047
	0.8103399637560884
	0.8103343136735963
	0.8103348948954695
	0.8103279503489288
	0.8103174778550892
	0.8103194651918583
	0.8103165251902092
	0.8103134644190438
	0.8103095606684958
	0.8103194463723843
	0.810315503205899
	0.8103198800578131
	0.8103221975229393
	0.8103203969125778
	0.8103203914032413
	0.8103211890847721
	0.8103196555890878
	0.8103165546838337
	0.8103237473169609
	0.8103292678823085
	0.8103286287520799
	0.8103187376936613
	0.8103201112454478
	0.8103188868203025
	0.8103193627677935
	0.81031378343374
	0.810310236687226
	0.8103069377921218
	0.810304362792272
	0.8103100778046708
	0.8103072036802632
	0.8103114448662159
	0.8103088579073541
	0.8103078019593687
	0.810309954783245
	0.8103042235885322
	0.8103077716658817
	0.8103076298206834
	0.8103058366096706
	0.8103010558530181
	0.8102992523695548
	0.8103039157016947
	0.8102980065470561
	0.8102998545286372
	0.8102989446161386
	0.8102990735498669
	0.8103104658536621
	0.8103107436118041
	0.8103058713804904
	0.81030522886911
	0.8103011157835301
	0.8103064593819862
	0.8103144486505037
	0.8103143933586278
	0.8103142924554158
	0.8103228361882365
	0.8103190651615513
	0.8103198610149956
	0.8103257395652856
	0.8103181828929357
	0.8103094210487543
	0.8103047694880308
	0.8102979115866633
	0.8102995787685462
	0.8103019992778716
	0.8103028338044647
	0.8103085304722759
	0.8103042276364097
	0.8103087676752551
	0.8103010671841854
	0.8102987085916616
	0.8102958986652563
	0.8102915159180513
	0.8102918788861847
	0.8102940808813945
	0.810294113604475
	0.8102948038614107
	0.8102945375208044
	0.8102993031862359
	0.810306647803133
	0.8103050973626604
	0.8103102616230222
	0.8103079123135235
	0.8103098520602476
	0.810305616794854
	0.8103035551425503
	0.8103034899950093
	0.8102961214582095
	0.8103010454325436
	0.8103012109954156
	0.8102982932175967
	0.8102957848285486
	0.8102953579105181
	0.8102902941334146
	0.8102917043463924
	0.8102935870879937
	0.8102953384940225
	0.8102946726978676
	0.8102971193792357
	0.8102939265550267
	0.8102956295679345
	0.8103020296998608
	0.8102947284764465
	0.8102897296172373
	0.8102945980966401
	0.8102912483741684
	0.8102902818709556
	0.8102962034714841
	0.8102988718077924
	0.8102996072975209
	0.810302742136623
	0.8102964919455773
	0.8102972429876087
	0.8102889498917415
	0.810290396140253
	0.8102852436097222
	0.8102807937505718
	0.8102857805598199
	0.8102885706013379
	0.8102820834387823
	0.8102799512574881
	0.810285529768487
	0.8102816987831398
	0.8102831493223969
	0.8102801346242757
	0.8102869148497215
	0.8102831333304782
	0.8102817570661569
	0.8102846147908591
	0.8102764111582154
	0.8102786709568773
	0.8102836406317042
	0.8102842305573612
	0.8102872700170171
	0.8102839022087415
	0.810277449143815
	0.8102786587090315
	0.8102758574210274
	0.8102743650383633
	0.810278539630115
	0.8102820571177989
	0.8102849452760499
	0.8102982990224673
	0.810293147970131
	0.8102943787972894
	0.8102926296858949
	0.8102911124318388
	0.8102897579405153
	0.8102940286240254
	0.8102942914207357
	0.8102977738734265
	0.8103006371445557
	0.8102995871225848
	0.8103083902462183
	0.8103061142507457
	0.8103118003534626
	0.8103159734402415
	0.8103241799578771
	0.8103235680581755
	0.8103274278420466
	0.8103250362864816
	0.8103181887752606
	0.8103260823091174
	0.8103256381599249
	0.8103291334411995
	0.8103238633083063
	0.8103205945614633
	0.8103196335988075
	0.8103155695337094
	0.8103153652857418
	0.8103158713830678
	0.8103158621135043
	0.8103177430631443
	0.8103139732998457
	0.8103107703020527
	0.8103064988458007
	0.8102994481904469
	0.810299945398874
	0.8103011410208301
	0.8103038796548103
	0.8103068878737523
	0.8103057254242195
	0.8102997035431995
	0.8103014968945537
	0.8103034088679347
	0.810299774246442
	0.8102991083205905
	0.8102984880228167
	0.8103001746018953
	0.8103030365061543
	0.8103038740240193
	0.8103082851681677
	0.8103058416857714
	0.810305933399771
	0.8103057998004483
	0.8102969467311425
	0.8102995960600315
	0.8102970381863722
	0.8102947534764787
	0.8102870315570674
	0.8102852763419723
	0.8102856605519414
	0.8102898475844931
	0.8102882478773662
	0.8102895850390003
	0.810291350263842
	0.8102911764234588
	0.8102941506269875
	0.8102930018462843
	0.8102968859769579
	0.8103007195361259
	0.8103055376311281
	0.8103050459292764
	0.8102994440485737
	0.8103021648591672
	0.8102991124141753
	0.8102959920923836
	0.8102939007562466
	0.8102932611413958
	0.8102992946995174
	0.8103010975731696
	0.8102997793956724
	0.8102979724342293
	0.8103008484925269
	0.8103022651338811
	0.8103040846451254
	0.8102983196782145
	0.8102994018186289
	0.8102971051681646
	0.810297056967915
	0.8102942417908048
	0.8102961287414148
	0.8102977450670897
	0.8103000200533876
	0.8103051589160692
	0.8103044584726123
	0.8103058446875481
	0.8103011457777944
	0.810303050368182
	0.8102966929088148
	0.8102888423194089
	0.8102847746304872
	0.8102884619254075
	0.8102837498361736
	0.8102828254590401
	0.8102826238502364
	0.8102809116609133
	0.8102789742523756
	0.8102827840010259
	0.8102840677802484
	0.8102964114627473
	0.8102965881326417
	0.8102993490378714
	0.8103055158419648
	0.8103025251512798
	0.8102948888374899
	0.8102978499778877
	0.8102975341528191
	0.8102985014336173
	0.8102921948143756
	0.8102957942028081
	0.8102960984397503
	0.8102857577634851
	0.8102869339629027
	0.8102901259158091
	0.8102889761166551
	0.8102928455197344
	0.8102912063376122
	0.810289510691064
	0.8102927904016007
	0.8102933068903667
	0.8102860079649115
	0.8102876433142912
	0.8102900438131752
	0.8102923326099443
	0.8102920457717986
	0.8102989403994044
	0.8102976521577904
	0.8102944876597421
	0.8102925405925671
	0.8102890552188243
	0.8102896757176474
	0.8102897721068391
	0.8102902802546091
	0.8102948893271876
	0.8102982257441627
	0.8103035786693767
	0.8103073928475297
	0.810311969159441
	0.810311435839012
	0.8103071407488572
	0.8102994054960513
	0.8103017388526865
	0.8102988988363046
	0.8102958354124802
	0.810296098833666
	0.8102988054054465
	0.810293796589208
	0.8103002474272697
	0.8103017581598655
	0.8103033454662207
	0.810303438488927
	0.8103040343327115
	0.8103054780408622
	0.8103019267956235
	0.8102953585567939
	0.8102887870532999
	0.8102954978105898
	0.810294020903235
	0.8102976138768916
	0.8103018313057557
	0.8103064485708545
	0.8103023264008925
	0.8102968721571581
	0.810295309179387
	0.8103012437399991
	0.8103012691317119
	0.8102905388076376
	0.8102850108465887
	0.8102860071621272
	0.8102908501782428
	0.8102878386084853
	0.8102949779767785
	0.810298620465124
	0.8103049441529325
	0.8103060253290069
	0.8103014598107704
	0.8103039885004606
	0.8103011022010902
	0.8103015098203146
	0.8103018002016127
	0.8102987648567047
	0.8102975301630188
	0.8102921329472295
	0.8102910695575751
	0.8102901404934393
	0.8102889933936827
	0.8102900193879491
	0.8102883747890666
	0.810289245898625
	0.8102864359490387
	0.8102845472651324
	0.8102880906698066
	0.8102885756284519
	0.8102850691900123
	0.8102824096095921
	0.810281962286953
	0.8102826205285271
	0.8102873556256059
	0.810287047721435
	0.8102851275209972
	0.8102820725305695
	0.810274303439172
	0.8102725277324779
	0.8102761113268898
	0.8102740065035919
	0.81027641004555
	0.8102825422853049
	0.8102780136596374
	0.8102825363031723
	0.8102921056997302
	0.8102850354010714
	0.8102887081756801
	0.8102867674195655
	0.8102819839438753
	0.8102783178140717
	0.8102794942109092
	0.8102716887724198
	0.8102645163606799
	0.8102658156369213
	0.8102648181950722
	0.8102746320572011
	0.810274533653126
	0.8102644487056804
	0.8102661119800693
	0.8102633894593249
	0.8102619417922887
	0.8102592159407386
	0.8102564928632671
	0.8102507525629934
	0.8102507800641063
	0.8102483123691556
	0.8102444244698568
	0.810250440224046
	0.8102419741423786
	0.8102440578283815
	0.8102460149498296
	0.8102414629380996
	0.8102398300403896
	0.8102444078221048
	0.8102435874321325
	0.8102467973816486
	0.8102507652152223
	0.8102473375549271
	0.8102452590727696
	0.8102411786542009
	0.8102513328298315
	0.8102471558532168
	0.810242342256116
	0.8102495790001022
	0.8102444798758673
	0.8102552660902579
	0.8102502978725552
	0.8102515702717694
	0.8102524780797642
	0.8102472672722185
	0.8102458022212049
	0.8102390769207096
	0.8102378146866941
	0.8102349184200422
	0.8102324169081682
	0.810236608578902
	0.8102494291806416
	0.8102578767357893
	0.8102583739581898
	0.8102596788480689
	0.8102619230422438
	0.810257391159159
	0.8102560804402367
	0.8102494579742997
	0.8102503275947004
	0.8102500530020812
	0.8102551994188666
	0.8102538756782344
	0.8102558282506969
	0.810256333711023
	0.81025456847538
	0.8102530992614844
	0.810252341279833
	0.8102438133014478
	0.8102407784435927
	0.8102399518813521
	0.8102441084574774
	0.8102470414272301
	0.8102437706464038
	0.8102423871248087
	0.8102432285958712
	0.8102399774455721
	0.8102474417005264
	0.8102477975220075
	0.810240480792566
	0.8102446508420483
	0.8102575581624889
	0.81025248552161
	0.81025218686114
	0.8102538762618205
	0.81025833428581
	0.8102619727167971
	0.810257898108608
	0.8102608574979505
	0.8102578500989933
	0.8102556227316636
	0.8102585639155163
	0.8102668645963608
	0.8102618734191731
	0.8102632296076742
	0.8102520125679875
	0.8102581072489573
	0.8102548269778098
	0.8102572300279477
	0.8102544014351594
	0.8102507752838368
	0.8102468405256793
	0.8102480243062629
	0.8102527315778215
	0.8102524172327814
	0.8102537523702029
	0.8102534246700847
	0.8102491245684444
	0.8102378863585261
	0.8102393777816603
	0.8102392548440706
	0.8102411732842257
	0.8102424588082767
	0.8102443564516573
	0.8102402196899959
	0.8102395846673011
	0.8102370066009342
	0.8102327897554507
	0.8102321406951117
	0.8102394713423714
	0.8102418330546098
	0.8102444458104929
	0.8102506958918763
	0.8102503734179385
	0.8102530620606788
	0.8102524588166651
	0.8102511661562429
	0.8102470324119251
	0.8102466099236406
	0.8102435230946106
	0.8102463585168211
	0.8102430827033631
	0.8102444420962525
	0.8102485593548243
	0.8102600479786372
	0.8102606861146658
	0.8102647850828306
	0.8102663985589927
	0.8102654391428764
	0.8102610818173022
	0.8102684481588986
	0.8102685246233042
	0.8102742807826566
	0.8102765060523072
	0.810279807487698
	0.8102702653953547
	0.810265534577131
	0.8102730737446882
	0.8102689161856836
	0.8102736969288838
	0.8102788898129748
	0.8102785762656376
	0.8102797337293404
	0.8102821106517214
	0.8102820707157508
	0.8102856119224429
	0.8102863076297001
	0.8102912912578258
	0.8102912106552951
	0.8102849313703321
	0.8102822733507485
	0.8102841494940839
	0.8102826489356131
	0.8102911463702582
	0.8102908077333149
	0.8102964563696118
	0.810302115114316
	0.8102976341074178
	0.8103050251924998
	0.8103040343219954
	0.810296827180967
	0.8102959362128758
	0.8103014975740122
	0.8103071386447013
	0.8103033467907523
	0.810298319472276
	0.8102980467058407
	0.8103021601058662
	0.810305517313841
	0.8103089304629953
	0.8103009761211254
	0.810301030952242
	0.8103015600326979
	0.8103113278411134
	0.8103093905921691
	0.8103156398188278
	0.8103096092945125
	0.8103106924512555
	0.8103116424482493
	0.8103108683787987
	0.8103084388280681
	0.8103093052400693
	0.8103107984669877
	0.8103080901162537
	0.8103131747199263
	0.8103129550625852
	0.8103284720507152
	0.8103306834232671
	0.8103212043701208
	0.8103288093209335
	0.810330914624113
	0.8103401353746087
	0.8103384596287708
	0.8103381929571314
	0.8103403773711841
	0.8103399443913258
	0.8103426181980597
	0.810344000021364
	0.8103460317677441
	0.8103449000037439
	0.810348067257702
	0.8103421493915718
	0.8103467191829518
	0.8103495912742592
	0.8103514059934221
	0.8103611966775811
	0.8103625172520155
	0.8103625682389884
	0.8103590521778021
	0.8103592936434657
	0.8103587268433198
	0.8103591765012599
	0.8103534052745782
	0.8103502225681887
	0.8103547457328308
	0.8103503468349393
	0.8103529881844034
	0.8103435972398708
	0.810345046101124
	0.810342276372388
	0.8103474530099677
	0.8103505831310669
	0.8103516157491711
	0.8103528130606962
	0.8103543978381281
	0.8103567040821765
	0.8103550860818242
	0.8103526509549436
	0.8103558380184228
	0.8103516535227073
	0.8103646485900078
	0.8103700328217415
	0.8103693526474225
	0.8103674647096585
	0.8103680020592615
	0.8103677685132574
	0.8103733423168369
	0.8103807232279729
	0.8103766245955629
	0.8103728124061346
	0.810370405179876
	0.8103725186591135
	0.8103691581747188
	0.8103640708226431
	0.8103557904874803
	0.8103517718084585
	0.8103416565541279
	0.8103458263641923
	0.810344463913684
	0.810347059047044
	0.8103470782558293
	0.8103447314009123
	0.8103512115647011
	0.810345071592094
	0.8103474123074387
	0.8103395493365336
	0.8103384039495036
	0.8103351718676655
	0.8103328056202832
	0.8103331158640729
	0.8103280710747284
	0.810330242703479
	0.810330411656213
	0.8103286993634604
	0.8103252705765579
	0.8103209371534015
	0.8103199015034004
	0.8103180004979889
	0.8103165107642497
	0.810318105495276
	0.8103202159564908
	0.8103197946694325
	0.8103117516425928
	0.8103088907723216
	0.8103120037230755
	0.8103150479049585
	0.8103197747801214
	0.8103161294674732
	0.8103123398065918
	0.8103109997803696
	0.810307363972464
	0.8103015393034247
	0.8103103118546932
	0.8103174417151368
	0.8103090878964535
	0.8103143733585336
	0.8103140110036423
	0.8103109419769068
	0.8103181580613886
	0.8103195898314414
	0.8103251883742026
	0.8103264488237937
	0.8103306503203666
	0.8103312169340564
	0.8103281011075598
	0.8103252524234446
	0.8103282271009561
	0.81032528166567
	0.8103311209238528
	0.8103323281294069
	0.8103274643348148
	0.8103283132824654
	0.8103316085186215
	0.8103301216911308
	0.8103278119512335
	0.810328552620433
	0.8103335455990784
	0.8103341234820588
	0.8103331623942496
	0.8103277300863848
	0.8103344745331179
	0.8103350025086702
	0.810333422883391
	0.8103287913829844
	0.8103279919798102
	0.8103331855549822
	0.8103312829746051
	0.8103321431406977
	0.8103343786551724
	0.810331779460926
	0.8103326761842158
	0.810338350678293
	0.81034209835154
	0.8103393521791314
	0.8103427915144967
	0.8103384486409404
	0.8103342946999553
	0.810338433949762
	0.8103463396688207
	0.8103430071562828
	0.8103340599517459
	0.8103392326579705
	0.810337870917162
	0.8103348360445787
	0.8103321805647544
	0.810333693542831
	0.8103416064053123
	0.8103347561435819
	0.8103384128544296
	0.8103344645172171
	0.810336181582663
	0.8103350282294438
	0.810339625072425
	0.8103353036372188
	0.8103339459709339
	0.8103361448843603
	0.8103380228146864
	0.8103315819920653
	0.81032829971515
	0.8103257012055015
	0.8103296953760842
	0.8103284547325212
	0.8103304395315193
	0.8103332793028302
	0.8103272698956081
	0.8103241885265651
	0.8103296934690295
	0.8103344448395065
	0.8103283913021806
	0.8103341759607042
	0.8103295086995923
	0.8103302450976669
	0.810339042457356
	0.8103384855705322
	0.8103402867402476
	0.8103442238825747
	0.8103462146473921
	0.8103486738798238
	0.8103501713078944
	0.8103476853496551
	0.8103473335883693
	0.8103448158113303
	0.8103432972451861
	0.8103405681489011
	0.8103378139041595
	0.810334161504597
	0.8103287912394873
	0.8103302216963678
	0.810326845336359
	0.8103338438771543
	0.8103345316636612
	0.8103373877132144
	0.81033565259579
	0.8103343541814361
	0.8103367564882005
	0.8103357705218572
	0.8103495025013877
	0.8103517667914634
	0.810363924410459
	0.8103638637083203
	0.8103669828549294
	0.8103765856003441
	0.8103767334226801
	0.8103832424845979
	0.810383254991091
	0.8103889211258147
	0.8103942721226653
	0.8104009568959605
	0.8103943620055656
	0.810398261228037
	0.8103987027495695
	0.8103997449899121
	0.8103957526326573
	0.8103934011869046
	0.8103906851093449
	0.8103918232189535
	0.810390223284445
	0.8103911392162066
	0.8103934036225053
	0.8104013515250451
	0.8103984450452818
	0.8104024521358322
	0.8104018574171745
	0.8104004187072514
	0.8104101783219678
	0.8104069286168712
	0.8104136712895011
	0.8104092928481329
	0.8104089958574222
	0.8104130204639821
	0.8104078228873264
	0.8104145869070777
	0.8104139899459979
	0.810413488446253
	0.8104087134298894
	0.8103979441887835
	0.8104013236635736
	0.810399117562962
	0.810399423673913
	0.8103971125699563
	0.8103996319121486
	0.8104019532386896
	0.8104069340214489
	0.8104072902880053
	0.8104074434694889
	0.810411654488743
	0.8104197296066574
	0.8104103721066029
	0.8104047021832446
	0.8104037208911985
	0.8103991121146924
	0.8103966731117022
	0.8103955838534219
	0.8104021143727194
	0.8104039848859046
	0.8103984120552284
	0.8103982958392218
	0.8103969884289736
	0.8103968869872621
	0.8103971000834009
	0.810399781270792
	0.8104029626450505
	0.8104026825701534
	0.810396425499708
	0.810396201883195
	0.8103978702018273
	0.8104013620932017
	0.8103946098643465
	0.8103977524352284
	0.8103975386927488
	0.8103930180926135
	0.8103966399788556
	0.8103995849449424
	0.8103951174847439
	0.8103937491491308
	0.8103941868790169
	0.8104036472253984
	0.8104046110101423
	0.8104042041120215
	0.8104072502484051
	0.8104048365250164
	0.8104054231153952
	0.8104066066483093
	0.810405535681617
	0.81040299002951
	0.810407518066297
	0.8104093912010475
	0.8104033638775433
	0.810395006589551
	0.8103950679767408
	0.8103885071190908
	0.8103918158978998
	0.8103906883472224
	0.8103875568406688
	0.8103851622581882
	0.8103874740555115
	0.8103850506224886
	0.8103850062543234
	0.8103766115847
	0.8103791383419142
	0.810381825157188
	0.8103839293057408
	0.8103834717102508
	0.8103793060823994
	0.8103828876439394
	0.8103829556517335
	0.8103784686499833
	0.8103784259994444
	0.8103823800116711
	0.8103848196963359
	0.810383797404516
	0.8103826167140183
	0.8103806542451678
	0.8103748726610361
	0.8103727611534637
	0.8103687851275417
	0.8103681501271408
	0.8103743581197372
	0.8103745752820185
	0.8103749268620498
	0.8103778007484401
	0.8103855443388863
	0.8103815863656451
	0.8103761466274217
	0.8103797981889425
	0.8103721044689279
	0.810365284633897
	0.8103641899462993
	0.8103675179666405
	0.8103641817012511
	0.810358914603557
	0.8103625670346121
	0.8103618943224261
	0.8103578235434702
	0.8103607689870034
	0.8103612581912217
	0.810363297105815
	0.8103589869326232
	0.8103610467950993
	0.8103532544626858
	0.8103512100560885
	0.8103504609942639
	0.8103450405000016
	0.8103419246679211
	0.8103411331036224
	0.8103398099381109
	0.8103456879808367
	0.8103425311838995
	0.8103424662432547
	0.810339893991382
	0.8103450613263709
	0.8103465587321692
	0.8103497094431726
	0.8103460081266607
	0.8103456585647861
	0.8103386307916148
	0.8103401820041458
	0.8103418457847732
	0.81033845421358
	0.8103355862876415
	0.8103300946137809
	0.8103332561423607
	0.8103333086185804
	0.810336180510328
	0.8103413099050969
	0.8103431509491357
	0.8103487205018185
	0.810347488894186
	0.8103484590304539
	0.8103434452733189
	0.8103448182890813
	0.8103446085241732
	0.8103469113738107
	0.8103476686483945
	0.8103477775413176
	0.8103461294117804
	0.8103407297900177
	0.8103330186345159
	0.8103395480642013
	0.8103374217819709
	0.8103365589327104
	0.8103398865189281
	0.8103407295382611
	0.8103467926540031
	0.8103449722908315
	0.8103498986566994
	0.8103570330657184
	0.8103657513095148
	0.8103645656053452
	0.8103618977249254
	0.810367304071735
	0.8103703533918716
	0.8103782091037444
	0.8103730245519475
	0.8103729696117067
	0.8103705908561558
	0.8103765516037448
	0.8103811139679744
	0.8103863051827818
	0.810390516517428
	0.8103837784795497
	0.810385373837621
	0.8103846345564883
	0.8103771540124692
	0.8103814265406009
	0.810378685123124
	0.8103824688443578
	0.8103789055389296
	0.8103770667080579
	0.8103788258903506
	0.8103774805980815
	0.8103806478407961
	0.810379140799294
	0.8103810885604598
	0.8103807442525226
	0.8103810278262095
	0.8103829296230952
	0.8103949097782889
	0.8103957725655948
	0.8103969163454664
	0.8103890207925513
	0.8103857298210292
	0.8103881200940932
	0.8103875510849105
	0.8103916746694788
	0.8103902035059884
	0.8103912441415675
	0.8103963471774409
	0.8103940047358669
	0.8103972407784601
	0.810393609711658
	0.8103949714311812
	0.8103994963841784
	0.8103954470292279
	0.8103998632239879
	0.8103981245081717
	0.8104043248915366
	0.8104034496332735
	0.810402603079418
	0.8104036143268717
	0.810409103918576
	0.8104126127441017
	0.8104065042316868
	0.8104068086813123
	0.8104065209963639
	0.8104035481677103
	0.8104018254404004
	0.8104030883561567
	0.8104043799526394
	0.810402185841125
	0.8103924471576175
	0.8103979954997721
	0.8104058122486414
	0.8104070772270188
	0.8104118375944674
	0.8104077531801526
	0.81040759629236
	0.8104045266268394
	0.8104038862699907
	0.8104067401959041
	0.8104080080942393
	0.8104043524262091
	0.810404399965829
	0.8104091385703247
	0.810411040225436
	0.8104109132364963
	0.8104213031972242
	0.8104246309806417
	0.810430891835967
	0.8104355354777353
	0.8104358708381734
	0.8104328951300127
	0.8104270577330646
	0.8104268772324135
	0.8104353504735066
	0.8104347732789007
	0.8104372282673041
	0.8104377298917249
	0.8104395226525972
	0.8104376528805842
	0.8104354112157116
	0.8104371272303119
]