[
	1.0272772312164307
	1.0272029638290405
	1.0271291732788086
	1.0270562171936035
	1.02699875831604
	1.0269519090652466
	1.0269004106521606
	1.0268445014953613
	1.0267783403396606
	1.0267212390899658
	1.026658296585083
	1.0265822410583496
	1.02652907371521
	1.0264744758605957
	1.0264276266098022
	1.0263770818710327
	1.0263370275497437
	1.0262715816497803
	1.0262306928634644
	1.0261708498001099
	1.0261075496673584
	1.026039719581604
	1.0259910821914673
	1.0259406566619873
	1.0258865356445312
	1.02583909034729
	1.0257906913757324
	1.0257498025894165
	1.025701880455017
	1.0256584882736206
	1.0256085395812988
	1.0255601406097412
	1.0255128145217896
	1.0254645347595215
	1.0254263877868652
	1.0253920555114746
	1.0253517627716064
	1.0253034830093384
	1.025270938873291
	1.0252207517623901
	1.0251588821411133
	1.0251044034957886
	1.0250675678253174
	1.0250201225280762
	1.024967074394226
	1.024907112121582
	1.0248489379882812
	1.0248037576675415
	1.0247631072998047
	1.024729609489441
	1.0246925354003906
	1.0246456861495972
	1.024603009223938
	1.0245661735534668
	1.0245182514190674
	1.0244935750961304
	1.0244426727294922
	1.0244144201278687
	1.0243871212005615
	1.0243377685546875
	1.0243104696273804
	1.0242671966552734
	1.024237036705017
	1.0241864919662476
	1.0241566896438599
	1.0241217613220215
	1.0240856409072876
	1.024046778678894
	1.0240153074264526
	1.0239912271499634
	1.0239506959915161
	1.0239068269729614
	1.0238794088363647
	1.0238454341888428
	1.0238287448883057
	1.0237970352172852
	1.0237820148468018
	1.023769497871399
	1.0237386226654053
	1.0237127542495728
	1.0236879587173462
	1.023663878440857
	1.023637056350708
	1.023595929145813
	1.0235666036605835
	1.0235364437103271
	1.023513913154602
	1.0234746932983398
	1.0234454870224
	1.0234206914901733
	1.0234076976776123
	1.0233821868896484
	1.0233603715896606
	1.0233389139175415
	1.0233261585235596
	1.0232962369918823
	1.023275375366211
	1.023250699043274
	1.0232243537902832
	1.023194670677185
	1.0231813192367554
	1.0231505632400513
	1.0231285095214844
	1.0230979919433594
	1.0230720043182373
	1.0230480432510376
	1.0230202674865723
	1.0229918956756592
	1.0229768753051758
	1.0229531526565552
	1.0229347944259644
	1.0229207277297974
	1.0228886604309082
	1.022864580154419
	1.0228427648544312
	1.0228266716003418
	1.022818922996521
	1.022780179977417
	1.0227692127227783
	1.0227470397949219
	1.022735595703125
	1.0227149724960327
	1.0226963758468628
	1.0226972103118896
	1.0226842164993286
	1.0226716995239258
	1.0226526260375977
	1.0226448774337769
	1.0226209163665771
	1.0226107835769653
	1.0225893259048462
	1.022585391998291
	1.0225708484649658
	1.0225602388381958
	1.0225406885147095
	1.0225235223770142
	1.0225001573562622
	1.0224860906600952
	1.0224751234054565
	1.0224506855010986
	1.0224266052246094
	1.022411584854126
	1.0223792791366577
	1.0223753452301025
	1.0223443508148193
	1.022321343421936
	1.0223191976547241
	1.0223027467727661
	1.022275686264038
	1.0222535133361816
	1.0222314596176147
	1.022214651107788
	1.0221995115280151
	1.02218759059906
	1.0221620798110962
	1.022154688835144
	1.0221385955810547
	1.0221179723739624
	1.022115707397461
	1.0220979452133179
	1.0220861434936523
	1.0220811367034912
	1.022063136100769
	1.0220494270324707
	1.0220471620559692
	1.0220409631729126
	1.0220322608947754
	1.0220186710357666
	1.022011637687683
	1.0219990015029907
	1.0219879150390625
	1.021973967552185
	1.0219669342041016
	1.0219436883926392
	1.021931767463684
	1.0219212770462036
	1.0219112634658813
	1.0218989849090576
	1.0218966007232666
	1.0218888521194458
	1.0218864679336548
	1.021876335144043
	1.0218583345413208
	1.0218483209609985
	1.0218539237976074
	1.0218307971954346
	1.021822214126587
	1.0218160152435303
	1.0218119621276855
	1.0218056440353394
	1.021796703338623
	1.0217983722686768
	1.0217965841293335
	1.0217957496643066
	1.0217907428741455
	1.021787405014038
	1.0217785835266113
	1.0217715501785278
	1.021762728691101
	1.0217646360397339
	1.0217477083206177
	1.0217304229736328
	1.0217288732528687
	1.021714687347412
	1.021700143814087
	1.0216968059539795
	1.0216912031173706
	1.0216944217681885
	1.0216848850250244
	1.0216838121414185
	1.0216883420944214
	1.0216914415359497
	1.0216984748840332
	1.0217021703720093
	1.0216931104660034
	1.0216865539550781
	1.021687388420105
	1.0216768980026245
	1.0216801166534424
	1.0216870307922363
	1.0216859579086304
	1.021681547164917
	1.021689772605896
	1.0216940641403198
	1.0216997861862183
	1.0216912031173706
	1.0216947793960571
	1.0216941833496094
	1.021686315536499
	1.0216904878616333
	1.0216881036758423
	1.0216864347457886
	1.0216870307922363
	1.0216914415359497
	1.0216810703277588
	1.0216833353042603
	1.0216857194900513
	1.0216723680496216
	1.0216784477233887
	1.0216747522354126
	1.0216593742370605
	1.021659016609192
	1.0216585397720337
	1.0216580629348755
	1.021660566329956
	1.021660327911377
	1.0216600894927979
	1.0216652154922485
	1.0216670036315918
	1.021660566329956
	1.0216563940048218
	1.0216609239578247
	1.021655559539795
	1.021659016609192
	1.0216659307479858
	1.0216608047485352
	1.0216763019561768
	1.0216748714447021
	1.02167546749115
	1.0216776132583618
	1.0216729640960693
	1.0216761827468872
	1.0216753482818604
	1.0216865539550781
	1.0216898918151855
	1.0216833353042603
	1.021687388420105
	1.0216830968856812
	1.0216885805130005
	1.0216954946517944
	1.0216937065124512
	1.0216963291168213
	1.0216964483261108
	1.0216978788375854
	1.0216995477676392
	1.0217037200927734
	1.021713137626648
	1.0217199325561523
	1.0217235088348389
	1.0217310190200806
	1.021747350692749
	1.0217483043670654
	1.0217576026916504
	1.0217578411102295
	1.0217591524124146
	1.0217652320861816
	1.0217686891555786
	1.021762490272522
	1.0217666625976562
	1.0217629671096802
	1.021762490272522
	1.0217626094818115
	1.0217750072479248
	1.0217779874801636
	1.0217862129211426
	1.021794080734253
	1.0218018293380737
	1.021807312965393
	1.0218195915222168
	1.0218199491500854
	1.0218173265457153
	1.0218228101730347
	1.0218384265899658
	1.0218448638916016
	1.0218414068222046
	1.0218442678451538
	1.0218486785888672
	1.0218669176101685
	1.0218619108200073
	1.0218734741210938
	1.0218818187713623
	1.0218768119812012
	1.0218712091445923
	1.0218762159347534
	1.0218820571899414
	1.0218899250030518
	1.021889567375183
	1.0218970775604248
	1.0218983888626099
	1.0219050645828247
	1.0218950510025024
	1.0218960046768188
	1.0219006538391113
	1.0219212770462036
	1.021936297416687
	1.021936297416687
	1.0219311714172363
	1.0219430923461914
	1.0219554901123047
	1.0219547748565674
	1.02196204662323
	1.0219652652740479
	1.0219749212265015
	1.021979808807373
	1.0219857692718506
	1.0219966173171997
	1.0219995975494385
	1.0220134258270264
	1.0220211744308472
	1.0220293998718262
	1.022021770477295
	1.0220162868499756
	1.0220222473144531
	1.0220311880111694
	1.0220352411270142
	1.0220338106155396
	1.022039532661438
	1.0220524072647095
	1.022064447402954
	1.0220682621002197
	1.0220667123794556
	1.0220767259597778
	1.0220755338668823
	1.0220838785171509
	1.0220915079116821
	1.022093653678894
	1.0221176147460938
	1.0221242904663086
	1.022125482559204
	1.0221389532089233
	1.0221399068832397
	1.0221463441848755
	1.0221534967422485
	1.0221576690673828
	1.0221706628799438
	1.0221750736236572
	1.0221779346466064
	1.0221974849700928
	1.0221940279006958
	1.022193193435669
	1.0222039222717285
	1.0222032070159912
	1.0222200155258179
	1.0222265720367432
	1.022222876548767
	1.0222432613372803
	1.0222463607788086
	1.022255539894104
	1.0222572088241577
	1.0222655534744263
	1.0222687721252441
	1.0222667455673218
	1.0222697257995605
	1.022275447845459
	1.0222690105438232
	1.0222864151000977
	1.022287130355835
	1.0222983360290527
	1.0222965478897095
	1.0222994089126587
	1.0222971439361572
	1.022302269935608
	1.0223115682601929
	1.0223169326782227
	1.0223174095153809
	1.0223321914672852
	1.0223512649536133
	1.0223537683486938
	1.0223753452301025
	1.0223764181137085
	1.022381067276001
	1.0223840475082397
	1.0223926305770874
	1.022403359413147
	1.0224037170410156
	1.022402286529541
	1.022404432296753
	1.0224192142486572
	1.0224357843399048
	1.0224512815475464
	1.0224558115005493
	1.0224614143371582
	1.0224733352661133
	1.0224686861038208
	1.0224854946136475
	1.0224789381027222
	1.022477149963379
	1.022485375404358
	1.0224905014038086
	1.022500991821289
	1.02250337600708
	1.0225075483322144
	1.0225063562393188
	1.022507905960083
	1.0225176811218262
	1.0225248336791992
	1.0225106477737427
	1.0225197076797485
	1.0225187540054321
	1.022525668144226
	1.0225272178649902
	1.0225322246551514
	1.022546410560608
	1.0225591659545898
	1.022562861442566
	1.0225754976272583
	1.0225846767425537
	1.022585391998291
	1.0225958824157715
	1.0226129293441772
	1.0226240158081055
	1.0226320028305054
	1.02263343334198
	1.0226430892944336
	1.0226455926895142
	1.0226572751998901
	1.0226657390594482
	1.0226709842681885
	1.0226770639419556
	1.0226963758468628
	1.022696852684021
	1.022706151008606
	1.022708535194397
	1.0227127075195312
	1.0227051973342896
	1.0227034091949463
	1.0227168798446655
	1.022719383239746
	1.022723913192749
	1.0227314233779907
	1.0227525234222412
	1.0227528810501099
	1.0227570533752441
	1.0227497816085815
	1.0227614641189575
	1.0227710008621216
	1.0227878093719482
	1.0227982997894287
	1.0228016376495361
	1.0228172540664673
	1.0228272676467896
	1.0228337049484253
	1.0228474140167236
	1.022834062576294
	1.0228499174118042
	1.0228468179702759
	1.02285635471344
	1.0228711366653442
	1.0228639841079712
	1.0228703022003174
	1.0228692293167114
	1.0228787660598755
	1.0228800773620605
	1.0229014158248901
	1.0229036808013916
	1.0229077339172363
	1.0229159593582153
	1.0229054689407349
	1.022900104522705
	1.0229096412658691
	1.0229250192642212
	1.0229277610778809
	1.0229302644729614
	1.0229467153549194
	1.0229573249816895
	1.0229628086090088
	1.0229698419570923
	1.0229856967926025
	1.0230032205581665
	1.0230028629302979
	1.0230154991149902
	1.0230149030685425
	1.023024559020996
	1.02304208278656
	1.0230605602264404
	1.0230712890625
	1.0230917930603027
	1.0231010913848877
	1.0231060981750488
	1.023118257522583
	1.0231174230575562
	1.0231263637542725
	1.0231246948242188
	1.0231122970581055
	1.0231072902679443
	1.0231108665466309
	1.023106575012207
	1.0230963230133057
	1.0231035947799683
	1.0230973958969116
	1.023105502128601
	1.0230952501296997
	1.023107886314392
	1.023119568824768
	1.0231302976608276
	1.023138403892517
	1.0231481790542603
	1.02315092086792
	1.0231504440307617
	1.0231544971466064
	1.0231696367263794
	1.0231788158416748
	1.0231800079345703
	1.0231876373291016
	1.0231839418411255
	1.0231952667236328
	1.0231913328170776
	1.0231956243515015
	1.0231837034225464
	1.0231788158416748
	1.0231796503067017
	1.0231815576553345
	1.0231852531433105
	1.0231853723526
	1.0231868028640747
	1.0231983661651611
	1.0231986045837402
	1.0231989622116089
	1.023187518119812
	1.0231945514678955
	1.0231926441192627
	1.023194670677185
	1.0232006311416626
	1.023219347000122
	1.0232305526733398
	1.0232298374176025
	1.0232435464859009
	1.023240089416504
	1.0232454538345337
	1.0232436656951904
	1.0232311487197876
	1.0232272148132324
	1.0232317447662354
	1.023226261138916
	1.0232393741607666
	1.0232278108596802
	1.023223876953125
	1.0232406854629517
	1.0232362747192383
	1.023245930671692
	1.023250937461853
	1.0232523679733276
	1.0232733488082886
	1.0232713222503662
	1.0232596397399902
	1.0232737064361572
	1.0232925415039062
	1.0233064889907837
	1.023310899734497
	1.0233207941055298
	1.0233334302902222
	1.023351788520813
	1.0233529806137085
	1.023353934288025
	1.02334725856781
	1.023357629776001
	1.0233525037765503
	1.0233478546142578
	1.0233564376831055
	1.0233536958694458
	1.023347020149231
	1.0233631134033203
	1.0233527421951294
	1.0233479738235474
	1.023335576057434
	1.023346185684204
	1.023356318473816
	1.0233619213104248
	1.023364782333374
	1.0233688354492188
	1.023375391960144
	1.0233700275421143
	1.0233768224716187
	1.0233787298202515
	1.0233821868896484
	1.0233852863311768
	1.0233956575393677
	1.0233800411224365
	1.0233784914016724
	1.0233865976333618
	1.0233845710754395
	1.0233983993530273
	1.0234073400497437
	1.0234088897705078
	1.0234081745147705
	1.0234014987945557
	1.023390769958496
	1.0233795642852783
	1.0233852863311768
	1.0233896970748901
	1.023390293121338
	1.0233879089355469
	1.0233975648880005
	1.0233982801437378
	1.0234042406082153
	1.0234073400497437
	1.0234153270721436
	1.0234081745147705
	1.0234185457229614
	1.023421049118042
	1.0234136581420898
	1.023408055305481
	1.023424506187439
	1.023419737815857
	1.0234286785125732
	1.023427963256836
	1.0234256982803345
	1.0234318971633911
	1.0234321355819702
	1.0234273672103882
	1.0234380960464478
	1.0234317779541016
	1.0234291553497314
	1.023410677909851
	1.023417592048645
	1.0234202146530151
	1.0234482288360596
	1.0234495401382446
	1.023454189300537
	1.023452877998352
	1.0234473943710327
	1.0234460830688477
	1.0234497785568237
	1.0234394073486328
	1.0234389305114746
	1.0234298706054688
	1.0234413146972656
	1.0234320163726807
	1.0234370231628418
	1.0234313011169434
	1.023413896560669
	1.0234044790267944
	1.0234068632125854
	1.0234256982803345
	1.0234274864196777
	1.023423671722412
	1.0234143733978271
	1.0234042406082153
	1.023392915725708
	1.023393988609314
	1.0234005451202393
	1.0233981609344482
	1.0234121084213257
	1.0234256982803345
	1.0234230756759644
	1.023423671722412
	1.0234264135360718
	1.0234296321868896
	1.0234214067459106
	1.0234169960021973
	1.0234143733978271
	1.0234185457229614
	1.0234081745147705
	1.0234127044677734
	1.0234171152114868
	1.0234228372573853
	1.0234169960021973
	1.0234112739562988
	1.0234262943267822
	1.0234307050704956
	1.0234400033950806
	1.0234296321868896
	1.0234434604644775
	1.023441195487976
	1.0234545469284058
	1.0234514474868774
	1.0234501361846924
	1.0234375
	1.0234313011169434
	1.023430347442627
	1.0234333276748657
	1.0234326124191284
	1.0234397649765015
	1.0234395265579224
	1.0234310626983643
	1.023430347442627
	1.023423433303833
	1.0234265327453613
	1.023432731628418
	1.0234228372573853
	1.0234103202819824
	1.023394227027893
	1.0234060287475586
	1.0234074592590332
	1.023409128189087
	1.0234127044677734
	1.02341890335083
	1.0234098434448242
	1.0234012603759766
	1.0233999490737915
	1.0234140157699585
	1.0234150886535645
	1.023416519165039
	1.0234090089797974
	1.0234062671661377
	1.02341628074646
	1.0234177112579346
	1.0234159231185913
	1.02341890335083
	1.0234225988388062
	1.0234204530715942
	1.023411750793457
	1.02341890335083
	1.0234166383743286
	1.0234285593032837
	1.023432731628418
	1.0234304666519165
	1.0234266519546509
	1.0234436988830566
	1.0234546661376953
	1.023466944694519
	1.0234724283218384
	1.023484706878662
	1.0234835147857666
	1.0234919786453247
	1.0235049724578857
	1.0235024690628052
	1.023525595664978
	1.0235193967819214
	1.0235298871994019
	1.0235378742218018
	1.0235426425933838
	1.0235414505004883
	1.0235403776168823
	1.0235289335250854
	1.0235414505004883
	1.0235627889633179
	1.023561716079712
	1.0235594511032104
	1.0235522985458374
	1.0235576629638672
	1.0235567092895508
	1.023565411567688
	1.0235702991485596
	1.02358078956604
	1.023580551147461
	1.0235657691955566
	1.023558259010315
	1.023563027381897
	1.023564338684082
	1.023559331893921
	1.0235627889633179
	1.0235627889633179
	1.0235490798950195
	1.0235471725463867
	1.0235610008239746
	1.0235567092895508
	1.0235464572906494
	1.0235487222671509
	1.0235508680343628
	1.023558259010315
	1.0235565900802612
	1.023553490638733
	1.0235481262207031
	1.023551106452942
	1.0235621929168701
	1.0235737562179565
	1.0235657691955566
	1.0235689878463745
	1.0235790014266968
	1.0235828161239624
	1.0235824584960938
	1.023565649986267
	1.0235679149627686
	1.023563265800476
	1.023576021194458
	1.0235673189163208
	1.0235693454742432
	1.023560881614685
	1.023540735244751
	1.0235285758972168
	1.023545742034912
	1.0235432386398315
	1.0235402584075928
	1.0235360860824585
	1.023520588874817
	1.0235276222229004
	1.023510217666626
	1.023512601852417
	1.0235174894332886
	1.0235356092453003
	1.023511528968811
	1.0235267877578735
	1.0235164165496826
	1.0235415697097778
	1.023549199104309
	1.0235577821731567
	1.023565411567688
	1.0235484838485718
	1.0235515832901
	1.0235438346862793
	1.0235422849655151
	1.0235620737075806
	1.0235772132873535
	1.0235675573349
	1.0235744714736938
	1.0235718488693237
	1.0235644578933716
	1.0235697031021118
	1.0235753059387207
	1.0235786437988281
	1.023592233657837
	1.0235861539840698
	1.0235875844955444
	1.0236042737960815
	1.0235862731933594
	1.0235919952392578
	1.0235987901687622
	1.0235986709594727
	1.0235881805419922
	1.0235767364501953
	1.0235852003097534
	1.023590087890625
	1.0235848426818848
	1.0235936641693115
	1.02360999584198
	1.0235844850540161
	1.0235899686813354
	1.023594617843628
	1.0235958099365234
	1.0236018896102905
	1.0236005783081055
	1.0236024856567383
	1.023613452911377
	1.0236049890518188
	1.0235823392868042
	1.0235828161239624
	1.023597002029419
	1.0235885381698608
	1.023573637008667
	1.0235753059387207
	1.0235645771026611
	1.0235527753829956
	1.0235434770584106
	1.0235530138015747
	1.0235755443572998
	1.023585557937622
	1.023592472076416
	1.023584246635437
	1.0235828161239624
	1.0235844850540161
	1.0235742330551147
	1.0235644578933716
	1.0235743522644043
	1.0235435962677002
	1.0235651731491089
	1.0235487222671509
	1.0235484838485718
	1.023545742034912
	1.0235527753829956
	1.023564100265503
	1.0235629081726074
	1.023564100265503
	1.0235660076141357
	1.0235564708709717
	1.0235693454742432
	1.023586630821228
	1.0235844850540161
	1.023584008216858
	1.0235602855682373
	1.0235620737075806
	1.0235577821731567
	1.023534893989563
	1.0235382318496704
	1.0235199928283691
	1.0235044956207275
	1.0234910249710083
	1.0234980583190918
	1.0234875679016113
	1.023506999015808
	1.0234867334365845
	1.0235074758529663
	1.023521900177002
	1.0235159397125244
	1.0235304832458496
	1.0235183238983154
	1.02350914478302
	1.0235199928283691
	1.0235295295715332
	1.0235363245010376
	1.0235356092453003
	1.0235307216644287
	1.0235363245010376
	1.0235321521759033
	1.023545742034912
	1.0235412120819092
	1.0235346555709839
	1.0235350131988525
	1.0235294103622437
	1.0235252380371094
	1.0235159397125244
	1.0235090255737305
	1.0235204696655273
	1.0235346555709839
	1.0235247611999512
	1.023520827293396
	1.0235061645507812
	1.023512840270996
	1.0235099792480469
	1.0235087871551514
	1.0235031843185425
	1.02350652217865
	1.0234858989715576
	1.0234769582748413
	1.0234817266464233
	1.0234991312026978
	1.023494839668274
	1.0234930515289307
	1.0234769582748413
	1.023484468460083
	1.0234917402267456
	1.023501992225647
	1.02350914478302
	1.0234969854354858
	1.0234947204589844
	1.0234929323196411
	1.0234942436218262
	1.023486852645874
	1.0234911441802979
	1.0234942436218262
	1.02349054813385
	1.0234912633895874
	1.0234750509262085
	1.0234613418579102
	1.0234421491622925
	1.0234309434890747
	1.0234273672103882
	1.0234431028366089
	1.0234421491622925
	1.023449182510376
	1.023450255393982
	1.0234194993972778
	1.0234187841415405
	1.0234218835830688
	1.0234102010726929
	1.0233997106552124
	1.0234049558639526
	1.023424744606018
	1.0234202146530151
	1.0234371423721313
	1.0234642028808594
	1.023465633392334
	1.0234649181365967
	1.0234569311141968
	1.0234588384628296
	1.0234686136245728
	1.0234549045562744
	1.0234519243240356
	1.023447871208191
	1.0234400033950806
	1.0234450101852417
	1.0234382152557373
	1.023436427116394
	1.0234142541885376
	1.0234006643295288
	1.0233935117721558
	1.0234028100967407
	1.0233986377716064
	1.023392677307129
	1.0233821868896484
	1.023369312286377
	1.0233749151229858
	1.0234051942825317
	1.0233969688415527
	1.0233852863311768
	1.023381233215332
	1.0233941078186035
	1.0234019756317139
	1.023397445678711
	1.0234061479568481
	1.0233992338180542
	1.0233938694000244
	1.0233871936798096
	1.0233688354492188
	1.0233904123306274
	1.0233877897262573
	1.0233806371688843
	1.023379921913147
	1.0233687162399292
	1.0233584642410278
	1.0233584642410278
	1.0233620405197144
	1.0233596563339233
	1.0233663320541382
	1.0233538150787354
	1.0233641862869263
	1.0233705043792725
	1.0233583450317383
	1.0233534574508667
	1.0233479738235474
	1.0233595371246338
	1.0233675241470337
	1.0233783721923828
	1.0233832597732544
	1.0233850479125977
	1.0233933925628662
	1.0233999490737915
	1.0234200954437256
	1.0234307050704956
	1.0234323740005493
	1.0234336853027344
	1.0234367847442627
	1.0234196186065674
	1.0234174728393555
	1.0234135389328003
	1.0234050750732422
	1.023402214050293
	1.0234181880950928
	1.023432970046997
	1.0234454870224
	1.0234535932540894
	1.0234520435333252
	1.0234500169754028
	1.0234512090682983
	1.0234401226043701
	1.0234259366989136
	1.0234476327896118
	1.0234298706054688
	1.0234342813491821
	1.0234400033950806
	1.023427963256836
	1.0234177112579346
	1.0234116315841675
	1.023411750793457
	1.0234085321426392
	1.023419976234436
	1.0234116315841675
	1.023416519165039
	1.0234233140945435
	1.0234187841415405
	1.0234167575836182
	1.02340829372406
	1.0234453678131104
	1.023425817489624
	1.0234286785125732
	1.0234246253967285
	1.0234378576278687
	1.0234122276306152
	1.0234200954437256
	1.023423194885254
	1.0234309434890747
	1.0234369039535522
	1.0234436988830566
	1.0234237909317017
	1.0234283208847046
	1.023432731628418
	1.023460030555725
	1.0234626531600952
	1.0234651565551758
	1.0234719514846802
	1.0234606266021729
	1.0234594345092773
	1.0234577655792236
	1.0234546661376953
	1.02347993850708
	1.0234633684158325
	1.0234668254852295
	1.0234642028808594
	1.0234780311584473
	1.0234837532043457
	1.023481011390686
	1.0234911441802979
	1.023472785949707
	1.0234647989273071
	1.0234745740890503
	1.0234771966934204
	1.023483395576477
	1.0234782695770264
	1.023488998413086
	1.023500680923462
	1.0234984159469604
	1.0235042572021484
	1.0234959125518799
	1.023483395576477
	1.0234966278076172
	1.0235042572021484
	1.023516058921814
	1.0235106945037842
	1.0235153436660767
	1.0235108137130737
	1.0235023498535156
	1.023497223854065
	1.0234843492507935
	1.0234811305999756
	1.0234804153442383
	1.023496389389038
	1.0235260725021362
	1.0235108137130737
	1.0235068798065186
	1.0235075950622559
	1.0235267877578735
	1.0235308408737183
	1.0235419273376465
	1.0235449075698853
	1.0235546827316284
	1.0235649347305298
	1.0235624313354492
	1.0235750675201416
	1.023565649986267
	1.0235484838485718
	1.0235551595687866
	1.0235533714294434
	1.0235710144042969
	1.023581862449646
	1.0235787630081177
	1.023568034172058
	1.0235705375671387
	1.0235708951950073
	1.0235886573791504
	1.0235729217529297
	1.023569941520691
	1.0235753059387207
	1.0235843658447266
	1.0235844850540161
	1.0235906839370728
	1.0235966444015503
	1.023611307144165
	1.0236152410507202
	1.0236173868179321
	1.0236175060272217
	1.0236074924468994
	1.0236271619796753
	1.0236116647720337
	1.0236262083053589
	1.0236468315124512
	1.0236577987670898
	1.0236577987670898
	1.023654818534851
	1.0236319303512573
	1.0236045122146606
	1.0236066579818726
	1.0236107110977173
	1.0236138105392456
	1.0236212015151978
	1.0236109495162964
	1.0236022472381592
	1.0236164331436157
	1.0236124992370605
	1.0236151218414307
	1.0236201286315918
	1.023626446723938
	1.0236458778381348
	1.0236622095108032
	1.0236647129058838
	1.0236635208129883
	1.0236629247665405
	1.023655891418457
	1.0236581563949585
	1.0236560106277466
	1.0236834287643433
	1.0236998796463013
	1.0237175226211548
	1.0237345695495605
	1.0237438678741455
	1.0237507820129395
	1.023743987083435
	1.0237420797348022
	1.0237574577331543
	1.023769736289978
	1.023767113685608
	1.0237705707550049
	1.0237928628921509
	1.0238096714019775
	1.0238200426101685
	1.023836612701416
	1.0238507986068726
	1.0238451957702637
	1.023836374282837
	1.0238277912139893
	1.0238265991210938
	1.0238300561904907
	1.0238151550292969
	1.0237940549850464
	1.023797631263733
	1.0238128900527954
	1.0238068103790283
	1.0238094329833984
	1.0238186120986938
	1.0237995386123657
	1.0237956047058105
	1.0238113403320312
	1.023816466331482
	1.0238343477249146
	1.0238304138183594
	1.0238336324691772
	1.0238468647003174
	1.0238502025604248
	1.0238754749298096
	1.0238707065582275
	1.0238524675369263
	1.0238572359085083
	1.0238572359085083
	1.023850917816162
	1.023847222328186
	1.0238564014434814
	1.0238709449768066
	1.023867130279541
	1.0238584280014038
	1.02385675907135
	1.023864507675171
	1.0238564014434814
	1.0238536596298218
	1.0238717794418335
	1.023891568183899
	1.0238726139068604
	1.0238959789276123
	1.0239050388336182
	1.0239067077636719
	1.023921251296997
	1.0239307880401611
	1.0239466428756714
	1.0239382982254028
	1.0239431858062744
	1.0239744186401367
	1.0239754915237427
	1.0239564180374146
	1.0239524841308594
	1.0239604711532593
	1.0239688158035278
	1.0239758491516113
	1.0239735841751099
	1.0239794254302979
	1.023995041847229
	1.0239909887313843
	1.0240079164505005
	1.0240224599838257
	1.0240126848220825
	1.0240141153335571
	1.0240147113800049
	1.024016261100769
	1.0240392684936523
	1.0240398645401
	1.0240434408187866
	1.0240575075149536
	1.024055004119873
	1.0240378379821777
	1.0240416526794434
	1.0240516662597656
	1.0240508317947388
	1.0240585803985596
	1.02405846118927
	1.024059534072876
	1.0240671634674072
	1.0240824222564697
	1.0240681171417236
	1.0240706205368042
	1.0240870714187622
	1.0241047143936157
	1.0241097211837769
	1.0240974426269531
	1.0241129398345947
	1.0241138935089111
	1.0241155624389648
	1.0241072177886963
	1.024092435836792
	1.0240839719772339
	1.0241014957427979
	1.0241237878799438
	1.0241199731826782
	1.024146318435669
	1.0241402387619019
	1.0241515636444092
	1.0241607427597046
	1.0241602659225464
	1.024159550666809
	1.0241756439208984
	1.024186134338379
	1.0241672992706299
	1.0241702795028687
	1.0241508483886719
	1.0241740942001343
	1.0241796970367432
	1.0241800546646118
	1.024194359779358
	1.0242266654968262
	1.0242457389831543
	1.0242327451705933
	1.0242365598678589
	1.0242457389831543
	1.024248719215393
	1.024246335029602
	1.024236798286438
	1.024247407913208
	1.0242540836334229
	1.0242702960968018
	1.0242871046066284
	1.0242960453033447
	1.024294137954712
	1.0243016481399536
	1.0243139266967773
	1.0243195295333862
	1.0243169069290161
	1.0243028402328491
	1.0242985486984253
	1.0243159532546997
	1.024310827255249
	1.0243232250213623
	1.0243172645568848
	1.0243202447891235
	1.0243334770202637
	1.0243453979492188
	1.0243607759475708
	1.0243779420852661
	1.0243761539459229
	1.0243791341781616
	1.0243414640426636
	1.0243632793426514
	1.024376392364502
	1.0243866443634033
	1.024404764175415
	1.0244115591049194
	1.0244221687316895
	1.0244234800338745
	1.024431824684143
	1.024457573890686
	1.024450421333313
	1.0244660377502441
	1.024457573890686
	1.024477481842041
	1.0244848728179932
	1.0244978666305542
	1.0245128870010376
	1.024516224861145
	1.0245343446731567
	1.0245401859283447
	1.0245579481124878
	1.0245733261108398
	1.0245805978775024
	1.0245940685272217
	1.0245825052261353
	1.0245918035507202
	1.024610996246338
	1.0246258974075317
	1.024641752243042
	1.0246424674987793
	1.0246517658233643
	1.0246695280075073
	1.0246738195419312
	1.0246788263320923
	1.0246851444244385
	1.0247015953063965
	1.0246976613998413
	1.0247037410736084
	1.0246978998184204
	1.0247007608413696
	1.0247150659561157
	1.024715542793274
	1.0247223377227783
	1.0247209072113037
	1.0247308015823364
	1.0247294902801514
	1.0247431993484497
	1.0247503519058228
	1.0247517824172974
	1.024753451347351
	1.0247597694396973
	1.024760365486145
	1.02475905418396
	1.024771809577942
	1.0247583389282227
	1.0247869491577148
	1.0248202085494995
	1.0248254537582397
	1.024835228919983
	1.0248517990112305
	1.0248578786849976
	1.0248609781265259
	1.0248507261276245
	1.0248690843582153
	1.0248734951019287
	1.0248712301254272
	1.0248639583587646
	1.0248734951019287
	1.024882197380066
	1.0248994827270508
	1.0248974561691284
	1.0249038934707642
	1.0249258279800415
	1.0249292850494385
	1.0249329805374146
	1.0249507427215576
	1.0249695777893066
	1.024971604347229
	1.024973750114441
	1.024984359741211
	1.024998426437378
	1.025002121925354
	1.0250098705291748
	1.0250266790390015
	1.0250334739685059
	1.0250359773635864
	1.0250402688980103
	1.025030493736267
	1.0250418186187744
	1.0250355005264282
	1.0250473022460938
	1.0250627994537354
	1.0250577926635742
	1.0250658988952637
	1.02506422996521
	1.025053858757019
	1.0250625610351562
	1.0250660181045532
	1.0250786542892456
	1.0250810384750366
	1.0250844955444336
	1.025076985359192
	1.025075078010559
	1.0250558853149414
	1.0250656604766846
	1.0250848531723022
	1.0251082181930542
	1.0251240730285645
	1.0251214504241943
	1.0251420736312866
	1.0251691341400146
	1.0251661539077759
	1.0251895189285278
	1.0252025127410889
	1.0252269506454468
	1.0252437591552734
	1.0252450704574585
	1.0252583026885986
	1.0252692699432373
	1.025280237197876
	1.0252728462219238
	1.0252870321273804
	1.02527916431427
	1.025286078453064
	1.025308609008789
	1.025320053100586
	1.0253381729125977
	1.0253455638885498
	1.0253593921661377
	1.025357723236084
	1.0253602266311646
	1.0253596305847168
	1.0253691673278809
	1.0253568887710571
	1.0253885984420776
	1.0254061222076416
	1.0254119634628296
	1.0254123210906982
	1.0254027843475342
	1.0254108905792236
	1.0254418849945068
	1.0254460573196411
	1.0254508256912231
	1.0254523754119873
	1.0254731178283691
	1.02549147605896
	1.0254981517791748
	1.0255036354064941
	1.0255215167999268
	1.0255343914031982
	1.025557041168213
	1.0255675315856934
	1.0255963802337646
	1.0256394147872925
	1.0256452560424805
	1.0256555080413818
	1.0256564617156982
	1.0256786346435547
	1.0257015228271484
	1.0256985425949097
	1.0256857872009277
	1.0256997346878052
	1.025721788406372
	1.0257177352905273
	1.0257214307785034
	1.02572500705719
	1.0257534980773926
	1.0257600545883179
	1.0257591009140015
	1.0257517099380493
	1.0257606506347656
	1.0257704257965088
	1.025787591934204
	1.0257869958877563
	1.0257823467254639
	1.0257889032363892
	1.025800347328186
	1.0257949829101562
	1.025806188583374
	1.0257947444915771
	1.0257954597473145
	1.0257797241210938
	1.0257736444473267
	1.0257787704467773
	1.0257954597473145
	1.0258150100708008
	1.0258140563964844
	1.0258257389068604
	1.0258169174194336
	1.0258021354675293
	1.02579665184021
	1.0258036851882935
	1.0258084535598755
	1.0258305072784424
	1.0258442163467407
	1.0258623361587524
	1.0258604288101196
	1.0258570909500122
	1.0258578062057495
	1.025863528251648
	1.0258740186691284
	1.0258877277374268
	1.0258824825286865
	1.025893211364746
	1.0258897542953491
	1.0259063243865967
	1.025913119316101
	1.0259251594543457
	1.025921106338501
	1.0259253978729248
	1.0259348154067993
	1.0259573459625244
	1.0259690284729004
	1.0259788036346436
	1.025985836982727
	1.0259836912155151
	1.0260084867477417
	1.0260173082351685
	1.026026725769043
	1.026035189628601
	1.0260560512542725
	1.0260745286941528
	1.0260732173919678
	1.026076316833496
	1.0260899066925049
	1.0261019468307495
	1.0261162519454956
	1.0261282920837402
	1.0261304378509521
	1.0261424779891968
	1.026132345199585
	1.0261257886886597
	1.0261204242706299
	1.02610445022583
	1.0261141061782837
	1.026151418685913
	1.026145577430725
	1.0261658430099487
	1.026164174079895
	1.0261706113815308
	1.0261985063552856
	1.0262044668197632
	1.0261918306350708
	1.0261980295181274
	1.026210904121399
	1.0262173414230347
	1.0262349843978882
	1.026252269744873
	1.0262688398361206
	1.0262805223464966
	1.0263009071350098
	1.026342511177063
	1.026360034942627
	1.0263556241989136
	1.0263746976852417
	1.0263922214508057
	1.0263811349868774
	1.0263917446136475
	1.026392936706543
	1.0263885259628296
	1.0263954401016235
	1.026402473449707
	1.0264387130737305
	1.0264363288879395
	1.0264488458633423
	1.0264726877212524
	1.0264829397201538
	1.0265016555786133
	1.026503324508667
	1.0265227556228638
	1.0265436172485352
	1.026554822921753
	1.026568055152893
	1.0265917778015137
	1.0265995264053345
	1.0266139507293701
	1.0266321897506714
	1.0266605615615845
	1.0266683101654053
	1.026673674583435
	1.026685357093811
	1.0266865491867065
	1.0266953706741333
	1.0266900062561035
	1.02669358253479
	1.026682734489441
	1.0266975164413452
	1.0267107486724854
	1.026723861694336
	1.0267562866210938
	1.026758074760437
	1.0267620086669922
	1.026780128479004
	1.0268018245697021
	1.0268266201019287
	1.0268250703811646
	1.0268194675445557
	1.0268166065216064
	1.0268306732177734
	1.0268532037734985
	1.0268648862838745
	1.0268876552581787
	1.02688729763031
	1.0268644094467163
	1.0268687009811401
	1.02685546875
	1.0268456935882568
	1.0268487930297852
	1.026861548423767
	1.0268584489822388
	1.0268738269805908
	1.0268687009811401
	1.0268772840499878
	1.0268889665603638
	1.0268757343292236
	1.0268887281417847
	1.0268908739089966
	1.026886224746704
	1.026889681816101
	1.0268999338150024
	1.0268990993499756
	1.026907205581665
	1.0269078016281128
	1.0269159078598022
	1.0269149541854858
	1.0269343852996826
	1.0269367694854736
	1.0269596576690674
	1.0269767045974731
	1.0269743204116821
	1.027002215385437
	1.0270135402679443
	1.0270140171051025
	1.0270336866378784
	1.0270413160324097
	1.027068853378296
	1.027065634727478
	1.0270828008651733
	1.0271086692810059
	1.0271227359771729
	1.0271416902542114
	1.0271683931350708
	1.027176856994629
	1.027188777923584
	1.027205228805542
	1.0272157192230225
	1.0272401571273804
	1.0272538661956787
	1.0272672176361084
	1.0272749662399292
	1.027280330657959
	1.0272923707962036
	1.027308464050293
	1.0273224115371704
	1.027329683303833
	1.0273504257202148
	1.0273679494857788
	1.027368426322937
	1.0273770093917847
	1.027390480041504
	1.0274081230163574
	1.0274250507354736
	1.0274420976638794
	1.0274755954742432
	1.0274709463119507
	1.0274879932403564
	1.0274937152862549
	1.0275026559829712
	1.0275310277938843
	1.0275471210479736
	1.0275510549545288
	1.027567744255066
	1.0275723934173584
	1.0275706052780151
	1.027600646018982
	1.0276224613189697
	1.0276451110839844
	1.0276696681976318
	1.0276918411254883
	1.027711272239685
	1.0276964902877808
	1.0277010202407837
	1.0277224779129028
	1.0277462005615234
	1.027754783630371
	1.027779459953308
	1.027787446975708
	1.0277996063232422
	1.0278054475784302
	1.0278252363204956
	1.0278563499450684
	1.02786386013031
	1.0278822183609009
	1.027902603149414
	1.0279141664505005
	1.0279228687286377
	1.027943730354309
	1.0279546976089478
	1.0279620885849
	1.0279818773269653
	1.0279958248138428
	1.0280121564865112
	1.0280314683914185
	1.0280272960662842
	1.0280269384384155
	1.028041124343872
	1.0280539989471436
	1.0280818939208984
	1.028092622756958
	1.0280776023864746
	1.0280812978744507
	1.0280907154083252
	1.0281256437301636
	1.0281176567077637
	1.0281283855438232
	1.0281258821487427
	1.0281198024749756
	1.0281527042388916
	1.0281765460968018
	1.028182029724121
	1.0281662940979004
	1.0281751155853271
	1.0281808376312256
	1.0281829833984375
	1.0281951427459717
	1.0282185077667236
	1.0282371044158936
	1.0282591581344604
	1.028268575668335
	1.0282905101776123
	1.028312087059021
	1.0283265113830566
	1.0283331871032715
	1.0283455848693848
	1.028363823890686
	1.0283653736114502
	1.0283621549606323
	1.0283598899841309
	1.0283633470535278
	1.0283704996109009
	1.0283862352371216
	1.028400182723999
	1.028424620628357
	1.028428316116333
	1.0284525156021118
	1.0284479856491089
	1.0284595489501953
	1.0284488201141357
	1.0284374952316284
	1.0284544229507446
	1.028455376625061
	1.02847158908844
	1.0284843444824219
	1.0285011529922485
	1.0284816026687622
	1.028499960899353
	1.0285106897354126
	1.0285447835922241
	1.0285569429397583
	1.0285699367523193
	1.0285913944244385
	1.0286108255386353
	1.028633713722229
	1.0286303758621216
	1.028648018836975
	1.0286407470703125
	1.02865731716156
	1.0286707878112793
	1.0286822319030762
	1.0286939144134521
	1.0287196636199951
	1.0287158489227295
	1.0287299156188965
	1.0287625789642334
	1.028772234916687
	1.0287871360778809
	1.0288081169128418
	1.0288114547729492
	1.0288243293762207
	1.0288249254226685
	1.0288468599319458
	1.0288766622543335
	1.0288705825805664
	1.028875470161438
	1.028897762298584
	1.028926134109497
	1.0289145708084106
	1.0289217233657837
	1.0289198160171509
	1.0289262533187866
	1.0289247035980225
	1.0289372205734253
	1.028952956199646
	1.0289621353149414
	1.028976559638977
	1.028989553451538
	1.0289976596832275
	1.029004454612732
	1.0290234088897705
	1.0290149450302124
	1.0290223360061646
	1.0290131568908691
	1.02902352809906
	1.0290369987487793
	1.029052972793579
	1.0290613174438477
	1.0290648937225342
	1.0290863513946533
	1.0290957689285278
	1.0291136503219604
	1.029131531715393
	1.0291383266448975
	1.0291544198989868
	1.0291777849197388
	1.0291974544525146
	1.0292094945907593
	1.0292000770568848
	1.0292243957519531
	1.0292214155197144
	1.0292197465896606
	1.0292348861694336
	1.0292532444000244
	1.0292726755142212
	1.0292868614196777
	1.0293116569519043
	1.0293258428573608
	1.0293331146240234
	1.0293382406234741
	1.029360055923462
	1.029383897781372
	1.0293796062469482
	1.029386281967163
	1.029403567314148
	1.0294079780578613
	1.0293965339660645
	1.029395341873169
	1.0294162034988403
	1.029443621635437
	1.0294568538665771
	1.0294673442840576
	1.0294766426086426
	1.0294883251190186
	1.0294965505599976
	1.0295106172561646
	1.0295276641845703
	1.0295344591140747
	1.0295360088348389
	1.0295511484146118
	1.0295652151107788
	1.0295658111572266
	1.0295690298080444
	1.0295902490615845
	1.029592752456665
	1.0296062231063843
	1.029638648033142
	1.0296673774719238
	1.0296859741210938
	1.029697060585022
	1.0296815633773804
	1.029705286026001
	1.0297149419784546
	1.029726266860962
	1.0297225713729858
	1.0297406911849976
	1.0297552347183228
	1.0297625064849854
	1.029760479927063
	1.0297678709030151
	1.029787540435791
	1.0297996997833252
	1.0297966003417969
	1.0298120975494385
	1.0298314094543457
	1.0298248529434204
	1.0298305749893188
	1.0298337936401367
	1.0298528671264648
	1.0298765897750854
	1.0298802852630615
	1.0298774242401123
	1.029892921447754
	1.0299147367477417
	1.029906988143921
	1.0299164056777954
	1.0299248695373535
	1.0299291610717773
	1.0299267768859863
	1.0299354791641235
	1.0299369096755981
	1.029960036277771
	1.0299676656723022
	1.0299837589263916
	1.0299866199493408
	1.0300014019012451
	1.0300278663635254
	1.0300467014312744
	1.0300545692443848
	1.0300613641738892
	1.0300565958023071
	1.0300798416137695
	1.0301072597503662
	1.0301049947738647
	1.0301212072372437
	1.0301257371902466
	1.0301421880722046
	1.030150055885315
	1.0301556587219238
	1.030150055885315
	1.0301638841629028
	1.0301717519760132
	1.0301837921142578
	1.0301871299743652
	1.0301988124847412
	1.030200481414795
	1.0302183628082275
	1.0302258729934692
	1.0302339792251587
	1.0302413702011108
	1.0302624702453613
	1.0302728414535522
	1.0302897691726685
	1.0303027629852295
	1.030321478843689
	1.0303244590759277
	1.0303298234939575
	1.0303527116775513
	1.0303534269332886
	1.030362606048584
	1.0303839445114136
	1.0304049253463745
	1.0304089784622192
	1.0304210186004639
	1.030425786972046
	1.030461072921753
	1.0304839611053467
	1.0304787158966064
	1.0304778814315796
	1.0304838418960571
	1.0305042266845703
	1.0305039882659912
	1.0305145978927612
	1.0305277109146118
	1.0305440425872803
	1.0305474996566772
	1.0305627584457397
	1.0305625200271606
	1.0305824279785156
	1.0305954217910767
	1.0305891036987305
	1.030601143836975
	1.0306155681610107
	1.0306228399276733
	1.0306320190429688
	1.030645489692688
	1.0306521654129028
	1.0306631326675415
	1.0306822061538696
	1.0306892395019531
	1.030706524848938
	1.0307247638702393
	1.0307365655899048
	1.0307389497756958
	1.030761480331421
	1.0307620763778687
	1.0307612419128418
]