[
	0.7094214558601379
	0.709302544593811
	0.7091969847679138
	0.7090747952461243
	0.7089619040489197
	0.7088410258293152
	0.7087292075157166
	0.708612322807312
	0.7084954977035522
	0.7083958387374878
	0.7082874774932861
	0.7081629633903503
	0.7080386877059937
	0.707923412322998
	0.7078089118003845
	0.7076854705810547
	0.7075623869895935
	0.7074475884437561
	0.7073438763618469
	0.7072286009788513
	0.707101583480835
	0.7069800496101379
	0.7068641185760498
	0.7067466378211975
	0.7066280841827393
	0.7065173983573914
	0.7063993215560913
	0.7062991261482239
	0.7061995267868042
	0.7060821056365967
	0.7059729099273682
	0.7058756947517395
	0.7057796120643616
	0.7056688070297241
	0.7055677175521851
	0.7054622769355774
	0.7053672671318054
	0.7052432298660278
	0.7051320672035217
	0.7050157189369202
	0.7049117684364319
	0.7048096060752869
	0.7047038078308105
	0.7046098113059998
	0.7045009136199951
	0.7043991088867188
	0.7043118476867676
	0.7042158842086792
	0.7041274905204773
	0.7040183544158936
	0.7039180397987366
	0.703821063041687
	0.7037330865859985
	0.7036503553390503
	0.7035557627677917
	0.7034651637077332
	0.7033788561820984
	0.7032917141914368
	0.7032108306884766
	0.703123152256012
	0.703026294708252
	0.7029353380203247
	0.7028524279594421
	0.7027661800384521
	0.7026780843734741
	0.7025913596153259
	0.7025085091590881
	0.7024205923080444
	0.7023443579673767
	0.7022647857666016
	0.7021951675415039
	0.7020878791809082
	0.7019962668418884
	0.7019240260124207
	0.7018433809280396
	0.701780378818512
	0.701690137386322
	0.7016258835792542
	0.7015578746795654
	0.7014843821525574
	0.701414167881012
	0.7013391256332397
	0.7012566924095154
	0.7011886835098267
	0.7011097073554993
	0.7010334730148315
	0.7009636759757996
	0.7009056210517883
	0.7008336782455444
	0.7007736563682556
	0.7007087469100952
	0.7006383538246155
	0.7005795836448669
	0.7005186080932617
	0.7004475593566895
	0.7003685235977173
	0.7002967000007629
	0.7002285122871399
	0.7001662850379944
	0.7000889182090759
	0.7000186443328857
	0.6999652981758118
	0.6998997926712036
	0.6998275518417358
	0.6997633576393127
	0.69970703125
	0.6996404528617859
	0.6995907425880432
	0.6995258927345276
	0.6994737982749939
	0.6994144320487976
	0.6993566751480103
	0.6992983818054199
	0.6992412805557251
	0.6991816163063049
	0.6991174817085266
	0.6990597248077393
	0.6989915370941162
	0.6989558935165405
	0.6989098787307739
	0.6988511085510254
	0.6987991333007812
	0.6987463235855103
	0.6986969113349915
	0.6986493468284607
	0.6985974311828613
	0.6985378861427307
	0.698483943939209
	0.6984379291534424
	0.6984015107154846
	0.6983493566513062
	0.6982973217964172
	0.6982545852661133
	0.6981983184814453
	0.6981388330459595
	0.6980933547019958
	0.6980482339859009
	0.6980011463165283
	0.6979600787162781
	0.6979063749313354
	0.697862982749939
	0.6978293061256409
	0.6977934837341309
	0.6977452039718628
	0.6977136731147766
	0.6976850032806396
	0.6976420879364014
	0.6975914835929871
	0.6975531578063965
	0.6975119709968567
	0.697472333908081
	0.697426438331604
	0.6973928213119507
	0.6973530650138855
	0.6973088383674622
	0.6972745656967163
	0.6972337961196899
	0.6972010731697083
	0.697169840335846
	0.6971398591995239
	0.6971055269241333
	0.6970772743225098
	0.6970547437667847
	0.697024941444397
	0.6969946622848511
	0.6969521045684814
	0.6969177722930908
	0.6968801617622375
	0.6968544125556946
	0.6968250870704651
	0.696791410446167
	0.6967592835426331
	0.6967192888259888
	0.6966975331306458
	0.6966617107391357
	0.6966216564178467
	0.6965974569320679
	0.696572482585907
	0.6965441107749939
	0.696516215801239
	0.6964783072471619
	0.6964626312255859
	0.6964415907859802
	0.6964166760444641
	0.6963884234428406
	0.6963632702827454
	0.6963215470314026
	0.696302592754364
	0.6962824463844299
	0.6962611079216003
	0.6962375044822693
	0.6962170004844666
	0.6962059736251831
	0.6961838603019714
	0.6961538195610046
	0.6961385607719421
	0.696141242980957
	0.6961138248443604
	0.6961008906364441
	0.6960756778717041
	0.6960675120353699
	0.6960422992706299
	0.6960142850875854
	0.6959955096244812
	0.6959822177886963
	0.6959561109542847
	0.6959478259086609
	0.6959236264228821
	0.6959017515182495
	0.6958938241004944
	0.6958802938461304
	0.6958599090576172
	0.695841908454895
	0.6958250403404236
	0.6958143711090088
	0.6958106160163879
	0.6957950592041016
	0.6957758665084839
	0.6957600116729736
	0.6957323551177979
	0.6957243084907532
	0.6957144737243652
	0.6956987380981445
	0.6956815719604492
	0.6956764459609985
	0.6956669092178345
	0.6956603527069092
	0.6956323385238647
	0.6956244111061096
	0.6956121921539307
	0.6955979466438293
	0.6955891847610474
	0.695587158203125
	0.6955839395523071
	0.6955755352973938
	0.6955663561820984
	0.695553183555603
	0.6955418586730957
	0.6955207586288452
	0.6955131888389587
	0.6955018639564514
	0.6954920291900635
	0.6954820156097412
	0.6954696178436279
	0.6954665184020996
	0.6954617500305176
	0.6954623460769653
	0.695455014705658
	0.6954460144042969
	0.6954359412193298
	0.6954349875450134
	0.6954225897789001
	0.6954131722450256
	0.6954010725021362
	0.6953908205032349
	0.6953887939453125
	0.6953888535499573
	0.6953796744346619
	0.6953780651092529
	0.6953698992729187
	0.6953598856925964
	0.695351243019104
	0.6953485012054443
	0.6953414082527161
	0.6953355073928833
	0.6953359842300415
	0.6953439116477966
	0.6953406929969788
	0.6953432559967041
	0.6953446269035339
	0.6953437924385071
	0.6953341960906982
	0.6953244805335999
	0.6953207850456238
	0.695313572883606
	0.6953029632568359
	0.695310115814209
	0.6953110098838806
	0.6953185796737671
	0.6953131556510925
	0.6953079700469971
	0.6953107714653015
	0.6953060030937195
	0.695306658744812
	0.6953114867210388
	0.6953107118606567
	0.6953199505805969
	0.6953186392784119
	0.6953085064888
	0.6953055262565613
	0.6952965259552002
	0.6952943801879883
	0.6952869296073914
	0.6952897310256958
	0.6952917575836182
	0.6952918171882629
	0.6952940821647644
	0.6953011155128479
	0.6953032612800598
	0.6953164339065552
	0.6953085064888
	0.6953067183494568
	0.6953031420707703
	0.6953094005584717
	0.6953109502792358
	0.6953137516975403
	0.6953142881393433
	0.6953182816505432
	0.6953360438346863
	0.6953412890434265
	0.6953415870666504
	0.695344865322113
	0.6953473687171936
	0.6953553557395935
	0.6953645944595337
	0.6953720450401306
	0.6953789591789246
	0.6953801512718201
	0.6953853964805603
	0.6953964233398438
	0.6954019665718079
	0.6954048871994019
	0.6954097151756287
	0.6954119801521301
	0.6954148411750793
	0.6954214572906494
	0.6954358220100403
	0.6954522728919983
	0.6954653859138489
	0.6954675316810608
	0.6954746246337891
	0.6954830288887024
	0.6954786777496338
	0.6954867243766785
	0.6954838633537292
	0.6954923272132874
	0.6954981684684753
	0.6955015659332275
	0.695510745048523
	0.6955136060714722
	0.6955229043960571
	0.6955259442329407
	0.6955309510231018
	0.6955426335334778
	0.695556640625
	0.6955703496932983
	0.6955796480178833
	0.6955937147140503
	0.6955952048301697
	0.6955934762954712
	0.6955969333648682
	0.6955997943878174
	0.6956120133399963
	0.6956233382225037
	0.6956257820129395
	0.6956347227096558
	0.695638120174408
	0.6956405639648438
	0.6956513524055481
	0.6956623196601868
	0.6956709027290344
	0.6956808567047119
	0.695687472820282
	0.6957034468650818
	0.6957058906555176
	0.6957173347473145
	0.6957231163978577
	0.6957296133041382
	0.6957484483718872
	0.6957688331604004
	0.6957727074623108
	0.6957848072052002
	0.6957911252975464
	0.695801317691803
	0.6958057880401611
	0.6958154439926147
	0.6958237290382385
	0.6958388686180115
	0.6958481669425964
	0.6958634853363037
	0.6958757042884827
	0.6958907246589661
	0.6959074139595032
	0.6959176659584045
	0.6959250569343567
	0.6959388852119446
	0.6959527134895325
	0.6959701180458069
	0.6959891319274902
	0.6960098743438721
	0.6960331201553345
	0.696043848991394
	0.6960545778274536
	0.6960691213607788
	0.6960790753364563
	0.6960883140563965
	0.6961080431938171
	0.6961305141448975
	0.6961407661437988
	0.6961477994918823
	0.6961680054664612
	0.6961806416511536
	0.6961957812309265
	0.6962018609046936
	0.6962175369262695
	0.6962408423423767
	0.6962494254112244
	0.6962574124336243
	0.6962732076644897
	0.6962878108024597
	0.6963029503822327
	0.6963134407997131
	0.6963274478912354
	0.6963430643081665
	0.6963542103767395
	0.6963680982589722
	0.6963779926300049
	0.6963865160942078
	0.6964063048362732
	0.6964214444160461
	0.696438193321228
	0.6964523196220398
	0.6964593529701233
	0.6964724659919739
	0.6964824795722961
	0.6964877247810364
	0.696496307849884
	0.6965160369873047
	0.6965228915214539
	0.6965293288230896
	0.6965563297271729
	0.6965700387954712
	0.6965855956077576
	0.696600079536438
	0.6966177821159363
	0.696634829044342
	0.6966446042060852
	0.6966589689254761
	0.6966816186904907
	0.6966869235038757
	0.6967095732688904
	0.6967298984527588
	0.6967476010322571
	0.6967614889144897
	0.6967720985412598
	0.6967902183532715
	0.6968196034431458
	0.6968291997909546
	0.6968585848808289
	0.6968832612037659
	0.6968958973884583
	0.6969149112701416
	0.6969394087791443
	0.6969642639160156
	0.6969841122627258
	0.6970075964927673
	0.6970252990722656
	0.6970375776290894
	0.6970502138137817
	0.6970687508583069
	0.6970856189727783
	0.6970955729484558
	0.6971189379692078
	0.6971356272697449
	0.6971532702445984
	0.6971725821495056
	0.6971927285194397
	0.6972172260284424
	0.6972398161888123
	0.6972585916519165
	0.6972773671150208
	0.6972930431365967
	0.6972964406013489
	0.6973108053207397
	0.6973299980163574
	0.6973525285720825
	0.6973658204078674
	0.6973822116851807
	0.6974027156829834
	0.697425127029419
	0.6974478363990784
	0.6974725723266602
	0.6974896788597107
	0.6975061893463135
	0.697521984577179
	0.6975491642951965
	0.6975728273391724
	0.6975864171981812
	0.6976071000099182
	0.6976343989372253
	0.6976609826087952
	0.6976689696311951
	0.6976925134658813
	0.6977077722549438
	0.6977320909500122
	0.6977506875991821
	0.6977607011795044
	0.6977837681770325
	0.6978119015693665
	0.6978307366371155
	0.6978491544723511
	0.697878897190094
	0.6979008316993713
	0.6979105472564697
	0.6979289650917053
	0.697944700717926
	0.6979600191116333
	0.6979749798774719
	0.6980046033859253
	0.6980143189430237
	0.6980307102203369
	0.6980505585670471
	0.6980574131011963
	0.6980755925178528
	0.6981056928634644
	0.6981245279312134
	0.6981461048126221
	0.6981710195541382
	0.6981901526451111
	0.6982114911079407
	0.6982304453849792
	0.6982555985450745
	0.6982752680778503
	0.6982914209365845
	0.6983166933059692
	0.698342502117157
	0.6983580589294434
	0.6983833909034729
	0.6983977556228638
	0.6984110474586487
	0.698429524898529
	0.6984588503837585
	0.6984795331954956
	0.6984921097755432
	0.6985169053077698
	0.6985318064689636
	0.6985459923744202
	0.6985629200935364
	0.6985836625099182
	0.698615550994873
	0.6986312866210938
	0.6986497640609741
	0.698681116104126
	0.6987087726593018
	0.6987339854240417
	0.6987459063529968
	0.6987600922584534
	0.6987790465354919
	0.6988084316253662
	0.6988293528556824
	0.6988593339920044
	0.6988921761512756
	0.6989113688468933
	0.6989277005195618
	0.6989501714706421
	0.6989801526069641
	0.699012815952301
	0.6990435123443604
	0.6990559101104736
	0.6990777850151062
	0.699101984500885
	0.6991231441497803
	0.6991446614265442
	0.6991720795631409
	0.699202299118042
	0.6992233991622925
	0.6992554664611816
	0.6992877125740051
	0.699307918548584
	0.6993284225463867
	0.6993406414985657
	0.6993760466575623
	0.69940185546875
	0.6994266510009766
	0.6994484066963196
	0.6994731426239014
	0.6995030641555786
	0.6995267271995544
	0.6995547413825989
	0.6995640993118286
	0.699592649936676
	0.699624240398407
	0.6996335983276367
	0.6996524930000305
	0.6996732354164124
	0.6996928453445435
	0.6997243165969849
	0.6997459530830383
	0.6997684240341187
	0.6997914910316467
	0.6998186707496643
	0.6998358964920044
	0.6998449563980103
	0.6998685598373413
	0.6998842358589172
	0.6998986601829529
	0.6999164819717407
	0.6999257206916809
	0.6999544501304626
	0.699989914894104
	0.700009286403656
	0.7000263333320618
	0.7000418901443481
	0.7000686526298523
	0.7000990509986877
	0.7001355886459351
	0.7001545429229736
	0.7001700401306152
	0.7001969218254089
	0.7002216577529907
	0.7002605199813843
	0.7002889513969421
	0.7003142237663269
	0.7003393769264221
	0.700364351272583
	0.7003940939903259
	0.7004241943359375
	0.7004514932632446
	0.7004716992378235
	0.7005073428153992
	0.7005322575569153
	0.7005637884140015
	0.700585126876831
	0.7006163597106934
	0.7006354331970215
	0.7006581425666809
	0.7006838321685791
	0.7007130980491638
	0.7007349133491516
	0.7007554769515991
	0.7007768750190735
	0.7007986307144165
	0.7008350491523743
	0.7008639574050903
	0.7008752226829529
	0.7009127736091614
	0.7009364366531372
	0.7009685635566711
	0.7009987235069275
	0.7010232210159302
	0.7010538578033447
	0.7010769844055176
	0.7011010050773621
	0.701131284236908
	0.7011532187461853
	0.701181948184967
	0.7012168169021606
	0.7012441754341125
	0.7012572288513184
	0.7012835741043091
	0.701311469078064
	0.7013402581214905
	0.7013685703277588
	0.7013923525810242
	0.7014057636260986
	0.7014352083206177
	0.7014585137367249
	0.7014855742454529
	0.7015111446380615
	0.7015382647514343
	0.7015566825866699
	0.7015832662582397
	0.7016170620918274
	0.7016453742980957
	0.7016609311103821
	0.7016887068748474
	0.7017225027084351
	0.7017437219619751
	0.7017867565155029
	0.7018070220947266
	0.7018110752105713
	0.7018271684646606
	0.7018606066703796
	0.701889157295227
	0.7019206881523132
	0.7019341588020325
	0.7019572257995605
	0.7019810080528259
	0.7020028233528137
	0.7020303010940552
	0.7020574808120728
	0.7020846009254456
	0.7021129131317139
	0.7021337151527405
	0.7021434903144836
	0.7021795511245728
	0.7022066116333008
	0.7022385001182556
	0.7022652626037598
	0.702299952507019
	0.7023316621780396
	0.7023684978485107
	0.7023993730545044
	0.7024314403533936
	0.7024492621421814
	0.7024816870689392
	0.7025082111358643
	0.7025266885757446
	0.7025573253631592
	0.7025967836380005
	0.70261549949646
	0.7026464343070984
	0.7026738524436951
	0.7026965618133545
	0.7027164101600647
	0.70273756980896
	0.7027754187583923
	0.7028064727783203
	0.702839195728302
	0.7028635740280151
	0.7028928399085999
	0.7029216289520264
	0.7029464840888977
	0.7029834389686584
	0.7030118107795715
	0.7030412554740906
	0.703075110912323
	0.7031078934669495
	0.703123152256012
	0.7031276226043701
	0.7031523585319519
	0.7031832933425903
	0.7032117247581482
	0.7032372951507568
	0.703254759311676
	0.7032801508903503
	0.7033091187477112
	0.7033427953720093
	0.7033724784851074
	0.7033959627151489
	0.7034227252006531
	0.7034549713134766
	0.7034849524497986
	0.7034976482391357
	0.7035307288169861
	0.7035531997680664
	0.7035762071609497
	0.7036015391349792
	0.7036270499229431
	0.7036604285240173
	0.7036767601966858
	0.7037003040313721
	0.7037321925163269
	0.7037681341171265
	0.7038021683692932
	0.7038382291793823
	0.7038657665252686
	0.7038875222206116
	0.7039100527763367
	0.7039377093315125
	0.7039524912834167
	0.703984797000885
	0.7040196657180786
	0.7040565013885498
	0.7040922045707703
	0.704126238822937
	0.7041478157043457
	0.7041733264923096
	0.7042021155357361
	0.7042317986488342
	0.7042574882507324
	0.7042778730392456
	0.7043073177337646
	0.7043304443359375
	0.7043570280075073
	0.7043870091438293
	0.7044236063957214
	0.7044615745544434
	0.704487144947052
	0.7045148611068726
	0.7045496106147766
	0.7045819163322449
	0.704619824886322
	0.7046536803245544
	0.7046746015548706
	0.7047011256217957
	0.7047095894813538
	0.7047324776649475
	0.7047522664070129
	0.7047790288925171
	0.7048128247261047
	0.704840898513794
	0.7048746943473816
	0.7049016952514648
	0.7049270272254944
	0.7049549221992493
	0.7049962878227234
	0.7050221562385559
	0.7050479054450989
	0.7050710916519165
	0.7050833702087402
	0.705112099647522
	0.705141544342041
	0.7051621675491333
	0.7051829099655151
	0.7051972150802612
	0.705217182636261
	0.705246090888977
	0.705270528793335
	0.7052984833717346
	0.7053172588348389
	0.705340564250946
	0.7053604125976562
	0.7053758502006531
	0.7054121494293213
	0.7054359912872314
	0.7054570317268372
	0.7054900527000427
	0.7055193185806274
	0.7055425047874451
	0.7055603861808777
	0.7055917382240295
	0.7056038975715637
	0.7056269645690918
	0.7056602239608765
	0.7056993842124939
	0.7057214379310608
	0.7057427763938904
	0.7057692408561707
	0.7057946920394897
	0.7058255672454834
	0.7058476805686951
	0.7058760523796082
	0.705900251865387
	0.7059136629104614
	0.7059365510940552
	0.7059633731842041
	0.705989420413971
	0.7060015797615051
	0.7060226202011108
	0.706055760383606
	0.706062912940979
	0.7060918211936951
	0.7061129808425903
	0.7061353921890259
	0.7061641216278076
	0.7061895132064819
	0.7062164545059204
	0.7062366604804993
	0.7062680125236511
	0.7062859535217285
	0.7063058614730835
	0.7063025236129761
	0.7063283324241638
	0.7063570618629456
	0.7063888907432556
	0.7064165472984314
	0.7064338326454163
	0.7064467668533325
	0.7064813375473022
	0.7065112590789795
	0.7065317630767822
	0.706567108631134
	0.7065773010253906
	0.7066147327423096
	0.7066420912742615
	0.7066643238067627
	0.7066810131072998
	0.7066971659660339
	0.706719160079956
	0.7067442536354065
	0.706760048866272
	0.7067770957946777
	0.7067949771881104
	0.7068111300468445
	0.7068334221839905
	0.7068698406219482
	0.7068750858306885
	0.7069098353385925
	0.7069056034088135
	0.7069453001022339
	0.7069641351699829
	0.7069917321205139
	0.7070246934890747
	0.7070551514625549
	0.7070879936218262
	0.7071083188056946
	0.7071378827095032
	0.707143247127533
	0.7071701884269714
	0.7071870565414429
	0.7072108387947083
	0.7072312235832214
	0.707248866558075
	0.7072805762290955
	0.7073092460632324
	0.7073415517807007
	0.707360029220581
	0.7073657512664795
	0.7073840498924255
	0.7074046730995178
	0.7074282765388489
	0.7074499726295471
	0.7074673771858215
	0.7074865698814392
	0.707517683506012
	0.7075373530387878
	0.7075609564781189
	0.7075909376144409
	0.70761638879776
	0.7076338529586792
	0.7076554298400879
	0.707682728767395
	0.7077032923698425
	0.7077330946922302
	0.7077638506889343
	0.7077612280845642
	0.7077828645706177
	0.7077984809875488
	0.7078195810317993
	0.7078514695167542
	0.7078765034675598
	0.7079014182090759
	0.7079328298568726
	0.7079483270645142
	0.7079598903656006
	0.7079780697822571
	0.7079914808273315
	0.708005964756012
	0.7080357074737549
	0.7080625295639038
	0.7080767750740051
	0.7080968022346497
	0.7081200480461121
	0.7081434726715088
	0.7081663012504578
	0.7081870436668396
	0.7082059979438782
	0.7082216143608093
	0.7082297205924988
	0.7082661390304565
	0.7082984447479248
	0.7083206176757812
	0.7083432078361511
	0.7083516716957092
	0.7083708643913269
	0.7083889842033386
	0.7084096670150757
	0.7084394097328186
	0.7084580063819885
	0.708479642868042
	0.7085046172142029
	0.7085206508636475
	0.7085356712341309
	0.7085475921630859
	0.708572268486023
	0.7085867524147034
	0.7086125612258911
	0.7086365222930908
	0.7086570858955383
	0.708699107170105
	0.7087104916572571
	0.7087283730506897
	0.7087583541870117
	0.7087839245796204
	0.708816647529602
	0.7088407278060913
	0.7088576555252075
	0.7088824510574341
	0.7089052200317383
	0.7089100480079651
	0.7089300751686096
	0.7089577317237854
	0.708981454372406
	0.70899897813797
	0.7090056538581848
	0.7090169191360474
	0.7090350389480591
	0.7090645432472229
	0.7090814709663391
	0.709108829498291
	0.7091399431228638
	0.7091590762138367
	0.7091822624206543
	0.7092123031616211
	0.7092368006706238
	0.7092662453651428
	0.7092832326889038
	0.709307849407196
	0.7093246579170227
	0.7093464136123657
	0.7093609571456909
	0.7093840837478638
	0.7094032764434814
	0.7094330191612244
	0.7094479203224182
	0.7094734311103821
	0.7094876170158386
	0.7095026969909668
	0.7095199227333069
	0.7095363140106201
	0.7095625400543213
	0.7095916271209717
	0.7096142768859863
	0.7096202969551086
	0.7096319198608398
	0.7096506357192993
	0.7096667885780334
	0.7096868753433228
	0.7097055912017822
	0.7097276449203491
	0.7097458839416504
	0.7097654342651367
	0.7097803354263306
	0.7097992300987244
	0.7098156809806824
	0.7098235487937927
	0.7098384499549866
	0.7098403573036194
	0.7098661661148071
	0.7098928093910217
	0.7099201083183289
	0.7099267244338989
	0.7099410891532898
	0.7099599242210388
	0.7099761366844177
	0.7099947929382324
	0.710004985332489
	0.7100327014923096
	0.7100551128387451
	0.7100760340690613
	0.7101025581359863
	0.7101312279701233
	0.7101432681083679
	0.7101489305496216
	0.710182249546051
	0.710197389125824
	0.710212767124176
	0.7102410197257996
	0.7102621793746948
	0.7102773189544678
	0.7103087902069092
	0.7103299498558044
	0.7103436589241028
	0.7103668451309204
	0.7103887796401978
	0.710408627986908
	0.7104282975196838
	0.7104519605636597
	0.7104678750038147
	0.7104989290237427
	0.7105229496955872
	0.7105438113212585
	0.7105674743652344
	0.7105895280838013
	0.7106050848960876
	0.7106250524520874
	0.7106406092643738
	0.7106633186340332
	0.71068274974823
	0.7107054591178894
	0.7107151746749878
	0.7107357382774353
	0.7107555270195007
	0.710783064365387
	0.7108029127120972
	0.7108174562454224
	0.7108490467071533
	0.7108654379844666
	0.7108813524246216
	0.7108870148658752
	0.7109073400497437
	0.7109254598617554
	0.7109254002571106
	0.7109223008155823
	0.7109429240226746
	0.710956871509552
	0.7109718918800354
	0.7109969258308411
	0.7110025882720947
	0.7110271453857422
	0.711045503616333
	0.7110652327537537
	0.7110677361488342
	0.7110956311225891
	0.7111324667930603
	0.71114581823349
	0.7111608386039734
	0.7111914157867432
	0.711212158203125
	0.7112315893173218
	0.711249589920044
	0.7112696170806885
	0.7112921476364136
	0.7113057971000671
	0.711311399936676
	0.7113508582115173
	0.7113721370697021
	0.7113954424858093
	0.7114145159721375
	0.7114422917366028
	0.7114582657814026
	0.7114834189414978
	0.7114866971969604
	0.7115107178688049
	0.7115175127983093
	0.711553156375885
	0.7115626335144043
	0.7115744948387146
	0.7115957140922546
	0.7116186022758484
	0.7116486430168152
	0.7116727828979492
	0.7116778492927551
	0.711683452129364
	0.7116997838020325
	0.7117201685905457
	0.7117460370063782
	0.7117563486099243
	0.7117826342582703
	0.711798369884491
	0.711829662322998
	0.7118468880653381
	0.7118703722953796
	0.7118805646896362
	0.7118945717811584
	0.7119190096855164
	0.7119250297546387
	0.711948812007904
	0.711972713470459
	0.7119945287704468
	0.7120208144187927
	0.7120481729507446
	0.7120697498321533
	0.7121027708053589
	0.7121178507804871
	0.7121449708938599
	0.712171196937561
	0.7121877670288086
	0.7121962904930115
	0.7122222185134888
	0.7122517824172974
	0.7122775316238403
	0.7123068571090698
	0.7123172879219055
	0.7123318314552307
	0.7123538255691528
	0.712377667427063
	0.7124136090278625
	0.7124336957931519
	0.712448239326477
	0.7124634385108948
	0.7124675512313843
	0.7124839425086975
	0.7125136852264404
	0.7125415802001953
	0.7125558257102966
	0.7125763297080994
	0.7126043438911438
	0.7126230001449585
	0.7126461863517761
	0.7126690745353699
	0.7126942873001099
	0.7127203941345215
	0.7127439379692078
	0.7127695679664612
	0.712774395942688
	0.7127965092658997
	0.7128185629844666
	0.7128296494483948
	0.7128539085388184
	0.7128674983978271
	0.7128881216049194
	0.7129103541374207
	0.712924599647522
	0.7129400968551636
	0.7129546403884888
	0.7129820585250854
	0.7130132913589478
	0.7130381464958191
	0.7130504250526428
	0.7130676507949829
	0.713090717792511
	0.7131119966506958
	0.713131844997406
	0.7131527662277222
	0.713165819644928
	0.7131750583648682
	0.7131958603858948
	0.713223397731781
	0.7132390141487122
	0.7132503390312195
	0.7132663726806641
	0.7132818698883057
	0.71330326795578
	0.7133198380470276
	0.713331937789917
	0.7133542895317078
	0.7133685350418091
	0.7133639454841614
	0.7133842706680298
	0.7134089469909668
	0.7134294509887695
	0.713446855545044
	0.7134754061698914
	0.7134737372398376
	0.7134956121444702
	0.7135186195373535
	0.7135435342788696
	0.7135621309280396
	0.713577926158905
	0.7135964035987854
	0.7136015295982361
	0.7136173248291016
	0.7136285901069641
	0.7136348485946655
	0.7136489152908325
	0.7136560082435608
	0.7136803865432739
	0.7136940956115723
	0.7137134075164795
	0.7137200832366943
	0.7137352228164673
	0.7137438058853149
	0.7137415409088135
	0.7137572765350342
	0.7137733697891235
	0.713789165019989
	0.7138088345527649
	0.7138233780860901
	0.7138460278511047
	0.7138562798500061
	0.7138592004776001
	0.7138804793357849
	0.7139060497283936
	0.7139057517051697
	0.7139260768890381
	0.7139483690261841
	0.7139702439308167
	0.713986337184906
	0.714004397392273
	0.7140260338783264
	0.7140390276908875
	0.7140613198280334
	0.7140898704528809
	0.7141051292419434
	0.7141244411468506
	0.7141555547714233
	0.7141745090484619
	0.7141905426979065
	0.7142069339752197
	0.7142163515090942
	0.7142300605773926
	0.7142367362976074
	0.7142583131790161
	0.714271605014801
	0.7142825722694397
	0.7142990827560425
	0.7143087387084961
	0.7143166661262512
	0.7143321633338928
	0.7143511176109314
	0.7143585681915283
	0.7143698334693909
	0.7143896222114563
	0.7143952250480652
	0.7144164443016052
	0.7144456505775452
	0.7144659161567688
	0.7144759893417358
	0.7144919633865356
	0.7145107984542847
	0.7145323753356934
	0.7145554423332214
	0.7145639657974243
	0.7145884037017822
	0.7146160006523132
	0.7146129608154297
	0.7146313786506653
	0.7146542072296143
	0.7146704792976379
	0.7146766185760498
	0.7147013545036316
	0.714716374874115
	0.7147327065467834
	0.7147613763809204
	0.7147736549377441
	0.7148013710975647
	0.7148157954216003
	0.7148334383964539
	0.7148439288139343
	0.7148578763008118
	0.7148728966712952
	0.7148908972740173
	0.7148982882499695
	0.7149195671081543
	0.714930534362793
	0.7149463295936584
	0.7149412035942078
	0.7149584293365479
	0.7149790525436401
	0.7149913907051086
	0.7149990200996399
	0.7150101065635681
	0.7150334715843201
	0.7150475382804871
	0.715070903301239
	0.7150824666023254
	0.7150995135307312
	0.7151091694831848
	0.7151341438293457
	0.7151554226875305
	0.7151905298233032
	0.715206503868103
	0.7152271270751953
	0.7152429223060608
	0.7152529954910278
	0.7152698636054993
	0.7152833342552185
	0.715313196182251
	0.7153306603431702
	0.7153455018997192
	0.7153633236885071
	0.715368390083313
	0.7153822779655457
	0.7154017686843872
	0.7154116034507751
	0.7154332399368286
	0.7154539823532104
	0.7154663801193237
	0.7154732346534729
	0.7154847979545593
	0.7155042290687561
	0.7155129909515381
	0.715502917766571
	0.7155244946479797
	0.7155324816703796
	0.7155517935752869
	0.7155801057815552
	0.715589702129364
	0.7156000137329102
	0.7156133055686951
	0.7156299948692322
	0.7156530022621155
	0.7156593799591064
	0.7156617045402527
	0.7156777381896973
	0.7156844735145569
	0.715704619884491
	0.7157202959060669
	0.715721845626831
	0.7157355546951294
	0.7157524228096008
	0.7157612442970276
	0.715761125087738
	0.7157809734344482
	0.7157937288284302
	0.7158094048500061
	0.7158257365226746
	0.7158436179161072
	0.715854287147522
	0.7158673405647278
	0.7158929705619812
	0.7159194350242615
	0.7159261703491211
	0.7159314155578613
	0.715955376625061
	0.7159774899482727
	0.7160043120384216
	0.7160196304321289
	0.7160362601280212
	0.7160592675209045
	0.7160760760307312
	0.7160965204238892
	0.7161169052124023
	0.7161313891410828
	0.7161478996276855
	0.7161514759063721
	0.7161741256713867
	0.7161810994148254
	0.7161895632743835
	0.7162184119224548
	0.7162328958511353
	0.716235339641571
	0.716262698173523
	0.7162671685218811
	0.7162665724754333
	0.7162870764732361
	0.7163071632385254
	0.7163365483283997
	0.7163583040237427
	0.7163809537887573
	0.7163985967636108
	0.716416597366333
	0.7164298892021179
	0.7164537310600281
	0.7164708375930786
	0.7164887189865112
	0.7165058851242065
	0.7165133357048035
	0.7165246605873108
	0.7165506482124329
	0.7165629863739014
	0.7165716290473938
	0.716586172580719
	0.7166029810905457
	0.716621458530426
	0.7166032195091248
	0.7166240215301514
	0.7166473269462585
	0.71664959192276
	0.716651201248169
	0.7166760563850403
	0.7166895866394043
	0.7167083621025085
	0.7167259454727173
	0.7167373299598694
	0.7167549133300781
	0.7167620658874512
	0.7167954444885254
	0.7168099284172058
	0.7168112993240356
	0.7168015837669373
	0.7168186902999878
	0.7168197631835938
	0.7168270945549011
	0.7168384194374084
	0.7168555855751038
	0.7168542146682739
	0.7168697714805603
	0.7168912291526794
	0.7169008255004883
	0.7169196605682373
	0.7169245481491089
	0.716940701007843
	0.7169510126113892
	0.7169644236564636
	0.7169620394706726
	0.7169674038887024
	0.7169910073280334
	0.7170100212097168
	0.7170250415802002
	0.7170365452766418
	0.717057466506958
	0.7170678973197937
	0.7170769572257996
	0.7170847058296204
	0.7171090245246887
	0.7171211838722229
	0.7171287536621094
	0.7171409130096436
	0.7171642780303955
	0.7171668410301208
	0.7171822786331177
	0.7172000408172607
	0.7172282934188843
	0.717250406742096
	0.7172649502754211
	0.7172666192054749
	0.7172816395759583
	0.7172985672950745
	0.7173146605491638
	0.717325747013092
	0.7173528075218201
	0.7173665165901184
	0.717380940914154
	0.7173973321914673
	0.7174211740493774
	0.7174409627914429
	0.7174649238586426
	0.7174714803695679
	0.7174845933914185
	0.7175017595291138
	0.7175257802009583
	0.7175496816635132
	0.7175609469413757
	0.7175683975219727
	0.7175695300102234
	0.7175867557525635
	0.7175993919372559
	0.7176198959350586
	0.7176440358161926
	0.7176564931869507
	0.7176722884178162
	0.7176720499992371
	0.7176681756973267
	0.7176761031150818
	0.7176703214645386
	0.7176918387413025
	0.7177055478096008
	0.7177103757858276
	0.7177239656448364
	0.717736005783081
	0.7177537679672241
	0.7177739143371582
	0.7177861928939819
	0.7177940011024475
	0.7177966833114624
	0.7178113460540771
	0.7178177833557129
	0.7178131341934204
	0.7178367376327515
	0.7178481817245483
	0.7178543210029602
	0.7178633213043213
	0.7178731560707092
	0.7178864479064941
	0.717886745929718
	0.7179015874862671
	0.7179224491119385
	0.7179250717163086
	0.7179448008537292
	0.7179477214813232
	0.7179596424102783
	0.7179690003395081
	0.7179787755012512
	0.7179905772209167
	0.7180057168006897
	0.7180228233337402
	0.71803879737854
	0.718060314655304
	0.7180677056312561
	0.7180880308151245
	0.7181004881858826
	0.7181188464164734
	0.7181396484375
	0.7181538343429565
	0.7181710004806519
	0.7181951403617859
	0.7182112336158752
	0.7182117104530334
	0.7182266116142273
	0.718233585357666
	0.7182367444038391
	0.7182429432868958
	0.7182541489601135
	0.7182756662368774
	0.7182796597480774
	0.7183024287223816
	0.7183133363723755
	0.7183313965797424
	0.7183484435081482
	0.7183592915534973
	0.7183588743209839
	0.718364417552948
	0.7183897495269775
	0.7183937430381775
	0.718398928642273
	0.7184168100357056
	0.7184301018714905
	0.7184355854988098
	0.7184539437294006
	0.718469500541687
	0.7184918522834778
	0.718498170375824
	0.7185127139091492
	0.7185290455818176
	0.7185443043708801
	0.7185540199279785
	0.7185573577880859
	0.7185837030410767
	0.7185956239700317
	0.7186023592948914
	0.7186205983161926
	0.7186248898506165
	0.7186434268951416
	0.7186540365219116
	0.7186728119850159
	0.7186968922615051
	0.7187074422836304
	0.7187185883522034
	0.7187376618385315
	0.7187467813491821
	0.7187582850456238
	0.7187784910202026
	0.7187930941581726
	0.7188115119934082
	0.7188261151313782
	0.7188390493392944
	0.7188506722450256
	0.7188575863838196
	0.7188752293586731
	0.7188847064971924
	0.7188968062400818
	0.7189110517501831
	0.7189182639122009
	0.7189351320266724
	0.7189539074897766
	0.7189610600471497
	0.7189749479293823
	0.7190012335777283
	0.7189996242523193
	0.7190107107162476
	0.7190460562705994
	0.7190567255020142
	0.7190719246864319
	0.7190889716148376
	0.7190796732902527
	0.719075083732605
	0.7190898060798645
	0.7190881371498108
	0.7191063165664673
	0.7191116213798523
	0.719127893447876
	0.719136655330658
	0.719150722026825
	0.7191628813743591
	0.7191720604896545
	0.7191815376281738
	0.7191954851150513
	0.7192041873931885
	0.7192181348800659
	0.7192301154136658
	0.7192185521125793
	0.7192103266716003
	0.7192306518554688
	0.7192327380180359
	0.7192487120628357
	0.7192461490631104
	0.7192479372024536
	0.7192412614822388
	0.7192447781562805
	0.7192511558532715
	0.7192413210868835
	0.7192603945732117
	0.7192793488502502
	0.7192988395690918
	0.719304084777832
	0.7193257808685303
	0.7193465828895569
	0.7193618416786194
	0.7193729281425476
	0.7193809747695923
	0.7193992137908936
	0.7194026708602905
	0.7194214463233948
	0.7194377183914185
	0.7194525599479675
	0.7194667458534241
	0.719462513923645
	0.7194764018058777
	0.7194867134094238
	0.719504177570343
	0.7195184826850891
	0.7195233106613159
	0.7195407152175903
	0.7195499539375305
	0.7195601463317871
	0.7195801138877869
	0.719588577747345
	0.7196046113967896
	0.7196239233016968
	0.7196388244628906
	0.7196686863899231
	0.7196884155273438
	0.7197057604789734
	0.7197199463844299
	0.7197341918945312
	0.7197273373603821
	0.7197458148002625
	0.7197621464729309
	0.7197809815406799
	0.7197955250740051
	0.719813883304596
	0.7198208570480347
	0.719832181930542
	0.7198318839073181
	0.7198531031608582
	0.7198586463928223
	0.7198578715324402
	0.7198744416236877
	0.7198816537857056
	0.7199013233184814
	0.7199111580848694
	0.7199147343635559
	0.719921350479126
	0.719923734664917
	0.7199392318725586
	0.7199493050575256
	0.7199585437774658
	0.7199636697769165
	0.7199766635894775
	0.7199800610542297
	0.7199889421463013
	0.7199942469596863
	0.7199875116348267
	0.7200016975402832
	0.720008909702301
	0.7200129628181458
	0.7200282216072083
	0.7200399041175842
	0.7200353145599365
	0.7200393676757812
	0.7200506329536438
	0.7200705409049988
	0.7200808525085449
	0.7200995683670044
	0.7201063632965088
	0.7201071381568909
	0.7201222777366638
	0.7201337218284607
	0.7201294898986816
	0.7201351523399353
	0.720151424407959
	0.7201625108718872
	0.7201682329177856
	0.720188319683075
	0.7201951146125793
	0.7201991081237793
	0.7202170491218567
	0.7202180624008179
	0.7202169299125671
	0.7202345132827759
	0.7202471494674683
	0.7202572822570801
	0.7202585339546204
	0.7202643752098083
	0.7202704548835754
	0.7202882766723633
	0.720312237739563
	0.7203164100646973
	0.7203177213668823
	0.7203086018562317
	0.7203125953674316
	0.7203232645988464
	0.7203362584114075
	0.7203472256660461
	0.7203635573387146
	0.72038334608078
	0.7203944325447083
	0.7204209566116333
	0.7204365730285645
	0.7204297780990601
	0.7204205393791199
	0.7204278111457825
	0.720437228679657
	0.7204475402832031
	0.7204684019088745
	0.7204789519309998
	0.7204796671867371
	0.7204946279525757
	0.7205178141593933
	0.7205213308334351
	0.7205225229263306
	0.7205355763435364
	0.7205492258071899
	0.7205439209938049
	0.7205560803413391
	0.7205551862716675
	0.7205607295036316
	0.7205750942230225
	0.7205618619918823
	0.7205491065979004
	0.7205570340156555
	0.7205482125282288
	0.7205673456192017
	0.7205833792686462
	0.7205867767333984
	0.7205983996391296
	0.7205862998962402
	0.720594048500061
	0.7206053137779236
	0.720618724822998
	0.720639705657959
	0.7206536531448364
	0.7206647992134094
	0.7206656336784363
	0.7206816673278809
	0.7206797003746033
	0.7206956148147583
	0.720707893371582
	0.7207303047180176
	0.7207423448562622
	0.7207560539245605
	0.7207624912261963
	0.7207759022712708
	0.7207901477813721
	0.7208107709884644
	0.7208048105239868
	0.7208151817321777
	0.7208424210548401
	0.7208507061004639
	0.7208735346794128
	0.7208882570266724
	0.7208824157714844
	0.7208935022354126
	0.7209175229072571
	0.7209314703941345
	0.7209433317184448
	0.7209503650665283
	0.7209525108337402
	0.7209670543670654
	0.7209784984588623
	0.7210085391998291
	0.7210285067558289
	0.721021294593811
	0.7210404872894287
	0.7210580110549927
	0.7210665345191956
	0.7210691571235657
	0.7210898399353027
	0.7210965156555176
	0.7211145758628845
	0.7211275696754456
	0.7211341261863708
	0.7211513519287109
	0.7211552262306213
	0.721173882484436
	0.721194326877594
	0.7212178707122803
	0.7212235927581787
	0.7212285995483398
	0.7212361097335815
	0.7212486267089844
	0.7212473154067993
	0.721248209476471
	0.7212673425674438
	0.7212842106819153
	0.7212944030761719
	0.7213101983070374
	0.7213307023048401
	0.7213401794433594
	0.7213584780693054
	0.7213577032089233
	0.721364438533783
	0.7213661670684814
	0.7213865518569946
	0.7214069366455078
	0.721412718296051
	0.7214322090148926
	0.7214527726173401
	0.721474826335907
	0.7214763760566711
	0.7214844822883606
	0.721480131149292
	0.7214787602424622
	0.7214932441711426
	0.7214933037757874
	0.7215064167976379
	0.7215114235877991
	0.7215271592140198
	0.7215456366539001
	0.7215414643287659
	0.7215510606765747
	0.7215504050254822
	0.7215650677680969
	0.7215718626976013
	0.721602737903595
	0.7216081619262695
	0.7216258645057678
	0.7216340899467468
	0.7216517925262451
	0.7216533422470093
	0.7216642498970032
	0.7216680645942688
	0.7216690182685852
	0.7216620445251465
	0.7216783165931702
	0.7216995358467102
	0.7217085361480713
	0.7217187881469727
	0.7217188477516174
	0.7217391133308411
	0.7217437624931335
	0.7217553853988647
	0.7217547297477722
	0.72176593542099
	0.7217731475830078
	0.7217898368835449
	0.7217809557914734
	0.7217826247215271
	0.7218077778816223
	0.7218217849731445
	0.7218354344367981
	0.7218447327613831
	0.7218433022499084
	0.7218486070632935
	0.7218438386917114
	0.7218542098999023
	0.721862256526947
	0.7218473553657532
	0.7218509316444397
	0.7218737006187439
	0.7218832969665527
	0.7218906283378601
	0.7218922972679138
	0.7219041585922241
	0.721908688545227
	0.7219196557998657
	0.7219257950782776
	0.7219517827033997
	0.7219520807266235
	0.7219696640968323
	0.7219608426094055
	0.7219765782356262
	0.7219905853271484
	0.7220099568367004
	0.7220182418823242
	0.7220420241355896
	0.7220681309700012
	0.7220855951309204
	0.7220946550369263
	0.7221072912216187
	0.7220987677574158
	0.7221089005470276
	0.7221068143844604
	0.7221002578735352
	0.7221094965934753
	0.7220953106880188
	0.7221148014068604
	0.7221231460571289
	0.7221355438232422
	0.7221531867980957
	0.7221633791923523
	0.7221704721450806
	0.7221720814704895
	0.7221699953079224
	0.7221713662147522
	0.7221892476081848
	0.7222142815589905
	0.7222347855567932
	0.7222360968589783
	0.7222477197647095
	0.7222627997398376
	0.7222582101821899
	0.7222567200660706
	0.7222614288330078
	0.7222753763198853
	0.7222700119018555
	0.7222782969474792
	0.7222763895988464
	0.7222682237625122
	0.7222602963447571
	0.7222761511802673
	0.7222890853881836
	0.7222893238067627
	0.7223007082939148
	0.7223109602928162
	0.722338855266571
	0.7223585844039917
	0.7223672866821289
	0.7223827242851257
	0.7223929762840271
	0.7223978042602539
	0.7224183678627014
	0.7224154472351074
	0.7224157452583313
	0.7224366664886475
	0.7224544286727905
	0.7224529385566711
	0.7224611043930054
	0.7224737405776978
	0.7224860191345215
	0.7224711775779724
	0.7224794030189514
	0.7224823236465454
	0.7224841117858887
	0.7224940061569214
	0.7225120663642883
	0.7225194573402405
	0.7225332260131836
	0.7225428223609924
	0.722549319267273
	0.7225544452667236
	0.722547709941864
	0.72255539894104
	0.7225709557533264
	0.722567617893219
	0.7225685119628906
	0.7225909233093262
	0.7225959897041321
	0.7225920557975769
	0.7226142287254333
	0.722625732421875
	0.7226154208183289
	0.722597599029541
	0.7226102352142334
	0.7226203680038452
	0.7226081490516663
	0.72261643409729
	0.7226454019546509
	0.7226546406745911
	0.7226709723472595
	0.7226681113243103
	0.7226835489273071
	0.7226943969726562
	0.7227123379707336
	0.7227171659469604
	0.7227247357368469
	0.7227442860603333
	0.7227649092674255
	0.7227575778961182
	0.7227567434310913
	0.7227339148521423
	0.722732663154602
	0.722722053527832
	0.7227404713630676
	0.7227557897567749
	0.7227570414543152
	0.7227681279182434
	0.7227783799171448
	0.7227765917778015
	0.7227805256843567
	0.722800076007843
	0.7228137254714966
	0.7228208184242249
	0.7228299975395203
	0.7228447198867798
	0.722856342792511
	0.7228732705116272
]