[
	1.09779953956604
	1.097644329071045
	1.0974853038787842
	1.0973161458969116
	1.0971477031707764
	1.0969794988632202
	1.0968092679977417
	1.0966427326202393
	1.0964772701263428
	1.0963135957717896
	1.0961536169052124
	1.0959970951080322
	1.0958341360092163
	1.0956794023513794
	1.0955179929733276
	1.0953547954559326
	1.095201849937439
	1.0950316190719604
	1.0948704481124878
	1.0947200059890747
	1.094562292098999
	1.0944045782089233
	1.0942537784576416
	1.0941003561019897
	1.0939481258392334
	1.0937912464141846
	1.0936408042907715
	1.0934839248657227
	1.0933326482772827
	1.0931886434555054
	1.0930397510528564
	1.0928853750228882
	1.092729091644287
	1.0925867557525635
	1.0924452543258667
	1.0922942161560059
	1.0921556949615479
	1.0920112133026123
	1.0918614864349365
	1.0917099714279175
	1.091562032699585
	1.0914214849472046
	1.0912744998931885
	1.0911308526992798
	1.0909831523895264
	1.0908313989639282
	1.0906907320022583
	1.0905557870864868
	1.0904240608215332
	1.0902831554412842
	1.0901455879211426
	1.0900187492370605
	1.0898820161819458
	1.0897406339645386
	1.0896059274673462
	1.0894752740859985
	1.0893393754959106
	1.089207649230957
	1.0890848636627197
	1.0889543294906616
	1.0888261795043945
	1.0886865854263306
	1.0885615348815918
	1.088426947593689
	1.0882904529571533
	1.0881643295288086
	1.0880260467529297
	1.0878913402557373
	1.0877689123153687
	1.0876398086547852
	1.0875121355056763
	1.0873750448226929
	1.0872455835342407
	1.0871155261993408
	1.0869919061660767
	1.086862564086914
	1.0867435932159424
	1.0866141319274902
	1.0864818096160889
	1.0863547325134277
	1.0862349271774292
	1.0861141681671143
	1.0859826803207397
	1.0858615636825562
	1.0857385396957397
	1.0856213569641113
	1.0854966640472412
	1.0853784084320068
	1.0852534770965576
	1.0851325988769531
	1.0850138664245605
	1.0848934650421143
	1.084779143333435
	1.084660530090332
	1.084543228149414
	1.0844309329986572
	1.084317684173584
	1.084212303161621
	1.0840928554534912
	1.0839775800704956
	1.0838661193847656
	1.0837498903274536
	1.0836315155029297
	1.0835214853286743
	1.0834071636199951
	1.0832960605621338
	1.0831811428070068
	1.0830752849578857
	1.0829696655273438
	1.0828666687011719
	1.082753300666809
	1.0826412439346313
	1.0825368165969849
	1.0824304819107056
	1.0823278427124023
	1.082227349281311
	1.082130789756775
	1.0820186138153076
	1.0819041728973389
	1.0818049907684326
	1.0816994905471802
	1.081594705581665
	1.0814900398254395
	1.0813887119293213
	1.0812841653823853
	1.0811783075332642
	1.0810714960098267
	1.0809651613235474
	1.080861210823059
	1.0807600021362305
	1.080657958984375
	1.080556869506836
	1.0804473161697388
	1.0803475379943848
	1.0802541971206665
	1.0801571607589722
	1.0800617933273315
	1.0799591541290283
	1.0798728466033936
	1.0797762870788574
	1.079675316810608
	1.0795859098434448
	1.0794928073883057
	1.079395055770874
	1.0792986154556274
	1.0791977643966675
	1.0791034698486328
	1.0790115594863892
	1.0789060592651367
	1.078808307647705
	1.0787177085876465
	1.0786176919937134
	1.0785207748413086
	1.0784227848052979
	1.078331470489502
	1.078233242034912
	1.0781469345092773
	1.0780576467514038
	1.0779716968536377
	1.077877402305603
	1.077784776687622
	1.0776835680007935
	1.0775939226150513
	1.077498435974121
	1.0774116516113281
	1.0773208141326904
	1.0772442817687988
	1.0771523714065552
	1.0770655870437622
	1.0769814252853394
	1.0768871307373047
	1.0768018960952759
	1.0767107009887695
	1.0766233205795288
	1.0765360593795776
	1.0764501094818115
	1.0763620138168335
	1.0762755870819092
	1.076184630393982
	1.0760987997055054
	1.0760202407836914
	1.075937271118164
	1.07584810256958
	1.0757673978805542
	1.0756874084472656
	1.0756070613861084
	1.0755228996276855
	1.0754390954971313
	1.0753477811813354
	1.0752702951431274
	1.075188159942627
	1.0751053094863892
	1.0750185251235962
	1.0749295949935913
	1.07483971118927
	1.0747584104537964
	1.074681043624878
	1.0745999813079834
	1.074519157409668
	1.074440598487854
	1.074356198310852
	1.0742701292037964
	1.0741945505142212
	1.0741209983825684
	1.0740431547164917
	1.0739655494689941
	1.0738873481750488
	1.073804259300232
	1.0737335681915283
	1.0736652612686157
	1.0735938549041748
	1.0735138654708862
	1.0734288692474365
	1.0733494758605957
	1.0732659101486206
	1.073194146156311
	1.073122262954712
	1.0730482339859009
	1.0729724168777466
	1.0728981494903564
	1.0728236436843872
	1.0727553367614746
	1.0726735591888428
	1.07259202003479
	1.0725239515304565
	1.072445273399353
	1.0723686218261719
	1.0722981691360474
	1.0722302198410034
	1.0721548795700073
	1.0720776319503784
	1.071997880935669
	1.0719265937805176
	1.0718536376953125
	1.0717816352844238
	1.0717110633850098
	1.0716407299041748
	1.0715734958648682
	1.0715043544769287
	1.0714285373687744
	1.071354866027832
	1.0712831020355225
	1.071217656135559
	1.0711392164230347
	1.0710678100585938
	1.0710002183914185
	1.0709333419799805
	1.0708647966384888
	1.0707995891571045
	1.0707249641418457
	1.0706521272659302
	1.0705852508544922
	1.0705173015594482
	1.0704463720321655
	1.0703771114349365
	1.0703037977218628
	1.0702370405197144
	1.070175051689148
	1.0701062679290771
	1.0700392723083496
	1.0699726343154907
	1.0699031352996826
	1.0698317289352417
	1.0697622299194336
	1.0696959495544434
	1.069635272026062
	1.0695762634277344
	1.0695043802261353
	1.0694329738616943
	1.0693652629852295
	1.0692991018295288
	1.0692353248596191
	1.0691660642623901
	1.069105863571167
	1.0690382719039917
	1.0689727067947388
	1.0689131021499634
	1.0688484907150269
	1.0687836408615112
	1.0687175989151
	1.068649172782898
	1.068586826324463
	1.0685205459594727
	1.068450689315796
	1.0683871507644653
	1.0683242082595825
	1.0682587623596191
	1.0681909322738647
	1.0681288242340088
	1.0680681467056274
	1.068008303642273
	1.067948341369629
	1.0679014921188354
	1.0678428411483765
	1.0677839517593384
	1.0677217245101929
	1.0676559209823608
	1.0675920248031616
	1.0675371885299683
	1.0674813985824585
	1.067408561706543
	1.0673524141311646
	1.0672924518585205
	1.0672328472137451
	1.0671732425689697
	1.0671106576919556
	1.0670510530471802
	1.0669866800308228
	1.0669268369674683
	1.066868782043457
	1.0668084621429443
	1.0667483806610107
	1.0666872262954712
	1.0666286945343018
	1.0665737390518188
	1.0665233135223389
	1.06645929813385
	1.066399335861206
	1.0663412809371948
	1.0662853717803955
	1.0662269592285156
	1.0661683082580566
	1.0661011934280396
	1.0660457611083984
	1.0659873485565186
	1.0659288167953491
	1.0658656358718872
	1.0658094882965088
	1.0657471418380737
	1.0656942129135132
	1.0656402111053467
	1.065583348274231
	1.0655280351638794
	1.065470814704895
	1.06541109085083
	1.0653550624847412
	1.0652960538864136
	1.0652483701705933
	1.0651919841766357
	1.0651384592056274
	1.0650842189788818
	1.0650229454040527
	1.0649712085723877
	1.0649126768112183
	1.0648541450500488
	1.064802885055542
	1.0647448301315308
	1.0646865367889404
	1.0646312236785889
	1.064574956893921
	1.0645253658294678
	1.0644704103469849
	1.0644131898880005
	1.0643675327301025
	1.0643160343170166
	1.0642679929733276
	1.0642156600952148
	1.0641570091247559
	1.0641030073165894
	1.0640543699264526
	1.0640003681182861
	1.0639443397521973
	1.063888430595398
	1.0638370513916016
	1.0637836456298828
	1.0637396574020386
	1.0636883974075317
	1.0636311769485474
	1.063577651977539
	1.0635203123092651
	1.0634703636169434
	1.0634174346923828
	1.0633721351623535
	1.0633279085159302
	1.0632750988006592
	1.063225269317627
	1.0631732940673828
	1.0631217956542969
	1.0630691051483154
	1.0630216598510742
	1.0629726648330688
	1.0629225969314575
	1.0628701448440552
	1.0628173351287842
	1.0627610683441162
	1.0627084970474243
	1.0626552104949951
	1.0626078844070435
	1.0625555515289307
	1.0625087022781372
	1.0624579191207886
	1.0624102354049683
	1.0623654127120972
	1.062316656112671
	1.0622671842575073
	1.062221884727478
	1.0621705055236816
	1.062122106552124
	1.062076210975647
	1.062027096748352
	1.0619791746139526
	1.0619351863861084
	1.0618826150894165
	1.0618414878845215
	1.0617958307266235
	1.0617456436157227
	1.0616986751556396
	1.0616534948349
	1.0616017580032349
	1.061549425125122
	1.0614997148513794
	1.0614478588104248
	1.0614051818847656
	1.0613610744476318
	1.06131112575531
	1.061261534690857
	1.0612194538116455
	1.0611692667007446
	1.0611189603805542
	1.0610759258270264
	1.0610355138778687
	1.060990810394287
	1.0609501600265503
	1.0609056949615479
	1.0608623027801514
	1.0608118772506714
	1.060766339302063
	1.0607138872146606
	1.0606651306152344
	1.060616374015808
	1.0605747699737549
	1.0605382919311523
	1.0604853630065918
	1.0604430437088013
	1.060405969619751
	1.0603606700897217
	1.0603139400482178
	1.0602720975875854
	1.0602272748947144
	1.060186743736267
	1.0601388216018677
	1.0600916147232056
	1.0600496530532837
	1.0599998235702515
	1.0599603652954102
	1.059914231300354
	1.0598679780960083
	1.059814691543579
	1.0597645044326782
	1.059722900390625
	1.0596754550933838
	1.059632420539856
	1.0595860481262207
	1.0595375299453735
	1.0594922304153442
	1.0594475269317627
	1.059408187866211
	1.0593688488006592
	1.0593301057815552
	1.0592834949493408
	1.059238314628601
	1.0592010021209717
	1.0591604709625244
	1.059117317199707
	1.0590801239013672
	1.0590417385101318
	1.058998703956604
	1.0589582920074463
	1.058925986289978
	1.0588791370391846
	1.058840274810791
	1.0587987899780273
	1.0587575435638428
	1.0587162971496582
	1.058677077293396
	1.0586358308792114
	1.058597207069397
	1.0585544109344482
	1.0585095882415771
	1.0584635734558105
	1.0584300756454468
	1.0583897829055786
	1.0583488941192627
	1.0583081245422363
	1.0582683086395264
	1.0582234859466553
	1.0581797361373901
	1.058127522468567
	1.0580918788909912
	1.0580449104309082
	1.0580025911331177
	1.057966709136963
	1.0579277276992798
	1.0578914880752563
	1.0578458309173584
	1.057802677154541
	1.0577645301818848
	1.0577245950698853
	1.0576858520507812
	1.0576425790786743
	1.057604193687439
	1.0575637817382812
	1.0575283765792847
	1.0574877262115479
	1.0574480295181274
	1.0574084520339966
	1.0573729276657104
	1.0573357343673706
	1.057297706604004
	1.0572607517242432
	1.0572164058685303
	1.0571751594543457
	1.057129979133606
	1.057089924812317
	1.057044267654419
	1.0570025444030762
	1.0569642782211304
	1.0569220781326294
	1.056889295578003
	1.0568512678146362
	1.056812047958374
	1.056772232055664
	1.0567361116409302
	1.056697964668274
	1.0566585063934326
	1.0566240549087524
	1.0565907955169678
	1.0565543174743652
	1.0565217733383179
	1.0564818382263184
	1.0564422607421875
	1.056404709815979
	1.0563675165176392
	1.056337833404541
	1.0563030242919922
	1.056262731552124
	1.0562270879745483
	1.0561851263046265
	1.0561555624008179
	1.0561199188232422
	1.0560816526412964
	1.0560486316680908
	1.0560107231140137
	1.0559747219085693
	1.0559355020523071
	1.0559006929397583
	1.0558618307113647
	1.055822730064392
	1.0557875633239746
	1.0557514429092407
	1.0557163953781128
	1.0556840896606445
	1.0556538105010986
	1.0556219816207886
	1.0555858612060547
	1.0555437803268433
	1.055519700050354
	1.0554850101470947
	1.0554533004760742
	1.0554198026657104
	1.055384635925293
	1.0553538799285889
	1.0553128719329834
	1.0552709102630615
	1.055238127708435
	1.0551986694335938
	1.0551563501358032
	1.0551222562789917
	1.0550941228866577
	1.0550549030303955
	1.0550159215927124
	1.054984450340271
	1.0549522638320923
	1.0549265146255493
	1.0548895597457886
	1.0548591613769531
	1.0548267364501953
	1.0547921657562256
	1.0547624826431274
	1.054726481437683
	1.054691195487976
	1.0546506643295288
	1.0546107292175293
	1.0545724630355835
	1.0545406341552734
	1.0545053482055664
	1.0544651746749878
	1.0544294118881226
	1.0543982982635498
	1.054367184638977
	1.0543278455734253
	1.054288625717163
	1.054261565208435
	1.0542328357696533
	1.054194450378418
	1.0541529655456543
	1.054121971130371
	1.05409574508667
	1.054061770439148
	1.0540316104888916
	1.0539923906326294
	1.053962230682373
	1.0539302825927734
	1.053897738456726
	1.0538667440414429
	1.0538256168365479
	1.053792953491211
	1.053758978843689
	1.0537303686141968
	1.0536974668502808
	1.05365788936615
	1.0536203384399414
	1.053579568862915
	1.0535452365875244
	1.0535175800323486
	1.0534839630126953
	1.0534484386444092
	1.0534180402755737
	1.0533831119537354
	1.0533477067947388
	1.0533162355422974
	1.0532889366149902
	1.0532588958740234
	1.0532292127609253
	1.0531917810440063
	1.053166151046753
	1.0531235933303833
	1.0530914068222046
	1.0530586242675781
	1.0530343055725098
	1.0529993772506714
	1.0529619455337524
	1.052931785583496
	1.052904725074768
	1.052880048751831
	1.0528457164764404
	1.0528157949447632
	1.0527797937393188
	1.0527448654174805
	1.0527151823043823
	1.0526800155639648
	1.0526505708694458
	1.0526180267333984
	1.0525823831558228
	1.0525521039962769
	1.0525165796279907
	1.0524836778640747
	1.0524518489837646
	1.0524160861968994
	1.0523817539215088
	1.0523552894592285
	1.052322506904602
	1.0522892475128174
	1.0522539615631104
	1.0522229671478271
	1.052186369895935
	1.0521533489227295
	1.0521184206008911
	1.0520857572555542
	1.0520533323287964
	1.0520201921463013
	1.0519838333129883
	1.0519534349441528
	1.0519285202026367
	1.0519022941589355
	1.0518664121627808
	1.0518338680267334
	1.0518031120300293
	1.0517690181732178
	1.0517371892929077
	1.0517017841339111
	1.0516730546951294
	1.0516455173492432
	1.051613688468933
	1.0515908002853394
	1.0515592098236084
	1.0515271425247192
	1.0514936447143555
	1.05146062374115
	1.0514229536056519
	1.0513932704925537
	1.0513665676116943
	1.05133855342865
	1.0513036251068115
	1.0512785911560059
	1.051254391670227
	1.0512230396270752
	1.0511962175369263
	1.0511727333068848
	1.0511418581008911
	1.0511064529418945
	1.0510729551315308
	1.0510460138320923
	1.0510121583938599
	1.0509787797927856
	1.0509463548660278
	1.0509146451950073
	1.050887107849121
	1.0508582592010498
	1.0508278608322144
	1.0508003234863281
	1.0507763624191284
	1.050750970840454
	1.0507302284240723
	1.0506983995437622
	1.0506722927093506
	1.050652027130127
	1.0506268739700317
	1.0505976676940918
	1.0505738258361816
	1.0505460500717163
	1.0505149364471436
	1.0504884719848633
	1.0504570007324219
	1.050429105758667
	1.0504002571105957
	1.0503727197647095
	1.0503408908843994
	1.0503170490264893
	1.050290822982788
	1.0502628087997437
	1.0502341985702515
	1.050206184387207
	1.050179362297058
	1.0501512289047241
	1.050118327140808
	1.0500859022140503
	1.0500527620315552
	1.0500209331512451
	1.0499975681304932
	1.0499697923660278
	1.0499523878097534
	1.0499241352081299
	1.0498892068862915
	1.0498615503311157
	1.049829125404358
	1.049808144569397
	1.0497798919677734
	1.0497663021087646
	1.049731969833374
	1.0497021675109863
	1.0496751070022583
	1.0496468544006348
	1.0496183633804321
	1.049583911895752
	1.049558401107788
	1.0495290756225586
	1.049499750137329
	1.0494600534439087
	1.049446702003479
	1.0494203567504883
	1.0493953227996826
	1.0493745803833008
	1.0493395328521729
	1.0493147373199463
	1.0492897033691406
	1.0492669343948364
	1.0492498874664307
	1.0492302179336548
	1.0492031574249268
	1.049179196357727
	1.049155354499817
	1.0491327047348022
	1.0491082668304443
	1.049084186553955
	1.0490570068359375
	1.0490373373031616
	1.0490024089813232
	1.0489757061004639
	1.0489405393600464
	1.0489197969436646
	1.0488940477371216
	1.0488777160644531
	1.0488396883010864
	1.0488110780715942
	1.0487886667251587
	1.048761010169983
	1.0487309694290161
	1.0486979484558105
	1.0486730337142944
	1.048653244972229
	1.048620343208313
	1.048599362373352
	1.0485687255859375
	1.048534870147705
	1.0485131740570068
	1.0484883785247803
	1.048465371131897
	1.04844069480896
	1.0484164953231812
	1.0483789443969727
	1.048356294631958
	1.04832923412323
	1.0483144521713257
	1.0482892990112305
	1.0482618808746338
	1.0482298135757446
	1.0482043027877808
	1.0481699705123901
	1.048140287399292
	1.0481165647506714
	1.0480921268463135
	1.0480583906173706
	1.0480340719223022
	1.0480165481567383
	1.0479985475540161
	1.0479673147201538
	1.0479376316070557
	1.0479203462600708
	1.0479005575180054
	1.0478678941726685
	1.0478498935699463
	1.0478287935256958
	1.0478061437606812
	1.0477758646011353
	1.0477495193481445
	1.0477237701416016
	1.047707200050354
	1.0476866960525513
	1.0476609468460083
	1.0476436614990234
	1.0476152896881104
	1.0475871562957764
	1.047563910484314
	1.0475366115570068
	1.0475128889083862
	1.0474895238876343
	1.047457218170166
	1.0474295616149902
	1.0474053621292114
	1.0473759174346924
	1.0473424196243286
	1.0473109483718872
	1.0472891330718994
	1.047262191772461
	1.0472286939620972
	1.0472029447555542
	1.0471787452697754
	1.0471476316452026
	1.047122836112976
	1.0470951795578003
	1.0470689535140991
	1.0470396280288696
	1.0470118522644043
	1.0469931364059448
	1.0469635725021362
	1.0469461679458618
	1.0469262599945068
	1.0468915700912476
	1.046862244606018
	1.0468361377716064
	1.046805739402771
	1.046787977218628
	1.0467618703842163
	1.0467358827590942
	1.0467053651809692
	1.0466725826263428
	1.046651005744934
	1.046626091003418
	1.046598196029663
	1.0465693473815918
	1.0465527772903442
	1.0465270280838013
	1.0465060472488403
	1.0464798212051392
	1.0464560985565186
	1.0464367866516113
	1.046410083770752
	1.0463939905166626
	1.0463696718215942
	1.0463491678237915
	1.0463215112686157
	1.0462970733642578
	1.0462640523910522
	1.046242356300354
	1.046218752861023
	1.0462000370025635
	1.0461702346801758
	1.0461467504501343
	1.0461313724517822
	1.0461045503616333
	1.0460786819458008
	1.0460549592971802
	1.0460373163223267
	1.0460240840911865
	1.0460009574890137
	1.0459790229797363
	1.0459542274475098
	1.0459309816360474
	1.045916199684143
	1.0458890199661255
	1.0458719730377197
	1.0458545684814453
	1.0458358526229858
	1.045803189277649
	1.0457807779312134
	1.0457534790039062
	1.0457240343093872
	1.0456993579864502
	1.0456719398498535
	1.0456498861312866
	1.0456337928771973
	1.045605182647705
	1.0455816984176636
	1.0455536842346191
	1.0455161333084106
	1.045491337776184
	1.0454670190811157
	1.0454380512237549
	1.0454250574111938
	1.0454014539718628
	1.0453804731369019
	1.045352578163147
	1.0453354120254517
	1.0453171730041504
	1.0453054904937744
	1.045286774635315
	1.0452603101730347
	1.045241355895996
	1.0452141761779785
	1.0451987981796265
	1.0451793670654297
	1.045167326927185
	1.0451477766036987
	1.0451209545135498
	1.0450971126556396
	1.0450782775878906
	1.0450599193572998
	1.045037031173706
	1.0450304746627808
	1.0450246334075928
	1.045004963874817
	1.0449836254119873
	1.044964075088501
	1.0449408292770386
	1.0449186563491821
	1.04489266872406
	1.0448704957962036
	1.044854998588562
	1.044842004776001
	1.0448235273361206
	1.0448004007339478
	1.044778823852539
	1.0447570085525513
	1.0447227954864502
	1.0446996688842773
	1.0446906089782715
	1.0446724891662598
	1.0446497201919556
	1.0446299314498901
	1.0446107387542725
	1.0445904731750488
	1.0445773601531982
	1.044560432434082
	1.0445401668548584
	1.0445117950439453
	1.044495701789856
	1.0444822311401367
	1.044454574584961
	1.0444340705871582
	1.044420838356018
	1.0443968772888184
	1.0443835258483887
	1.0443658828735352
	1.0443464517593384
	1.0443265438079834
	1.0443122386932373
	1.0442817211151123
	1.044257640838623
	1.0442312955856323
	1.0442109107971191
	1.0441856384277344
	1.0441832542419434
	1.0441678762435913
	1.0441421270370483
	1.0441159009933472
	1.0440844297409058
	1.044062852859497
	1.0440436601638794
	1.044018030166626
	1.0439906120300293
	1.0439587831497192
	1.0439362525939941
	1.0439255237579346
	1.0439062118530273
	1.043890118598938
	1.0438637733459473
	1.0438343286514282
	1.043806791305542
	1.0437835454940796
	1.0437498092651367
	1.043721318244934
	1.043709635734558
	1.0436910390853882
	1.0436747074127197
	1.0436619520187378
	1.0436302423477173
	1.0436075925827026
	1.043600082397461
	1.0435826778411865
	1.0435521602630615
	1.0435283184051514
	1.0435134172439575
	1.0434809923171997
	1.0434614419937134
	1.0434396266937256
	1.043422818183899
	1.043400526046753
	1.0433902740478516
	1.0433677434921265
	1.0433517694473267
	1.0433266162872314
	1.0432982444763184
	1.04326593875885
	1.0432476997375488
	1.0432343482971191
	1.0431989431381226
	1.0431792736053467
	1.043164610862732
	1.0431572198867798
	1.0431504249572754
	1.0431265830993652
	1.043105959892273
	1.0430779457092285
	1.0430575609207153
	1.0430374145507812
	1.0430023670196533
	1.0429898500442505
	1.0429645776748657
	1.0429353713989258
	1.0429141521453857
	1.042891025543213
	1.0428730249404907
	1.0428565740585327
	1.0428366661071777
	1.0428284406661987
	1.0428104400634766
	1.0427926778793335
	1.0427676439285278
	1.0427509546279907
	1.0427404642105103
	1.0427238941192627
	1.0426974296569824
	1.0426751375198364
	1.0426570177078247
	1.0426331758499146
	1.042612075805664
	1.042607069015503
	1.0425910949707031
	1.0425666570663452
	1.0425519943237305
	1.042531132698059
	1.0425231456756592
	1.0424996614456177
	1.0424809455871582
	1.0424628257751465
	1.0424399375915527
	1.0424220561981201
	1.042403221130371
	1.0423893928527832
	1.0423752069473267
	1.0423535108566284
	1.0423277616500854
	1.0423023700714111
	1.0422890186309814
	1.042262315750122
	1.0422358512878418
	1.0422143936157227
	1.0421950817108154
	1.042162537574768
	1.0421361923217773
	1.0421243906021118
	1.0420973300933838
	1.0420730113983154
	1.042047381401062
	1.0420336723327637
	1.0420066118240356
	1.0419821739196777
	1.0419608354568481
	1.041947603225708
	1.0419203042984009
	1.0419052839279175
	1.041886806488037
	1.0418658256530762
	1.0418518781661987
	1.0418312549591064
	1.0418081283569336
	1.0417901277542114
	1.0417706966400146
	1.0417550802230835
	1.0417248010635376
	1.041697382926941
	1.0416786670684814
	1.0416597127914429
	1.0416419506072998
	1.0416280031204224
	1.0415948629379272
	1.041590929031372
	1.0415714979171753
	1.041555404663086
	1.041533350944519
	1.041507363319397
	1.0414798259735107
	1.0414531230926514
	1.0414307117462158
	1.0414087772369385
	1.0413893461227417
	1.041374683380127
	1.0413546562194824
	1.0413340330123901
	1.041319489479065
	1.041296124458313
	1.041272521018982
	1.041263222694397
	1.0412495136260986
	1.0412358045578003
	1.0412180423736572
	1.041198968887329
	1.0411792993545532
	1.0411598682403564
	1.0411484241485596
	1.0411230325698853
	1.0411090850830078
	1.0410908460617065
	1.0410720109939575
	1.0410406589508057
	1.0410188436508179
	1.0410016775131226
	1.0409883260726929
	1.0409653186798096
	1.0409437417984009
	1.0409276485443115
	1.0408942699432373
	1.0408756732940674
	1.0408473014831543
	1.0408143997192383
	1.0407963991165161
	1.040775179862976
	1.0407509803771973
	1.04073965549469
	1.0407339334487915
	1.0407123565673828
	1.0406899452209473
	1.0406665802001953
	1.0406500101089478
	1.0406162738800049
	1.0405993461608887
	1.0405762195587158
	1.0405583381652832
	1.0405367612838745
	1.0405089855194092
	1.0404901504516602
	1.040470004081726
	1.0404469966888428
	1.0404131412506104
	1.0403931140899658
	1.0403833389282227
	1.040361762046814
	1.0403417348861694
	1.040331244468689
	1.0403223037719727
	1.0403140783309937
	1.0402895212173462
	1.0402626991271973
	1.0402528047561646
	1.0402421951293945
	1.0402296781539917
	1.0402165651321411
	1.0402050018310547
	1.0401891469955444
	1.0401800870895386
	1.0401579141616821
	1.0401368141174316
	1.0401126146316528
	1.0400934219360352
	1.0400718450546265
	1.0400530099868774
	1.0400338172912598
	1.0400137901306152
	1.039989709854126
	1.039957046508789
	1.0399348735809326
	1.0399147272109985
	1.0398907661437988
	1.0398705005645752
	1.0398541688919067
	1.039834976196289
	1.0398086309432983
	1.0397893190383911
	1.0397647619247437
	1.0397462844848633
	1.0397353172302246
	1.0397083759307861
	1.0396900177001953
	1.0396748781204224
	1.0396565198898315
	1.0396424531936646
	1.0396167039871216
	1.0396008491516113
	1.0395761728286743
	1.039549708366394
	1.0395318269729614
	1.039509892463684
	1.0394929647445679
	1.039473533630371
	1.039459228515625
	1.0394455194473267
	1.039430856704712
	1.0394152402877808
	1.0394041538238525
	1.0393797159194946
	1.0393507480621338
	1.039328932762146
	1.0393140316009521
	1.0392850637435913
	1.0392656326293945
	1.039242148399353
	1.03922700881958
	1.0392029285430908
	1.0391699075698853
	1.039150595664978
	1.0391286611557007
	1.03910231590271
	1.0390902757644653
	1.0390793085098267
	1.0390573740005493
	1.0390273332595825
	1.0390031337738037
	1.0389862060546875
	1.0389717817306519
	1.0389606952667236
	1.0389387607574463
	1.0389328002929688
	1.0389140844345093
	1.0389032363891602
	1.038895845413208
	1.0388789176940918
	1.0388500690460205
	1.0388317108154297
	1.0388178825378418
	1.0388067960739136
	1.0387884378433228
	1.0387749671936035
	1.0387568473815918
	1.0387380123138428
	1.0387303829193115
	1.0387123823165894
	1.0386897325515747
	1.0386706590652466
	1.03864586353302
	1.038618803024292
	1.0386061668395996
	1.0385888814926147
	1.0385651588439941
	1.038538932800293
	1.0385242700576782
	1.0385044813156128
	1.038476824760437
	1.0384554862976074
	1.0384469032287598
	1.0384349822998047
	1.0384109020233154
	1.0383888483047485
	1.0383691787719727
	1.0383480787277222
	1.0383306741714478
	1.038317084312439
	1.0383079051971436
	1.0382795333862305
	1.0382579565048218
	1.038246750831604
	1.0382301807403564
	1.0382084846496582
	1.0381834506988525
	1.0381466150283813
	1.038133978843689
	1.0381046533584595
	1.0380839109420776
	1.0380710363388062
	1.0380529165267944
	1.038037657737732
	1.0380221605300903
	1.0380017757415771
	1.037981629371643
	1.037960171699524
	1.0379416942596436
	1.037923812866211
	1.0379053354263306
	1.0378729104995728
	1.0378670692443848
	1.03785240650177
	1.037832260131836
	1.0378162860870361
	1.037805438041687
	1.0377726554870605
	1.0377596616744995
	1.0377520322799683
	1.0377299785614014
	1.0377119779586792
	1.037699818611145
	1.0376777648925781
	1.0376596450805664
	1.037645697593689
	1.0376180410385132
	1.037610411643982
	1.0375950336456299
	1.0375819206237793
	1.037562370300293
	1.0375418663024902
	1.037511944770813
	1.0374926328659058
	1.0374841690063477
	1.0374704599380493
	1.0374361276626587
	1.03741455078125
	1.0373836755752563
	1.037368655204773
	1.037356972694397
	1.0373400449752808
	1.0373177528381348
	1.0372852087020874
	1.0372648239135742
	1.0372445583343506
	1.0372248888015747
	1.037208914756775
	1.0371967554092407
	1.0371885299682617
	1.0371733903884888
	1.0371664762496948
	1.0371543169021606
	1.03713059425354
	1.0371052026748657
	1.037081003189087
	1.037057876586914
	1.0370539426803589
	1.0370333194732666
	1.0370169878005981
	1.0369915962219238
	1.0369704961776733
	1.0369442701339722
	1.0369218587875366
	1.036889672279358
	1.036868691444397
	1.036852240562439
	1.0368289947509766
	1.0368032455444336
	1.036791205406189
	1.0367809534072876
	1.0367673635482788
	1.036741852760315
	1.0367242097854614
	1.0367028713226318
	1.0366779565811157
	1.036646842956543
	1.0366250276565552
	1.0366005897521973
	1.036582112312317
	1.0365763902664185
	1.0365512371063232
	1.0365334749221802
	1.0365066528320312
	1.0364927053451538
	1.0364744663238525
	1.0364493131637573
	1.036429524421692
	1.036407709121704
	1.0363916158676147
	1.03636634349823
	1.0363494157791138
	1.0363149642944336
	1.0362868309020996
	1.0362770557403564
	1.0362563133239746
	1.03624427318573
	1.0362204313278198
	1.0362021923065186
	1.0361887216567993
	1.0361679792404175
	1.036138653755188
	1.0361276865005493
	1.0361084938049316
	1.0360814332962036
	1.0360596179962158
	1.0360405445098877
	1.0360177755355835
	1.0359925031661987
	1.035977840423584
	1.035966396331787
	1.0359495878219604
	1.0359413623809814
	1.0359351634979248
	1.0359208583831787
	1.0359057188034058
	1.035879373550415
	1.0358580350875854
	1.0358480215072632
	1.0358262062072754
	1.035827398300171
	1.0358104705810547
	1.0357881784439087
	1.0357650518417358
	1.0357475280761719
	1.0357321500778198
	1.035706877708435
	1.0356932878494263
	1.0356770753860474
	1.0356673002243042
	1.0356475114822388
	1.035638689994812
	1.035617470741272
	1.0355924367904663
	1.0355674028396606
	1.035541296005249
	1.0355193614959717
	1.0354931354522705
	1.0354667901992798
	1.0354609489440918
	1.035438895225525
	1.0354233980178833
	1.0354074239730835
	1.035386323928833
	1.0353758335113525
	1.0353668928146362
	1.035355806350708
	1.0353420972824097
	1.035312533378601
	1.0352791547775269
	1.035264492034912
	1.0352545976638794
	1.0352357625961304
	1.0352270603179932
	1.0352164506912231
	1.035197377204895
	1.0351804494857788
	1.035164713859558
	1.0351502895355225
	1.0351238250732422
	1.035104513168335
	1.0350899696350098
	1.0350663661956787
	1.0350468158721924
	1.0350197553634644
	1.0349929332733154
	1.034987449645996
	1.0349655151367188
	1.0349332094192505
	1.0349130630493164
	1.0348896980285645
	1.0348801612854004
	1.0348665714263916
	1.0348385572433472
	1.034830093383789
	1.034805417060852
	1.0347838401794434
	1.034758448600769
	1.0347466468811035
	1.0347281694412231
	1.034709095954895
	1.034686803817749
	1.0346862077713013
	1.034672737121582
	1.0346603393554688
	1.0346430540084839
	1.0346320867538452
	1.034611701965332
	1.0345951318740845
	1.0345723628997803
	1.0345489978790283
	1.0345402956008911
	1.0345364809036255
	1.034531831741333
	1.0345182418823242
	1.034500002861023
	1.034476637840271
	1.034446120262146
	1.0344209671020508
	1.0344130992889404
	1.0343934297561646
	1.0343728065490723
	1.0343505144119263
	1.0343462228775024
	1.0343414545059204
	1.034325361251831
	1.0343035459518433
	1.0342777967453003
	1.034254550933838
	1.0342376232147217
	1.0342286825180054
	1.03421151638031
	1.034190058708191
	1.0341722965240479
	1.0341503620147705
	1.0341352224349976
	1.0341227054595947
	1.0341116189956665
	1.0340957641601562
	1.0340632200241089
	1.0340421199798584
	1.0340207815170288
	1.0340086221694946
	1.03398859500885
	1.0339770317077637
	1.033954381942749
	1.033934473991394
	1.0339272022247314
	1.0339164733886719
	1.0339089632034302
	1.0338964462280273
	1.0338927507400513
	1.033877968788147
	1.0338678359985352
	1.033859372138977
	1.0338466167449951
	1.0338263511657715
	1.0338190793991089
	1.0338019132614136
	1.0337847471237183
	1.0337657928466797
	1.0337482690811157
	1.0337218046188354
	1.0337251424789429
	1.0337108373641968
	1.0336928367614746
	1.0336830615997314
	1.0336720943450928
	1.0336579084396362
	1.033636212348938
	1.0336071252822876
	1.0335843563079834
	1.0335683822631836
	1.033557415008545
	1.0335383415222168
	1.0335232019424438
	1.0335081815719604
	1.0334858894348145
	1.0334616899490356
	1.0334316492080688
	1.0334309339523315
	1.0334177017211914
	1.033405065536499
	1.0333963632583618
	1.0333740711212158
	1.033354640007019
	1.0333396196365356
	1.0333290100097656
	1.0333213806152344
	1.0333082675933838
	1.033291220664978
	1.0332701206207275
	1.0332565307617188
	1.033238172531128
	1.0332201719284058
	1.0331885814666748
	1.033182144165039
	1.0331629514694214
	1.0331592559814453
	1.033136010169983
	1.033115029335022
	1.0331095457077026
	1.0330957174301147
	1.0330756902694702
	1.0330716371536255
	1.0330396890640259
	1.033034324645996
	1.033019781112671
	1.033002495765686
	1.032990574836731
	1.0329773426055908
	1.0329676866531372
	1.0329581499099731
	1.0329391956329346
	1.0329169034957886
	1.0329035520553589
	1.032895803451538
	1.032879114151001
	1.0328658819198608
	1.0328443050384521
	1.0328336954116821
	1.0328288078308105
	1.032813549041748
	1.0327978134155273
	1.0327790975570679
	1.032749891281128
	1.0327510833740234
	1.032737135887146
	1.0327247381210327
	1.032703161239624
	1.0326768159866333
	1.0326637029647827
	1.0326595306396484
	1.0326327085494995
	1.032615065574646
	1.0326000452041626
	1.0325813293457031
	1.032560110092163
	1.032551884651184
	1.0325400829315186
	1.0325329303741455
	1.032521367073059
	1.0324991941452026
	1.0324746370315552
	1.0324631929397583
	1.0324522256851196
	1.0324347019195557
	1.0324187278747559
	1.0323888063430786
	1.0323702096939087
	1.0323479175567627
	1.0323187112808228
	1.0323048830032349
	1.032278060913086
	1.032263994216919
	1.0322438478469849
	1.0322281122207642
	1.0322089195251465
	1.0321934223175049
	1.032175064086914
	1.032164216041565
	1.0321403741836548
	1.0321216583251953
	1.0321017503738403
	1.0320920944213867
	1.032080888748169
	1.0320771932601929
	1.0320699214935303
	1.0320509672164917
	1.032031774520874
	1.032010555267334
	1.0319947004318237
	1.0319851636886597
	1.0319663286209106
	1.031943917274475
	1.0319243669509888
	1.031915307044983
	1.0319052934646606
	1.031896948814392
	1.0318790674209595
	1.031862735748291
	1.0318559408187866
	1.0318481922149658
	1.031822919845581
	1.0318140983581543
	1.0317976474761963
	1.0317846536636353
	1.0317572355270386
	1.0317330360412598
	1.031718134880066
	1.0316938161849976
	1.0316779613494873
	1.0316643714904785
	1.0316493511199951
	1.031631588935852
	1.0316154956817627
	1.031604528427124
	1.0315989255905151
	1.0315847396850586
	1.0315699577331543
	1.0315485000610352
	1.0315371751785278
	1.031508207321167
	1.0314927101135254
	1.0314819812774658
	1.031468391418457
	1.031448245048523
	1.031443476676941
	1.031419277191162
	1.0314146280288696
	1.0314003229141235
	1.0313831567764282
	1.0313628911972046
	1.0313465595245361
	1.031328797340393
	1.0313076972961426
	1.031288743019104
	1.0312724113464355
	1.0312519073486328
	1.0312306880950928
	1.0311927795410156
	1.0311766862869263
	1.0311723947525024
	1.03115713596344
	1.0311508178710938
	1.031139612197876
	1.0311368703842163
	1.0311155319213867
	1.0311048030853271
	1.0311006307601929
	1.0310808420181274
	1.0310595035552979
	1.0310497283935547
	1.0310324430465698
	1.03102707862854
	1.0310261249542236
	1.031004786491394
	1.0309916734695435
	1.0309829711914062
	1.0309666395187378
	1.030951976776123
	1.030928373336792
	1.03091299533844
	1.0308953523635864
	1.0308842658996582
	1.0308701992034912
	1.0308433771133423
	1.0308266878128052
	1.0308051109313965
	1.0307927131652832
	1.0307698249816895
	1.0307508707046509
	1.0307364463806152
	1.0307217836380005
	1.030695915222168
	1.0306843519210815
	1.0306652784347534
	1.0306476354599
	1.0306450128555298
	1.0306378602981567
	1.030635118484497
	1.0306237936019897
	1.0306100845336914
	1.0305986404418945
	1.0305886268615723
	1.0305813550949097
	1.0305572748184204
	1.030542254447937
	1.030531883239746
	1.0305118560791016
	1.0305005311965942
	1.0304921865463257
	1.030478835105896
	1.0304640531539917
	1.0304498672485352
	1.0304279327392578
	1.0304011106491089
	1.03038489818573
	1.030369758605957
	1.0303477048873901
	1.0303231477737427
	1.0303019285202026
	1.0302884578704834
	1.0302594900131226
	1.030250906944275
]