[
	1.0196075439453125
	1.0194854736328125
	1.0194216966629028
	1.019264817237854
	1.019115686416626
	1.0189570188522339
	1.018795371055603
	1.0186736583709717
	1.0185309648513794
	1.0183889865875244
	1.018244981765747
	1.0181041955947876
	1.017961859703064
	1.0178347826004028
	1.0177239179611206
	1.0175809860229492
	1.0174485445022583
	1.0173261165618896
	1.0172078609466553
	1.0170783996582031
	1.0169456005096436
	1.016839623451233
	1.0167237520217896
	1.0166417360305786
	1.0165226459503174
	1.0164304971694946
	1.0162795782089233
	1.0161657333374023
	1.0160598754882812
	1.0159683227539062
	1.0158228874206543
	1.0156793594360352
	1.015524983406067
	1.0154023170471191
	1.0152935981750488
	1.0151621103286743
	1.0150378942489624
	1.0149425268173218
	1.01479172706604
	1.0146805047988892
	1.0145360231399536
	1.0144058465957642
	1.0143109560012817
	1.0141997337341309
	1.0140466690063477
	1.0139414072036743
	1.0138328075408936
	1.0136940479278564
	1.0135529041290283
	1.0134083032608032
	1.0132598876953125
	1.0131211280822754
	1.013026475906372
	1.0129393339157104
	1.012825846672058
	1.0126919746398926
	1.0125713348388672
	1.0124303102493286
	1.0123234987258911
	1.0121840238571167
	1.0120413303375244
	1.011932373046875
	1.0118390321731567
	1.0117295980453491
	1.0115920305252075
	1.0114833116531372
	1.011357307434082
	1.0112224817276
	1.0111085176467896
	1.0109833478927612
	1.0108696222305298
	1.0107574462890625
	1.0106459856033325
	1.0105342864990234
	1.0104470252990723
	1.0103509426116943
	1.0102430582046509
	1.0101221799850464
	1.0100294351577759
	1.0099164247512817
	1.0097907781600952
	1.0096774101257324
	1.0095710754394531
	1.0094813108444214
	1.009355902671814
	1.009278416633606
	1.0091660022735596
	1.009048581123352
	1.0089471340179443
	1.0088484287261963
	1.008718490600586
	1.00863516330719
	1.0085084438323975
	1.0083943605422974
	1.0082733631134033
	1.008180022239685
	1.0080971717834473
	1.008008360862732
	1.007873773574829
	1.007746934890747
	1.0076624155044556
	1.0075448751449585
	1.0074574947357178
	1.0073226690292358
	1.0071845054626465
	1.0070446729660034
	1.0069489479064941
	1.0068624019622803
	1.006794810295105
	1.0066884756088257
	1.0067403316497803
	1.0066324472427368
	1.0065416097640991
	1.0064507722854614
	1.0063635110855103
	1.0062955617904663
	1.006179690361023
	1.0061023235321045
	1.0060075521469116
	1.0059126615524292
	1.0058103799819946
	1.0057076215744019
	1.0056291818618774
	1.0055209398269653
	1.0054222345352173
	1.0053247213363647
	1.005224585533142
	1.0051544904708862
	1.005041480064392
	1.0049296617507935
	1.004852294921875
	1.0047461986541748
	1.0046430826187134
	1.0045312643051147
	1.004419207572937
	1.0043045282363892
	1.004241704940796
	1.0041576623916626
	1.0040520429611206
	1.0039547681808472
	1.0038597583770752
	1.0037789344787598
	1.0036804676055908
	1.0035626888275146
	1.0034765005111694
	1.0033915042877197
	1.0033234357833862
	1.0032191276550293
	1.0031039714813232
	1.0029795169830322
	1.0029032230377197
	1.002815842628479
	1.0027035474777222
	1.0026276111602783
	1.0025200843811035
	1.0024158954620361
	1.0023199319839478
	1.0022298097610474
	1.00215482711792
	1.0020593404769897
	1.0019792318344116
	1.0019170045852661
	1.0018423795700073
	1.0017414093017578
	1.0016547441482544
	1.0015480518341064
	1.0014535188674927
	1.0013689994812012
	1.001278281211853
	1.001196026802063
	1.0010905265808105
	1.0009946823120117
	1.0008938312530518
	1.0008090734481812
	1.000706434249878
	1.0006011724472046
	1.0005019903182983
	1.0004216432571411
	1.0003302097320557
	1.000247836112976
	1.0001462697982788
	1.0000667572021484
	0.9999445676803589
	0.9998567700386047
	0.9997994303703308
	0.9997350573539734
	0.9996735453605652
	0.9996240139007568
	0.9995603561401367
	0.9994867444038391
	0.9994370341300964
	0.9993706941604614
	0.9993134140968323
	0.9992198348045349
	0.9991567730903625
	0.9990766048431396
	0.9990207552909851
	0.9989572167396545
	0.9988997578620911
	0.998845636844635
	0.9987916946411133
	0.9987406134605408
	0.9986987113952637
	0.9986445903778076
	0.9985837936401367
	0.9985291361808777
	0.9984695911407471
	0.9984385371208191
	0.9983875751495361
	0.9983432292938232
	0.9982876777648926
	0.9982323050498962
	0.9981912970542908
	0.9981319904327393
	0.9980872869491577
	0.9980348944664001
	0.9979820251464844
	0.9979126453399658
	0.9978522062301636
	0.9977899193763733
	0.9977478384971619
	0.9976840019226074
	0.9976353049278259
	0.9975666999816895
	0.9975191354751587
	0.9974668025970459
	0.99741131067276
	0.9973462820053101
	0.9972822666168213
	0.9972356557846069
	0.9971553087234497
	0.9971021413803101
	0.9970568418502808
	0.9970144033432007
	0.9969726204872131
	0.9969286322593689
	0.9968798756599426
	0.996828556060791
	0.99677973985672
	0.9967242479324341
	0.9966707229614258
	0.996618926525116
	0.9965639710426331
	0.996514081954956
	0.9964601397514343
	0.9964153170585632
	0.9963635206222534
	0.9963223934173584
	0.9963013529777527
	0.9962611198425293
	0.9962131381034851
	0.9961651563644409
	0.9961230158805847
	0.9960300326347351
	0.9959757328033447
	0.9959293007850647
	0.995885968208313
	0.9958392381668091
	0.9957841038703918
	0.9957248568534851
	0.9956757426261902
	0.9956338405609131
	0.9955886602401733
	0.9955549836158752
	0.9955065846443176
	0.9954555630683899
	0.9954025745391846
	0.9953728914260864
	0.9953277707099915
	0.9952918291091919
	0.9952419996261597
	0.9951895475387573
	0.9951385855674744
	0.9950900673866272
	0.99504154920578
	0.9950081706047058
	0.9949771165847778
	0.9949328303337097
	0.9948937892913818
	0.9948505759239197
	0.994796097278595
	0.9947653412818909
	0.9947123527526855
	0.9946784973144531
	0.994634211063385
	0.9945907592773438
	0.9945471882820129
	0.994513213634491
	0.9944755434989929
	0.9944294095039368
	0.9944020509719849
	0.994376540184021
	0.9943381547927856
	0.9942852258682251
	0.9942431449890137
	0.9941794276237488
	0.9941300749778748
	0.9940898418426514
	0.9940402507781982
	0.9939974546432495
	0.9939545392990112
	0.9939028024673462
	0.9938724040985107
	0.9938263297080994
	0.9937756061553955
	0.9937475323677063
	0.9936953783035278
	0.9936563968658447
	0.9936232566833496
	0.9935828447341919
	0.9935373067855835
	0.993501603603363
	0.993449330329895
	0.9934095740318298
	0.9933466911315918
	0.993306577205658
	0.9932689666748047
	0.9932077527046204
	0.9931589961051941
	0.9931321144104004
	0.9931023716926575
	0.9930731654167175
	0.9930276870727539
	0.9930029511451721
	0.9929600358009338
	0.9929072856903076
	0.9928615689277649
	0.9928270578384399
	0.9927900433540344
	0.9927612543106079
	0.9927141070365906
	0.9926762580871582
	0.9926352500915527
	0.9926009178161621
	0.9925664067268372
	0.9925240874290466
	0.9924957752227783
	0.9924556612968445
	0.9924299716949463
	0.9923833012580872
	0.9923400282859802
	0.9922971725463867
	0.9922570586204529
	0.992222785949707
	0.992192804813385
	0.9921690225601196
	0.9921480417251587
	0.9921223521232605
	0.9920862317085266
	0.9920428395271301
	0.9920156598091125
	0.9919753670692444
	0.9919343590736389
	0.9918997883796692
	0.9918604493141174
	0.9918363094329834
	0.9917977452278137
	0.9917677640914917
	0.9917327761650085
	0.9917014837265015
	0.9916670918464661
	0.9916198253631592
	0.991587221622467
	0.9915545582771301
	0.9915162324905396
	0.9914962649345398
	0.9914552569389343
	0.9914221167564392
	0.9913920760154724
	0.9913579225540161
	0.9913142919540405
	0.9912822842597961
	0.9912481904029846
	0.9912331700325012
	0.9911922216415405
	0.9911471009254456
	0.9911231994628906
	0.991083562374115
	0.9910457730293274
	0.991016149520874
	0.9909826517105103
	0.9909483194351196
	0.9909086227416992
	0.9908604025840759
	0.9908229112625122
	0.990784764289856
	0.9907436370849609
	0.9907101988792419
	0.9906835556030273
	0.9906408786773682
	0.9906128644943237
	0.9905605316162109
	0.9905275702476501
	0.990488588809967
	0.9904436469078064
	0.9904025793075562
	0.9903759360313416
	0.990353524684906
	0.9903245568275452
	0.9902929663658142
	0.9902663826942444
	0.9902309775352478
	0.9901862740516663
	0.9901539087295532
	0.9901118874549866
	0.990082859992981
	0.9900553822517395
	0.9900146126747131
	0.9899810552597046
	0.9899410605430603
	0.9899006485939026
	0.9898629188537598
	0.9898412823677063
	0.9898062944412231
	0.9897623062133789
	0.9897306561470032
	0.9897103905677795
	0.9896783232688904
	0.9896371960639954
	0.9896106123924255
	0.9895806908607483
	0.9895585179328918
	0.9895326495170593
	0.9895050525665283
	0.9894620180130005
	0.9894170761108398
	0.989393413066864
	0.9893532991409302
	0.9893242716789246
	0.9892823696136475
	0.9892492294311523
	0.9892297983169556
	0.9891899824142456
	0.9891589283943176
	0.9891172647476196
	0.9890875816345215
	0.989050567150116
	0.9889999032020569
	0.9889729022979736
	0.9889416098594666
	0.9889193177223206
	0.9888805747032166
	0.9888368844985962
	0.9888059496879578
	0.9887744784355164
	0.9887435436248779
	0.988720715045929
	0.9886865019798279
	0.9886536002159119
	0.9886217713356018
	0.9885905385017395
	0.9885643720626831
	0.9885091781616211
	0.9884797930717468
	0.9884400367736816
	0.988400399684906
	0.988366425037384
	0.9883392453193665
	0.9883080720901489
	0.9882842898368835
	0.9882459044456482
	0.9882065057754517
	0.9881615042686462
	0.9881421327590942
	0.9880967736244202
	0.98806232213974
	0.9880203604698181
	0.9879985451698303
	0.9879758954048157
	0.9879449009895325
	0.9879048466682434
	0.9878664016723633
	0.9878411889076233
	0.9878149628639221
	0.9877855777740479
	0.9877532124519348
	0.9877253770828247
	0.987695574760437
	0.9876658916473389
	0.9876328706741333
	0.9876075983047485
	0.9875887632369995
	0.9875695109367371
	0.987535834312439
	0.9875029921531677
	0.9874739646911621
	0.9874398112297058
	0.9874057173728943
	0.9873672723770142
	0.9873186349868774
	0.98727947473526
	0.9872506260871887
	0.9872204065322876
	0.9871929287910461
	0.9871571063995361
	0.9871418476104736
	0.9871201515197754
	0.9870883226394653
	0.9870721697807312
	0.9870356917381287
	0.9870072603225708
	0.9869750738143921
	0.9869465231895447
	0.9869189858436584
	0.9868713021278381
	0.986838161945343
	0.9868085384368896
	0.9867830276489258
	0.9867612719535828
	0.9867346882820129
	0.9867087006568909
	0.9866671562194824
	0.9866422414779663
	0.9866207838058472
	0.9865965843200684
	0.9865741729736328
	0.9865696430206299
	0.9865221381187439
	0.9865157008171082
	0.9864872694015503
	0.9864513874053955
	0.9864118099212646
	0.9863694906234741
	0.9863518476486206
	0.9863141179084778
	0.9862776398658752
	0.9862647652626038
	0.9862340092658997
	0.9862121343612671
	0.9861782789230347
	0.9861459136009216
	0.986120343208313
	0.986091673374176
	0.9860546588897705
	0.9860254526138306
	0.9859865307807922
	0.9859647154808044
	0.9859362244606018
	0.9859025478363037
	0.9858636260032654
	0.9858578443527222
	0.9858227968215942
	0.985807478427887
	0.9857892990112305
	0.985751211643219
	0.9857112765312195
	0.98569256067276
	0.9856559634208679
	0.9856236577033997
	0.9855940937995911
	0.9855635762214661
	0.9855300188064575
	0.9855104088783264
	0.9854803681373596
	0.9854599237442017
	0.9854348301887512
	0.9854189157485962
	0.9853751063346863
	0.9853484630584717
	0.9853432178497314
	0.9853146076202393
	0.9852821230888367
	0.9852436184883118
	0.9851993918418884
	0.9851697087287903
	0.9851390719413757
	0.9851078987121582
	0.9850953817367554
	0.9850695729255676
	0.9850402474403381
	0.9850173592567444
	0.9849938154220581
	0.9849753975868225
	0.9849425554275513
	0.9849206805229187
	0.9848979711532593
	0.9848725199699402
	0.984836220741272
	0.9848178029060364
	0.9847692251205444
	0.9847321510314941
	0.9847024083137512
	0.9846706986427307
	0.9846422672271729
	0.984632670879364
	0.9846053123474121
	0.9846007823944092
	0.9845960140228271
	0.9845856428146362
	0.9845753908157349
	0.9845564961433411
	0.9845560789108276
	0.9845647215843201
	0.9845494627952576
	0.9845398664474487
	0.9845274090766907
	0.9845172762870789
	0.9845133423805237
	0.9844969511032104
	0.9844927787780762
	0.9844853281974792
	0.9844822287559509
	0.9844578504562378
	0.9844509959220886
	0.984438419342041
	0.9844151735305786
	0.9843886494636536
	0.9843880534172058
	0.9843816757202148
	0.9843922257423401
	0.9843569993972778
	0.9843300580978394
	0.9843058586120605
	0.984289288520813
	0.9842734932899475
	0.9842513203620911
	0.9842288494110107
	0.984209418296814
	0.984187126159668
	0.9841629266738892
	0.984127402305603
	0.9841153621673584
	0.9840893745422363
	0.9840678572654724
	0.9840497970581055
	0.9840156435966492
	0.9839841723442078
	0.9839649200439453
	0.9839483499526978
	0.9839032888412476
	0.9838801026344299
	0.9838428497314453
	0.9838190674781799
	0.983781099319458
	0.9837582111358643
	0.9837111234664917
	0.983674168586731
	0.9836379289627075
	0.9836182594299316
	0.9836342930793762
	0.9836246967315674
	0.9835972785949707
	0.9835665225982666
	0.9835427403450012
	0.9835118055343628
	0.9834772944450378
	0.9834539890289307
	0.9834161996841431
	0.9833930134773254
	0.9833652377128601
	0.9833251237869263
	0.983303427696228
	0.983284056186676
	0.9832634329795837
	0.9832518100738525
	0.9832249283790588
]