[
	0.8374854326248169
	0.837247908115387
	0.8370183706283569
	0.8368003368377686
	0.8365670442581177
	0.8363450765609741
	0.8361233472824097
	0.8359050750732422
	0.8356751799583435
	0.8354451656341553
	0.8352155685424805
	0.8349999189376831
	0.8347864151000977
	0.8345654010772705
	0.8343440294265747
	0.8341315984725952
	0.8338998556137085
	0.8336803913116455
	0.8334560990333557
	0.8332312107086182
	0.8330140709877014
	0.8328058123588562
	0.8326027393341064
	0.8323927521705627
	0.8321734666824341
	0.8319612145423889
	0.8317499756813049
	0.8315470218658447
	0.8313418030738831
	0.8311278820037842
	0.8309171199798584
	0.8307108879089355
	0.8304928541183472
	0.8302802443504333
	0.8300781846046448
	0.8298709988594055
	0.8296862244606018
	0.8294811248779297
	0.8292855024337769
	0.8290770053863525
	0.8288706541061401
	0.8286715149879456
	0.8284861445426941
	0.8282651901245117
	0.8280798196792603
	0.8278858065605164
	0.8276916742324829
	0.8274924755096436
	0.8272995948791504
	0.8271088004112244
	0.8269148468971252
	0.8267223238945007
	0.826540470123291
	0.8263462781906128
	0.8261522054672241
	0.8259636759757996
	0.8257810473442078
	0.8256022334098816
	0.8254132270812988
	0.8252295851707458
	0.8250439167022705
	0.8248671293258667
	0.8246960043907166
	0.8245072960853577
	0.8243191838264465
	0.8241507411003113
	0.8239731192588806
	0.8237999081611633
	0.8236255049705505
	0.8234424591064453
	0.8232718110084534
	0.8231011629104614
	0.8229373097419739
	0.8227627873420715
	0.8225942850112915
	0.8224323391914368
	0.8222588300704956
	0.8221011161804199
	0.8219345211982727
	0.8217581510543823
	0.8215907216072083
	0.8214223980903625
	0.8212658762931824
	0.8211005330085754
	0.8209277391433716
	0.8207715749740601
	0.8206065893173218
	0.8204526305198669
	0.8203034996986389
	0.8201377391815186
	0.8199793696403503
	0.8198314309120178
	0.8196760416030884
	0.8195288181304932
	0.8193762898445129
	0.8192217946052551
	0.8190728425979614
	0.8189216256141663
	0.8187574148178101
	0.8186060190200806
	0.8184518218040466
	0.818286657333374
	0.8181184530258179
	0.8179681301116943
	0.8178146481513977
	0.81766676902771
	0.8175159692764282
	0.8173862099647522
	0.8172388672828674
	0.8170914649963379
	0.8169432878494263
	0.8168179392814636
	0.8166794180870056
	0.8165444731712341
	0.8164076805114746
	0.8162695169448853
	0.8161339163780212
	0.8160024285316467
	0.8158777952194214
	0.8157491683959961
	0.8156181573867798
	0.8154819011688232
	0.8153489828109741
	0.815218448638916
	0.8150858879089355
	0.8149547576904297
	0.8148350119590759
	0.8146856427192688
	0.8145695328712463
	0.8144426941871643
	0.8143087029457092
	0.814177393913269
	0.8140504956245422
	0.8139116168022156
	0.8137842416763306
	0.813644289970398
	0.8135192394256592
	0.8134008646011353
	0.8132772445678711
	0.8131568431854248
	0.8130309581756592
	0.8129169344902039
	0.812792956829071
	0.8126754760742188
	0.8125499486923218
	0.8124358057975769
	0.812321662902832
	0.8122010827064514
	0.8120798468589783
	0.811961829662323
	0.811848521232605
	0.8117290735244751
	0.8116022944450378
	0.8114888072013855
	0.8113836050033569
	0.8112646341323853
	0.8111509084701538
	0.8110596537590027
	0.8109414577484131
	0.8108368515968323
	0.8107381463050842
	0.8106285333633423
	0.810512125492096
	0.8103928565979004
	0.8102781772613525
	0.8101881742477417
	0.8100829124450684
	0.8099856376647949
	0.8098858594894409
	0.809777021408081
	0.8096664547920227
	0.8095607161521912
	0.8094483017921448
	0.8093430995941162
	0.8092427849769592
	0.8091395497322083
	0.8090330958366394
	0.8089228272438049
	0.8088124394416809
	0.8087161183357239
	0.8086210489273071
	0.8085104823112488
	0.8084076642990112
	0.8083066344261169
	0.8082049489021301
	0.8081020712852478
	0.8080071210861206
	0.8079041838645935
	0.8078049421310425
	0.807701051235199
	0.807610273361206
	0.8075147867202759
	0.807408332824707
	0.8073132634162903
	0.8072277903556824
	0.8071215748786926
	0.8070354461669922
	0.8069375157356262
	0.8068479895591736
	0.8067520260810852
	0.8066577315330505
	0.8065680861473083
	0.8064714074134827
	0.8063868284225464
	0.806290328502655
	0.8061875104904175
	0.8061036467552185
	0.8060019016265869
	0.8059079051017761
	0.8058212399482727
	0.8057325482368469
	0.8056460618972778
	0.8055660724639893
	0.805478036403656
	0.8053953051567078
	0.8053168654441833
	0.8052293062210083
	0.8051379919052124
	0.8050511479377747
	0.8049643635749817
	0.8048843145370483
	0.8048014640808105
	0.8047086596488953
	0.8046249747276306
	0.8045455813407898
	0.804457426071167
	0.8043673634529114
	0.8042793869972229
	0.8042084574699402
	0.8041276931762695
	0.8040358424186707
	0.8039522767066956
	0.803872287273407
	0.8037903904914856
	0.8037099838256836
	0.8036323189735413
	0.8035541772842407
	0.8034676313400269
	0.8033866882324219
	0.8033066987991333
	0.8032230734825134
	0.8031435608863831
	0.8030669093132019
	0.8029909729957581
	0.8029180765151978
	0.8028427362442017
	0.8027623295783997
	0.8026804327964783
	0.8026050329208374
	0.8025297522544861
	0.8024502992630005
	0.8023719787597656
	0.8022907376289368
	0.8022180199623108
	0.8021492958068848
	0.8020929098129272
	0.802013099193573
	0.8019422292709351
	0.8018729090690613
	0.8018020987510681
	0.8017252087593079
	0.8016581535339355
	0.8015846610069275
	0.8015113472938538
	0.8014359474182129
	0.8013660311698914
	0.8012967705726624
	0.8012204170227051
	0.8011543154716492
	0.8010792136192322
	0.8009966015815735
	0.8009324073791504
	0.800873339176178
	0.8008065819740295
	0.8007383942604065
	0.8006616830825806
	0.8005974292755127
	0.8005284070968628
	0.8004646301269531
	0.800399661064148
	0.8003336191177368
	0.8002727627754211
	0.8002093434333801
	0.8001492023468018
	0.8000797629356384
	0.80000901222229
	0.7999380826950073
	0.7998643517494202
	0.7998017072677612
	0.7997392416000366
	0.7996668815612793
	0.7995960712432861
	0.7995292544364929
	0.7994523644447327
	0.7993893027305603
	0.7993307113647461
	0.7992613911628723
	0.7991980910301208
	0.799134373664856
	0.7990701794624329
	0.7990059852600098
	0.7989376783370972
	0.7988825440406799
	0.7988240718841553
	0.7987648844718933
	0.7986984848976135
	0.7986240386962891
	0.7985601425170898
	0.7985015511512756
	0.798438310623169
	0.7983812093734741
	0.7983201146125793
	0.7982616424560547
	0.7981880307197571
	0.7981259822845459
	0.7980649471282959
	0.7980056405067444
	0.7979402542114258
	0.7978774905204773
	0.7978153228759766
	0.7977561950683594
	0.7976993918418884
	0.7976428866386414
	0.7975886464118958
	0.7975282073020935
	0.7974722981452942
	0.7974284291267395
	0.7973766326904297
	0.7973273992538452
	0.7972742319107056
	0.7972176671028137
	0.797163188457489
	0.7971147298812866
	0.7970671057701111
	0.7970179319381714
	0.7969565987586975
	0.7968969941139221
	0.7968428134918213
	0.7967977523803711
	0.7967340350151062
	0.7966852784156799
	0.7966325283050537
	0.7965731024742126
	0.7965213060379028
	0.796463131904602
	0.7963973879814148
	0.7963478565216064
	0.7962933778762817
	0.7962397336959839
	0.7961919903755188
	0.7961417436599731
	0.7960878610610962
	0.7960320115089417
	0.7959781289100647
	0.7959325313568115
	0.7958766222000122
	0.7958216071128845
	0.7957689762115479
	0.7957099080085754
	0.7956453561782837
	0.7955994009971619
	0.7955582737922668
	0.7955096960067749
	0.79546058177948
	0.7953997254371643
	0.7953445911407471
	0.7952925562858582
	0.7952479720115662
	0.7951950430870056
	0.7951533794403076
	0.7951111793518066
	0.7950592637062073
	0.7950119376182556
	0.79496169090271
	0.79491126537323
	0.794861912727356
	0.794821560382843
	0.7947795391082764
	0.7947357296943665
	0.794686496257782
	0.7946383953094482
	0.7945871949195862
	0.7945382595062256
	0.7944858074188232
	0.7944429516792297
	0.7943971753120422
	0.7943448424339294
	0.7942922711372375
	0.7942606806755066
	0.7942193746566772
	0.794170081615448
	0.7941207885742188
	0.7940754890441895
	0.7940270900726318
	0.7939780354499817
	0.7939388751983643
	0.7938992381095886
	0.7938563227653503
	0.7938159108161926
	0.793775200843811
	0.7937355637550354
	0.7936935424804688
	0.7936385869979858
	0.7935935258865356
	0.7935511469841003
	0.7935035228729248
	0.793462872505188
	0.7934129238128662
	0.7933669090270996
	0.7933216094970703
	0.79327791929245
	0.7932314276695251
	0.7931872010231018
	0.7931415438652039
	0.7931011319160461
	0.793059229850769
	0.7930191159248352
	0.7929810285568237
	0.7929374575614929
	0.7928957939147949
	0.7928504347801208
	0.7928062081336975
	0.7927637696266174
	0.7927254438400269
	0.7926775813102722
	0.792633593082428
	0.7925916910171509
	0.7925530076026917
	0.7925105094909668
	0.7924673557281494
	0.792430579662323
	0.7923875451087952
	0.7923486828804016
	0.792303740978241
	0.7922593355178833
	0.7922213673591614
	0.792187511920929
	0.7921497225761414
	0.7921077013015747
	0.7920692563056946
	0.7920283675193787
	0.7919865250587463
	0.7919471859931946
	0.7919161915779114
	0.7918718457221985
	0.7918363809585571
	0.791793167591095
	0.7917531728744507
	0.7917160987854004
	0.7916785478591919
	0.7916370034217834
	0.7915927767753601
	0.791558027267456
	0.7915265560150146
	0.7914857268333435
	0.7914496064186096
	0.7914137840270996
	0.7913818359375
	0.7913450002670288
	0.7913020849227905
	0.7912638783454895
	0.7912279963493347
	0.7911909222602844
	0.7911539673805237
	0.7911204099655151
	0.7910764217376709
	0.791041910648346
	0.7910104393959045
	0.7909727692604065
	0.79093337059021
	0.7909005880355835
	0.790867269039154
	0.7908339500427246
	0.7907916903495789
	0.7907585501670837
	0.7907198667526245
	0.7906876802444458
	0.790652871131897
	0.7906167507171631
	0.790582537651062
	0.7905495166778564
	0.7905074954032898
	0.7904731035232544
	0.7904372215270996
	0.790402889251709
	0.7903604507446289
	0.7903319001197815
	0.7902883887290955
	0.790256142616272
	0.7902170419692993
	0.7901862263679504
	0.7901502847671509
	0.7901159524917603
	0.7900786399841309
	0.7900376915931702
	0.7900046706199646
	0.7899600863456726
	0.7899224758148193
	0.7898904085159302
	0.7898562550544739
	0.7898191809654236
	0.7897869348526001
	0.7897542119026184
	0.7897263765335083
	0.7896938323974609
	0.7896611094474792
	0.7896283864974976
	0.7895985245704651
	0.7895609140396118
	0.7895296216011047
	0.7894971966743469
	0.7894631028175354
	0.7894289493560791
	0.7894007563591003
	0.7893667817115784
	0.7893345952033997
	0.7893050909042358
	0.7892701625823975
	0.7892367243766785
	0.7892012596130371
	0.7891709208488464
	0.7891432046890259
	0.7891138792037964
	0.7890745997428894
	0.7890426516532898
	0.7890122532844543
	0.7889787554740906
	0.7889451384544373
	0.7889147996902466
	0.7888877391815186
	0.7888569235801697
	0.7888323664665222
	0.7887992262840271
	0.788774311542511
	0.7887462377548218
	0.7887170910835266
	0.7886936068534851
	0.7886671423912048
	0.7886280417442322
	0.788590669631958
	0.7885609865188599
	0.7885286211967468
	0.7884896993637085
	0.7884629964828491
	0.7884315252304077
	0.7884045243263245
	0.7883766889572144
	0.7883431315422058
	0.788313090801239
	0.7882893085479736
	0.7882564067840576
	0.7882269620895386
	0.7881953120231628
	0.7881690859794617
	0.7881361246109009
	0.7881131768226624
	0.7880820035934448
	0.7880476117134094
	0.7880188226699829
	0.7879934906959534
	0.7879639863967896
	0.7879320979118347
	0.7879019379615784
	0.787877082824707
	0.7878432869911194
	0.7878166437149048
	0.7877906560897827
	0.7877657413482666
	0.7877377271652222
	0.7877109050750732
	0.7876851558685303
	0.7876606583595276
	0.7876255512237549
	0.7876008152961731
	0.7875691056251526
	0.7875538468360901
	0.7875258922576904
	0.7874969840049744
	0.7874785661697388
	0.7874478697776794
	0.7874253988265991
	0.7874013185501099
	0.7873755693435669
	0.7873498201370239
	0.78731769323349
	0.7872880101203918
	0.7872572541236877
	0.7872287034988403
	0.7872023582458496
	0.7871730923652649
	0.7871449589729309
	0.787124752998352
	0.7871015071868896
	0.7870743870735168
	0.7870437502861023
	0.7870136499404907
	0.7869833707809448
	0.7869557738304138
	0.7869219779968262
	0.7868937849998474
	0.7868601083755493
	0.786835789680481
	0.7868034839630127
	0.7867849469184875
	0.7867563962936401
	0.7867242693901062
	0.7866999506950378
	0.7866746187210083
	0.7866474986076355
	0.7866203784942627
	0.786590039730072
	0.7865649461746216
	0.7865415811538696
	0.786518394947052
	0.7864928245544434
	0.7864723205566406
	0.7864447236061096
	0.7864303588867188
	0.7864083647727966
	0.7863912582397461
	0.786359965801239
	0.7863327264785767
	0.7863112688064575
	0.786292314529419
	0.7862674593925476
	0.7862445116043091
	0.7862108945846558
	0.7861907482147217
	0.7861586809158325
	0.7861410975456238
	0.7861090302467346
	0.7860838174819946
	0.7860536575317383
	0.7860363721847534
	0.7860113382339478
	0.7859890460968018
	0.78596431016922
	0.7859450578689575
	0.7859108448028564
	0.7858904004096985
	0.785871148109436
	0.7858416438102722
	0.7858231067657471
	0.7858011722564697
	0.7857806086540222
	0.7857582569122314
	0.785737931728363
	0.785723865032196
	0.7856972813606262
	0.7856736779212952
	0.7856523394584656
	0.7856361865997314
	0.7856127023696899
	0.7855868935585022
	0.7855581641197205
	0.7855350971221924
	0.7855188250541687
	0.7854942083358765
	0.7854729890823364
	0.78545081615448
	0.7854328155517578
	0.7854133248329163
	0.7853926420211792
	0.7853707075119019
	0.7853493690490723
	0.7853250503540039
	0.7853026986122131
	0.7852805852890015
	0.7852556109428406
	0.7852330207824707
	0.7852120995521545
	0.7851959466934204
	0.7851749062538147
	0.7851558327674866
	0.7851337194442749
	0.7851144075393677
	0.7850919365882874
	0.7850651741027832
	0.7850346565246582
	0.7850131392478943
	0.784990131855011
	0.7849751710891724
	0.7849574089050293
	0.7849307060241699
	0.7849077582359314
	0.7848854064941406
	0.7848594188690186
	0.7848342657089233
	0.7848067283630371
	0.7847821116447449
	0.7847591042518616
	0.7847363948822021
	0.7847179174423218
	0.7847025394439697
	0.7846846580505371
	0.7846699953079224
	0.7846515774726868
	0.7846302390098572
	0.7846065759658813
	0.7845836877822876
	0.7845575213432312
	0.7845360040664673
	0.7845204472541809
	0.784497082233429
	0.7844730615615845
	0.7844572067260742
	0.7844356894493103
	0.7844120264053345
	0.7843903303146362
	0.7843707203865051
	0.7843523621559143
	0.7843285799026489
	0.7843060493469238
	0.7842879891395569
	0.7842669486999512
	0.7842405438423157
	0.7842196226119995
	0.7842051386833191
	0.7841891050338745
	0.7841692566871643
	0.7841548323631287
	0.7841382026672363
	0.784118115901947
	0.784103512763977
	0.7840815782546997
	0.7840613126754761
	0.7840362191200256
	0.7840167880058289
	0.7839968204498291
	0.7839788794517517
	0.783955991268158
	0.7839374542236328
	0.7839203476905823
	0.7839012145996094
	0.7838802933692932
	0.7838576436042786
	0.7838428020477295
	0.7838268280029297
	0.7838093638420105
	0.7837803959846497
	0.7837629914283752
	0.7837413549423218
	0.7837162613868713
	0.7836881279945374
	0.7836668491363525
	0.7836501002311707
	0.7836288213729858
	0.7836042046546936
	0.7835796475410461
	0.7835610508918762
	0.7835472226142883
	0.7835320830345154
	0.7835136651992798
	0.7834950089454651
	0.7834752798080444
	0.7834586501121521
	0.7834368944168091
	0.7834141254425049
	0.783393919467926
	0.7833755612373352
	0.7833664417266846
	0.7833463549613953
	0.7833290100097656
	0.7833043932914734
	0.7832865118980408
	0.7832638621330261
	0.7832425832748413
	0.7832226753234863
	0.7832080125808716
	0.7831866145133972
	0.7831652760505676
	0.783149778842926
	0.7831162810325623
	0.7830996513366699
	0.7830859422683716
	0.7830778360366821
	0.7830616235733032
	0.7830421924591064
	0.7830268740653992
	0.7830075025558472
	0.7829906344413757
	0.7829778790473938
	0.7829614877700806
	0.7829506993293762
	0.78293377161026
	0.7829245328903198
	0.7829000353813171
	0.7828880548477173
	0.7828708291053772
	0.7828516364097595
	0.7828354239463806
	0.7828238010406494
	0.7828028798103333
	0.7827857136726379
	0.7827598452568054
	0.7827478647232056
	0.7827305197715759
	0.782709538936615
	0.7826967835426331
	0.7826718688011169
	0.7826514840126038
	0.7826375365257263
	0.7826205492019653
	0.7826087474822998
	0.7825919985771179
	0.7825746536254883
	0.7825639247894287
	0.7825434803962708
	0.782530665397644
	0.7825053930282593
	0.7824819087982178
	0.7824736833572388
	0.7824534177780151
	0.7824342846870422
	0.7824137210845947
	0.7824022769927979
	0.7823868989944458
	0.7823650240898132
	0.7823494076728821
	0.7823312282562256
	0.7823155522346497
	0.7823044061660767
	0.7822920680046082
	0.7822694778442383
	0.782260000705719
	0.7822362780570984
	0.7822144627571106
	0.7821986675262451
	0.7821856141090393
	0.7821749448776245
	0.7821481227874756
	0.7821344137191772
	0.7821176052093506
	0.7820978760719299
	0.782079815864563
	0.7820618152618408
	0.7820484638214111
	0.7820344567298889
	0.7820276021957397
	0.7820112705230713
	0.7819905281066895
	0.7819755673408508
	0.7819633483886719
	0.7819526791572571
	0.7819476127624512
	0.7819274067878723
	0.7819094061851501
	0.7818886637687683
	0.7818741202354431
	0.7818555235862732
	0.7818434834480286
	0.7818202376365662
	0.7818042039871216
	0.7817916870117188
	0.7817772626876831
	0.7817580103874207
	0.7817469239234924
	0.781732439994812
	0.7817227244377136
	0.7817060947418213
	0.7816897034645081
	0.7816812992095947
	0.7816669344902039
	0.7816508412361145
	0.7816318273544312
	0.7816191911697388
	0.7816029191017151
	0.7815956473350525
	0.7815878391265869
	0.7815784215927124
	0.7815586924552917
	0.7815502285957336
	0.7815338969230652
	0.7815224528312683
	0.7815088629722595
	0.781488299369812
	0.7814769148826599
	0.7814607620239258
	0.7814421653747559
	0.7814297676086426
	0.7814115881919861
	0.7814095616340637
	0.7813977599143982
	0.7813876271247864
	0.7813732624053955
	0.7813543081283569
	0.7813460826873779
	0.7813371419906616
	0.781320333480835
	0.7813124656677246
	0.7812890410423279
	0.781276285648346
	0.7812585234642029
	0.7812514901161194
	0.7812381982803345
	0.781224250793457
	0.781213641166687
	0.7811951041221619
	0.7811842560768127
	0.7811809182167053
	0.7811723351478577
	0.7811599373817444
	0.7811586856842041
	0.7811452150344849
	0.7811320424079895
	0.7811247110366821
	0.7811095714569092
	0.7810964584350586
	0.7810837030410767
	0.7810770869255066
	0.7810658812522888
	0.7810559272766113
	0.7810384035110474
	0.781021773815155
	0.7810057401657104
	0.7809913158416748
	0.780979335308075
	0.7809650897979736
	0.7809487581253052
	0.7809283137321472
	0.7809141874313354
	0.7808998227119446
	0.7808834910392761
	0.780863344669342
	0.7808532118797302
	0.7808471322059631
	0.7808325886726379
	0.7808180451393127
	0.7808026075363159
	0.7807842493057251
	0.780773937702179
	0.7807607650756836
	0.7807464003562927
	0.7807303071022034
	0.7807202935218811
	0.7807039022445679
	0.7806909084320068
	0.7806817293167114
	0.7806663513183594
	0.7806512117385864
	0.7806437611579895
	0.7806256413459778
	0.7806118130683899
	0.7805959582328796
	0.7805842757225037
	0.7805719971656799
	0.7805604934692383
	0.7805500030517578
	0.780543863773346
	0.7805311679840088
	0.7805139422416687
	0.7805049419403076
	0.780490517616272
	0.7804869413375854
	0.7804741263389587
	0.7804684042930603
	0.7804610729217529
	0.7804535031318665
	0.7804464101791382
	0.7804287075996399
	0.7804204821586609
	0.7804102897644043
	0.780392050743103
	0.7803777456283569
	0.7803637385368347
	0.7803514003753662
	0.7803362607955933
	0.780327558517456
	0.780317485332489
	0.7803086638450623
	0.7802909016609192
	0.7802813649177551
	0.7802709341049194
	0.7802618741989136
	0.780251145362854
	0.7802353501319885
	0.7802268266677856
	0.7802151441574097
	0.7802009582519531
	0.7801884412765503
	0.7801782488822937
	0.7801668047904968
	0.7801612019538879
	0.780152440071106
	0.7801412343978882
	0.7801312804222107
	0.7801231145858765
	0.780110776424408
	0.7801031470298767
	0.7800911068916321
	0.7800764441490173
	0.7800628542900085
	0.7800537943840027
	0.7800416946411133
	0.7800306677818298
	0.7800225615501404
	0.7800149917602539
	0.7800071835517883
	0.7799981832504272
	0.7799861431121826
	0.7799762487411499
	0.7799608111381531
	0.7799497842788696
	0.7799403071403503
	0.7799289226531982
	0.7799196839332581
	0.7799081206321716
	0.7798936367034912
	0.7798854112625122
	0.7798728346824646
	0.7798590064048767
	0.7798485159873962
	0.7798377871513367
	0.7798263430595398
	0.7798061370849609
	0.7797967195510864
	0.7797892689704895
	0.7797747254371643
	0.7797649502754211
	0.7797577977180481
	0.7797418236732483
	0.7797307372093201
	0.7797195911407471
	0.7797112464904785
	0.779694139957428
	0.7796881794929504
	0.7796764373779297
	0.779664933681488
	0.779655396938324
	0.7796480059623718
	0.7796439528465271
	0.7796278595924377
	0.7796158194541931
	0.7796012759208679
	0.7795892357826233
	0.7795881628990173
	0.779585599899292
	0.7795794010162354
	0.7795653343200684
	0.7795508503913879
	0.7795442342758179
	0.7795280814170837
	0.7795178890228271
	0.7795160412788391
	0.7795068621635437
	0.7795047760009766
	0.7794910669326782
	0.7794883847236633
	0.7794709801673889
	0.779461145401001
	0.7794448733329773
	0.779443085193634
	0.7794343829154968
	0.7794262170791626
	0.7794023156166077
	0.7793899774551392
	0.7793858051300049
	0.7793790102005005
	0.7793740034103394
	0.7793653607368469
	0.7793567180633545
	0.7793426513671875
	0.7793254852294922
	0.7793152928352356
	0.7793078422546387
	0.7792947888374329
	0.7792826890945435
	0.7792789340019226
	0.7792618870735168
	0.779258668422699
	0.779251217842102
	0.7792502641677856
	0.7792314291000366
	0.7792278528213501
	0.7792262434959412
	0.7792145013809204
	0.7792083024978638
	0.7792021632194519
	0.7791948318481445
	0.7791897058486938
	0.7791783809661865
	0.779175341129303
	0.7791663408279419
]