[
	1.0630626678466797
	1.063183307647705
	1.0633139610290527
	1.0634255409240723
	1.063546061515808
	1.0636731386184692
	1.063804030418396
	1.0639194250106812
	1.0640391111373901
	1.0641661882400513
	1.0642937421798706
	1.0644094944000244
	1.064517617225647
	1.06464421749115
	1.064773678779602
	1.0649009943008423
	1.065040111541748
	1.0651679039001465
	1.065270185470581
	1.0653961896896362
	1.0655131340026855
	1.0656179189682007
	1.0657273530960083
	1.065828561782837
	1.065945029258728
	1.0660419464111328
	1.0661526918411255
	1.0662684440612793
	1.0663819313049316
	1.0665050745010376
	1.0666182041168213
	1.06672203540802
	1.0668388605117798
	1.0669382810592651
	1.067040205001831
	1.0671346187591553
	1.0672545433044434
	1.0673609972000122
	1.0674751996994019
	1.0675861835479736
	1.067690134048462
	1.067792534828186
	1.0678879022598267
	1.0679914951324463
	1.0680941343307495
	1.068202018737793
	1.0683209896087646
	1.0684328079223633
	1.068537712097168
	1.0686434507369995
	1.0687581300735474
	1.068853735923767
	1.0689654350280762
	1.0690706968307495
	1.0691839456558228
	1.069296956062317
	1.06940758228302
	1.0695185661315918
	1.069615125656128
	1.069718599319458
	1.0698137283325195
	1.0699121952056885
	1.0700064897537231
	1.0701056718826294
	1.0702149868011475
	1.0703153610229492
	1.0704151391983032
	1.0705111026763916
	1.070618748664856
	1.0707287788391113
	1.0708318948745728
	1.0709260702133179
	1.0710277557373047
	1.0711432695388794
	1.071238398551941
	1.071337342262268
	1.0714266300201416
	1.0715243816375732
	1.0716300010681152
	1.0717313289642334
	1.0718333721160889
	1.0719438791275024
	1.0720534324645996
	1.072148323059082
	1.0722496509552002
	1.0723474025726318
	1.0724461078643799
	1.07253098487854
	1.0726280212402344
	1.0727243423461914
	1.0728164911270142
	1.0729143619537354
	1.0730128288269043
	1.0731102228164673
	1.0732204914093018
	1.0733189582824707
	1.0734138488769531
	1.0735076665878296
	1.0736159086227417
	1.073715090751648
	1.0738170146942139
	1.0739123821258545
	1.0740169286727905
	1.0741069316864014
	1.074216365814209
	1.0743101835250854
	1.0744096040725708
	1.0745139122009277
	1.0746039152145386
	1.0747084617614746
	1.0748076438903809
	1.074897050857544
	1.0749989748001099
	1.0750977993011475
	1.0751889944076538
	1.0752757787704468
	1.0753698348999023
	1.075461745262146
	1.075548529624939
	1.0756418704986572
	1.0757296085357666
	1.0758191347122192
	1.0759080648422241
	1.075992465019226
	1.0760860443115234
	1.0761874914169312
	1.0762863159179688
	1.0763797760009766
	1.076467752456665
	1.0765596628189087
	1.0766493082046509
	1.0767419338226318
	1.0768462419509888
	1.0769364833831787
	1.077015995979309
	1.0771050453186035
	1.0771913528442383
	1.0772825479507446
	1.0773810148239136
	1.077462911605835
	1.0775442123413086
	1.0776457786560059
	1.0777451992034912
	1.0778357982635498
	1.0779175758361816
	1.0780088901519775
	1.078100323677063
	1.0781965255737305
	1.0782800912857056
	1.0783590078353882
	1.0784599781036377
	1.0785356760025024
	1.0786226987838745
	1.0787122249603271
	1.0787969827651978
	1.0788917541503906
	1.0789743661880493
	1.0790627002716064
	1.0791460275650024
	1.0792354345321655
	1.0793285369873047
	1.079410433769226
	1.0795164108276367
	1.0796135663986206
	1.0797110795974731
	1.0798091888427734
	1.0798925161361694
	1.0799757242202759
	1.0800844430923462
	1.0801721811294556
	1.0802545547485352
	1.080337405204773
	1.0804295539855957
	1.0805175304412842
	1.08059823513031
	1.0806816816329956
	1.0807654857635498
	1.0808594226837158
	1.0809425115585327
	1.0810246467590332
	1.0811078548431396
	1.0811913013458252
	1.0812736749649048
	1.081368327140808
	1.0814554691314697
	1.081551432609558
	1.0816335678100586
	1.0817217826843262
	1.0818196535110474
	1.0819035768508911
	1.0819963216781616
	1.082074522972107
	1.0821508169174194
	1.082242488861084
	1.082330346107483
	1.0824116468429565
	1.0824960470199585
	1.0825707912445068
	1.0826530456542969
	1.0827149152755737
	1.0828049182891846
	1.0828888416290283
	1.0829774141311646
	1.0830609798431396
	1.0831408500671387
	1.0832396745681763
	1.0833258628845215
	1.0834091901779175
	1.083503246307373
	1.0835825204849243
	1.0836610794067383
	1.0837539434432983
	1.0838450193405151
	1.083936333656311
	1.0840269327163696
	1.0841100215911865
	1.0842065811157227
	1.0843003988265991
	1.0843969583511353
	1.0844662189483643
	1.0845509767532349
	1.0846344232559204
	1.084717035293579
	1.0848037004470825
	1.0848621129989624
	1.0849370956420898
	1.0850142240524292
	1.0850911140441895
	1.085190773010254
	1.085267186164856
	1.085343360900879
	1.085436224937439
	1.0855034589767456
	1.08560049533844
	1.0856940746307373
	1.0857762098312378
	1.0858663320541382
	1.0859580039978027
	1.0860289335250854
	1.0861148834228516
	1.0861889123916626
	1.086257815361023
	1.0863332748413086
	1.086421251296997
	1.0865012407302856
	1.0865727663040161
	1.0866576433181763
	1.0867362022399902
	1.086807131767273
	1.0868685245513916
	1.0869649648666382
	1.0870517492294312
	1.087141990661621
	1.0872303247451782
	1.0873181819915771
	1.0873947143554688
	1.0874805450439453
	1.087564468383789
	1.0876458883285522
	1.0877329111099243
	1.0878071784973145
	1.087895154953003
	1.0879735946655273
	1.0880753993988037
	1.0881596803665161
	1.0882346630096436
	1.088314175605774
	1.0884125232696533
	1.0884934663772583
	1.0885676145553589
	1.088649034500122
	1.0887155532836914
	1.0887911319732666
	1.0888783931732178
	1.088956594467163
	1.0890381336212158
	1.0891152620315552
	1.0891952514648438
	1.0892797708511353
	1.0893622636795044
	1.0894416570663452
	1.0895254611968994
	1.0896120071411133
	1.0896927118301392
	1.089784026145935
	1.0898648500442505
	1.0899341106414795
	1.090023398399353
	1.090110421180725
	1.0902153253555298
	1.090266227722168
	1.0903581380844116
	1.0904216766357422
	1.0905053615570068
	1.0905859470367432
	1.0906639099121094
	1.0907620191574097
	1.0908663272857666
	1.090944528579712
	1.0910083055496216
	1.0911015272140503
	1.091168999671936
	1.0912528038024902
	1.0913429260253906
	1.0914130210876465
	1.091508150100708
	1.0915831327438354
	1.0916485786437988
	1.0917339324951172
	1.0918161869049072
	1.0919013023376465
	1.0919816493988037
	1.0920759439468384
	1.092151403427124
	1.0922348499298096
	1.0923359394073486
	1.0924261808395386
	1.0925010442733765
	1.0925707817077637
	1.0926480293273926
	1.092739462852478
	1.0928077697753906
	1.0928791761398315
	1.0929498672485352
	1.0930291414260864
	1.093121886253357
	1.0932159423828125
	1.0933042764663696
	1.09336256980896
	1.0934418439865112
	1.0935068130493164
	1.0935981273651123
	1.0936685800552368
	1.0937384366989136
	1.093822717666626
	1.093902349472046
	1.0939977169036865
	1.0940768718719482
	1.0941588878631592
	1.0942566394805908
	1.094335675239563
	1.0944294929504395
	1.0945165157318115
	1.0946056842803955
	1.0946851968765259
	1.0947788953781128
	1.0948582887649536
	1.0949503183364868
	1.0950565338134766
	1.095153570175171
	1.0952346324920654
	1.095333456993103
	1.095418930053711
	1.0955127477645874
	1.095616102218628
	1.095697283744812
	1.0957589149475098
	1.0958483219146729
	1.095949411392212
	1.0960242748260498
	1.0961135625839233
	1.0962222814559937
	1.0963109731674194
	1.096405267715454
	1.0965051651000977
	1.0965887308120728
	1.0966717004776
	1.096757411956787
	1.096830129623413
	1.0969234704971313
	1.0970243215560913
	1.097109079360962
	1.0972044467926025
	1.0972744226455688
	1.0973585844039917
	1.097438097000122
	1.097525715827942
	1.0975903272628784
	1.097672462463379
	1.0977635383605957
	1.0978453159332275
	1.097922682762146
	1.098015308380127
	1.0981031656265259
	1.0981940031051636
	1.0982868671417236
	1.0983662605285645
	1.0984469652175903
	1.0985276699066162
	1.0986002683639526
	1.098678708076477
	1.0987801551818848
	1.0988634824752808
	1.09895658493042
	1.0990344285964966
	1.0991288423538208
	1.0992063283920288
	1.099276065826416
	1.099374771118164
	1.0994542837142944
	1.099545955657959
	1.0996263027191162
	1.0997105836868286
	1.0997910499572754
	1.099876046180725
	1.0999581813812256
	1.100020170211792
	1.1001083850860596
	1.1001912355422974
	1.1002731323242188
	1.1003587245941162
	1.1004539728164673
	1.1005332469940186
	1.1006168127059937
	1.1007004976272583
	1.1007901430130005
	1.1008514165878296
	1.100936770439148
	1.101022481918335
	1.1011099815368652
	1.1011897325515747
	1.1012816429138184
	1.1013660430908203
	1.1014530658721924
	1.1015454530715942
	1.101623296737671
	1.101702332496643
	1.1017752885818481
	1.1018625497817993
	1.101940393447876
	1.1020177602767944
	1.1021045446395874
	1.1021867990493774
	1.102268934249878
	1.1023564338684082
	1.1024377346038818
	1.1025161743164062
	1.1025762557983398
	1.1026512384414673
	1.102730631828308
	1.1028153896331787
	1.1029044389724731
	1.102981686592102
	1.1030575037002563
	1.1031408309936523
	1.1032253503799438
	1.1032989025115967
	1.103378176689148
	1.1034637689590454
	1.1035314798355103
	1.1036101579666138
	1.1037052869796753
	1.1038001775741577
	1.1038833856582642
	1.1039668321609497
	1.1040540933609009
	1.104132890701294
	1.1042157411575317
	1.104288101196289
	1.1043628454208374
	1.1044467687606812
	1.1045340299606323
	1.1046043634414673
	1.1046918630599976
	1.1047639846801758
	1.1048399209976196
	1.1049211025238037
	1.1050125360488892
	1.1050962209701538
	1.1051836013793945
	1.1052484512329102
	1.105316400527954
	1.1053895950317383
	1.1054575443267822
	1.1055452823638916
	1.1056444644927979
	1.1057242155075073
	1.105795979499817
	1.1058714389801025
	1.105953335762024
	1.1060234308242798
	1.106111764907837
	1.1061818599700928
	1.1062612533569336
	1.1063371896743774
	1.1064109802246094
	1.1064960956573486
	1.106567621231079
	1.1066467761993408
	1.1067144870758057
	1.1067819595336914
	1.106850504875183
	1.10691237449646
	1.1069890260696411
	1.107045292854309
	1.1071208715438843
	1.107190489768982
	1.1072916984558105
	1.1073766946792603
	1.1074614524841309
	1.1075366735458374
]