[
	0.8051254749298096
	0.8050330281257629
	0.8049448132514954
	0.8048551678657532
	0.8047783374786377
	0.8046880960464478
	0.8046057820320129
	0.8045157194137573
	0.8044223189353943
	0.8043328523635864
	0.8042497634887695
	0.804172694683075
	0.8040910959243774
	0.8040162920951843
	0.8039311766624451
	0.8038539886474609
	0.8037686347961426
	0.8036981225013733
	0.8036159873008728
	0.803551435470581
	0.8034741282463074
	0.8033972978591919
	0.8033303022384644
	0.8032612800598145
	0.8031934499740601
	0.8031193017959595
	0.8030369877815247
	0.8029693365097046
	0.8029202818870544
	0.8028459548950195
	0.8027745485305786
	0.802699089050293
	0.8026430606842041
	0.8025716543197632
	0.8024954199790955
	0.8024166822433472
	0.8023480176925659
	0.8022819757461548
	0.8022199273109436
	0.8021556735038757
	0.8020876049995422
	0.8020209074020386
	0.8019700050354004
	0.8018963932991028
	0.8018407821655273
	0.8017889261245728
	0.8017399311065674
	0.8016900420188904
	0.8016369342803955
	0.8015792369842529
	0.8015150427818298
	0.801455020904541
	0.801401674747467
	0.8013511896133423
	0.8012967109680176
	0.8012474775314331
	0.8012068271636963
	0.801164448261261
	0.8011196255683899
	0.8010560870170593
	0.8010007739067078
	0.8009518980979919
	0.8009051084518433
	0.8008614778518677
	0.8008084297180176
	0.8007733225822449
	0.8007310628890991
	0.8006924986839294
	0.8006441593170166
	0.800584077835083
	0.800540566444397
	0.800489604473114
	0.8004618883132935
	0.8004196286201477
	0.8003677129745483
	0.8003262281417847
	0.8002825975418091
	0.800234854221344
	0.8001936674118042
	0.8001585602760315
	0.8001224994659424
	0.8000817894935608
	0.8000388741493225
	0.7999950647354126
	0.7999557852745056
	0.7999353408813477
	0.7999032735824585
	0.7998754382133484
	0.7998308539390564
	0.799788236618042
	0.799759566783905
	0.7997141480445862
	0.799675703048706
	0.7996358275413513
	0.7995900511741638
	0.7995654344558716
	0.7995195388793945
	0.7994784712791443
	0.7994452118873596
	0.7994204759597778
	0.7993799448013306
	0.7993510961532593
	0.7993152141571045
	0.7992767095565796
	0.7992530465126038
	0.7992097735404968
	0.7991646528244019
	0.7991285920143127
	0.7991193532943726
	0.7990772128105164
	0.7990394234657288
	0.7990124821662903
	0.798987865447998
	0.7989522814750671
	0.7989234924316406
	0.7988970279693604
	0.7988728284835815
	0.7988457679748535
	0.7988088130950928
	0.7987744212150574
	0.7987585663795471
	0.7987344861030579
	0.798712432384491
	0.7986726760864258
	0.7986565828323364
	0.7986322641372681
	0.7986204028129578
	0.7985926866531372
	0.7985580563545227
	0.7985420823097229
	0.7985135316848755
	0.7984998226165771
	0.7984791994094849
	0.7984504103660583
	0.7984340786933899
	0.7984172701835632
	0.7983860373497009
	0.7983593940734863
	0.7983502149581909
	0.7983303666114807
	0.7983046770095825
	0.7982767820358276
	0.7982627153396606
	0.7982354760169983
	0.7982262372970581
	0.798198938369751
	0.7981926202774048
	0.7981727719306946
	0.798163890838623
	0.7981546521186829
	0.7981463074684143
	0.7981194853782654
	0.7980861067771912
	0.7980676293373108
	0.7980529069900513
	0.7980353832244873
	0.7980257868766785
	0.7980068922042847
	0.7980007529258728
	0.7979943752288818
	0.7979852557182312
	0.7979616522789001
	0.7979578971862793
	0.7979456782341003
	0.7979421615600586
	0.797924280166626
	0.7979182004928589
	0.7979018092155457
	0.7978858351707458
	0.7978760004043579
	0.797863781452179
	0.7978517413139343
	0.7978318333625793
	0.7978137731552124
	0.79780513048172
	0.7977800369262695
	0.7977654337882996
	0.7977485656738281
	0.7977505922317505
	0.7977433204650879
	0.7977328896522522
	0.7977320551872253
	0.7977256774902344
	0.7977259755134583
	0.7977156043052673
	0.7976997494697571
	0.7976810336112976
	0.7976701855659485
	0.7976671457290649
	0.7976480722427368
	0.7976329922676086
	0.7976188659667969
	0.7976213693618774
	0.7976128458976746
	0.7976111769676208
	0.7976102232933044
	0.7976012825965881
	0.7975860238075256
	0.7975788116455078
	0.7975896596908569
	0.7975906729698181
	0.797575056552887
	0.7975687980651855
	0.7975704669952393
	0.7975587844848633
	0.7975686192512512
	0.7975621223449707
	0.7975554466247559
	0.7975437641143799
	0.7975497245788574
	0.7975490093231201
	0.797546923160553
	0.7975481152534485
	0.797550618648529
	0.7975543141365051
	0.7975544929504395
	0.7975462675094604
	0.7975360751152039
	0.7975318431854248
	0.7975320219993591
	0.7975417375564575
	0.7975420951843262
	0.7975486516952515
	0.7975513935089111
	0.7975573539733887
	0.7975689768791199
	0.7975717186927795
	0.7975735664367676
	0.7975848317146301
	0.797589898109436
	0.7975996732711792
	0.7975900173187256
	0.7975807785987854
	0.7975921034812927
	0.7975915670394897
	0.7975778579711914
	0.797581672668457
	0.797583818435669
	0.7975881695747375
	0.7975935339927673
	0.7975996136665344
	0.7976069450378418
	0.7976126074790955
	0.7976188659667969
	0.7976292371749878
	0.797632098197937
	0.797639787197113
	0.7976480722427368
	0.7976402044296265
	0.7976452112197876
	0.7976498007774353
	0.7976429462432861
	0.7976447939872742
	0.797640860080719
	0.7976614832878113
	0.7976714372634888
	0.7976821660995483
	0.7976993918418884
	0.797707736492157
	0.7977150678634644
	0.797728419303894
	0.7977283596992493
	0.7977162003517151
	0.7977173328399658
	0.7977316975593567
	0.7977354526519775
	0.797742486000061
	0.797747790813446
	0.7977470755577087
	0.7977489829063416
	0.7977564930915833
	0.7977664470672607
	0.7977821826934814
	0.7977994084358215
	0.7978065609931946
	0.7978283166885376
	0.7978315353393555
	0.7978459596633911
	0.7978425621986389
	0.797863781452179
	0.79787677526474
	0.7978821396827698
	0.7978829741477966
	0.7978934049606323
	0.7979020476341248
	0.7979155778884888
	0.7979282736778259
	0.7979412078857422
	0.7979490160942078
	0.7979594469070435
	0.7979678511619568
	0.7979773283004761
	0.7979955077171326
	0.7980191111564636
	0.798034131526947
	0.7980548739433289
	0.798065185546875
	0.7980796098709106
	0.7980861067771912
	0.7981022000312805
	0.7981187701225281
	0.7981234192848206
	0.7981389164924622
	0.7981514930725098
	0.79816073179245
	0.7981634140014648
	0.7981790900230408
	0.7981979846954346
	0.7982003092765808
	0.798221230506897
	0.7982397079467773
	0.798250675201416
	0.7982702851295471
	0.7982917428016663
	0.7983059287071228
	0.7983189225196838
	0.7983220815658569
	0.7983402013778687
	0.7983566522598267
	0.7983686923980713
	0.7983860969543457
	0.7983992099761963
	0.7984170913696289
	0.7984382510185242
	0.7984459400177002
	0.7984635233879089
	0.7984853386878967
	0.7984892129898071
	0.798511266708374
	0.798524796962738
	0.7985484004020691
	0.7985608577728271
	0.7985846996307373
	0.7985957860946655
	0.7986176013946533
	0.7986307740211487
	0.7986435294151306
	0.7986717224121094
	0.7986907958984375
	0.7987154126167297
	0.7987333536148071
	0.7987483143806458
	0.7987598180770874
	0.7987781763076782
	0.7987937927246094
	0.7988191246986389
	0.798852801322937
	0.798876166343689
	0.7988972663879395
	0.7989218831062317
	0.7989343404769897
	0.798956036567688
	0.7989819049835205
	0.79900062084198
	0.7990267276763916
	0.7990436553955078
	0.799065351486206
	0.7990816235542297
	0.7990997433662415
	0.7991208434104919
	0.7991538643836975
	0.7991721034049988
	0.7991900444030762
	0.7992123961448669
	0.7992414236068726
	0.7992571592330933
	0.79928058385849
	0.7993015050888062
	0.7993286848068237
	0.7993593811988831
	0.7993717789649963
	0.7993866205215454
	0.7993998527526855
	0.7994258403778076
	0.799447774887085
	0.7994688749313354
	0.7994896173477173
	0.7995172142982483
	0.7995428442955017
	0.7995598912239075
	0.7995826601982117
	0.7996086478233337
	0.7996312379837036
	0.7996485233306885
	0.7996659874916077
	0.7996880412101746
	0.799713134765625
	0.7997415065765381
	0.7997729778289795
	0.7997937798500061
	0.7998145818710327
	0.7998422384262085
	0.7998760938644409
	0.7999073266983032
	0.7999297976493835
	0.799943208694458
	0.7999678254127502
	0.7999913692474365
	0.8000205755233765
	0.8000457286834717
	0.800062894821167
	0.8000867366790771
	0.8001132011413574
	0.8001366853713989
	0.800165057182312
	0.8001912236213684
	0.8002195358276367
	0.8002487421035767
	0.8002785444259644
	0.8003057241439819
	0.8003247976303101
	0.8003585934638977
	0.8003882169723511
	0.8004122376441956
	0.8004411458969116
	0.8004647493362427
	0.8004951477050781
	0.8005245923995972
	0.8005581498146057
	0.8005776405334473
	0.8006072044372559
	0.8006349802017212
	0.8006733655929565
	0.8007005453109741
	0.8007274270057678
	0.8007616400718689
	0.8007941246032715
	0.8008244633674622
	0.8008518218994141
	0.8008754253387451
	0.800906777381897
	0.8009417653083801
	0.8009657859802246
	0.8009883165359497
	0.8010181188583374
	0.8010507225990295
	0.8010775446891785
	0.8011074662208557
	0.8011360764503479
	0.8011642694473267
	0.8011919856071472
	0.8012215495109558
	0.8012546896934509
	0.8012830018997192
	0.8013116717338562
	0.8013412952423096
	0.8013743758201599
	0.8014045357704163
	0.8014413118362427
	0.80147784948349
	0.8015041351318359
	0.8015350699424744
	0.8015698194503784
	0.8016023635864258
	0.8016366362571716
	0.8016767501831055
	0.8017051815986633
	0.8017405867576599
	0.8017699122428894
	0.8017948865890503
	0.8018314838409424
	0.8018686771392822
	0.8018994331359863
	0.8019352555274963
	0.8019742369651794
	0.801999032497406
	0.8020365834236145
	0.8020718097686768
	0.8021034002304077
	0.8021335601806641
	0.8021658658981323
	0.8021901249885559
	0.8022215366363525
	0.8022652268409729
	0.8023059368133545
	0.8023397326469421
	0.802379310131073
	0.8024176359176636
	0.8024461269378662
	0.8024858236312866
	0.8025099039077759
	0.8025382161140442
	0.8025777339935303
	0.8026101589202881
	0.8026349544525146
	0.8026654124259949
	0.8027095794677734
	0.802733302116394
	0.8027623891830444
	0.8028039932250977
	0.8028343319892883
	0.8028716444969177
	0.8029036521911621
	0.8029354810714722
	0.8029670715332031
	0.8029963374137878
	0.8030259013175964
	0.8030663728713989
	0.8030973076820374
	0.8031164407730103
	0.80314701795578
	0.8031814694404602
	0.8032272458076477
	0.8032711148262024
	0.8033040761947632
	0.8033304214477539
	0.8033676743507385
	0.8034061789512634
	0.8034422397613525
	0.803472638130188
	0.8035048246383667
	0.8035420775413513
	0.8035807609558105
	0.8036075234413147
	0.8036454319953918
	0.8036794662475586
	0.8037111163139343
	0.8037545680999756
	0.8037882447242737
	0.8038201928138733
	0.8038562536239624
	0.8039063811302185
	0.8039389848709106
	0.8039714694023132
	0.804009735584259
	0.804044783115387
	0.8040650486946106
	0.8041074275970459
	0.8041386604309082
	0.8041690587997437
	0.8042027950286865
	0.8042412996292114
	0.8042831420898438
	0.8043227195739746
	0.8043582439422607
	0.8043907284736633
	0.8044206500053406
	0.8044537901878357
	0.8044931888580322
	0.8045210838317871
	0.8045546412467957
	0.8045921921730042
	0.8046374320983887
	0.8046807050704956
	0.8047144412994385
	0.8047482967376709
	0.8047964572906494
	0.8048434257507324
	0.8048867583274841
	0.8049211502075195
	0.8049578070640564
	0.8049949407577515
	0.8050346970558167
	0.8050686120986938
	0.8051049709320068
	0.8051515817642212
	0.8051883578300476
	0.805230438709259
	0.805262565612793
	0.8052991628646851
	0.8053313493728638
	0.8053600192070007
	0.8054001927375793
	0.8054425716400146
	0.8054773211479187
	0.8055083155632019
	0.8055505752563477
	0.8055834174156189
	0.8056187033653259
	0.8056612610816956
	0.8056997656822205
	0.8057370781898499
	0.805776834487915
	0.8058078289031982
	0.8058515787124634
	0.8058884143829346
	0.8059238791465759
	0.8059608936309814
	0.805999755859375
	0.8060291409492493
	0.8060662746429443
	0.8061054944992065
	0.8061428666114807
	0.8061915636062622
	0.8062408566474915
	0.8062860369682312
	0.8063262104988098
	0.8063609004020691
	0.8064001798629761
	0.8064284920692444
	0.8064606189727783
	0.8064867258071899
	0.8065240979194641
	0.8065614700317383
	0.8066008687019348
	0.8066400289535522
	0.8066833019256592
	0.8067104816436768
	0.8067451119422913
	0.806789219379425
	0.8068313002586365
	0.8068681955337524
	0.8069185018539429
	0.8069614171981812
	0.8069974780082703
	0.8070321083068848
	0.8070679306983948
	0.8071073293685913
	0.8071463704109192
	0.8071855902671814
	0.8072229623794556
	0.8072634339332581
	0.807304859161377
	0.8073402047157288
	0.8073858618736267
	0.807429850101471
	0.807468593120575
	0.8075133562088013
	0.8075469732284546
	0.8075914978981018
	0.8076240420341492
	0.8076686859130859
	0.8077110648155212
	0.80774986743927
	0.8077867031097412
	0.8078312277793884
	0.8078655004501343
	0.8079009056091309
	0.8079409003257751
	0.8079795241355896
	0.8080204129219055
	0.8080676198005676
	0.8081114292144775
	0.808147132396698
	0.8081876635551453
	0.8082283139228821
	0.8082742094993591
	0.8083127737045288
	0.8083568215370178
	0.8083924651145935
	0.8084407448768616
	0.8084813356399536
	0.8085247874259949
	0.808565616607666
	0.8086127638816833
	0.8086506724357605
	0.8086922764778137
	0.8087377548217773
	0.8087781667709351
	0.8088165521621704
	0.8088657855987549
	0.8089110851287842
	0.8089564442634583
	0.8089980483055115
	0.809036910533905
	0.809073805809021
	0.8091092109680176
	0.8091432452201843
	0.8091784715652466
	0.8092150092124939
	0.8092676401138306
	0.8093070387840271
	0.8093485236167908
	0.8093915581703186
	0.8094279766082764
	0.8094657063484192
	0.8095008730888367
	0.8095374703407288
	0.8095855712890625
	0.8096266388893127
	0.8096759915351868
	0.8097196221351624
	0.8097672462463379
	0.8098022937774658
	0.8098487854003906
	0.8098943829536438
	0.809927761554718
	0.8099716901779175
	0.8100014925003052
	0.8100463151931763
	0.8100853562355042
	0.8101319074630737
	0.8101733922958374
	0.8102097511291504
	0.8102465867996216
	0.8102959394454956
	0.810329794883728
	0.8103749752044678
	0.8104241490364075
	0.8104612827301025
	0.8105055093765259
	0.8105303049087524
	0.8105732202529907
	0.8106116056442261
	0.8106550574302673
	0.8106967806816101
	0.8107355833053589
	0.8107818365097046
	0.8108183741569519
	0.810863733291626
	0.8109048008918762
	0.8109337687492371
	0.8109803795814514
	0.8110199570655823
	0.8110600709915161
	0.8111085295677185
	0.8111358284950256
	0.8111780881881714
	0.8112133145332336
	0.8112607598304749
	0.8113094568252563
	0.8113499283790588
	0.8113945126533508
	0.8114373683929443
	0.8114814162254333
	0.8115208745002747
	0.8115699887275696
	0.8115922212600708
	0.8116288185119629
	0.8116728067398071
	0.8117108941078186
	0.8117560744285583
	0.811800479888916
	0.8118435740470886
	0.811890721321106
	0.8119279146194458
	0.8119580745697021
	0.8120083212852478
	0.8120551109313965
	0.8121005892753601
	0.8121461272239685
	0.8121796250343323
	0.8122261762619019
	0.8122670650482178
	0.8123012185096741
	0.8123382329940796
	0.8123750686645508
	0.8124096393585205
	0.8124455809593201
	0.8124992251396179
	0.8125371336936951
	0.8125812411308289
	0.8126233220100403
	0.8126776814460754
	0.8127331137657166
	0.8127776980400085
	0.8128135204315186
	0.8128475546836853
	0.8128888010978699
	0.8129308819770813
	0.8129815459251404
	0.8130210638046265
	0.8130600452423096
	0.8131023049354553
	0.8131425380706787
	0.8131775259971619
	0.8132076263427734
	0.8132452368736267
	0.8132729530334473
	0.8133252859115601
	0.8133637309074402
	0.8134084939956665
	0.8134477138519287
	0.8134849071502686
	0.8135251998901367
	0.8135669827461243
	0.8136045932769775
	0.8136435747146606
	0.813683032989502
	0.8137243986129761
	0.8137643337249756
	0.8137926459312439
	0.813828706741333
	0.8138666749000549
	0.8139066100120544
	0.8139426708221436
	0.8139714598655701
	0.8140069842338562
	0.8140449523925781
	0.814087450504303
	0.8141334652900696
	0.8141705393791199
	0.8142102360725403
	0.8142513632774353
	0.8142973184585571
	0.8143426775932312
	0.8143923878669739
	0.8144388794898987
	0.8144802451133728
	0.8145170211791992
	0.8145557641983032
	0.8145894408226013
	0.8146335482597351
	0.8146840929985046
	0.8147232532501221
	0.8147667646408081
	0.8147987723350525
	0.8148396611213684
	0.8148778676986694
	0.8149194717407227
	0.8149488568305969
	0.8149877786636353
	0.8150343894958496
	0.8150767683982849
	0.8151193857192993
	0.8151469230651855
	0.815191388130188
	0.8152275681495667
	0.8152679800987244
	0.8153141140937805
	0.8153509497642517
	0.8153905272483826
	0.815435528755188
	0.8154740929603577
	0.8155121207237244
	0.815551221370697
	0.8155871033668518
	0.8156230449676514
	0.8156578540802002
	0.8157027959823608
	0.8157430291175842
	0.8157975673675537
	0.8158447742462158
	0.8158891201019287
	0.8159391283988953
	0.815974235534668
	0.8160187602043152
	0.816067636013031
	0.8161150217056274
	0.8161537647247314
	0.8161872625350952
	0.816220760345459
	0.8162612318992615
	0.8162939548492432
	0.8163326382637024
	0.8163739442825317
	0.8164219856262207
	0.8164615631103516
	0.8165024518966675
	0.8165475726127625
	0.8165860176086426
	0.8166186213493347
	0.8166682720184326
	0.8167027235031128
	0.8167447447776794
	0.816778302192688
	0.8168017864227295
	0.8168410062789917
	0.8168842792510986
	0.8169107437133789
	0.8169520497322083
	0.8169991374015808
	0.8170310258865356
	0.8170626759529114
	0.8171038627624512
	0.8171528577804565
	0.8171908259391785
	0.8172329068183899
	0.8172745704650879
	0.8173152208328247
	0.8173540830612183
	0.817403256893158
	0.8174301385879517
	0.8174759149551392
	0.8175163269042969
	0.8175651431083679
	0.817606508731842
	0.8176552057266235
	0.8177100419998169
	0.8177376985549927
	0.8177781105041504
	0.8178129196166992
	0.8178411722183228
	0.8178859949111938
	0.817926287651062
	0.8179736733436584
	0.818004846572876
	0.8180304765701294
	0.8180605173110962
	0.8181012868881226
	0.8181502819061279
	0.8181781768798828
	0.8182181119918823
	0.818250298500061
	0.8182963132858276
	0.8183311223983765
	0.8183674216270447
	0.8184030652046204
	0.818448543548584
	0.8184930086135864
	0.8185336589813232
	0.818575382232666
	0.8186138868331909
	0.8186596035957336
	0.8186954259872437
	0.8187261819839478
	0.8187415599822998
	0.8187796473503113
	0.818814218044281
	0.8188660144805908
	0.8189119100570679
	0.8189550042152405
	0.8189926147460938
	0.8190301656723022
	0.8190638422966003
	0.819106936454773
	0.8191366791725159
	0.819169819355011
	0.8192062377929688
	0.8192427158355713
	0.8192850947380066
	0.8193244338035583
	0.8193604946136475
	0.8194078803062439
	0.8194472789764404
	0.8194854855537415
	0.8195235133171082
	0.8195711374282837
	0.8196253776550293
	0.8196706771850586
	0.8197041749954224
	0.8197333216667175
	0.8197738528251648
	0.8198160529136658
	0.8198637962341309
	0.819890558719635
	0.8199318051338196
	0.8199639916419983
	0.8199981451034546
	0.8200286626815796
	0.8200585246086121
	0.8200860619544983
	0.8201106786727905
	0.8201401829719543
	0.8201857209205627
	0.8202193379402161
	0.82026207447052
	0.820304274559021
	0.8203374147415161
	0.8203793168067932
	0.8204212188720703
	0.8204464912414551
	0.8204809427261353
	0.8205267190933228
	0.8205641508102417
	0.8205989003181458
	0.8206377029418945
	0.8206703066825867
	0.8207041621208191
	0.8207446336746216
	0.8207919597625732
	0.8208305835723877
	0.8208723664283752
	0.8209139108657837
	0.8209521174430847
	0.8209899067878723
	0.821025550365448
	0.8210521340370178
	0.8210923671722412
	0.8211374878883362
	0.8211626410484314
	0.8212056756019592
	0.821244478225708
	0.8212772011756897
	0.8213121891021729
	0.8213542103767395
	0.8213863968849182
	0.8214277625083923
	0.821454644203186
	0.8214964270591736
	0.8215306401252747
	0.8215649724006653
	0.8215987086296082
	0.8216306567192078
	0.8216637969017029
	0.8217086791992188
	0.8217396140098572
	0.8217689990997314
	0.8218039870262146
	0.8218291401863098
	0.8218644857406616
	0.8218982815742493
	0.821931004524231
	0.8219585418701172
	0.8219931721687317
	0.8220186829566956
	0.8220570087432861
	0.822088360786438
	0.8221150636672974
	0.8221517205238342
	0.8221891522407532
	0.8222154378890991
	0.8222479820251465
	0.8222842812538147
	0.8223201632499695
	0.8223519325256348
	0.8223909735679626
	0.8224139213562012
	0.8224503993988037
	0.8224836587905884
	0.8225216865539551
	0.8225522637367249
	0.8225879669189453
	0.8226216435432434
	0.8226552605628967
	0.8226839303970337
	0.8227108716964722
	0.8227365016937256
	0.8227705359458923
	0.8228036165237427
	0.8228331208229065
	0.8228581547737122
	0.8229066133499146
	0.8229444622993469
	0.8229716420173645
	0.823013186454773
	0.8230454325675964
	0.8230669498443604
	0.8231018781661987
	0.8231276273727417
	0.8231512308120728
	0.8231897354125977
	0.823220431804657
	0.8232640624046326
	0.8233007192611694
	0.8233351707458496
	0.8233717679977417
	0.8234241008758545
	0.8234507441520691
	0.8234822750091553
	0.8235100507736206
	0.8235429525375366
	0.8235802054405212
	0.8236193656921387
	0.8236424922943115
	0.8236807584762573
	0.8237137198448181
	0.8237550854682922
	0.8237805962562561
	0.8238123059272766
	0.8238521814346313
	0.823875904083252
	0.8239032626152039
	0.8239311575889587
	0.8239526748657227
	0.8239802122116089
	0.8240112662315369
	0.8240445256233215
	0.8240811824798584
	0.8241101503372192
	0.8241400122642517
	0.8241757154464722
	0.8242018818855286
	0.8242371082305908
	0.8242559432983398
	0.8242912292480469
	0.8243321180343628
	0.8243626356124878
	0.8243983387947083
	0.8244323134422302
	0.8244549036026001
	0.8244732618331909
	0.8245159983634949
	0.8245576024055481
	0.8245853781700134
	0.8246214389801025
	0.8246524930000305
	0.8246811628341675
	0.8247091770172119
	0.8247345089912415
	0.8247708678245544
	0.8248031735420227
	0.824832022190094
	0.824873149394989
	0.8248932361602783
	0.8249294757843018
	0.824958860874176
	0.8249878883361816
	0.8250130414962769
	0.8250300884246826
	0.8250685334205627
	0.8251037001609802
	0.8251274228096008
	0.8251596093177795
	0.8251952528953552
	0.8252460956573486
	0.8252690434455872
	0.8252984285354614
	0.8253251314163208
	0.8253645300865173
	0.8254088163375854
	0.8254358768463135
	0.8254607915878296
	0.825491726398468
	0.8255234956741333
	0.8255527019500732
	0.8255908489227295
	0.8256145119667053
	0.8256450891494751
	0.8256720900535583
	0.8256992101669312
	0.825731098651886
	0.8257560133934021
	0.8257787823677063
	0.8257946372032166
	0.8258172273635864
	0.8258451819419861
	0.8258625268936157
	0.8258939981460571
	0.8259159922599792
	0.8259439468383789
	0.82596355676651
	0.8259840607643127
	0.8260070085525513
	0.8260443210601807
	0.8260748982429504
	0.8260996341705322
	0.8261187076568604
	0.8261452913284302
	0.8261762261390686
	0.8262022733688354
	0.8262283205986023
	0.8262490630149841
	0.8262767791748047
	0.8263011574745178
	0.8263227939605713
	0.8263516426086426
	0.8263939023017883
	0.8264226913452148
	0.8264500498771667
	0.8264807462692261
	0.8265072107315063
	0.8265364170074463
	0.8265684843063354
	0.8265941739082336
	0.8266029953956604
	0.8266264796257019
	0.8266558051109314
	0.8266807794570923
	0.8267109990119934
	0.8267417550086975
	0.8267732262611389
	0.8267999887466431
	0.826824963092804
	0.8268515467643738
	0.8268759846687317
	0.8268949389457703
	0.8269216418266296
	0.8269581198692322
	0.8269904851913452
	0.8270155191421509
	0.8270472884178162
	0.8270801305770874
	0.8271142244338989
	0.8271347284317017
	0.8271611928939819
	0.8271963000297546
	0.8272166848182678
	0.8272387385368347
	0.8272702693939209
	0.8273000717163086
	0.8273379802703857
	0.8273550271987915
	0.8273845911026001
	0.8274158835411072
	0.827442467212677
	0.8274646997451782
	0.8274824619293213
	0.8275153040885925
	0.8275384306907654
	0.8275608420372009
	0.8275860548019409
	0.8276113867759705
	0.8276357650756836
	0.8276516199111938
	0.8276774287223816
	0.8277008533477783
	0.8277298808097839
	0.8277637362480164
	0.8278018236160278
	0.8278325200080872
	0.8278568983078003
	0.8278748989105225
	0.8278987407684326
	0.82793128490448
	0.8279513120651245
	0.8279701471328735
	0.82799232006073
	0.828008770942688
	0.828027606010437
	0.8280505537986755
	0.8280770778656006
	0.82809978723526
	0.8281352519989014
	0.8281605839729309
	0.8281762003898621
	0.8282105326652527
	0.8282219767570496
	0.8282405138015747
	0.828264057636261
	0.8282873034477234
	0.8283078670501709
	0.8283419013023376
	0.8283547759056091
	0.8283812999725342
	0.8284106254577637
	0.8284293413162231
	0.8284611701965332
	0.8284905552864075
	0.8285190463066101
	0.8285427093505859
	0.8285674452781677
	0.828590452671051
	0.8286177515983582
	0.8286375999450684
	0.8286684155464172
	0.8286982774734497
	0.8287219405174255
	0.8287500143051147
	0.8287757039070129
	0.8287994265556335
	0.8288185000419617
	0.8288336396217346
	0.828862726688385
	0.8288887143135071
	0.8289152383804321
	0.8289386630058289
	0.8289632797241211
	0.8290004730224609
	0.8290176391601562
	0.8290409445762634
	0.8290586471557617
	0.8290807604789734
	0.8290964365005493
	0.8291143774986267
	0.829138457775116
	0.829171895980835
	0.8291991353034973
	0.8292421698570251
	0.8292708396911621
	0.8292965888977051
	0.829312264919281
	0.8293367028236389
	0.8293686509132385
	0.8293842077255249
	0.8294070959091187
	0.8294315934181213
	0.8294519186019897
	0.8294770121574402
	0.8295036554336548
	0.8295257091522217
	0.8295544981956482
	0.8295783400535583
	0.829608142375946
	0.829635739326477
	0.8296612501144409
	0.8296754360198975
	0.8296975493431091
	0.8297163248062134
	0.8297498226165771
	0.8297703862190247
	0.8298017978668213
	0.8298152685165405
	0.8298386335372925
	0.8298589587211609
	0.8298885822296143
	0.8299083709716797
	0.8299258351325989
	0.8299486041069031
	0.8299687504768372
	0.8299939632415771
	0.830033004283905
	0.8300648331642151
	0.830093264579773
	0.8301132917404175
	0.8301327228546143
	0.8301518559455872
	0.8301793932914734
	0.8302094340324402
	0.8302273154258728
	0.8302428722381592
	0.8302695155143738
	0.8302931785583496
	0.8303098678588867
	0.8303301334381104
	0.8303536176681519
	0.8303707242012024
	0.8303928375244141
	0.8304058313369751
	0.8304204344749451
	0.8304464817047119
	0.8304697871208191
	0.8304814100265503
	0.8305026888847351
	0.8305273652076721
	0.8305420875549316
	0.8305590152740479
	0.8305783867835999
	0.8305943012237549
	0.8306083083152771
	0.8306333422660828
	0.8306679129600525
	0.8306924700737
	0.8307092785835266
	0.8307237029075623
	0.8307481408119202
	0.830774188041687
	0.8307917714118958
	0.8308150768280029
	0.8308472633361816
	0.8308659195899963
	0.8308756351470947
	0.8308974504470825
	0.830923318862915
	0.830947756767273
	0.8309656977653503
	0.8309962153434753
	0.83101886510849
	0.8310465216636658
	0.8310645818710327
	0.8310927152633667
	0.8311142921447754
	0.8311267495155334
	0.8311375975608826
	0.8311485052108765
	0.8311666250228882
	0.8311912417411804
	0.8312077522277832
	0.8312196135520935
	0.8312429189682007
	0.831271767616272
	0.8312996625900269
	0.8313260674476624
	0.8313393592834473
	0.8313518166542053
	0.8313682675361633
	0.8313956260681152
	0.8314101099967957
	0.8314244747161865
	0.8314480185508728
	0.8314642310142517
	0.8314908742904663
	0.831520140171051
	0.8315340280532837
	0.8315616846084595
	0.8315857648849487
	0.831600546836853
	0.8316160440444946
	0.8316304683685303
	0.831638514995575
	0.8316604495048523
	0.8316757678985596
	0.8316898345947266
	0.83170485496521
	0.8317267298698425
	0.83175128698349
	0.8317726850509644
	0.8317928314208984
	0.8318192958831787
	0.8318454623222351
	0.8318551778793335
	0.831872284412384
	0.8318973183631897
	0.8319194316864014
	0.8319417834281921
	0.8319588303565979
	0.8319758176803589
	0.8320039510726929
	0.8320316076278687
	0.8320446014404297
	0.8320695161819458
	0.8320832252502441
	0.83210289478302
	0.8321215510368347
	0.8321419358253479
	0.8321623802185059
	0.8321770429611206
	0.832197904586792
	0.8322116136550903
	0.8322364091873169
	0.8322525024414062
	0.8322696685791016
	0.832294225692749
	0.8323183655738831
	0.8323338627815247
	0.8323543667793274
	0.8323708176612854
	0.832385241985321
	0.8323923349380493
	0.8324075937271118
	0.8324266672134399
	0.8324538469314575
	0.832477331161499
	0.8324958086013794
	0.8325222730636597
	0.8325361609458923
	0.8325589299201965
	0.8325750231742859
	0.8325842618942261
	0.8326006531715393
	0.8326075673103333
	0.8326302766799927
	0.832643985748291
	0.8326676487922668
	0.832686185836792
	0.8327006101608276
	0.8327265381813049
	0.8327453136444092
	0.8327679634094238
	0.8327724933624268
	0.8327955007553101
	0.8328053951263428
	0.8328283429145813
	0.8328363299369812
	0.8328608870506287
	0.8328874111175537
	0.8329012989997864
	0.8329160213470459
	0.832921028137207
	0.8329317569732666
	0.8329526782035828
	0.8329746127128601
	0.8329891562461853
	0.8330051302909851
	0.8330304622650146
	0.8330562710762024
	0.8330849409103394
	0.8330939412117004
	0.8331141471862793
	0.8331254124641418
	0.8331516981124878
	0.8331629037857056
	0.833174467086792
	0.8331872224807739
	0.8331965804100037
	0.8332193493843079
	0.8332328200340271
	0.8332482576370239
	0.8332630395889282
	0.8332918882369995
	0.8333073854446411
	0.8333196043968201
	0.8333269357681274
	0.8333462476730347
	0.8333653211593628
	0.8333719372749329
	0.8333946466445923
	0.8334007263183594
	0.833412766456604
	0.8334426283836365
	0.833466112613678
	0.8334832191467285
	0.8334830403327942
	0.8334947824478149
	0.8335223197937012
	0.8335374593734741
	0.8335601687431335
	0.8335689306259155
	0.8335840702056885
	0.8335962891578674
	0.8336088061332703
	0.833628237247467
	0.8336387872695923
	0.8336528539657593
	0.8336775898933411
	0.8336791396141052
	0.8337014317512512
	0.8337095975875854
	0.8337306976318359
	0.8337563872337341
	0.8337574005126953
	0.8337665796279907
	0.8337819576263428
	0.8337991833686829
	0.8338213562965393
	0.8338316679000854
	0.8338398337364197
	0.8338512778282166
	0.8338629007339478
	0.8338786363601685
	0.8338868618011475
	0.833899736404419
	0.833916187286377
	0.8339388966560364
	0.833953320980072
	0.8339638710021973
	0.8339827656745911
	0.8339929580688477
	0.8340146541595459
	0.8340275287628174
	0.8340471982955933
	0.8340636491775513
	0.8340732455253601
	0.8340895175933838
	0.8341163396835327
	0.8341389298439026
	0.8341543674468994
	0.8341656923294067
	0.8341560959815979
	0.8341758847236633
	0.8341909050941467
	0.8342054486274719
	0.8342185616493225
	0.8342382311820984
	0.8342444896697998
	0.8342628479003906
	0.8342768549919128
	0.8342968225479126
	0.8343088030815125
	0.8343203663825989
	0.8343299627304077
	0.834345817565918
	0.8343713283538818
	0.8343755602836609
	0.8343877792358398
	0.8344011902809143
	0.834424614906311
	0.8344334959983826
	0.8344554901123047
	0.8344651460647583
	0.8344705104827881
	0.8344926238059998
	0.834505558013916
	0.8345184326171875
	0.8345299959182739
	0.8345496654510498
	0.8345654010772705
	0.83457350730896
	0.8345913887023926
	0.834608793258667
	0.8346204161643982
	0.8346245884895325
	0.8346394896507263
	0.8346635699272156
	0.8346705436706543
	0.8346793055534363
	0.8346909284591675
	0.8347039222717285
	0.8347258567810059
	0.8347389698028564
	0.8347427248954773
	0.8347500562667847
	0.8347599506378174
	0.8347808122634888
	0.8347995281219482
	0.834819495677948
	0.8348479270935059
	0.8348506689071655
	0.8348671793937683
	0.8348674178123474
	0.834886908531189
	0.8349015712738037
	0.8349143266677856
	0.8349179029464722
	0.8349270820617676
	0.8349294662475586
	0.8349508047103882
	0.8349564671516418
	0.8349769115447998
	0.8349916338920593
	0.8350052833557129
	0.8350188136100769
	0.8350451588630676
	0.8350633978843689
	0.8350741863250732
	0.8350955247879028
	0.8351022601127625
	0.8351076245307922
	0.8351251482963562
	0.8351339101791382
	0.835143506526947
	0.8351656198501587
	0.8351778388023376
	0.8351850509643555
	0.8351936340332031
	0.8352058529853821
	0.8352205753326416
	0.8352349996566772
	0.8352482914924622
	0.8352629542350769
	0.835267186164856
	0.8352923393249512
	0.8353066444396973
	0.8353160619735718
	0.8353256583213806
	0.8353338241577148
	0.835350751876831
	0.835355281829834
	0.8353700637817383
	0.8353868722915649
	0.8353948593139648
	0.8354091048240662
	0.8354114890098572
	0.8354201912879944
	0.8354296088218689
	0.8354388475418091
	0.8354570865631104
	0.8354719877243042
	0.835486888885498
	0.8355026245117188
	0.8355082273483276
	0.8355072736740112
	0.8355189561843872
	0.8355323672294617
	0.8355445861816406
	0.8355518579483032
	0.8355690836906433
	0.8355771899223328
	0.8355947136878967
	0.8355973362922668
	0.8356054425239563
	0.8356186151504517
	0.8356369733810425
	0.8356525897979736
	0.8356577754020691
	0.8356717228889465
	0.8356847763061523
	0.8357079029083252
	0.8357240557670593
	0.8357312679290771
	0.8357473611831665
	0.8357627987861633
	0.8357713222503662
	0.8357824087142944
	0.8357876539230347
	0.8357986807823181
	0.8358035087585449
	0.8358200192451477
	0.8358262777328491
	0.8358396291732788
	0.8358585238456726
	0.8358680605888367
	0.835880696773529
	0.8358771800994873
	0.8358930349349976
	0.8359057903289795
	0.8359180092811584
	0.8359318375587463
	0.8359383940696716
	0.8359544277191162
	0.8359601497650146
	0.835976779460907
	0.8359894156455994
	0.8360030651092529
	0.8360039591789246
	0.8360140323638916
	0.8360164165496826
	0.8360282778739929
	0.8360437750816345
	0.8360469341278076
	0.8360487222671509
	0.8360636234283447
	0.8360739350318909
	0.8360853791236877
	0.8360934853553772
	0.8361002206802368
	0.8361079692840576
	0.8361213207244873
	0.8361236453056335
	0.8361386656761169
	0.8361484408378601
	0.8361557126045227
	0.8361678719520569
	0.836172342300415
	0.8361802697181702
	0.8361896872520447
	0.8362051844596863
	0.8362322449684143
	0.83623868227005
	0.8362472057342529
	0.8362656831741333
	0.8362662196159363
	0.8362739086151123
	0.8362867832183838
	0.8362951278686523
	0.8363060355186462
	0.8363019824028015
	0.8363080620765686
	0.8363204002380371
	0.8363401889801025
	0.8363561630249023
	0.8363561630249023
	0.8363757133483887
	0.8363715410232544
	0.8363922238349915
	0.8364107012748718
	0.8364234566688538
	0.8364362120628357
	0.8364498615264893
	0.8364648818969727
	0.8364821076393127
	0.8364874124526978
	0.8364931344985962
	0.8365039229393005
	0.83652263879776
	0.8365210890769958
	0.836532711982727
	0.8365371823310852
	0.8365518450737
	0.8365512490272522
	0.8365520238876343
	0.8365578651428223
	0.8365642428398132
	0.8365756273269653
	0.8365811705589294
	0.8365956544876099
	0.8366026282310486
	0.8366221189498901
	0.8366363048553467
	0.8366435170173645
	0.8366515636444092
	0.8366692662239075
	0.8366745710372925
	0.8366862535476685
	0.8366923332214355
	0.8367043733596802
	0.8367063999176025
	0.8367228507995605
	0.836741030216217
	0.836752712726593
	0.8367684483528137
	0.8367745280265808
	0.8367809653282166
	0.8367968201637268
	0.8368127346038818
	0.8368192911148071
	0.8368258476257324
	0.8368384838104248
	0.836850106716156
	0.8368650674819946
	0.8368767499923706
	0.8368695378303528
	0.8368763327598572
	0.8368883728981018
	0.8369095325469971
	0.8369205594062805
	0.8369307518005371
	0.8369429707527161
	0.8369466662406921
	0.8369606733322144
	0.8369760513305664
	0.8369849324226379
	0.8369923233985901
	0.8370029330253601
	0.8370132446289062
	0.8370285630226135
	0.8370286226272583
	0.8370334506034851
	0.837031900882721
	0.8370485305786133
	0.8370528221130371
	0.8370682001113892
	0.8370803594589233
	0.8370815515518188
	0.8371029496192932
	0.8371075391769409
	0.8371282815933228
	0.8371340036392212
	0.837139904499054
	0.8371530175209045
	0.8371602892875671
	0.837166965007782
	0.8371802568435669
	0.8371937274932861
	0.8372083306312561
	0.8372233510017395
	0.8372266292572021
	0.8372364640235901
	0.8372459411621094
	0.837246298789978
	0.8372567892074585
	0.8372645378112793
	0.8372757434844971
	0.8372874855995178
	0.8372929096221924
	0.8373098969459534
	0.8373222351074219
	0.8373273015022278
	0.8373285531997681
	0.8373289704322815
	0.8373417258262634
	0.8373523950576782
	0.837364673614502
	0.8373812437057495
	0.8373851776123047
	0.8374071717262268
	0.8374238610267639
	0.8374422788619995
	0.8374569416046143
	0.8374649286270142
	0.8374742865562439
	0.8374704718589783
	0.8374800682067871
	0.8374907374382019
	0.8375086784362793
	0.8375012874603271
	0.8375078439712524
	0.8375179767608643
	0.8375265002250671
	0.8375415802001953
	0.8375536799430847
	0.8375541567802429
	0.8375625014305115
	0.8375678658485413
	0.8375657200813293
	0.8375750780105591
	0.8375837802886963
	0.8375881910324097
	0.8375928997993469
	0.8376015424728394
	0.8376078605651855
	0.8376241326332092
	0.8376366496086121
	0.8376514911651611
	0.8376631140708923
	0.8376709222793579
	0.8376755118370056
	0.8376784920692444
	0.8376762866973877
	0.8376851677894592
	0.8376947045326233
	0.8377060890197754
	0.8377219438552856
	0.8377195596694946
	0.837730884552002
	0.8377450704574585
	0.8377546668052673
	0.8377640843391418
	0.8377699851989746
	0.8377918004989624
	0.8377949595451355
	0.8378075957298279
	0.8378244042396545
	0.8378313779830933
	0.837832510471344
	0.83784419298172
	0.8378543853759766
	0.8378642201423645
	0.837867259979248
	0.8378649353981018
	0.8378769159317017
	0.8378865122795105
	0.8379044532775879
	0.8379150629043579
	0.8379183411598206
	0.8379260897636414
	0.8379336595535278
	0.8379435539245605
	0.8379567861557007
	0.8379688262939453
	0.8379802703857422
	0.8379870057106018
	0.8379936218261719
	0.8380062580108643
	0.8380135893821716
	0.8380233645439148
	0.8380339741706848
	0.8380402326583862
	0.8380519151687622
	0.8380542993545532
	0.8380565047264099
	0.838050365447998
	0.8380694389343262
	0.8380703330039978
	0.838072657585144
	0.8380751609802246
	0.8380861282348633
	0.8381003737449646
	0.8381138443946838
	0.8381206393241882
	0.8381363749504089
	0.8381378650665283
	0.8381556868553162
	0.8381606340408325
	0.8381635546684265
	0.8381742835044861
	0.8381845355033875
	0.8381994366645813
	0.8381966948509216
	0.8381971120834351
	0.8381916880607605
	0.8381956219673157
	0.8382008075714111
	0.8382115364074707
	0.838209331035614
	0.8382148146629333
	0.8382264971733093
	0.8382370471954346
	0.8382470607757568
	0.8382497429847717
	0.8382573127746582
	0.838261604309082
	0.838272750377655
	0.8382801413536072
	0.8382891416549683
	0.8383013606071472
	0.8383006453514099
	0.8383067846298218
	0.8383205533027649
	0.838331937789917
	0.8383389115333557
	0.8383451700210571
	0.838347852230072
	0.8383480310440063
	0.8383505940437317
	0.8383550047874451
	0.8383668065071106
	0.8383631110191345
	0.8383755683898926
	0.838384211063385
	0.838399350643158
	0.8384081125259399
	0.8384224772453308
	0.838428795337677
	0.8384290337562561
	0.8384402394294739
	0.8384432792663574
	0.8384464979171753
	0.8384621143341064
	0.8384755849838257
	0.8384763598442078
	0.8384877443313599
	0.8384943008422852
	0.8384914398193359
	0.8384960889816284
	0.8385003805160522
	0.8384996652603149
	0.8385140299797058
	0.8385143876075745
	0.8385258913040161
	0.838535487651825
	0.8385451436042786
	0.8385541439056396
	0.8385732769966125
	0.8385822772979736
	0.8385897278785706
	0.8385952711105347
	0.838594377040863
	0.8385922908782959
	0.8385981917381287
	0.8386034369468689
	0.8386052250862122
	0.8386085033416748
	0.838610827922821
	0.8386180400848389
	0.8386268615722656
	0.8386281728744507
	0.8386415243148804
	0.8386476039886475
	0.8386638760566711
	0.8386694192886353
	0.8386622071266174
	0.8386821150779724
	0.8386837840080261
	0.838688313961029
	0.8386973738670349
	0.8387088179588318
	0.8387224674224854
	0.8387224674224854
	0.8387274742126465
	0.8387367725372314
	0.8387362957000732
	0.8387460112571716
	0.8387466669082642
	0.8387718796730042
	0.8387817144393921
	0.8387840986251831
	0.8387885689735413
	0.8388010859489441
	0.8388080596923828
	0.8388171792030334
	0.838829755783081
	0.8388285040855408
	0.8388316035270691
	0.838828980922699
	0.8388425707817078
	0.8388416171073914
	0.8388422727584839
	0.8388478755950928
	0.8388639688491821
	0.8388763070106506
	0.8388944864273071
	0.8388972282409668
	0.8388965725898743
	0.8389031887054443
	0.8389160633087158
	0.8389168977737427
	0.838919460773468
	0.8389286398887634
	0.8389351963996887
	0.8389396667480469
	0.8389399647712708
	0.8389373421669006
	0.8389390110969543
	0.8389449715614319
	0.8389492630958557
	0.8389727473258972
	0.8389867544174194
	0.8389936685562134
	0.8389859795570374
]