[
	0.8620814085006714
	0.8618791103363037
	0.8616730570793152
	0.8614648580551147
	0.8612490892410278
	0.8610237836837769
	0.8608172535896301
	0.8606110215187073
	0.8604034781455994
	0.8601829409599304
	0.8599690794944763
	0.8597639799118042
	0.8595609068870544
	0.8593600392341614
	0.8591556549072266
	0.8589444160461426
	0.8587421774864197
	0.8585427403450012
	0.858324408531189
	0.8581231236457825
	0.8579166531562805
	0.8577158451080322
	0.8575168251991272
	0.8573021292686462
	0.8570936918258667
	0.8568976521492004
	0.8566851615905762
	0.8564769625663757
	0.8562634587287903
	0.8560584783554077
	0.8558534383773804
	0.8556320071220398
	0.8554385304450989
	0.8552454710006714
	0.8550488352775574
	0.85484379529953
	0.8546501994132996
	0.8544573187828064
	0.8542582988739014
	0.8540658354759216
	0.8538771271705627
	0.8536775708198547
	0.8534834384918213
	0.8532865047454834
	0.8531062602996826
	0.8529096245765686
	0.8527198433876038
	0.8525313138961792
	0.8523375391960144
	0.8521398305892944
	0.8519457578659058
	0.8517515659332275
	0.851564347743988
	0.8513745665550232
	0.8511823415756226
	0.8509917259216309
	0.8508025407791138
	0.8506143093109131
	0.8504209518432617
	0.8502214550971985
	0.8500368595123291
	0.8498496413230896
	0.8496663570404053
	0.8494929075241089
	0.8493200540542603
	0.84913170337677
	0.8489468693733215
	0.8487532734870911
	0.8485686182975769
	0.8483664393424988
	0.8482073545455933
	0.8480256795883179
	0.8478488326072693
	0.8476631045341492
	0.8474789261817932
	0.8472996354103088
	0.8471130132675171
	0.8469341993331909
	0.8467627167701721
	0.8465927243232727
	0.8464250564575195
	0.8462530970573425
	0.8460782766342163
	0.8459006547927856
	0.845741331577301
	0.8455747961997986
	0.8454141616821289
	0.8452488780021667
	0.8450804948806763
	0.8449174165725708
	0.8447629809379578
	0.8446013927459717
	0.8444361686706543
	0.8442694544792175
	0.844104528427124
	0.8439432978630066
	0.8437900543212891
	0.8436349630355835
	0.843469500541687
	0.8433017730712891
	0.8431369662284851
	0.8429874777793884
	0.842827558517456
	0.842660129070282
	0.8425061106681824
	0.8423534631729126
	0.8421912789344788
	0.8420367240905762
	0.8418645858764648
	0.8417062759399414
	0.8415526747703552
	0.8414106369018555
	0.8412671089172363
	0.8411174416542053
	0.8409633636474609
	0.8408093452453613
	0.8406698703765869
	0.8405181765556335
	0.8403822779655457
	0.8402411937713623
	0.8400963544845581
	0.8399513363838196
	0.8398133516311646
	0.8396679759025574
	0.8395234942436218
	0.8393697142601013
	0.8392382860183716
	0.83907151222229
	0.8389402031898499
	0.8387891054153442
	0.8386463522911072
	0.8384986519813538
	0.8383481502532959
	0.8382101655006409
	0.8380739688873291
	0.8379270434379578
	0.8377895355224609
	0.837666928768158
	0.8375131487846375
	0.8373691439628601
	0.8372279405593872
	0.8370956778526306
	0.8369680047035217
	0.8368282318115234
	0.836688220500946
	0.8365538120269775
	0.8364133238792419
	0.8362711071968079
	0.8361424803733826
	0.8360109329223633
	0.8358847498893738
	0.8357429504394531
	0.8356127142906189
	0.8354734182357788
	0.8353437185287476
	0.8352103233337402
	0.8350772857666016
	0.8349499702453613
	0.8348217606544495
	0.8346899151802063
	0.8345553874969482
	0.8344274163246155
	0.8342986106872559
	0.8341724276542664
	0.8340534567832947
	0.8339313864707947
	0.8337956666946411
	0.8336816430091858
	0.8335586786270142
	0.8334370255470276
	0.8333145380020142
	0.8331929445266724
	0.8330627679824829
	0.8329448103904724
	0.8328194618225098
	0.8327075242996216
	0.832587480545044
	0.8324657082557678
	0.8323391079902649
	0.8322300314903259
	0.832115650177002
	0.8319845795631409
	0.8318691849708557
	0.831738293170929
	0.8316185474395752
	0.8314934372901917
	0.8313696980476379
	0.8312504291534424
	0.8311270475387573
	0.8310065865516663
	0.8308984041213989
	0.8307937979698181
	0.8306682705879211
	0.8305423855781555
	0.830446183681488
	0.8303321003913879
	0.8302187919616699
	0.8301049470901489
	0.8299983739852905
	0.8298778533935547
	0.8297653198242188
	0.8296515345573425
	0.8295342922210693
	0.829440176486969
	0.8293287754058838
	0.8292165994644165
	0.8291034698486328
	0.8289932608604431
	0.8288887143135071
	0.828772783279419
	0.8286634683609009
	0.828558623790741
	0.8284518122673035
	0.8283467292785645
	0.8282467126846313
	0.8281518816947937
	0.8280531764030457
	0.8279376029968262
	0.8278295397758484
	0.8277307748794556
	0.8276383280754089
	0.8275331258773804
	0.8274229764938354
	0.8273218274116516
	0.8272122740745544
	0.8271093964576721
	0.8270010948181152
	0.8269039392471313
	0.8268062472343445
	0.8267024159431458
	0.826599657535553
	0.8265019655227661
	0.8263974785804749
	0.8262946009635925
	0.8262031674385071
	0.8261098861694336
	0.8260108828544617
	0.8259034156799316
	0.8258054852485657
	0.8257108926773071
	0.8256158232688904
	0.8255143165588379
	0.8254230618476868
	0.8253269195556641
	0.825227677822113
	0.8251287341117859
	0.8250316381454468
	0.8249198198318481
	0.8248242735862732
	0.8247330784797668
	0.8246409296989441
	0.8245472311973572
	0.8244397640228271
	0.824353814125061
	0.8242632746696472
	0.8241861462593079
	0.8240989446640015
	0.8240070939064026
	0.8239200115203857
	0.8238258957862854
	0.8237346410751343
	0.823643147945404
	0.8235456347465515
	0.8234583139419556
	0.8233684301376343
	0.8232771754264832
	0.8231858015060425
	0.8230928182601929
	0.8230078816413879
	0.8229157328605652
	0.8228171467781067
	0.8227376341819763
	0.8226494193077087
	0.8225611448287964
	0.822475016117096
	0.8223771452903748
	0.8222890496253967
	0.822198748588562
	0.822115957736969
	0.822034478187561
	0.8219465017318726
	0.8218560218811035
	0.8217688202857971
	0.8216909766197205
	0.8216156959533691
	0.8215241432189941
	0.8214331865310669
	0.82135009765625
	0.8212745189666748
	0.8211954236030579
	0.8211135268211365
	0.8210251331329346
	0.82094407081604
	0.8208484649658203
	0.820766806602478
	0.8206928968429565
	0.8206116557121277
	0.820536196231842
	0.820442259311676
	0.8203532695770264
	0.8202775716781616
	0.8201959133148193
	0.8201194405555725
	0.8200486302375793
	0.8199629187583923
	0.8198873400688171
	0.8198070526123047
	0.8197302222251892
	0.8196513652801514
	0.8195686936378479
	0.8194869160652161
	0.8194113969802856
	0.8193280100822449
	0.8192464113235474
	0.8191627264022827
	0.8190810084342957
	0.8190021514892578
	0.8189217448234558
	0.8188404440879822
	0.8187592625617981
	0.8186782598495483
	0.8186073303222656
	0.818532407283783
	0.8184556365013123
	0.8183754086494446
	0.818308413028717
	0.8182344436645508
	0.818167507648468
	0.8180909752845764
	0.8180210590362549
	0.8179426789283752
	0.8178608417510986
	0.8177878260612488
	0.8177149891853333
	0.8176384568214417
	0.8175573348999023
	0.8174715638160706
	0.8173904418945312
	0.8173196911811829
	0.8172512650489807
	0.8171815872192383
	0.8171029686927795
	0.8170230388641357
	0.8169463276863098
	0.8168767690658569
	0.8167920708656311
	0.8167110681533813
	0.8166467547416687
	0.8165689706802368
	0.8164925575256348
	0.8164179921150208
	0.8163413405418396
	0.8162644505500793
	0.816188633441925
	0.8161146640777588
	0.8160465955734253
	0.8159754872322083
	0.8159151673316956
	0.8158472180366516
	0.8157771229743958
	0.8157024383544922
	0.8156275153160095
	0.8155660629272461
	0.8154962062835693
	0.8154258131980896
	0.8153571486473083
	0.8152896761894226
	0.8152159452438354
	0.8151470422744751
	0.8150814175605774
	0.8150076270103455
	0.8149393200874329
	0.8148661255836487
	0.8147968649864197
	0.8147258758544922
	0.8146571516990662
	0.8145888447761536
	0.8145278692245483
	0.8144593834877014
	0.8143863081932068
	0.814311683177948
	0.8142422437667847
	0.8141790628433228
	0.8141102194786072
	0.8140455484390259
	0.8139756321907043
	0.8139104843139648
	0.8138489127159119
	0.8137907385826111
	0.8137329816818237
	0.8136532306671143
	0.813584566116333
	0.8135139346122742
	0.8134438991546631
	0.8133753538131714
	0.813309371471405
	0.8132482767105103
	0.8131828308105469
	0.8131247162818909
	0.8130614161491394
	0.8129902482032776
	0.8129335641860962
	0.8128707408905029
	0.8128060698509216
	0.8127411007881165
	0.8126720786094666
	0.8126103281974792
	0.8125463128089905
	0.8124851584434509
	0.8124197125434875
	0.8123614192008972
	0.8122981786727905
	0.8122361302375793
	0.8121733665466309
	0.8121070265769958
	0.8120541572570801
	0.8119915723800659
	0.8119289875030518
	0.8118657469749451
	0.8118060827255249
	0.8117473721504211
	0.811686635017395
	0.8116234540939331
	0.8115580677986145
	0.8114904761314392
	0.811426043510437
	0.8113678693771362
	0.811310350894928
	0.8112475872039795
	0.8111943006515503
	0.8111345767974854
	0.8110708594322205
	0.8110095262527466
	0.8109466433525085
	0.8108808398246765
	0.810833752155304
	0.8107808232307434
	0.8107161521911621
	0.8106567859649658
	0.810593843460083
	0.8105288743972778
	0.8104658722877502
	0.8104013204574585
	0.8103489279747009
	0.810276985168457
	0.8102158904075623
	0.8101499676704407
	0.810088574886322
	0.8100281357765198
	0.8099702596664429
	0.8099169135093689
	0.8098533749580383
	0.8097973465919495
	0.8097385764122009
	0.8096720576286316
	0.8096239566802979
	0.8095661401748657
	0.8095148801803589
	0.8094509840011597
	0.8093906044960022
	0.8093327283859253
	0.8092806339263916
	0.8092296123504639
	0.8091647028923035
	0.8091139793395996
	0.8090543746948242
	0.8089962005615234
	0.8089398145675659
	0.8088820576667786
	0.8088400363922119
	0.8087859153747559
	0.8087286949157715
	0.8086724281311035
	0.8086163997650146
	0.8085613250732422
	0.8085062503814697
	0.8084524869918823
	0.8083930611610413
	0.8083385825157166
	0.8082800507545471
	0.8082207441329956
	0.8081629276275635
	0.8081046342849731
	0.808049201965332
	0.8079965114593506
	0.8079394102096558
	0.8078896999359131
	0.8078305721282959
	0.807774007320404
	0.8077114224433899
	0.8076570630073547
	0.8076013922691345
	0.8075436949729919
	0.8074876666069031
	0.8074347376823425
	0.8073742389678955
	0.8073276281356812
	0.8072733283042908
	0.8072212338447571
	0.8071675896644592
	0.8071139454841614
	0.8070637583732605
	0.8070157766342163
	0.8069583177566528
	0.8069028854370117
	0.806857168674469
	0.8068046569824219
	0.8067460656166077
	0.8066848516464233
	0.8066351413726807
	0.8065851926803589
	0.8065330386161804
	0.8064787983894348
	0.8064318895339966
	0.8063822388648987
	0.8063351511955261
	0.806291401386261
	0.8062348961830139
	0.8061771392822266
	0.8061271905899048
	0.8060792088508606
	0.8060299158096313
	0.8059792518615723
	0.8059231042861938
	0.8058815598487854
	0.8058434724807739
	0.8057911396026611
	0.8057401180267334
	0.8056847453117371
	0.8056327104568481
	0.8055843114852905
	0.8055363893508911
	0.8054792881011963
	0.8054252862930298
	0.8053768873214722
	0.8053315281867981
	0.8052861094474792
	0.8052342534065247
	0.8051925897598267
	0.8051400780677795
	0.8050885200500488
	0.8050388693809509
	0.8049872517585754
	0.8049381971359253
	0.8048864603042603
	0.8048403263092041
	0.8047913908958435
	0.8047459125518799
	0.8047034740447998
	0.8046560883522034
	0.8046040534973145
	0.804552435874939
	0.8045043349266052
	0.8044630289077759
	0.804414689540863
	0.8043683767318726
	0.8043220639228821
	0.8042705655097961
	0.8042268753051758
	0.8041816353797913
	0.8041415214538574
	0.8040951490402222
	0.8040445446968079
	0.8039917349815369
	0.8039419054985046
	0.8038926720619202
	0.8038471341133118
	0.8038045167922974
	0.8037586808204651
	0.8037190437316895
	0.803672730922699
	0.8036267161369324
	0.8035863637924194
	0.8035377264022827
	0.8034966588020325
	0.8034493923187256
	0.8033961057662964
	0.8033533692359924
	0.8033088445663452
	0.8032604455947876
	0.8032242655754089
	0.8031800985336304
	0.8031331300735474
	0.8030916452407837
	0.803049623966217
	0.8030056953430176
	0.8029587268829346
	0.8029133677482605
	0.8028682470321655
	0.8028308153152466
	0.8027878999710083
	0.8027408719062805
	0.802693784236908
	0.8026543855667114
	0.8026021122932434
	0.8025570511817932
	0.8025169372558594
	0.8024731874465942
	0.8024311065673828
	0.8023847341537476
	0.8023447394371033
	0.8022988438606262
	0.8022600412368774
	0.802213728427887
	0.8021697998046875
	0.8021234273910522
	0.8020833134651184
	0.8020434379577637
	0.8020005226135254
	0.8019627928733826
	0.8019151091575623
	0.801877498626709
	0.8018342852592468
	0.801787257194519
	0.8017482757568359
	0.8017116189002991
	0.8016688227653503
	0.8016359806060791
	0.8015971183776855
	0.8015590310096741
	0.8015106320381165
	0.8014618754386902
	0.8014288544654846
	0.8013966679573059
	0.8013655543327332
	0.8013203740119934
	0.8012787699699402
	0.8012341856956482
	0.8011950850486755
	0.8011550903320312
	0.8011196255683899
	0.8010815978050232
	0.8010392189025879
	0.800999641418457
	0.8009597063064575
	0.800921618938446
	0.8008779883384705
	0.8008367419242859
	0.8007948994636536
	0.8007540106773376
	0.8007160425186157
	0.800674319267273
	0.80063796043396
	0.800589919090271
	0.8005443215370178
	0.800499677658081
	0.8004624247550964
	0.8004316091537476
	0.8003924489021301
	0.8003528714179993
	0.8003164529800415
	0.8002850413322449
	0.800249457359314
	0.8002155423164368
	0.8001769185066223
	0.8001403212547302
	0.800103485584259
	0.8000684380531311
	0.8000313639640808
	0.7999945282936096
	0.799955427646637
	0.7999204397201538
	0.7998719811439514
	0.7998327016830444
	0.7997924089431763
	0.7997536659240723
	0.799711287021637
	0.7996788024902344
	0.7996413707733154
	0.7996046543121338
	0.7995694875717163
	0.7995365262031555
	0.799495279788971
	0.7994601130485535
	0.7994283437728882
	0.7993925213813782
	0.7993564009666443
	0.7993189096450806
	0.7992767095565796
	0.7992373108863831
	0.7992047667503357
	0.7991710305213928
	0.799129843711853
	0.7990968823432922
	0.7990685701370239
	0.7990371584892273
	0.799003541469574
	0.798969030380249
	0.7989329099655151
	0.7988947629928589
	0.7988532781600952
	0.7988108396530151
	0.7987856268882751
	0.7987571358680725
	0.7987274527549744
	0.7986961007118225
	0.7986710071563721
	0.7986390590667725
	0.7986047267913818
	0.7985712885856628
	0.7985369563102722
	0.7984974980354309
	0.7984635233879089
	0.7984231114387512
	0.7983834147453308
	0.7983507513999939
	0.7983191609382629
	0.7982832789421082
	0.7982533574104309
	0.7982218861579895
	0.7981931567192078
	0.7981593012809753
	0.7981236577033997
	0.7980828881263733
	0.798052966594696
	0.7980248928070068
	0.7979946136474609
	0.7979590892791748
	0.7979232668876648
	0.7978939414024353
	0.7978630065917969
	0.7978357672691345
	0.7978014945983887
	0.7977678179740906
	0.7977316975593567
	0.7977033853530884
	0.797671377658844
	0.7976406812667847
	0.7976081967353821
	0.7975820899009705
	0.7975507974624634
	0.7975137233734131
	0.797487199306488
	0.797452986240387
	0.7974199056625366
	0.7973915934562683
	0.7973648905754089
	0.7973337769508362
	0.7973032593727112
	0.7972716689109802
	0.7972427010536194
	0.7972103953361511
	0.7971851229667664
	0.7971557974815369
	0.7971230745315552
	0.7970927357673645
	0.7970629334449768
	0.7970301508903503
	0.7970007061958313
	0.7969691157341003
	0.7969393730163574
	0.7969127297401428
	0.7968815565109253
	0.796855628490448
	0.7968236804008484
	0.796799898147583
	0.796774685382843
	0.7967420816421509
	0.7967139482498169
	0.7966845035552979
	0.7966498732566833
	0.7966160178184509
	0.7965928316116333
	0.7965579032897949
	0.7965354919433594
	0.7965083718299866
	0.7964842319488525
	0.7964591383934021
	0.7964300513267517
	0.7963991165161133
	0.7963694930076599
	0.7963460087776184
	0.7963132858276367
	0.7962941527366638
	0.7962646484375
	0.7962401509284973
	0.796207845211029
	0.796178936958313
	0.7961546778678894
	0.7961316108703613
	0.7961058020591736
	0.796076238155365
	0.7960457801818848
	0.7960138320922852
	0.7959848046302795
	0.7959628105163574
	0.7959371209144592
	0.7959161996841431
	0.7958872318267822
	0.7958623170852661
	0.7958384156227112
	0.7958083152770996
	0.7957785129547119
	0.7957537770271301
	0.7957216501235962
	0.7956976294517517
	0.7956663370132446
	0.795639157295227
	0.7956163883209229
	0.7955895066261292
	0.7955604195594788
	0.795531153678894
	0.7954967021942139
	0.7954686284065247
	0.7954463958740234
	0.7954117059707642
	0.7953929305076599
	0.7953596115112305
	0.7953363060951233
	0.7953081727027893
	0.7952735424041748
	0.7952435612678528
	0.7952163219451904
	0.7951950430870056
	0.7951695919036865
	0.7951477766036987
	0.7951189875602722
	0.795099139213562
	0.7950729131698608
	0.7950439453125
	0.7950196862220764
	0.7949944734573364
	0.7949775457382202
	0.7949514389038086
	0.7949281930923462
	0.7949057817459106
	0.7948793172836304
	0.7948510646820068
	0.7948289513587952
	0.7948082089424133
	0.7947829365730286
	0.7947585582733154
	0.7947373986244202
	0.7947168350219727
	0.794692873954773
	0.7946640253067017
	0.7946405410766602
	0.7946153879165649
	0.7945926189422607
	0.7945700287818909
	0.7945468425750732
	0.7945234775543213
	0.7944869995117188
	0.7944719195365906
	0.7944490313529968
	0.7944244146347046
	0.7944032549858093
	0.7943774461746216
	0.7943551540374756
	0.7943307757377625
	0.7943071126937866
	0.7942825555801392
	0.7942585349082947
	0.7942355275154114
	0.7942109704017639
	0.7941854596138
	0.7941656708717346
	0.7941450476646423
	0.7941278219223022
	0.7941039204597473
	0.7940874695777893
	0.7940644025802612
	0.7940419912338257
	0.794026255607605
	0.7940021753311157
	0.7939794063568115
	0.7939609885215759
	0.7939385175704956
	0.7939159274101257
	0.7938914895057678
	0.7938677072525024
	0.7938377857208252
	0.7938069701194763
	0.7937854528427124
	0.7937572002410889
	0.7937332391738892
	0.793718695640564
	0.7936930060386658
	0.7936703562736511
	0.7936473488807678
	0.7936267256736755
	0.7936055064201355
	0.7935838103294373
	0.7935726642608643
	0.7935487627983093
	0.7935243844985962
	0.793504536151886
	0.7934796214103699
	0.7934544086456299
	0.7934331297874451
	0.7934082746505737
	0.7933908700942993
	0.7933757305145264
	0.7933546900749207
	0.7933295369148254
	0.7933059334754944
	0.7932879328727722
	0.7932683229446411
	0.7932477593421936
	0.7932291030883789
	0.7932060360908508
	0.7931848168373108
	0.7931696176528931
	0.7931482195854187
	0.7931169867515564
	0.7930923104286194
	0.7930721044540405
	0.7930501699447632
	0.7930299639701843
	0.7930106520652771
	0.7929950952529907
	0.7929784655570984
	0.7929614186286926
	0.7929399013519287
	0.7929155230522156
	0.7928933501243591
	0.792873203754425
	0.7928557991981506
	0.7928295731544495
	0.792812168598175
	0.7927943468093872
	0.7927736043930054
	0.7927535772323608
	0.7927243709564209
	0.7927103638648987
	0.792690098285675
	0.792664647102356
	0.7926393151283264
	0.7926194667816162
	0.7926041483879089
	0.792589545249939
	0.79256272315979
	0.7925447225570679
	0.7925205230712891
	0.7925012707710266
	0.7924838662147522
	0.7924660444259644
	0.7924431562423706
	0.7924214601516724
	0.7923963665962219
	0.7923877239227295
	0.7923659086227417
	0.7923482060432434
	0.7923280596733093
	0.792310357093811
	0.7922956347465515
	0.7922705411911011
	0.7922462224960327
	0.7922284603118896
	0.7922044992446899
	0.792191743850708
	0.7921639680862427
	0.7921497225761414
	0.792123556137085
	0.7920999526977539
	0.7920767068862915
	0.7920622229576111
	0.7920419573783875
	0.7920212149620056
	0.792003333568573
	0.7919896245002747
	0.7919658422470093
	0.7919427156448364
	0.7919214963912964
	0.7919074296951294
	0.7918882966041565
	0.7918692827224731
	0.7918572425842285
	0.7918420433998108
	0.7918211817741394
	0.7918029427528381
	0.7917807102203369
	0.7917635440826416
	0.7917436957359314
	0.791723906993866
	0.7917106747627258
	0.7916935086250305
	0.7916693687438965
	0.7916523814201355
	0.7916374206542969
	0.7916231751441956
	0.7916074395179749
	0.7915921211242676
	0.7915741205215454
	0.7915591597557068
	0.7915375232696533
	0.7915212512016296
	0.7915148138999939
	0.7915003895759583
	0.7914834022521973
	0.791461169719696
	0.7914422154426575
	0.7914222478866577
	0.7913985848426819
	0.791376531124115
	0.7913588285446167
	0.7913480997085571
	0.7913360595703125
	0.7913289666175842
	0.7913123369216919
	0.7912982702255249
	0.7912768721580505
	0.791253387928009
	0.7912243008613586
	0.7912061214447021
	0.7911890745162964
	0.7911725044250488
	0.791155219078064
	0.7911345362663269
	0.7911179661750793
	0.79110187292099
	0.7910873293876648
	0.7910772562026978
	0.7910606861114502
	0.7910388708114624
	0.7910190224647522
	0.7909999489784241
	0.7909864187240601
	0.7909610867500305
	0.7909470796585083
	0.7909318804740906
	0.7909092307090759
	0.790890097618103
	0.790869414806366
	0.7908567786216736
	0.7908358573913574
	0.7908175587654114
	0.7908031940460205
	0.7907881140708923
	0.7907648682594299
	0.7907467484474182
	0.7907261252403259
	0.7907149791717529
	0.7906990051269531
	0.7906807661056519
	0.7906693816184998
	0.7906449437141418
	0.790619969367981
	0.7906058430671692
	0.7905883193016052
	0.7905652523040771
	0.7905480861663818
	0.7905347347259521
	0.7905144691467285
	0.7904952764511108
	0.7904905676841736
	0.790470540523529
	0.7904452085494995
	0.7904275059700012
	0.7904037237167358
	0.7903832793235779
	0.7903758883476257
	0.7903555035591125
	0.7903477549552917
	0.7903214693069458
	0.7903047800064087
	0.7902840971946716
	0.7902716398239136
	0.7902554273605347
	0.7902413010597229
	0.7902284860610962
	0.7902149558067322
	0.790200412273407
	0.7901872992515564
	0.7901753783226013
	0.7901536822319031
	0.790128767490387
	0.7901118397712708
	0.7900989651679993
	0.7900891900062561
	0.7900713086128235
	0.7900552749633789
	0.7900387644767761
	0.7900260090827942
	0.7900084257125854
	0.7899923920631409
	0.7899724245071411
	0.7899526953697205
	0.789938747882843
	0.7899219393730164
	0.7899027466773987
	0.7898885607719421
	0.7898784279823303
	0.789863646030426
	0.7898489832878113
	0.7898359298706055
	0.7898224592208862
	0.7898057699203491
	0.7897891402244568
	0.7897668480873108
	0.7897618412971497
	0.7897412776947021
	0.7897258400917053
	0.7897136807441711
	0.789697527885437
	0.7896813750267029
	0.7896625399589539
	0.7896543741226196
	0.789634644985199
	0.7896214723587036
	0.789604663848877
	0.7895922660827637
	0.7895781993865967
	0.7895606160163879
	0.789548397064209
	0.7895359992980957
	0.7895241379737854
	0.7895025014877319
	0.7894909977912903
	0.7894792556762695
	0.789465606212616
	0.7894537448883057
	0.7894405722618103
	0.7894167304039001
	0.7894062399864197
	0.7893892526626587
	0.7893688678741455
	0.7893481254577637
	0.7893330454826355
	0.7893167734146118
	0.7892983555793762
	0.7892759442329407
	0.7892642617225647
	0.7892491817474365
	0.789228618144989
	0.7892090082168579
	0.7892001271247864
	0.7891784906387329
	0.7891622185707092
	0.7891420722007751
	0.7891378998756409
	0.7891216278076172
	0.7891028523445129
	0.7890879511833191
	0.7890617251396179
	0.7890477776527405
	0.7890275120735168
	0.7890148162841797
	0.7889999747276306
	0.788979172706604
	0.7889703512191772
	0.7889519333839417
	0.788933515548706
	0.7889230251312256
	0.7889032959938049
	0.7888933420181274
	0.7888810038566589
	0.7888625264167786
	0.7888479232788086
	0.78882896900177
	0.7888113856315613
	0.7888029217720032
	0.7887905836105347
	0.7887752652168274
	0.7887669205665588
	0.7887528538703918
	0.7887353301048279
	0.7887262105941772
	0.7887089252471924
	0.7886967062950134
	0.788682758808136
	0.7886622548103333
	0.7886501550674438
	0.7886340022087097
	0.7886151075363159
	0.7885936498641968
	0.7885783910751343
	0.7885677218437195
	0.7885516881942749
	0.7885379195213318
	0.7885195016860962
	0.7885063290596008
	0.7885026335716248
	0.7884882688522339
	0.7884682416915894
	0.788456380367279
	0.7884433269500732
	0.7884373664855957
	0.7884297370910645
	0.7884156703948975
	0.7883879542350769
	0.7883683443069458
	0.7883503437042236
	0.7883412837982178
	0.788334310054779
	0.788325846195221
	0.7883152365684509
	0.7882936000823975
	0.7882789969444275
	0.7882619500160217
	0.788242518901825
	0.7882128357887268
	0.7881999015808105
	0.7881818413734436
	0.7881655693054199
	0.7881492972373962
	0.7881332039833069
	0.7881254553794861
	0.7881019711494446
	0.7880878448486328
	0.7880825400352478
	0.788065493106842
	0.7880481481552124
	0.7880358099937439
	0.7880216240882874
	0.7880053520202637
	0.7879884243011475
	0.7879785299301147
	0.787960946559906
	0.7879521250724792
	0.7879399657249451
	0.7879288792610168
	0.7879172563552856
	0.7878981232643127
	0.7878788709640503
	0.7878696918487549
	0.7878527641296387
	0.787835955619812
	0.7878219485282898
	0.7878061532974243
	0.7877920866012573
	0.7877740263938904
	0.7877659797668457
	0.787751317024231
	0.7877404689788818
	0.7877232432365417
	0.7877023816108704
	0.7876912951469421
	0.7876748442649841
	0.7876636981964111
	0.7876453995704651
	0.7876334190368652
	0.7876231670379639
	0.7876119613647461
	0.7876018285751343
	0.7875895500183105
	0.78757643699646
	0.7875507473945618
	0.7875385284423828
	0.7875311970710754
	0.7875136137008667
	0.7874987125396729
	0.7874866127967834
	0.7874729037284851
	0.7874540090560913
	0.7874352931976318
	0.7874259948730469
	0.7874152660369873
	0.7874094843864441
	0.7874007821083069
	0.7873880863189697
	0.7873726487159729
	0.7873644232749939
	0.7873569130897522
	0.787348210811615
	0.7873278260231018
	0.7873238921165466
	0.7873126864433289
	0.7872928977012634
	0.7872835993766785
	0.7872660160064697
	0.7872474193572998
	0.787223756313324
	0.787204384803772
	0.7871895432472229
	0.7871774435043335
	0.7871655225753784
	0.7871575951576233
	0.7871434092521667
	0.7871332168579102
	0.7871187329292297
	0.7871047258377075
	0.787092387676239
	0.7870823740959167
	0.7870678305625916
	0.7870596051216125
	0.7870435118675232
	0.7870223522186279
	0.7870159149169922
	0.7870063185691833
	0.7869865298271179
	0.7869728803634644
	0.7869575619697571
	0.786945104598999
	0.7869330644607544
	0.7869127988815308
	0.7869031429290771
	0.7868831753730774
	0.7868734002113342
	0.7868594527244568
	0.7868398427963257
	0.7868223190307617
	0.7868148684501648
	0.7868017554283142
	0.786777913570404
	0.7867639660835266
	0.7867592573165894
	0.7867465615272522
	0.7867264151573181
	0.7867155075073242
	0.7867072224617004
	0.7867021560668945
	0.7866765856742859
	0.7866677045822144
	0.786651074886322
	0.7866313457489014
	0.7866195440292358
	0.7866076231002808
	0.7865931987762451
	0.7865782380104065
	0.7865577340126038
	0.7865469455718994
	0.7865362167358398
	0.7865345478057861
	0.7865228056907654
	0.786518931388855
	0.7865033745765686
	0.7864916324615479
	0.786483108997345
	0.7864688038825989
	0.7864499092102051
	0.7864376306533813
	0.786422073841095
	0.7864046692848206
	0.7863883972167969
	0.7863719463348389
	0.786361575126648
	0.7863422632217407
	0.7863304615020752
	0.7863115668296814
	0.7862920761108398
	0.7862801551818848
	0.786268413066864
	0.786252498626709
	0.7862359881401062
	0.7862301468849182
	0.7862173318862915
	0.7862160205841064
	0.7862053513526917
	0.7861915826797485
	0.7861747145652771
	0.7861583828926086
	0.7861455678939819
	0.7861346006393433
	0.7861211895942688
	0.7861107587814331
	0.7860988974571228
	0.786088764667511
	0.7860788702964783
	0.7860723733901978
	0.786063015460968
	0.7860594987869263
	0.7860429286956787
	0.7860361337661743
	0.7860233783721924
	0.786012589931488
	0.7859933972358704
	0.7859706878662109
	0.7859554886817932
	0.7859399914741516
	0.7859311103820801
	0.785925567150116
	0.7859154343605042
	0.785892128944397
	0.7858766317367554
	0.7858667969703674
	0.7858542799949646
	0.785841166973114
	0.7858282923698425
	0.7858179807662964
	0.7858092784881592
	0.7857974171638489
	0.7857905626296997
	0.7857761979103088
	0.7857674956321716
	0.7857518196105957
	0.785741925239563
	0.7857286930084229
	0.7857151031494141
	0.7857042551040649
	0.7856961488723755
	0.7856902480125427
	0.7856813669204712
	0.7856674194335938
	0.7856586575508118
	0.7856435179710388
	0.7856279611587524
	0.7856206893920898
	0.7856076955795288
	0.7855981588363647
	0.7855963706970215
	0.7855880856513977
	0.7855687737464905
	0.7855609059333801
	0.7855479121208191
	0.7855380177497864
	0.7855344414710999
	0.7855244278907776
	0.7855088114738464
	0.7854925394058228
	0.7854706645011902
	0.7854533791542053
	0.7854381799697876
	0.7854339480400085
	0.7854248881340027
	0.7854205369949341
	0.7854140996932983
	0.7854040265083313
	0.7853876948356628
	0.7853777408599854
	0.7853720784187317
	0.7853588461875916
	0.7853557467460632
	0.7853485345840454
	0.7853409647941589
	0.7853310704231262
	0.7853127717971802
	0.7853028178215027
	0.7852941751480103
	0.7852779030799866
	0.7852668762207031
	0.7852591872215271
	0.7852481603622437
	0.785228431224823
	0.7852227091789246
	0.7852086424827576
	0.7851988673210144
	0.7851830720901489
	0.7851722836494446
	0.7851696610450745
	0.7851599454879761
	0.785154402256012
	0.7851394414901733
	0.785126805305481
	0.7851247787475586
	0.785115122795105
	0.7851112484931946
	0.7851049304008484
	0.7850862145423889
	0.7850809097290039
	0.7850731611251831
	0.7850621342658997
	0.7850483059883118
	0.7850302457809448
	0.7850095629692078
	0.7849928140640259
	0.7849819660186768
	0.7849738001823425
	0.7849606275558472
	0.7849618196487427
	0.7849443554878235
	0.7849430441856384
	0.7849333882331848
	0.7849289774894714
	0.7849127650260925
	0.7849041223526001
	0.7848936915397644
	0.7848840355873108
	0.7848796248435974
	0.7848673462867737
	0.7848557829856873
	0.7848435044288635
	0.7848343253135681
	0.7848183512687683
	0.7848127484321594
	0.7848033905029297
	0.7847991585731506
	0.7847777009010315
	0.7847627401351929
	0.7847521901130676
	0.7847398519515991
	0.784727156162262
	0.7847200036048889
	0.7847141623497009
	0.7846999764442444
	0.7846956849098206
	0.7846906185150146
	0.7846784591674805
	0.7846730947494507
	0.7846676707267761
	0.7846580743789673
	0.7846388220787048
	0.7846249938011169
	0.7846145629882812
	0.7846046090126038
	0.7845842838287354
	0.784569501876831
	0.784552276134491
	0.7845408916473389
	0.7845303416252136
	0.7845279574394226
	0.7845210433006287
	0.7845127582550049
	0.7845083475112915
	0.7845004200935364
	0.7844800353050232
	0.7844719886779785
	0.7844624519348145
	0.7844535708427429
	0.7844394445419312
	0.784425675868988
	0.7844168543815613
	0.7844094038009644
	0.7843922972679138
	0.7843924164772034
	0.7843744158744812
	0.7843655347824097
	0.7843559980392456
	0.7843517661094666
	0.784346342086792
	0.7843382358551025
	0.7843217253684998
	0.7843152284622192
	0.7843011021614075
	0.7842857241630554
	0.784278929233551
	0.7842658758163452
	0.7842652201652527
	0.7842597961425781
	0.7842444777488708
	0.7842346429824829
	0.7842209935188293
	0.7842170596122742
	0.7842051386833191
	0.7842010855674744
	0.7841882705688477
	0.7841762900352478
	0.7841706275939941
	0.7841609120368958
	0.7841486930847168
	0.7841454744338989
	0.784141480922699
	0.7841356992721558
	0.7841204404830933
	0.7841158509254456
	0.7841005921363831
	0.784096360206604
	0.7840859889984131
	0.7840750217437744
	0.7840686440467834
	0.7840487360954285
	0.7840389609336853
	0.7840206623077393
	0.7840176820755005
	0.784013032913208
	0.7840010523796082
	0.7839875817298889
	0.7839754223823547
	0.7839693427085876
	0.7839590907096863
	0.783955991268158
	0.7839555740356445
	0.7839437127113342
	0.7839221954345703
	0.7839140892028809
	0.7839064598083496
	0.7838959097862244
	0.7838919758796692
	0.7838792204856873
	0.7838736772537231
	0.7838684320449829
	0.783867597579956
	0.7838478684425354
	0.7838327288627625
	0.7838186025619507
	0.7838066816329956
	0.7838014364242554
	0.783783495426178
	0.7837692499160767
	0.7837632894515991
	0.7837576866149902
	0.7837456464767456
	0.7837362885475159
	0.7837307453155518
	0.7837227582931519
	0.7837133407592773
	0.7837119102478027
	0.7837030291557312
	0.7836927175521851
	0.7836883664131165
	0.7836775183677673
	0.7836729288101196
	0.7836654186248779
	0.7836629748344421
	0.7836489677429199
	0.7836422920227051
	0.7836355566978455
	0.7836253643035889
	0.7836045026779175
	0.7836003303527832
	0.7835876941680908
	0.7835804224014282
	0.7835732698440552
	0.7835672497749329
	0.7835572361946106
	0.7835532426834106
	0.7835519909858704
	0.7835487127304077
	0.7835327982902527
	0.7835259437561035
	0.783523678779602
	0.7835131287574768
	0.7835068106651306
	0.7834915518760681
	0.7834786772727966
	0.7834680080413818
	0.7834569811820984
	0.783449113368988
	0.783439576625824
	0.7834222316741943
	0.7834091782569885
	0.7834038138389587
	0.7833971381187439
	0.7833861708641052
	0.7833714485168457
	0.7833670973777771
	0.7833570241928101
	0.7833441495895386
	0.7833347320556641
	0.783330500125885
	0.7833195328712463
	0.7833072543144226
	0.7832967638969421
	0.7832872867584229
	0.7832688689231873
	0.7832614779472351
	0.7832502126693726
	0.7832488417625427
	0.783239483833313
	0.7832298278808594
	0.7832208275794983
	0.7832210063934326
	0.7832178473472595
	0.7832005023956299
	0.7831960916519165
	0.7831947207450867
	0.7831768989562988
	0.7831708192825317
	0.7831617593765259
	0.7831621766090393
	0.7831632494926453
	0.7831553220748901
	0.7831428050994873
	0.7831409573554993
	0.783130943775177
	0.7831225395202637
	0.78312087059021
	0.7831162214279175
	0.7831054329872131
	0.7831028699874878
	0.7830964922904968
	0.7830849885940552
	0.7830838561058044
	0.7830784916877747
	0.7830647230148315
	0.7830590605735779
	0.7830548286437988
	0.7830404043197632
	0.7830275893211365
	0.7830176949501038
	0.7829965949058533
	0.7829793691635132
	0.7829710245132446
	0.7829634547233582
	0.7829548716545105
	0.782944917678833
	0.7829343676567078
	0.7829235196113586
	0.7829141616821289
	0.7828989028930664
	0.7828869223594666
	0.782880961894989
	0.7828708291053772
	0.7828700542449951
	0.7828630208969116
	0.78285813331604
	0.782846987247467
	0.7828425765037537
	0.7828302383422852
	0.7828309535980225
	0.7828190326690674
	0.7828083038330078
	0.7827925086021423
	0.7827883362770081
	0.7827898859977722
	0.7827810049057007
	0.782780110836029
	0.7827766537666321
	0.7827726006507874
	0.7827649712562561
	0.7827542424201965
	0.7827466130256653
	0.7827386856079102
	0.7827335596084595
	0.7827255725860596
	0.782725989818573
	0.7827172875404358
	0.7826994061470032
	0.7826833128929138
	0.7826787829399109
	0.782678484916687
	0.782667338848114
	0.7826603055000305
	0.7826575636863708
	0.7826567888259888
	0.7826451659202576
	0.7826369404792786
	0.7826305627822876
	0.782626748085022
	0.782630443572998
	0.7826080322265625
	0.7825960516929626
	0.7825870513916016
	0.7825851440429688
	0.782572865486145
	0.7825667262077332
	0.7825513482093811
	0.7825497984886169
	0.7825448513031006
	0.7825349569320679
	0.7825231552124023
	0.7825133800506592
	0.7825156450271606
	0.7825015187263489
	0.782504677772522
	0.7825011610984802
	0.7824917435646057
	0.7824782729148865
	0.7824629545211792
	0.7824497818946838
	0.782444179058075
	0.7824321985244751
	0.7824209928512573
	0.7824181318283081
	0.7824101448059082
	0.782397449016571
	0.782396137714386
	0.7823853492736816
	0.7823804616928101
	0.7823768258094788
	0.7823813557624817
	0.782369077205658
	0.7823650240898132
	0.7823563814163208
	0.7823533415794373
	0.782342255115509
	0.7823378443717957
	0.7823352813720703
	0.7823349833488464
	0.7823290228843689
	0.7823222279548645
	0.7823147177696228
	0.7823067307472229
	0.7823039889335632
	0.7822980284690857
	0.7822908759117126
	0.782280445098877
	0.7822765707969666
	0.7822790741920471
	0.7822687029838562
	0.782269299030304
	0.7822590470314026
	0.7822495102882385
	0.782244086265564
	0.782237708568573
	0.7822238802909851
	0.7822123169898987
	0.7822072505950928
	0.7822055816650391
	0.7822060585021973
	0.7822033166885376
	0.7822006940841675
	0.782197117805481
	0.7821969389915466
	0.7821933627128601
	0.7821919322013855
	0.7821940779685974
	0.7821919322013855
	0.7821881175041199
	0.7821869850158691
	0.7821812629699707
	0.78218013048172
	0.7821763157844543
	0.7821702361106873
	0.7821713089942932
	0.782168984413147
	0.7821597456932068
	0.7821443676948547
	0.7821359038352966
	0.7821255922317505
	0.7821118831634521
	0.7820996642112732
	0.782097339630127
	0.7820919156074524
	0.7820860743522644
	0.7820873856544495
	0.782088577747345
	0.782084047794342
	0.7820749282836914
	0.7820749878883362
	0.782076358795166
	0.7820798754692078
	0.782082200050354
	0.7820755243301392
	0.7820683121681213
	0.7820608615875244
	0.7820536494255066
	0.7820549607276917
	0.7820509076118469
	0.7820519804954529
	0.7820462584495544
	0.7820497751235962
	0.7820473313331604
	0.7820430397987366
	0.7820386290550232
	0.7820234894752502
	0.7820163369178772
	0.7820147275924683
	0.7820066809654236
	0.782002329826355
	0.7820006012916565
	0.7819993495941162
	0.7819975018501282
	0.7819973826408386
	0.7819958329200745
	0.7819827198982239
	0.7819735407829285
	0.7819731831550598
	0.7819641828536987
	0.7819629311561584
	0.7819496393203735
	0.7819539904594421
	0.7819396257400513
	0.7819280624389648
	0.7819188833236694
	0.7819128632545471
	0.7819048762321472
	0.7819005846977234
	0.7818993926048279
	0.7818920016288757
	0.7818858027458191
	0.7818881869316101
	0.781890869140625
	0.78189617395401
	0.7818918824195862
	0.7818856239318848
	0.7818736433982849
	0.7818771004676819
	0.7818689942359924
	0.7818673253059387
	0.781867265701294
	0.7818652391433716
	0.7818633913993835
	0.7818568348884583
	0.7818475365638733
	0.781836986541748
	0.7818386554718018
	0.7818293571472168
	0.7818228006362915
	0.7818108797073364
	0.7817991375923157
	0.7817895412445068
	0.7817859053611755
	0.7817865610122681
	0.7817838788032532
	0.7817860245704651
	0.7817813754081726
	0.7817862033843994
	0.7817827463150024
	0.7817794680595398
	0.7817739844322205
	0.7817733883857727
	0.7817732691764832
	0.7817745208740234
	0.7817750573158264
	0.7817762494087219
	0.7817763090133667
	0.7817693948745728
	0.7817615270614624
	0.781753420829773
	0.7817466259002686
	0.781743586063385
	0.7817299365997314
	0.7817323207855225
	0.781733512878418
	0.781742513179779
	0.7817421555519104
	0.7817380428314209
	0.7817302942276001
	0.7817302942276001
	0.7817245721817017
	0.7817201018333435
	0.7817184329032898
	0.7817097306251526
	0.7817058563232422
	0.7816987037658691
	0.781703531742096
	0.78170245885849
	0.7817007899284363
	0.7816924452781677
	0.7816869020462036
	0.7816771864891052
	0.7816726565361023
	0.7816733717918396
	0.7816632986068726
	0.7816535234451294
	0.7816575765609741
	0.7816581726074219
	0.7816548347473145
	0.7816543579101562
	0.7816449403762817
	0.7816380858421326
	0.7816385626792908
	0.7816384434700012
	0.7816206216812134
	0.7816194891929626
	0.7816194891929626
	0.7816176414489746
	0.7816140055656433
	0.781607449054718
	0.7816083431243896
	0.7816042304039001
	0.7815983295440674
	0.7816018462181091
	0.7815952897071838
	0.7816053628921509
	0.7815972566604614
	0.7815895676612854
	0.7815889716148376
	0.7815873026847839
	0.7815852761268616
	0.7815750241279602
	0.78156977891922
	0.7815636396408081
	0.7815550565719604
	0.7815496325492859
	0.7815462946891785
	0.7815423011779785
	0.7815426588058472
	0.781538724899292
	0.7815350294113159
	0.7815366983413696
	0.7815283536911011
	0.7815299034118652
	0.7815133333206177
	0.7815042734146118
	0.7815048098564148
	0.7815080881118774
	0.7815086841583252
	0.7815101742744446
	0.7815045118331909
	0.7814974784851074
	0.7814925312995911
	0.7814865112304688
	0.7814796566963196
	0.781473696231842
	0.7814745306968689
	0.7814663052558899
	0.7814671993255615
	0.7814558148384094
	0.7814599275588989
	0.7814580202102661
	0.781453549861908
	0.781458854675293
	0.7814556360244751
	0.7814567685127258
	0.7814583778381348
	0.7814612984657288
	0.78145432472229
	0.7814508080482483
	0.7814440727233887
	0.7814388275146484
	0.7814274430274963
	0.781423807144165
	0.7814302444458008
	0.7814344167709351
	0.781433641910553
	0.7814348936080933
	0.7814348340034485
	0.7814338803291321
	0.781433641910553
	0.7814419269561768
	0.7814404368400574
	0.7814282178878784
	0.7814273834228516
	0.7814229726791382
	0.7814183831214905
	0.7814234495162964
	0.7814268469810486
	0.7814292311668396
	0.7814302444458008
	0.7814235091209412
	0.7814161777496338
	0.7814083695411682
	0.7814125418663025
	0.7814142107963562
	0.78141188621521
	0.7814028859138489
	0.7813920974731445
	0.7813888192176819
]