[
	0.8041368126869202
	0.8041695356369019
	0.8041915893554688
	0.8042177557945251
	0.8042543530464172
	0.8042768239974976
	0.8042926788330078
	0.8043221831321716
	0.804349422454834
	0.8043615221977234
	0.8043895363807678
	0.804419219493866
	0.8044531345367432
	0.804467499256134
	0.80448317527771
	0.8045028448104858
	0.8045181035995483
	0.8045398592948914
	0.8045579791069031
	0.8045847415924072
	0.8046131134033203
	0.8046360015869141
	0.8046441674232483
	0.8046442270278931
	0.8046677708625793
	0.8046947121620178
	0.8047056198120117
	0.804709792137146
	0.8047240376472473
	0.804731011390686
	0.8047577142715454
	0.8047705888748169
	0.8047892451286316
	0.8047987818717957
	0.8048079013824463
	0.8048337697982788
	0.8048513531684875
	0.8048627376556396
	0.8048720955848694
	0.804896891117096
	0.8049254417419434
	0.8049506545066833
	0.8049654960632324
	0.8049940466880798
	0.8050069808959961
	0.8050330877304077
	0.8050494194030762
	0.805073082447052
	0.8050939440727234
	0.8051174283027649
	0.8051259517669678
	0.8051601052284241
	0.8052009344100952
	0.8052229881286621
	0.8052545189857483
	0.8052734732627869
	0.8052699565887451
	0.8052705526351929
	0.8052968978881836
	0.8053165674209595
	0.8053231239318848
	0.8053382039070129
	0.8053557872772217
	0.8053910732269287
	0.8054068684577942
	0.8054112195968628
	0.8054548501968384
	0.8054729700088501
	0.8054911494255066
	0.805511474609375
	0.805525541305542
	0.8055492639541626
	0.8055801391601562
	0.8055944442749023
	0.8056115508079529
	0.8056405186653137
	0.8056460022926331
	0.8056551218032837
	0.8056749105453491
	0.8057064414024353
	0.8057036995887756
	0.8057234883308411
	0.8057397603988647
	0.8057547807693481
	0.8057708144187927
	0.8057934045791626
	0.8058328628540039
	0.8058490753173828
	0.8058652877807617
	0.8058873414993286
	0.8059002757072449
	0.8059210777282715
	0.8059262037277222
	0.8059293031692505
	0.805954098701477
	0.8059644103050232
	0.8059702515602112
	0.8059942722320557
	0.8060096502304077
	0.8060228228569031
	0.806037425994873
	0.8060515522956848
	0.8060681223869324
	0.806074321269989
	0.8061034083366394
	0.8061289191246033
	0.8061370253562927
	0.8061698079109192
	0.8061745166778564
	0.8061859607696533
	0.8062045574188232
	0.8062114715576172
	0.8062260150909424
	0.8062624335289001
	0.8062949180603027
	0.8063122630119324
	0.8063225746154785
	0.8063389658927917
	0.8063609004020691
	0.8063822984695435
	0.8063957691192627
	0.806414783000946
	0.8064290285110474
	0.8064572215080261
	0.8064684867858887
	0.8064752817153931
	0.8064953088760376
	0.806540846824646
	0.8065645098686218
	0.8065796494483948
	0.8065928816795349
	0.8066172003746033
	0.8066425323486328
	0.8066720366477966
	0.8066790103912354
	0.8066926598548889
	0.8067241907119751
	0.8067497611045837
	0.8067782521247864
	0.8068137764930725
	0.8068337440490723
	0.8068586587905884
	0.8068788051605225
	0.806890070438385
	0.806909441947937
	0.8069471716880798
	0.8069607615470886
	0.8069878220558167
	0.8070138692855835
	0.8070383071899414
	0.8070429563522339
	0.8070681095123291
	0.8070894479751587
	0.8071123957633972
	0.8071476817131042
	0.8071595430374146
	0.8071664571762085
	0.8071967959403992
	0.8072101473808289
	0.8072485327720642
	0.8072705268859863
	0.8072928786277771
	0.8073148727416992
	0.8073320388793945
	0.8073733448982239
	0.8074043393135071
	0.8074111342430115
	0.8074362277984619
	0.8074411153793335
	0.8074626326560974
	0.8074809908866882
	0.8075141906738281
	0.807536244392395
	0.8075716495513916
	0.8075882792472839
	0.8076089024543762
	0.8076410889625549
	0.8076634407043457
	0.8076722025871277
	0.8076940774917603
	0.8077105283737183
	0.8077327013015747
	0.8077517747879028
	0.8077641725540161
	0.8077848553657532
	0.8078175783157349
	0.8078423142433167
	0.8078599572181702
	0.8078805208206177
	0.8079123497009277
	0.8079310655593872
	0.807951807975769
	0.8079771995544434
	0.8080053329467773
	0.808032214641571
	0.808060884475708
	0.8080810904502869
	0.8080979585647583
	0.8081122040748596
	0.8081333041191101
	0.808154821395874
	0.808182954788208
	0.8082090020179749
	0.8082287311553955
	0.8082436323165894
	0.8082711696624756
	0.80829918384552
	0.8083241581916809
	0.8083462119102478
	0.808370053768158
	0.8083929419517517
	0.8084138631820679
	0.808437168598175
	0.8084529042243958
	0.8084688186645508
	0.808483362197876
	0.8085097074508667
	0.8085328340530396
	0.8085588216781616
	0.8085879683494568
	0.8086090683937073
	0.8086323142051697
	0.8086589574813843
	0.808691680431366
	0.8087234497070312
	0.808749258518219
	0.8087778091430664
	0.8087999224662781
	0.808803141117096
	0.8088368773460388
	0.8088521957397461
	0.808871865272522
	0.8089078068733215
	0.808940052986145
	0.8089774250984192
	0.8089988231658936
	0.8090200424194336
	0.8090487122535706
	0.8090693354606628
	0.8090952634811401
	0.8091116547584534
	0.8091293573379517
	0.8091559410095215
	0.8091808557510376
	0.8092158436775208
	0.8092377781867981
	0.8092635273933411
	0.8092808723449707
	0.8092990517616272
	0.8093234300613403
	0.8093358278274536
	0.8093606233596802
	0.8093937039375305
	0.809418797492981
	0.8094513416290283
	0.8094725012779236
	0.809500515460968
	0.8095318078994751
	0.8095589280128479
	0.8095819354057312
	0.8096051812171936
	0.8096238970756531
	0.8096423149108887
	0.8096609711647034
	0.8096823692321777
	0.8096886873245239
	0.8097196817398071
	0.809728741645813
	0.8097582459449768
	0.8097765445709229
	0.8097734451293945
	0.8097859025001526
	0.8098025321960449
	0.8098267316818237
	0.8098548650741577
	0.8098717331886292
	0.8099114894866943
	0.809938907623291
	0.8099631667137146
	0.8099825978279114
	0.8100030422210693
	0.8100219964981079
	0.8100476264953613
	0.8100674748420715
	0.8100873827934265
	0.8101040720939636
	0.8101156949996948
	0.810133695602417
	0.810154914855957
	0.8101866245269775
	0.8102178573608398
	0.8102484941482544
	0.8102942109107971
	0.8103166222572327
	0.8103486895561218
	0.8103829026222229
	0.8103959560394287
	0.8104376792907715
	0.8104807138442993
	0.8105078935623169
	0.8105334043502808
	0.810551106929779
	0.8105734586715698
	0.8105916976928711
	0.8106353282928467
	0.8106699585914612
	0.8106886744499207
	0.8107210397720337
	0.8107522130012512
	0.8107737898826599
	0.8108180165290833
	0.8108487725257874
	0.8108783960342407
	0.8109111785888672
	0.8109380602836609
	0.8109645247459412
	0.8109951019287109
	0.8110107183456421
	0.8110360503196716
	0.8110691905021667
	0.8110902309417725
	0.8111111521720886
	0.8111372590065002
	0.8111724257469177
	0.8111926317214966
	0.8112093806266785
	0.8112432360649109
	0.8112695217132568
	0.8112987875938416
	0.8113162517547607
	0.8113577961921692
	0.8113840818405151
	0.811427116394043
	0.8114532828330994
	0.8114866614341736
	0.8115045428276062
	0.8115363717079163
	0.8115878105163574
	0.8116285800933838
	0.8116579651832581
	0.8116865754127502
	0.8117154836654663
	0.8117307424545288
	0.8117563724517822
	0.8117817044258118
	0.8118122220039368
	0.8118407130241394
	0.8118653893470764
	0.8118817210197449
	0.8119049072265625
	0.8119297027587891
	0.8119620084762573
	0.8119975924491882
	0.8120103478431702
	0.8120349049568176
	0.8120728135108948
	0.8121065497398376
	0.8121256828308105
	0.8121395707130432
	0.8121750354766846
	0.8121905326843262
	0.8122193217277527
	0.8122492432594299
	0.8122822046279907
	0.8123078346252441
	0.8123209476470947
	0.8123483061790466
	0.8123727440834045
	0.8123952150344849
	0.8124281167984009
	0.8124535083770752
	0.8125007152557373
	0.8125348687171936
	0.8125658631324768
	0.8126066327095032
	0.8126344680786133
	0.8126657009124756
	0.8126925230026245
	0.8127052187919617
	0.812744677066803
	0.8127764463424683
	0.8128040432929993
	0.8128300905227661
	0.8128641247749329
	0.8128883242607117
	0.8129127621650696
	0.8129450678825378
	0.812980592250824
	0.8130037784576416
	0.8130361437797546
	0.8130467534065247
	0.8130940794944763
	0.8131276369094849
	0.8131581544876099
	0.8131717443466187
	0.8131917715072632
	0.8132268786430359
	0.8132609724998474
	0.813288688659668
	0.8133233189582825
	0.8133587837219238
	0.8133859038352966
	0.8134124279022217
	0.8134528994560242
	0.8134836554527283
	0.8135251998901367
	0.8135400414466858
	0.81355220079422
	0.8135612607002258
	0.8135926127433777
	0.8136177062988281
	0.813657283782959
	0.8137025833129883
	0.8137379884719849
	0.813772976398468
	0.8138012886047363
	0.8138323426246643
	0.8138648271560669
	0.813891589641571
	0.8139206171035767
	0.8139438033103943
	0.8139764666557312
	0.8140074014663696
	0.8140343427658081
	0.8140556216239929
	0.814083456993103
	0.814123809337616
	0.8141623139381409
	0.8141930103302002
	0.8142250180244446
	0.8142518997192383
	0.8142921328544617
	0.8143163323402405
	0.8143610954284668
	0.814403235912323
	0.8144368529319763
	0.8144452571868896
	0.8144939541816711
	0.8145010471343994
	0.8145267963409424
	0.8145442605018616
	0.8145826458930969
	0.8146079182624817
	0.8146432638168335
	0.814678430557251
	0.8147092461585999
	0.8147534132003784
	0.8147821426391602
	0.814793586730957
	0.814832329750061
	0.8148531913757324
	0.8148696422576904
	0.8148979544639587
	0.8149317502975464
	0.8149632811546326
	0.8149946928024292
	0.8150405883789062
	0.8150643706321716
	0.8150905966758728
	0.8151127696037292
	0.8151593208312988
	0.8152011632919312
	0.815239667892456
	0.8152517676353455
	0.8152859807014465
	0.8153055906295776
	0.815329909324646
	0.8153648376464844
	0.8153965473175049
	0.815440833568573
	0.8154780268669128
	0.8155176639556885
	0.815549910068512
	0.8155947327613831
	0.8156253099441528
	0.8156561851501465
	0.8156888484954834
	0.8157204985618591
	0.8157439827919006
	0.815761387348175
	0.8157957792282104
	0.815820038318634
	0.8158530592918396
	0.8158887028694153
	0.8159297704696655
	0.8159435987472534
	0.8159826993942261
	0.8160227537155151
	0.8160470724105835
	0.816103458404541
	0.8161249160766602
	0.8161630630493164
	0.8162016272544861
	0.8162427544593811
	0.8162726163864136
	0.8162921071052551
	0.816315233707428
	0.8163297176361084
	0.8163383603096008
	0.8163602352142334
	0.816382646560669
	0.8164145350456238
	0.8164538145065308
	0.8164976239204407
	0.8165245652198792
	0.8165687918663025
	0.8166070580482483
	0.8166456818580627
	0.8166771531105042
	0.8166792988777161
	0.8167006969451904
	0.8167356252670288
	0.8167553544044495
	0.8167887330055237
	0.8167991042137146
	0.8168416619300842
	0.8168808817863464
	0.8169031143188477
	0.8169246315956116
	0.8169647455215454
	0.8170185685157776
	0.8170678019523621
	0.8171029686927795
	0.8171200752258301
	0.817144513130188
	0.8171684741973877
	0.8171892166137695
	0.8172281384468079
	0.8172532916069031
	0.8172820210456848
	0.817304253578186
	0.8173458576202393
	0.817371666431427
	0.8174172639846802
	0.8174554705619812
	0.817494809627533
	0.8175345063209534
	0.8175920248031616
	0.8176283836364746
	0.8176705837249756
	0.8177201747894287
	0.8177408576011658
	0.8177673816680908
	0.8177922964096069
	0.8178132772445679
	0.8178456425666809
	0.8178939819335938
	0.817929208278656
	0.8179529309272766
	0.8179817795753479
	0.8180178999900818
	0.8180550336837769
	0.8180978298187256
	0.8181308507919312
	0.8181716203689575
	0.8182089328765869
	0.8182371258735657
	0.8182635307312012
	0.8182862997055054
	0.8183276653289795
	0.8183391690254211
	0.8183535933494568
	0.8183779120445251
	0.8184103965759277
	0.818455696105957
	0.8184889554977417
	0.818515419960022
	0.8185487985610962
	0.8185933828353882
	0.8186281323432922
	0.8186505436897278
	0.8186997175216675
	0.8187375664710999
	0.8187792897224426
	0.8188207745552063
	0.8188397884368896
	0.8188776969909668
	0.8189092874526978
	0.8189455270767212
	0.8189746737480164
	0.8190034031867981
	0.8190575242042542
	0.819100022315979
	0.8191254138946533
	0.8191496729850769
	0.8191819787025452
	0.8192161917686462
	0.8192312717437744
	0.819252610206604
	0.8193075656890869
	0.8193376064300537
	0.8193655610084534
	0.8194172382354736
	0.8194558024406433
	0.8194852471351624
	0.8195052146911621
	0.8195357322692871
	0.8195706009864807
	0.8196057081222534
	0.8196297883987427
	0.8196625113487244
	0.8196778297424316
	0.8197087049484253
	0.8197407126426697
	0.8197891116142273
	0.8198018670082092
	0.8198273181915283
	0.8198621273040771
	0.8198833465576172
	0.8199307322502136
	0.8199611306190491
	0.8199917078018188
	0.8200377225875854
	0.8200622797012329
	0.8200926184654236
	0.8201348185539246
	0.8201589584350586
	0.8202034831047058
	0.8202248811721802
	0.8202694654464722
	0.8203084468841553
	0.8203423619270325
	0.8203621506690979
	0.8204137086868286
	0.8204434514045715
	0.8204839825630188
	0.8205245137214661
	0.8205276727676392
	0.8205812573432922
	0.8206236362457275
	0.8206581473350525
	0.8206986784934998
	0.8207373023033142
	0.8207683563232422
	0.820818305015564
	0.8208522796630859
	0.8209018111228943
	0.8209619522094727
	0.8209832906723022
	0.8210194110870361
	0.8210474848747253
	0.8211042284965515
	0.82115238904953
	0.8212029337882996
	0.8212360739707947
	0.8212801218032837
	0.8213140368461609
	0.8213378190994263
	0.821379542350769
	0.8214182257652283
	0.8214479684829712
	0.8214825391769409
	0.8215172290802002
	0.821540355682373
	0.8215713500976562
	0.8216103315353394
	0.8216511607170105
	0.821689248085022
	0.8217363357543945
	0.8217584490776062
	0.821785569190979
	0.8218194842338562
	0.8218542337417603
	0.8218975067138672
	0.8219231367111206
	0.8219427466392517
	0.8219780325889587
	0.8220008015632629
	0.8220391273498535
	0.8220650553703308
	0.8221119046211243
	0.8221445083618164
	0.8221689462661743
	0.822211742401123
	0.822253942489624
	0.8222677707672119
	0.8223153948783875
	0.8223540186882019
	0.8223847150802612
	0.8224260210990906
	0.8224746584892273
	0.8225258588790894
	0.8225817084312439
	0.8226210474967957
	0.8226689100265503
	0.8227091431617737
	0.8227370977401733
	0.8227697610855103
	0.8228257894515991
	0.8228495121002197
	0.8228831887245178
	0.8229173421859741
	0.8229526281356812
	0.8229893445968628
	0.8230464458465576
	0.823071300983429
	0.8230928182601929
	0.8231315612792969
	0.8231808543205261
	0.823204517364502
	0.8232517838478088
	0.8232668042182922
	0.8232954740524292
	0.8233298659324646
	0.8233714699745178
	0.8234191536903381
	0.8234288096427917
	0.8234584927558899
	0.8234841227531433
	0.8235383033752441
	0.8235718607902527
	0.8236141204833984
	0.8236404657363892
	0.8237019777297974
	0.8237244486808777
	0.8237623572349548
	0.8237842917442322
	0.8238091468811035
	0.8238347768783569
	0.8238824605941772
	0.8239353895187378
	0.8239776492118835
	0.8240126371383667
	0.8240290284156799
	0.8240830302238464
	0.8241153955459595
	0.8241251111030579
	0.824181854724884
	0.8242204189300537
	0.8242641091346741
	0.8243108987808228
	0.8243299722671509
	0.8243542313575745
	0.8243914842605591
	0.8244333863258362
	0.824455976486206
	0.8245013952255249
	0.8245314955711365
	0.8245576620101929
	0.8246136903762817
	0.82462078332901
	0.8246645331382751
	0.8247211575508118
	0.8247565627098083
	0.8248016834259033
	0.824837327003479
	0.8248850703239441
	0.8249189257621765
	0.8249499201774597
	0.8250031471252441
	0.8250411152839661
	0.8250848650932312
	0.8251409530639648
	0.8251967430114746
	0.8252527117729187
	0.8252856731414795
	0.8253257870674133
	0.8253487944602966
	0.8254037499427795
	0.8254541754722595
	0.8254914879798889
	0.8255249857902527
	0.8255624175071716
	0.8255923390388489
	0.8256220817565918
	0.825661838054657
	0.8256862163543701
	0.8257191181182861
	0.8257161378860474
	0.8257456421852112
	0.8257731199264526
	0.8258266448974609
	0.8258616328239441
	0.8258818984031677
	0.8259199857711792
	0.825943112373352
	0.8259578347206116
	0.8260005116462708
	0.8260416984558105
	0.8260701894760132
	0.8261168599128723
	0.8261528015136719
	0.8261995315551758
	0.8262441754341125
	0.8262895345687866
	0.8263136148452759
	0.826353132724762
	0.8263760805130005
	0.8264300227165222
	0.8264575004577637
	0.8264985084533691
	0.8265337944030762
	0.8265626430511475
	0.8265905976295471
	0.8266317248344421
	0.8266808390617371
	0.826729953289032
	0.8267641067504883
	0.8267893195152283
	0.8268299698829651
	0.8268733620643616
	0.8269155621528625
	0.8269346356391907
	0.8269823789596558
	0.8270331621170044
	0.8270629644393921
	0.8270851373672485
	0.8271117210388184
	0.8271588683128357
	0.827223002910614
	0.8272421956062317
	0.8273020386695862
	0.8273413181304932
	0.827387809753418
	0.8274397850036621
	0.8274753093719482
	0.8275019526481628
	0.8275490403175354
	0.8275638222694397
	0.8276135325431824
	0.8276469707489014
	0.8276869058609009
	0.8277303576469421
	0.8277665376663208
	0.8278079628944397
	0.8278359174728394
	0.8278705477714539
	0.8278940320014954
	0.8279474377632141
	0.8280028700828552
	0.8280509114265442
	0.8280725479125977
	0.8281038403511047
	0.828143298625946
	0.8281736969947815
	0.8282117247581482
	0.8282670974731445
	0.8283208608627319
	0.8283703923225403
	0.828407883644104
	0.8284394145011902
	0.8284596800804138
	0.8284885287284851
	0.8285312056541443
	0.8285601139068604
	0.8285768032073975
	0.8285916447639465
	0.8286339044570923
	0.8286758065223694
	0.8286851644515991
	0.8287315368652344
	0.8287709355354309
	0.8288285136222839
	0.8288655877113342
	0.8289052248001099
	0.8289424777030945
	0.8289865255355835
	0.8290325999259949
	0.82908034324646
	0.829122006893158
	0.8291716575622559
	0.8292133808135986
	0.8292528390884399
	0.8292945623397827
	0.8293378353118896
	0.829373836517334
	0.829417884349823
	0.829475462436676
	0.8295130729675293
	0.829525351524353
	0.8295770287513733
	0.8295985460281372
	0.8296488523483276
	0.829696774482727
	0.8297328352928162
	0.8297712206840515
	0.8298107981681824
	0.829829216003418
	0.8298462629318237
	0.82988440990448
	0.8299218416213989
	0.8299279808998108
	0.8299511671066284
	0.8299990296363831
	0.8300289511680603
	0.830061674118042
	0.8300890326499939
	0.8301207423210144
	0.8301566243171692
	0.8302013278007507
	0.8302212357521057
	0.8302503228187561
	0.8302901983261108
	0.8302969336509705
	0.8303309679031372
	0.830359697341919
	0.8303714990615845
	0.8304150700569153
	0.830425500869751
	0.8304784893989563
	0.8305218815803528
	0.8305755853652954
	0.8306005001068115
	0.830635130405426
	0.830670177936554
	0.8307003378868103
	0.8307346105575562
	0.8307753801345825
	0.8308258652687073
	0.8308665752410889
	0.830889880657196
	0.8309293389320374
	0.8309484124183655
	0.8309842944145203
	0.8310246467590332
	0.831068217754364
	0.8311265110969543
	0.8311823606491089
	0.8312298059463501
	0.8312748074531555
	0.8313106894493103
	0.8313482403755188
	0.8313848376274109
	0.8314247131347656
	0.8314662575721741
	0.8315137028694153
	0.8315562009811401
	0.8316099047660828
	0.8316481709480286
	0.8316909670829773
	0.8317216038703918
	0.8317583203315735
	0.8318042159080505
	0.8318129181861877
	0.8318510055541992
	0.8318884372711182
	0.8319277167320251
	0.8319613933563232
	0.8320223093032837
	0.8320431709289551
	0.8320780992507935
	0.8321095705032349
	0.8321477770805359
	0.8322153091430664
	0.832254946231842
	0.8322917819023132
	0.8323149681091309
	0.8323282599449158
	0.8323632478713989
	0.8323758244514465
	0.8324148058891296
	0.8324271440505981
	0.8324676156044006
	0.8325084447860718
	0.8325328826904297
	0.8325828909873962
	0.8326264023780823
	0.8326554894447327
	0.8326979875564575
	0.8327353596687317
	0.8327705264091492
	0.8328274488449097
	0.8328471183776855
	0.8328853249549866
	0.8329233527183533
	0.8329641819000244
	0.8329951763153076
	0.833033561706543
	0.8330768942832947
	0.8331114053726196
	0.8331441879272461
	0.8331789374351501
	0.8332390189170837
	0.8332765102386475
	0.8333159685134888
	0.8333672285079956
	0.8333871364593506
	0.8334341049194336
	0.8334817886352539
	0.8335117697715759
	0.833560585975647
	0.8335970640182495
	0.8336171507835388
	0.8336445093154907
	0.8336882591247559
	0.8337013125419617
	0.8337396383285522
	0.833762526512146
	0.8337916731834412
	0.8338333964347839
	0.833876371383667
	0.8339138627052307
	0.8339583277702332
	0.8339985013008118
	0.834051787853241
	0.834084153175354
	0.8341171741485596
	0.8341408967971802
	0.8341729044914246
	0.8342026472091675
	0.8342351913452148
	0.8342661261558533
	0.8343018889427185
	0.8343377113342285
	0.8343653082847595
	0.8343967199325562
	0.8344413042068481
	0.8344701528549194
	0.8345339298248291
	0.8345661759376526
	0.834608793258667
	0.8346375226974487
	0.8346506953239441
	0.8346766829490662
	0.8347156047821045
	0.83476322889328
	0.8347936272621155
	0.8348117470741272
	0.8348168134689331
	0.8348427414894104
	0.834881067276001
	0.8348969221115112
	0.8349452614784241
	0.8349631428718567
	0.834992527961731
	0.8350344896316528
	0.8350650668144226
	0.8350980877876282
	0.8351156711578369
	0.8351697325706482
	0.8352010250091553
	0.8352428078651428
	0.8352822065353394
	0.8353101015090942
	0.835347592830658
	0.8353474736213684
	0.8353629112243652
	0.8354101777076721
	0.8354410529136658
	0.8354909420013428
	0.8355351090431213
	0.8355604410171509
	0.8355831503868103
	0.835616409778595
	0.8356429934501648
	0.8356577754020691
	0.8356921076774597
	0.8357413411140442
	0.8357501029968262
	0.8357975482940674
	0.8358023166656494
	0.8358535170555115
	0.8358883857727051
	0.8359249234199524
	0.8359438180923462
	0.8359851837158203
	0.8360059261322021
	0.836040198802948
	0.8360634446144104
	0.8360989093780518
	0.8361354470252991
	0.8361475467681885
	0.8361898064613342
	0.8362346291542053
	0.8363045454025269
	0.8363441228866577
	0.836368978023529
	0.8363797664642334
	0.836410641670227
	0.8364328145980835
	0.8364819288253784
	0.8365141749382019
	0.8365603685379028
	0.8365960121154785
	0.8366321921348572
	0.8366601467132568
	0.8367049694061279
	0.8367326855659485
	0.8367863893508911
	0.8367910385131836
	0.8368195295333862
	0.8368458151817322
	0.8368815779685974
	0.8369128704071045
	0.8369707465171814
	0.8370159864425659
	0.8370580673217773
	0.8371051549911499
	0.8371453881263733
	0.8371894359588623
	0.8372312784194946
	0.8372689485549927
	0.8373014330863953
	0.8373293280601501
	0.83737713098526
	0.8374215960502625
	0.8374485969543457
	0.837479293346405
	0.8375325202941895
	0.8375867009162903
	0.8375782370567322
	0.8376207947731018
	0.8376538157463074
	0.8376805186271667
	0.8376956582069397
	0.8377277255058289
	0.8377490639686584
	0.8378015756607056
	0.8378388285636902
	0.8378838300704956
	0.8379284739494324
	0.8379566669464111
	0.8379913568496704
	0.8380413055419922
	0.8380701541900635
	0.8381101489067078
	0.8381280899047852
	0.8381384015083313
	0.8381953835487366
	0.8382260203361511
	0.8382547497749329
	0.8382901549339294
	0.838315486907959
	0.8383485078811646
	0.8383666276931763
	0.8384042382240295
	0.8384427428245544
	0.8384819626808167
	0.8385001420974731
	0.8385205268859863
	0.8385617733001709
	0.8385921716690063
	0.8386059999465942
	0.838623046875
	0.8386683464050293
	0.8387171030044556
	0.838747501373291
	0.8388002514839172
	0.8388360142707825
	0.8388621211051941
	0.8388867974281311
	0.8389279842376709
	0.8389382362365723
	0.8389773964881897
	0.8390137553215027
	0.8390478491783142
	0.8390990495681763
	0.8391191959381104
	0.8391434550285339
	0.8391726016998291
	0.8392199873924255
	0.8392615914344788
	0.8392912149429321
	0.8393263816833496
	0.839353621006012
	0.839394211769104
	0.8394517302513123
	0.8394950032234192
	0.8395138382911682
	0.8395733833312988
	0.8395805954933167
	0.8396134376525879
	0.8396382927894592
	0.8396653532981873
	0.8396767973899841
	0.8397035598754883
	0.8397425413131714
	0.8397615551948547
	0.8397843837738037
	0.8398240208625793
	0.8398205041885376
	0.8398634791374207
	0.8399030566215515
	0.8399400115013123
	0.839977502822876
	0.8399938941001892
	0.8400415778160095
	0.8400624990463257
	0.840093195438385
	0.8401104807853699
	0.8401481509208679
	0.8401473760604858
	0.840174674987793
	0.8401960134506226
	0.8402310013771057
	0.8402535319328308
	0.8402801156044006
	0.8402948379516602
	0.8403083682060242
	0.8403339385986328
	0.8403581976890564
	0.8404191136360168
	0.8404697179794312
	0.8404814600944519
	0.840502142906189
	0.8404881954193115
	0.8405264019966125
	0.8405695557594299
	0.8406054377555847
	0.8406126499176025
	0.8406504988670349
	0.8406526446342468
	0.8407143950462341
	0.8407093286514282
	0.8407279253005981
	0.8407418131828308
	0.8407787084579468
	0.8408130407333374
	0.8408552408218384
	0.8409132957458496
	0.84095698595047
	0.8410091996192932
	0.8410483002662659
	0.8410823941230774
	0.8411156535148621
	0.8411271572113037
	0.8411891460418701
	0.841213583946228
	0.8412479162216187
	0.8412793874740601
	0.8413015007972717
	0.8413293361663818
	0.8413447737693787
	0.8413868546485901
	0.8414233922958374
	0.8414508104324341
	0.8414856791496277
	0.841499924659729
	0.8415376543998718
	0.841528058052063
	0.8415457010269165
	0.8415908217430115
	0.8416369557380676
	0.841672420501709
	0.8417064547538757
	0.8417508602142334
	0.8418044447898865
	0.8418479561805725
	0.8418945074081421
	0.8419052362442017
	0.8419392704963684
	0.841968297958374
	0.8420082330703735
	0.8420637249946594
	0.8420924544334412
	0.842119038105011
	0.8421668410301208
	0.8421939015388489
	0.8422585129737854
	0.8423039317131042
	0.842336118221283
	0.8423689603805542
	0.8424302339553833
	0.8424568772315979
	0.8424541354179382
	0.8424823880195618
	0.8424785733222961
	0.8425070643424988
	0.8425247669219971
	0.8425689339637756
	0.8425959348678589
	0.8426480889320374
	0.8426737785339355
	0.8427108526229858
	0.8427338600158691
	0.8427684307098389
	0.8428186178207397
	0.8428390026092529
	0.8428634405136108
	0.8428852558135986
	0.8429335355758667
	0.8429760336875916
	0.8430303931236267
	0.8430660367012024
	0.8430994153022766
	0.8431499600410461
	0.8431758284568787
	0.8432153463363647
	0.8432596921920776
	0.8432914614677429
	0.8432905077934265
	0.8433456420898438
	0.8433655500411987
	0.8434060215950012
	0.8434458374977112
	0.8434910774230957
	0.8435107469558716
	0.8435577154159546
	0.8435848355293274
	0.8436261415481567
	0.8436428904533386
	0.8436930179595947
	0.8437319993972778
	0.8437848091125488
	0.8438248634338379
	0.8438637852668762
	0.8438900709152222
	0.8439096808433533
	0.8439350724220276
	0.8439443707466125
	0.8439798355102539
	0.8439931869506836
	0.8440253138542175
	0.84404456615448
	0.8440492153167725
	0.8440645933151245
	0.8440772891044617
	0.844101071357727
	0.8441541790962219
	0.8442000150680542
	0.8442224860191345
	0.8442612886428833
	0.8442829251289368
	0.844329297542572
	0.8443613648414612
	0.8443779349327087
	0.8444147109985352
	0.8444563746452332
	0.8444807529449463
	0.8445091247558594
	0.8445445895195007
	0.8445732593536377
	0.8445901274681091
	0.8445982933044434
	0.8446283340454102
	0.8446359038352966
	0.8446437120437622
	0.8446705937385559
	0.844717800617218
	0.8447415828704834
	0.8447567820549011
	0.8447985649108887
	0.844838559627533
	0.8448600769042969
	0.8448606729507446
	0.8448475003242493
	0.8448908925056458
	0.8449174761772156
	0.84492427110672
	0.8449646234512329
	0.8449886441230774
	0.8450241684913635
	0.8450597524642944
	0.8450925350189209
	0.8451189994812012
	0.8451430797576904
	0.8451641201972961
	0.8452098369598389
	0.8452282547950745
	0.8452470898628235
	0.8452470898628235
	0.8452807664871216
	0.845298171043396
	0.8453022241592407
	0.8453439474105835
	0.8453561067581177
	0.8454107046127319
	0.8454474210739136
	0.845490038394928
	0.8455075025558472
	0.8455463647842407
	0.8455802798271179
	0.8455999493598938
	0.8456228971481323
	0.8456573486328125
	0.8456999659538269
	0.8457217812538147
	0.8457412719726562
	0.8457801938056946
	0.845806896686554
	0.8458523750305176
	0.8459025025367737
	0.8459439277648926
	0.8459682464599609
	0.8460041284561157
	0.8460546135902405
	0.8460675477981567
	0.8461176753044128
	0.8461557626724243
	0.8461763262748718
	0.8462153077125549
	0.846224308013916
	0.846229076385498
	0.846288800239563
	0.8462944626808167
	0.8462991118431091
	0.8463292717933655
	0.8463574051856995
	0.8463860750198364
	0.8464232683181763
	0.8464503884315491
	0.846477746963501
	0.8465099334716797
	0.8465293049812317
	0.8465366363525391
	0.8465782403945923
	0.8466088771820068
	0.846652626991272
	0.8466779589653015
	0.8467012643814087
	0.8467168211936951
	0.84675133228302
	0.8467838168144226
	0.8467985987663269
	0.8468314409255981
	0.8468636274337769
	0.8468860387802124
	0.8469330072402954
	0.8469603657722473
	0.846969723701477
	0.8469873666763306
	0.8469963669776917
	0.8470507264137268
	0.8470920324325562
	0.8471267223358154
	0.8471413850784302
	0.8471968173980713
	0.8472183346748352
	0.8472439646720886
	0.847277820110321
	0.8472967147827148
	0.8473228216171265
	0.8473508954048157
	0.8473949432373047
	0.8474282622337341
	0.8474456071853638
	0.8474990129470825
	0.8475310802459717
	0.8475813865661621
	0.8475860357284546
	0.8476468920707703
	0.8476638197898865
	0.8476728796958923
	0.8476987481117249
	0.8477268815040588
	0.8477569818496704
	0.8477674126625061
	0.8477935791015625
	0.8478250503540039
	0.8478338122367859
	0.8478456139564514
	0.8478792905807495
	0.8479125499725342
	0.8479335308074951
	0.8479621410369873
	0.8479912877082825
	0.8480173945426941
	0.8480491638183594
	0.8480503559112549
	0.848073422908783
	0.848125696182251
	0.8481459617614746
	0.8481792211532593
	0.8482083082199097
	0.8482435941696167
	0.8482732176780701
	0.8483114242553711
	0.8483225703239441
	0.8483394980430603
	0.8483683466911316
	0.8483888506889343
	0.8484039306640625
	0.8484296798706055
	0.848450779914856
	0.8484797477722168
	0.8485149145126343
	0.8485122323036194
	0.8485274314880371
	0.8485630750656128
	0.8486219644546509
	0.8486525416374207
	0.8486964106559753
	0.8487191796302795
	0.8487386107444763
	0.848746120929718
	0.84874027967453
	0.8487427830696106
	0.8487588763237
	0.8487833142280579
	0.8488178253173828
	0.8488423824310303
	0.8488602042198181
	0.8489101529121399
	0.8489502668380737
	0.8489676117897034
	0.8490277528762817
	0.849041223526001
	0.8490895628929138
	0.8491431474685669
	0.8491826057434082
	0.8492356538772583
	0.8492376804351807
	0.8492801785469055
	0.8492932319641113
	0.8493244051933289
	0.8493520021438599
	0.8493874073028564
	0.8494023680686951
	0.8494376540184021
	0.8494715690612793
	0.8494670987129211
	0.8495004177093506
	0.8495069742202759
	0.8495426177978516
	0.8495718836784363
	0.8495999574661255
	0.8496323823928833
	0.8496659994125366
	0.8496753573417664
	0.8497326970100403
	0.8497709631919861
	0.8498061299324036
	0.8498463034629822
	0.8498429656028748
	0.849886953830719
	0.8499146103858948
	0.8499398827552795
	0.8499689102172852
	0.8499695062637329
	0.849998950958252
	0.8500182032585144
	0.8500606417655945
	0.8500655889511108
	0.8500933647155762
	0.8501079678535461
	0.8501340746879578
	0.8501410484313965
	0.8501782417297363
	0.8502044677734375
	0.850243866443634
	0.8503034114837646
	0.8503215909004211
	0.8503237366676331
	0.8503569960594177
	0.850370466709137
	0.8503760099411011
	0.8504012227058411
	0.8504284024238586
	0.8505012392997742
	0.8505288362503052
	0.8505502343177795
	0.8505810499191284
	0.8506040573120117
	0.8506273627281189
	0.8506580591201782
	0.850691556930542
	0.8507519960403442
	0.8508051037788391
	0.8508500456809998
	0.8508798480033875
	0.8509082198143005
	0.8509321808815002
	0.8509587049484253
	0.8509920239448547
	0.8510023355484009
	0.8510429859161377
	0.8510820865631104
	0.8510988354682922
	0.8511462807655334
	0.8511677384376526
	0.8511784672737122
	0.8512174487113953
	0.851259171962738
	0.8513046503067017
	0.8513317704200745
	0.8513698577880859
	0.8514118790626526
	0.8514350652694702
	0.8514211177825928
	0.8514071106910706
	0.8514357209205627
	0.8514605164527893
	0.8514955639839172
	0.8515047430992126
	0.8515378832817078
	0.8515682816505432
	0.8515639305114746
	0.8516135811805725
	0.8516336679458618
	0.8516574501991272
	0.8517002463340759
	0.8517408967018127
	0.851747989654541
	0.8517887592315674
	0.8518243432044983
	0.8518665432929993
	0.8519020676612854
	0.8518970012664795
	0.8519459366798401
	0.8519867062568665
	0.8520172834396362
	0.8520613312721252
	0.8520774245262146
	0.8520694971084595
	0.8520846366882324
	0.8520832657814026
	0.8521170616149902
	0.8521422147750854
	0.8521908521652222
	0.8522316813468933
	0.8522437810897827
	0.8522462844848633
	0.8522786498069763
	0.8522838354110718
	0.8522799015045166
	0.8522940874099731
	0.8523179292678833
	0.8523387908935547
	0.8523421883583069
	0.8523727059364319
	0.8523696064949036
	0.8523896932601929
	0.8524213433265686
	0.8524760007858276
	0.8524754047393799
	0.8525217175483704
	0.8525459170341492
	0.8525733947753906
	0.8526228070259094
	0.8526169657707214
	0.8526512384414673
	0.8527054190635681
	0.8527489900588989
	0.8527456521987915
	0.8527782559394836
	0.8527795672416687
	0.8528013229370117
	0.8528428673744202
	0.8528461456298828
	0.8528907895088196
	0.8529093265533447
	0.8529562950134277
	0.8529943823814392
	0.8530044555664062
	0.8530222773551941
	0.8530260920524597
	0.8530543446540833
	0.8530619144439697
	0.8530565500259399
	0.8531098961830139
	0.8531190156936646
	0.8531591892242432
	0.8531818985939026
	0.8532001376152039
	0.8532276153564453
	0.8532963395118713
	0.8533071279525757
	0.8533373475074768
	0.8533695340156555
	0.8533953428268433
	0.8534141182899475
	0.8534369468688965
	0.8534818887710571
	0.8535206913948059
	0.8535391688346863
	0.8535489439964294
	0.8535748720169067
	0.8536058664321899
	0.853634774684906
	0.8536568880081177
	0.8536956906318665
	0.8537389636039734
	0.8537701368331909
	0.8537700772285461
	0.853830873966217
	0.8538441061973572
	0.8538529276847839
	0.8538933396339417
	0.8539208173751831
	0.8539576530456543
	0.8539815545082092
	0.8540211319923401
	0.8540681600570679
	0.8541035652160645
	0.8541455864906311
	0.8541871905326843
	0.8541841506958008
	0.8541916608810425
	0.8542389273643494
	0.8542852997779846
	0.8542943000793457
	0.8543128967285156
	0.8543429970741272
	0.854390561580658
	0.8544129729270935
	0.8544570207595825
	0.8545018434524536
	0.8545424938201904
	0.8545622229576111
	0.854572057723999
	0.8546150922775269
	0.854648768901825
	0.8546799421310425
	0.8547027111053467
	0.8546890020370483
	0.8546971082687378
	0.8547439575195312
	0.8547940254211426
	0.8548263311386108
	0.8548741340637207
	0.8549063205718994
	0.8549328446388245
	0.854953408241272
	0.8549825549125671
	0.8550217151641846
	0.8550599217414856
	0.8550820350646973
	0.855118989944458
	0.8551660776138306
	0.8551842570304871
	0.8552159667015076
	0.8552775382995605
	0.8552833199501038
	0.8552916646003723
	0.855315625667572
	0.8553566932678223
	0.8553768396377563
	0.8553866744041443
	0.8554245233535767
	0.8554652333259583
	0.8554654121398926
	0.8555063009262085
	0.8555102944374084
	0.8555058836936951
	0.8555428981781006
	0.8555712699890137
	0.8556150197982788
	0.8556438088417053
	0.855693519115448
	0.8557280898094177
	0.8557549118995667
	0.8557603359222412
	0.8557385206222534
	0.8557891845703125
	0.8558155298233032
	0.8558244705200195
	0.855857789516449
	0.8558864593505859
	0.8559079170227051
	0.8559335470199585
	0.8559703826904297
	0.8559834361076355
	0.8560233116149902
	0.856040358543396
	0.8560811877250671
	0.8560689687728882
	0.8560839891433716
	0.8561072945594788
	0.8561385869979858
	0.8561456799507141
	0.856163501739502
	0.8561882972717285
	0.8562154769897461
	0.8562411069869995
	0.8562859296798706
	0.8563148975372314
	0.8563328981399536
	0.8563694357872009
	0.8564121723175049
	0.8564396500587463
	0.856486976146698
	0.8564954996109009
	0.8565171360969543
	0.8565573692321777
	0.8565897345542908
	0.8566094040870667
	0.8566434383392334
	0.8566946983337402
	0.8567251563072205
	0.8567567467689514
	0.8567941784858704
	0.8568052053451538
	0.8568407893180847
	0.856868326663971
	0.8569154143333435
	0.8569051027297974
	0.8569396138191223
	0.8569347262382507
	0.8569738864898682
	0.8570042848587036
	0.8570383191108704
	0.857092022895813
	0.8571340441703796
	0.8571764230728149
	0.8571615815162659
	0.857178270816803
	0.8571898341178894
	0.8572361469268799
	0.8572854399681091
	0.857326090335846
	0.8573668599128723
	0.8573833107948303
	0.8573802709579468
	0.8573662638664246
	0.85741126537323
	0.8574169278144836
	0.8574371933937073
	0.8574580550193787
	0.8574778437614441
	0.8575204610824585
	0.8575467467308044
	0.8575677871704102
	0.8575899004936218
	0.8576231598854065
	0.8576225638389587
	0.8576638698577881
	0.857697606086731
	0.8577242493629456
	0.8577456474304199
	0.8577715158462524
	0.857808530330658
	0.8578069806098938
	0.8578395247459412
	0.8578904867172241
	0.8579263687133789
	0.8579822778701782
	0.858006477355957
	0.8580227494239807
	0.858050525188446
	0.8580812811851501
	0.858105480670929
	0.8581408262252808
	0.8581736087799072
	0.8581797480583191
	0.8582507967948914
	0.8582698702812195
	0.8582890033721924
	0.8583300113677979
	0.8583430647850037
	0.8583776950836182
	0.8583998680114746
	0.8584433794021606
	0.8584694862365723
	0.8585374355316162
	0.8585841655731201
	0.858612060546875
	0.8586418032646179
	0.8586434721946716
	0.8586161732673645
	0.858619749546051
	0.8586538434028625
	0.8586822152137756
	0.8587254881858826
	0.858777642250061
	0.8588106632232666
	0.8588356375694275
	0.8588696718215942
	0.8588758111000061
	0.8589125275611877
	0.8589145541191101
	0.8589527606964111
	0.858984649181366
	0.8590039610862732
	0.8590468168258667
	0.8590807318687439
	0.8591000437736511
	0.8591375350952148
	0.8591570258140564
	0.8591933846473694
	0.8592372536659241
	0.8592513799667358
	0.8592349886894226
	0.8592516779899597
	0.8592909574508667
	0.8593214750289917
	0.8593466281890869
	0.8593668937683105
	0.8593674302101135
	0.859409749507904
	0.8594668507575989
	0.8595255613327026
	0.8595487475395203
	0.8595790266990662
	0.8595877289772034
	0.8596231937408447
	0.859668493270874
	0.859700083732605
	0.8597122430801392
	0.8597599267959595
	0.8597663640975952
	0.859798014163971
	0.8598114848136902
	0.8598327040672302
	0.8598423004150391
	0.8598644733428955
	0.8598894476890564
	0.8599308729171753
	0.8599389791488647
	0.8599715232849121
	0.8599956631660461
	0.8600254058837891
	0.8600537776947021
	0.8601067066192627
	0.8601034879684448
	0.8601207137107849
	0.8601352572441101
	0.8601704239845276
	0.8601908087730408
	0.8602315187454224
	0.860267162322998
	0.860274612903595
	0.8602902889251709
	0.860314667224884
	0.8603746891021729
	0.8603916168212891
	0.8604484796524048
	0.8604644536972046
	0.8604676723480225
	0.8605131506919861
	0.860526442527771
	0.8605365753173828
	0.8605690002441406
	0.860603928565979
	0.860644519329071
	0.8606985211372375
	0.8607255220413208
	0.8607507944107056
	0.8607810139656067
	0.8608192205429077
	0.8608449101448059
	0.8608559370040894
	0.8609005808830261
	0.8609299063682556
	0.8609326481819153
	0.8609678149223328
	0.8609803915023804
	0.8610055446624756
	0.8610634207725525
	0.861076295375824
	0.8610959649085999
	0.8611065149307251
	0.8611246943473816
	0.8611433506011963
	0.861135721206665
	0.8611607551574707
	0.861183226108551
	0.8612250089645386
	0.8612393140792847
	0.8612635135650635
	0.8612875938415527
	0.861311137676239
	0.8613602519035339
	0.8613731265068054
	0.8613892197608948
	0.8614190220832825
	0.8614633083343506
	0.861487865447998
	0.8615302443504333
	0.8615462183952332
	0.8615750670433044
	0.8615826964378357
	0.8615888953208923
	0.8616286516189575
	0.8616427183151245
	0.8616568446159363
	0.861703634262085
	0.8617346882820129
	0.8617727160453796
	0.8617777824401855
	0.8618087768554688
	0.8618428111076355
	0.8618568181991577
	0.8618456125259399
	0.8618695139884949
	0.8619235157966614
	0.8619515299797058
	0.8619794249534607
	0.8620156645774841
	0.8620558381080627
	0.8620759844779968
	0.862112820148468
	0.8621586561203003
	0.8621701598167419
	0.8622010350227356
	0.8622263073921204
	0.86226487159729
	0.8623223900794983
	0.8623595833778381
	0.8623945116996765
	0.862402617931366
	0.862440288066864
	0.8624603748321533
	0.8624683618545532
	0.8624951839447021
	0.8625202178955078
	0.8625446557998657
	0.8625656366348267
	0.8626081347465515
	0.8626288771629333
	0.8626388311386108
	0.8626744747161865
	0.8627107739448547
	0.8627413511276245
	0.8627254962921143
	0.8627376556396484
	0.8627522587776184
	0.862805187702179
	0.8628231287002563
	0.8628341555595398
	0.8628358840942383
]