[
	0.8548368215560913
	0.8547611236572266
	0.8546226024627686
	0.854517936706543
	0.8543782234191895
	0.8542622923851013
	0.8541082143783569
	0.8539959788322449
	0.8538876175880432
	0.8537766933441162
	0.8536714315414429
	0.8535951972007751
	0.8535107970237732
	0.8534052968025208
	0.8533114194869995
	0.8531966209411621
	0.8531157374382019
	0.8529991507530212
	0.8529108762741089
	0.8528329133987427
	0.8527328968048096
	0.8526391386985779
	0.8525468707084656
	0.8524478673934937
	0.8523656725883484
	0.8522855639457703
	0.85219407081604
	0.8521127104759216
	0.8520441651344299
	0.8519801497459412
	0.8518899083137512
	0.8518229722976685
	0.8517470359802246
	0.8516600728034973
	0.8515874743461609
	0.8515332937240601
	0.8514754176139832
	0.8514085412025452
	0.8513165712356567
	0.8512353897094727
	0.8511496186256409
	0.8510634899139404
	0.8509873747825623
	0.8509056568145752
	0.8508235216140747
	0.8507429361343384
	0.8506946563720703
	0.8506259918212891
	0.8505650758743286
	0.850498616695404
	0.8504111766815186
	0.8503406047821045
	0.8502526879310608
	0.8501927852630615
	0.8501349091529846
	0.8500522375106812
	0.8499799370765686
	0.8499228358268738
	0.8498558402061462
	0.8497999310493469
	0.8497291803359985
	0.8496544361114502
	0.8495858311653137
	0.8495281338691711
	0.8494536280632019
	0.8493951559066772
	0.8493240475654602
	0.8492832183837891
	0.8492100238800049
	0.849155068397522
	0.8490858674049377
	0.8490071892738342
	0.8489266037940979
	0.8488667607307434
	0.8488003611564636
	0.848753035068512
	0.8487061262130737
	0.8486443758010864
	0.8485888838768005
	0.848552942276001
	0.8484805226325989
	0.8484301567077637
	0.8483598828315735
	0.8482950925827026
	0.8482412695884705
	0.8481916785240173
	0.848138153553009
	0.8480849266052246
	0.8480464816093445
	0.8479869961738586
	0.8479202389717102
	0.8478541970252991
	0.8478024005889893
	0.8477362394332886
	0.8476621508598328
	0.8476007580757141
	0.8475459814071655
	0.8474782705307007
	0.8474196791648865
	0.8473621010780334
	0.8472976088523865
	0.8472362756729126
	0.8471759557723999
	0.8471254110336304
	0.8470796942710876
	0.8470309376716614
	0.8469849228858948
	0.8469304442405701
	0.8468743562698364
	0.8468341827392578
	0.8467418551445007
	0.8467103838920593
	0.8466604948043823
	0.8466094136238098
	0.8465467691421509
	0.8464924097061157
	0.8464560508728027
	0.8464126586914062
	0.846365213394165
	0.8463121652603149
	0.8462696075439453
	0.8462129831314087
	0.8461682200431824
	0.8461174964904785
	0.8460819721221924
	0.8460553884506226
	0.8460232019424438
	0.84597247838974
	0.8459495306015015
	0.8459089398384094
	0.8458781838417053
	0.8458297848701477
	0.8457834720611572
	0.8457309603691101
	0.8456785082817078
	0.8456462621688843
	0.8456096053123474
	0.8455729484558105
	0.845532238483429
	0.8454989194869995
	0.8454418182373047
	0.845396101474762
	0.8453753590583801
	0.8453341126441956
	0.8453008532524109
	0.84526127576828
	0.8452160954475403
	0.8451706767082214
	0.8451147079467773
	0.8450844287872314
	0.8450682163238525
	0.8450310826301575
	0.8450000882148743
	0.844954788684845
	0.8449240922927856
	0.8448892831802368
	0.8448612689971924
	0.8448054194450378
	0.8447759747505188
	0.8447405695915222
	0.8447164297103882
	0.8446738123893738
	0.8446228504180908
	0.8445832133293152
	0.8445342779159546
	0.8444982767105103
	0.8444563746452332
	0.844433605670929
	0.8443927764892578
	0.8443567752838135
	0.8443278670310974
	0.8442967534065247
	0.8442465662956238
	0.8442031145095825
	0.8441879153251648
	0.8441421985626221
	0.8441128730773926
	0.8440729975700378
	0.8440408110618591
	0.8440074920654297
	0.8439815640449524
	0.8439439535140991
	0.8438945412635803
	0.8438555598258972
	0.8438178300857544
	0.8437889814376831
	0.8437677621841431
	0.8437483906745911
	0.8437235355377197
	0.8436934947967529
	0.8436684608459473
	0.8436506986618042
	0.843612790107727
	0.8435817956924438
	0.8435455560684204
	0.8435145616531372
	0.8434722423553467
	0.8434435129165649
	0.843406081199646
	0.8433750867843628
	0.8433367013931274
	0.8432946801185608
	0.8432819247245789
	0.8432477116584778
	0.8432082533836365
	0.8431910872459412
	0.8431568145751953
	0.8431549668312073
	0.8431175351142883
	0.8431031703948975
	0.8430818319320679
	0.8430517315864563
	0.8430224061012268
	0.8429926037788391
	0.8429619073867798
	0.8429323434829712
	0.8429045677185059
	0.8428795337677002
	0.842842698097229
	0.8428218364715576
	0.8427905440330505
	0.8427664041519165
	0.842736542224884
	0.842705488204956
	0.8426812887191772
	0.8426387310028076
	0.8426117897033691
	0.8425676822662354
	0.8425458073616028
	0.8425187468528748
	0.8424963355064392
	0.8424785137176514
	0.842451274394989
	0.8424175977706909
	0.8423757553100586
	0.842364490032196
	0.8423407673835754
	0.8423252701759338
	0.8422985076904297
	0.8422696590423584
	0.8422247171401978
	0.8421944975852966
	0.8421866297721863
	0.8421592116355896
	0.8421265482902527
	0.8420993685722351
	0.8420668244361877
	0.8420466780662537
	0.8420253992080688
	0.8419976234436035
	0.8419615030288696
	0.8419280648231506
	0.841906726360321
	0.8418859243392944
	0.8418648838996887
	0.8418335318565369
	0.8418057560920715
	0.8417875170707703
	0.8417639136314392
	0.8417436480522156
	0.8417198061943054
	0.8417012691497803
	0.8416774868965149
	0.8416417241096497
	0.841610312461853
	0.8415897488594055
	0.841552734375
	0.841537356376648
	0.8415096402168274
	0.8414872288703918
	0.8414640426635742
	0.8414244651794434
	0.8413868546485901
	0.8413658142089844
	0.8413599729537964
	0.8413296341896057
	0.841317892074585
	0.8412815928459167
	0.8412553071975708
	0.8412256836891174
	0.841189980506897
	0.8411723375320435
	0.8411632180213928
	0.8411422371864319
	0.8411239981651306
	0.8411029577255249
	0.8410676717758179
	0.8410537242889404
	0.8410260081291199
	0.8409995436668396
	0.8409650921821594
	0.8409295082092285
	0.8409052491188049
	0.8408877849578857
	0.8408753275871277
	0.8408662676811218
	0.8408466577529907
	0.8408201336860657
	0.8407963514328003
	0.8407650589942932
	0.8407513499259949
	0.8407508730888367
	0.8407212495803833
	0.8407068252563477
	0.8407108187675476
	0.8406875133514404
	0.8406640291213989
	0.8406394720077515
	0.8406147956848145
	0.8406000733375549
	0.8405805826187134
	0.8405635356903076
	0.8405488133430481
	0.840527355670929
	0.8405115008354187
	0.8404849767684937
	0.8404614329338074
	0.8404496908187866
	0.8404255509376526
	0.8403933644294739
	0.8403692841529846
	0.8403443694114685
	0.8403294682502747
	0.840312659740448
	0.8402931690216064
	0.8402851819992065
	0.8402634859085083
	0.8402604460716248
	0.8402389287948608
	0.8402326703071594
	0.8402116298675537
	0.8401886224746704
	0.840165913105011
	0.8401730060577393
	0.8401633501052856
	0.8401437997817993
	0.8401271104812622
	0.840103030204773
	0.8400896191596985
	0.8400776982307434
	0.8400664925575256
	0.840050995349884
	0.8400405049324036
	0.84002685546875
	0.8399967551231384
	0.8399685621261597
	0.8399543166160583
	0.8399400115013123
	0.8399254679679871
	0.8399150371551514
	0.8399075269699097
	0.8398818373680115
	0.8398619294166565
	0.8398413062095642
	0.8398478031158447
	0.8398388624191284
	0.8398303389549255
	0.8398213982582092
	0.8398004174232483
	0.8397967219352722
	0.8397712111473083
	0.839762806892395
	0.8397601246833801
	0.8397351503372192
	0.8397024869918823
	0.8396957516670227
	0.8396912217140198
	0.8396939039230347
	0.8396832942962646
	0.8396642804145813
	0.8396539688110352
	0.839634358882904
	0.8396105766296387
	0.8395973443984985
	0.8395805954933167
	0.8395534157752991
	0.8395335078239441
	0.8395246267318726
	0.8395143151283264
	0.839506983757019
	0.8394874334335327
	0.8394690752029419
	0.8394405245780945
	0.8394365310668945
	0.8394160866737366
	0.8394174575805664
	0.8394070267677307
	0.8393843770027161
	0.8393819332122803
	0.8393579721450806
	0.8393487334251404
	0.8393386006355286
	0.8393167853355408
	0.8392871618270874
	0.8392793536186218
	0.839260995388031
	0.8392499089241028
	0.8392436504364014
	0.8392224907875061
	0.8392047882080078
	0.8391876220703125
	0.8391737937927246
	0.8391682505607605
	0.8391579985618591
	0.8391394019126892
	0.8391326665878296
	0.8391139507293701
	0.839099645614624
	0.8390835523605347
	0.8390666842460632
	0.8390501141548157
	0.8390353322029114
	0.8390310406684875
	0.8390120267868042
	0.8390114307403564
	0.8389987349510193
	0.8389837741851807
	0.8389770984649658
	0.8389549255371094
	0.8389445543289185
	0.8389279246330261
	0.8389188647270203
	0.8389126062393188
	0.8389061689376831
	0.8388963341712952
	0.8388873338699341
	0.8388662338256836
	0.8388593792915344
	0.8388392925262451
	0.8388274312019348
	0.8388144373893738
	0.8388082981109619
	0.8387832641601562
	0.83876633644104
	0.8387452960014343
	0.8387327194213867
	0.8387278318405151
	0.8387088179588318
	0.8386905789375305
	0.8386724591255188
	0.8386625051498413
	0.8386545181274414
	0.8386405110359192
	0.838631272315979
	0.8386290073394775
	0.8386196494102478
	0.838591456413269
	0.8385871052742004
	0.8385726809501648
	0.838561475276947
	0.8385420441627502
	0.8385300040245056
	0.8385210037231445
	0.8385054469108582
	0.8384859561920166
	0.8384671211242676
	0.8384508490562439
	0.8384343981742859
	0.8384201526641846
	0.8384034633636475
	0.8383867144584656
	0.8383719325065613
	0.8383533954620361
	0.8383408188819885
	0.8383287191390991
	0.8383181095123291
	0.8383030891418457
	0.8382901549339294
	0.8382952809333801
	0.8382824659347534
	0.8382750153541565
	0.8382577896118164
	0.8382396697998047
	0.8382195830345154
	0.8382142186164856
	0.8382070064544678
	0.8381991982460022
	0.8381879329681396
	0.8381814956665039
	0.8381733894348145
	0.838157594203949
	0.8381425142288208
	0.8381331562995911
	0.8381321430206299
	0.8381147980690002
	0.8381028175354004
	0.8380945324897766
	0.8380786776542664
	0.8380758166313171
	0.8380679488182068
	0.838045597076416
	0.8380340933799744
	0.8380187153816223
	0.8380001783370972
	0.8379881978034973
	0.8379737138748169
	0.8379558324813843
	0.8379510641098022
	0.8379328846931458
	0.8379298448562622
	0.837921679019928
	0.8379166722297668
	0.8379072546958923
	0.8379079103469849
	0.8378994464874268
	0.8378981351852417
	0.8378931879997253
	0.8378821015357971
	0.8378618955612183
	0.8378611207008362
	0.8378497362136841
	0.8378403782844543
	0.8378223180770874
	0.8378061652183533
	0.8377953171730042
	0.837775468826294
	0.8377749919891357
	0.8377651572227478
	0.8377645611763
	0.8377521634101868
	0.8377487659454346
	0.8377388119697571
	0.8377310037612915
	0.837718665599823
	0.8377134799957275
	0.8377050161361694
	0.8376923203468323
	0.8376886248588562
	0.8376737236976624
	0.837662398815155
	0.837658703327179
	0.8376548290252686
	0.8376353979110718
	0.8376372456550598
	0.8376345634460449
	0.8376321196556091
	0.8376238346099854
	0.8376141786575317
	0.8375973105430603
	0.8375830054283142
	0.8375747799873352
	0.8375635743141174
	0.8375495672225952
	0.8375447988510132
	0.8375297784805298
	0.8375301361083984
	0.8375192284584045
	0.8375104665756226
	0.8375035524368286
	0.8374771475791931
	0.83745276927948
	0.8374461531639099
	0.8374456763267517
	0.8374346494674683
	0.8374231457710266
	0.8374128937721252
	0.8373945951461792
	0.8373861908912659
	0.8373798727989197
	0.8373755216598511
	0.8373708128929138
	0.8373516201972961
	0.837332010269165
	0.8373293280601501
	0.8373259902000427
	0.8373247385025024
	0.837315559387207
	0.8373094201087952
	0.8373026847839355
	0.8372973203659058
	0.8372910022735596
	0.8372670412063599
	0.8372532725334167
	0.8372337222099304
	0.8372219800949097
	0.8372141122817993
	0.8371944427490234
	0.8371931314468384
	0.83717942237854
	0.837166428565979
	0.8371545672416687
	0.8371425867080688
	0.8371320366859436
	0.8371155858039856
	0.8371028900146484
	0.8371008634567261
	0.8370890617370605
	0.8370963931083679
	0.8371007442474365
	0.8370928764343262
	0.8370896577835083
	0.8371050357818604
	0.8370787501335144
	0.8370657563209534
	0.8370518684387207
	0.8370548486709595
	0.8370582461357117
	0.8370674252510071
	0.8370621800422668
	0.8370502591133118
	0.8370423913002014
	0.8370333909988403
	0.8370208740234375
	0.8370084762573242
	0.8369994759559631
	0.8369821310043335
	0.8369652032852173
	0.8369535803794861
	0.8369530439376831
	0.836937427520752
	0.8369312882423401
	0.836922824382782
	0.8369242548942566
	0.8369252681732178
	0.8369104266166687
	0.8368917107582092
	0.8368843197822571
	0.8368751406669617
	0.8368762135505676
	0.8368708491325378
	0.8368707895278931
	0.8368670344352722
	0.8368677496910095
	0.8368574976921082
	0.8368573188781738
	0.8368462920188904
	0.8368324637413025
	0.8368161916732788
	0.8368009924888611
	0.8368005752563477
	0.836790919303894
	0.8367795348167419
	0.8367753624916077
	0.8367725014686584
	0.8367652893066406
	0.8367494344711304
	0.8367317914962769
	0.8367311954498291
	0.8367223143577576
	0.836706280708313
	0.8366941809654236
	0.8366767168045044
	0.8366770148277283
	0.8366653919219971
	0.8366573452949524
	0.8366664052009583
	0.8366613984107971
	0.8366596698760986
	0.8366645574569702
	0.836652934551239
	0.8366568684577942
	0.8366515636444092
	0.8366352915763855
	0.8366236090660095
	0.836618959903717
	0.8366134762763977
	0.8366053104400635
	0.8366038203239441
	0.8366050720214844
	0.8365993499755859
	0.8365835547447205
	0.8365707993507385
	0.8365572690963745
	0.8365445733070374
	0.8365353941917419
	0.8365249037742615
	0.8365194201469421
	0.8365249633789062
	0.8365249633789062
	0.8365201950073242
	0.8365184664726257
	0.8365118503570557
	0.8365092873573303
	0.8365013003349304
	0.8364927172660828
	0.8364894986152649
	0.836478590965271
	0.8364657163619995
	0.8364517092704773
	0.836430549621582
	0.8364202380180359
	0.8364202380180359
	0.8364251852035522
	0.8364217877388
	0.8364171981811523
	0.8364087343215942
	0.8363863825798035
	0.8363953828811646
	0.8363915681838989
	0.836375892162323
	0.8363711833953857
	0.836366593837738
	0.836368978023529
	0.8363814949989319
	0.8363773226737976
	0.8363742232322693
	0.8363580107688904
	0.8363495469093323
	0.8363489508628845
	0.8363522887229919
	0.8363539576530457
	0.8363609313964844
	0.8363490700721741
	0.8363386392593384
	0.8363428115844727
	0.8363404870033264
	0.8363420367240906
	0.836322546005249
	0.8363257050514221
	0.836319625377655
	0.8363208174705505
	0.8363212943077087
	0.8363221883773804
	0.8363127112388611
	0.8363039493560791
	0.8362968564033508
	0.836291491985321
	0.8362841606140137
	0.8362736105918884
	0.836260974407196
	0.8362559080123901
	0.8362551331520081
	0.8362508416175842
	0.8362434506416321
	0.8362411856651306
	0.8362383842468262
	0.8362391591072083
	0.8362318277359009
	0.8362281322479248
	0.8362306356430054
	0.8362247943878174
	0.8362181782722473
	0.836213231086731
	0.8362077474594116
	0.836206316947937
	0.8362025022506714
	0.836200475692749
	0.8361921906471252
	0.8361985683441162
	0.8361966609954834
	0.8361890316009521
	0.8361821174621582
	0.8361734747886658
	0.8361678719520569
	0.8361631035804749
	0.8361570835113525
	0.8361368179321289
	0.8361331224441528
	0.8361222147941589
	0.8361049294471741
	0.8360987305641174
	0.8360888361930847
	0.8360849618911743
	0.8360680937767029
	0.8360658288002014
	0.8360568881034851
	0.8360512256622314
	0.836048424243927
	0.8360418677330017
	0.8360469341278076
	0.8360559940338135
	0.8360506296157837
	0.8360441327095032
	0.8360498547554016
	0.8360418677330017
	0.8360381722450256
	0.8360284566879272
	0.8360196352005005
	0.836014986038208
	0.8360019326210022
	0.8359999656677246
	0.8359922766685486
	0.8359784483909607
	0.8359849452972412
	0.8359821438789368
	0.8359861373901367
	0.835982620716095
	0.835970938205719
	0.8359629511833191
	0.83595210313797
	0.8359518051147461
	0.8359441161155701
	0.8359437584877014
	0.8359375
	0.8359282612800598
	0.8359196782112122
	0.8359230756759644
	0.8359193801879883
	0.8359132409095764
	0.8359253406524658
	0.8359010815620422
	0.8358958959579468
	0.8358772993087769
	0.835880696773529
	0.8358843922615051
	0.8358957767486572
	0.8358796238899231
	0.8358781337738037
	0.8358748555183411
	0.8358657956123352
	0.8358635306358337
	0.8358594179153442
	0.8358517289161682
	0.8358487486839294
	0.8358510732650757
	0.8358570337295532
	0.8358502984046936
	0.8358524441719055
	0.83585125207901
	0.8358478546142578
	0.8358430862426758
	0.835842490196228
	0.8358423709869385
	0.8358478546142578
	0.8358549475669861
	0.8358522057533264
	0.8358452916145325
	0.8358308672904968
	0.8358368277549744
	0.8358359336853027
	0.8358266949653625
	0.8358222246170044
	0.8358117938041687
	0.8358078002929688
	0.8358100056648254
	0.8358004689216614
	0.8357928991317749
	0.8357844948768616
	0.8357709646224976
	0.8357677459716797
	0.835763156414032
	0.8357596397399902
	0.8357582688331604
	0.8357461094856262
	0.8357413411140442
	0.835746705532074
	0.835742712020874
	0.8357245326042175
	0.8357114195823669
	0.8357045650482178
	0.8357186317443848
	0.8357163667678833
	0.8357058763504028
	0.8356983661651611
	0.8356941342353821
	0.8356838226318359
	0.8356702923774719
	0.8356655240058899
	0.8356408476829529
	0.8356366753578186
	0.8356276154518127
	0.8356181383132935
	0.8356293439865112
	0.8356264233589172
	0.8356233239173889
	0.8356142640113831
	0.8356159925460815
	0.835628092288971
	0.8356258273124695
	0.8356270790100098
	0.8356143236160278
	0.83560711145401
	0.8355953097343445
	0.8355928659439087
	0.8355913162231445
	0.8355851173400879
	0.83558589220047
	0.8355847001075745
	0.8355813026428223
	0.8355837464332581
	0.8355696797370911
	0.8355624675750732
	0.8355532288551331
	0.8355517387390137
	0.8355451226234436
	0.8355403542518616
	0.8355360627174377
	0.8355306386947632
	0.8355311155319214
	0.8355357646942139
	0.8355355858802795
	0.835533857345581
	0.8355311155319214
	0.8355309367179871
	0.8355335593223572
	0.835516095161438
	0.8355093598365784
	0.8355019688606262
	0.8355011940002441
	0.8354938626289368
	0.8354979753494263
	0.8354988694190979
	0.8354831337928772
	0.8354921936988831
	0.8354862928390503
	0.8354887962341309
	0.8354858756065369
	0.8354765176773071
	0.8354723453521729
	0.8354692459106445
	0.8354726433753967
	0.8354559540748596
	0.8354513049125671
	0.835443377494812
	0.835432767868042
	0.8354206085205078
	0.8354294300079346
	0.8354249596595764
	0.8354238271713257
	0.8354179859161377
	0.8354058861732483
	0.8354051113128662
	0.8354063630104065
	0.8354103565216064
	0.8354123830795288
	0.8354089856147766
	0.8354052901268005
	0.8353987336158752
	0.8353891968727112
	0.8353864550590515
	0.8353907465934753
	0.8353800177574158
	0.8353744745254517
	0.8353667855262756
	0.8353676795959473
	0.8353580236434937
	0.8353537321090698
	0.8353509306907654
	0.8353524804115295
	0.8353456258773804
	0.8353356122970581
	0.8353374600410461
	0.8353317975997925
	0.8353323936462402
	0.8353304266929626
	0.8353273272514343
	0.8353284001350403
	0.8353303670883179
	0.8353235125541687
	0.8353132605552673
	0.8353117108345032
	0.8353143334388733
	0.8352965116500854
	0.8352998495101929
	0.8352871537208557
	0.8352676630020142
	0.8352798819541931
	0.8352606892585754
	0.8352582454681396
	0.83525550365448
	0.8352476954460144
	0.835239589214325
	0.8352231383323669
	0.8352146744728088
	0.8352218866348267
	0.835209310054779
	0.8352028727531433
	0.8351924419403076
	0.8351962566375732
	0.835188627243042
	0.8351800441741943
	0.8351861238479614
	0.8351772427558899
	0.8351752161979675
	0.8351755738258362
	0.8351823091506958
	0.8351671099662781
	0.8351689577102661
	0.8351659178733826
]