[
	0.669117271900177
	0.6690323352813721
	0.6689475178718567
	0.6688578128814697
	0.6687415242195129
	0.668636679649353
	0.6685288548469543
	0.6684377193450928
	0.6683433055877686
	0.6682405471801758
	0.668149471282959
	0.6680502891540527
	0.6679538488388062
	0.6678684949874878
	0.6677700877189636
	0.6676734685897827
	0.6675829291343689
	0.6674837470054626
	0.6673949956893921
	0.6672967076301575
	0.6672150492668152
	0.667116105556488
	0.6670286059379578
	0.6669430136680603
	0.6668517589569092
	0.6667613983154297
	0.6666669845581055
	0.6665792465209961
	0.66649329662323
	0.6664008498191833
	0.6663042902946472
	0.6662130951881409
	0.6661241054534912
	0.6660474538803101
	0.6659709811210632
	0.6658769249916077
	0.6657906770706177
	0.6657042503356934
	0.6656209826469421
	0.6655396819114685
	0.665459930896759
	0.6653754115104675
	0.6652930974960327
	0.6652151346206665
	0.6651294231414795
	0.6650415062904358
	0.6649748086929321
	0.664901077747345
	0.6648221611976624
	0.6647341847419739
	0.6646626591682434
	0.6645965576171875
	0.6645292639732361
	0.6644474267959595
	0.6643722057342529
	0.6643035411834717
	0.6642371416091919
	0.6641635298728943
	0.6640951037406921
	0.6640207171440125
	0.663952648639679
	0.6638964414596558
	0.6638352870941162
	0.6637664437294006
	0.6637022495269775
	0.6636447310447693
	0.6635726690292358
	0.6634981036186218
	0.6634302735328674
	0.6633688807487488
	0.6633079051971436
	0.6632397770881653
	0.6631750464439392
	0.6631090641021729
	0.6630510687828064
	0.6629875302314758
	0.6629310846328735
	0.6628707647323608
	0.6628122925758362
	0.6627539992332458
	0.6627000570297241
	0.6626429557800293
	0.6625800728797913
	0.6625234484672546
	0.6624596118927002
	0.662406325340271
	0.6623471975326538
	0.6622976660728455
	0.6622399687767029
	0.6621840000152588
	0.6621334552764893
	0.6620802879333496
	0.6620318293571472
	0.6619836688041687
	0.6619395017623901
	0.6618975400924683
	0.6618470549583435
	0.6618146300315857
	0.6617677807807922
	0.6617172360420227
	0.6616827249526978
	0.6616271734237671
	0.6615827083587646
	0.6615368127822876
	0.661480724811554
	0.6614421010017395
	0.6613970398902893
	0.6613729596138
	0.6613346338272095
	0.661307156085968
	0.6612517833709717
	0.6612133979797363
	0.6611793637275696
	0.6611337661743164
	0.6611034870147705
	0.6610686182975769
	0.6610305905342102
	0.6609835028648376
	0.6609438061714172
	0.6609107255935669
	0.6608707308769226
	0.660834789276123
	0.6607955694198608
	0.6607633829116821
	0.6607289910316467
	0.6606961488723755
	0.6606605648994446
	0.6606346368789673
	0.6605998277664185
	0.6605814099311829
	0.6605531573295593
	0.6605254411697388
	0.6604888439178467
	0.6604602336883545
	0.6604408025741577
	0.6604134440422058
	0.660395085811615
	0.6603633165359497
	0.6603444218635559
	0.6603154540061951
	0.6602906584739685
	0.6602634787559509
	0.6602371335029602
	0.6602064371109009
	0.6601859927177429
	0.6601705551147461
	0.6601539254188538
	0.6601266264915466
	0.6600973606109619
	0.6600781679153442
	0.6600569486618042
	0.6600401401519775
	0.660014808177948
	0.6599921584129333
	0.6599712371826172
	0.6599592566490173
	0.6599438190460205
	0.6599284410476685
	0.6599152088165283
	0.6598891019821167
	0.6598690152168274
	0.6598455309867859
	0.6598350405693054
	0.659815788269043
	0.6597945094108582
	0.6597835421562195
	0.6597692966461182
	0.6597523093223572
	0.6597359776496887
	0.659714937210083
	0.6596973538398743
	0.659690260887146
	0.6596834659576416
	0.6596605777740479
	0.6596495509147644
	0.659640371799469
	0.6596235036849976
	0.6596105694770813
	0.6595892906188965
	0.6595787405967712
	0.6595697402954102
	0.659564197063446
	0.6595577597618103
	0.65955650806427
	0.6595433354377747
	0.6595304012298584
	0.659521758556366
	0.6595171093940735
	0.6595076322555542
	0.6595011949539185
	0.6594955921173096
	0.6595004796981812
	0.6595008373260498
	0.6594927310943604
	0.6594786643981934
	0.6594735383987427
	0.6594735980033875
	0.6594682931900024
	0.6594675779342651
	0.6594704985618591
	0.659460723400116
	0.6594511866569519
	0.6594492197036743
	0.65944904088974
	0.6594447493553162
	0.6594471335411072
	0.6594507694244385
	0.6594520807266235
	0.6594568490982056
	0.6594608426094055
	0.6594647169113159
	0.6594666838645935
	0.6594717502593994
	0.6594674587249756
	0.6594712734222412
	0.6594722867012024
	0.659479022026062
	0.659485399723053
	0.6594859957695007
	0.6594887971878052
	0.6594945192337036
	0.6595030426979065
	0.659503161907196
	0.6595034003257751
	0.6595052480697632
	0.6595086455345154
	0.6595190167427063
	0.6595262289047241
	0.6595222353935242
	0.6595238447189331
	0.659525454044342
	0.6595285534858704
	0.6595311164855957
	0.6595367193222046
	0.659531831741333
	0.6595391631126404
	0.6595427989959717
	0.6595498323440552
	0.6595681309700012
	0.6595725417137146
	0.6595761775970459
	0.6595838069915771
	0.6595977544784546
	0.6596020460128784
	0.6596156358718872
	0.6596216559410095
	0.6596254110336304
	0.65963214635849
	0.6596437096595764
	0.6596581339836121
	0.6596700549125671
	0.6596733331680298
	0.6596853137016296
	0.659694492816925
	0.65970778465271
	0.6597137451171875
	0.6597207188606262
	0.6597412824630737
	0.6597359776496887
	0.6597503423690796
	0.6597597002983093
	0.6597687005996704
	0.6597695350646973
	0.6597829461097717
	0.6597955822944641
	0.6598191261291504
	0.659839928150177
	0.6598478555679321
	0.6598560810089111
	0.6598687767982483
	0.6598790287971497
	0.6598911881446838
	0.6599054336547852
	0.6599172353744507
	0.6599326133728027
	0.6599500775337219
	0.6599727272987366
	0.6599870324134827
	0.6599950194358826
	0.6600074172019958
	0.6600176095962524
	0.6600385308265686
	0.6600533127784729
	0.6600721478462219
	0.6600850820541382
	0.660108208656311
	0.6601171493530273
	0.660131573677063
	0.6601459980010986
	0.6601645350456238
	0.660183846950531
	0.6601987481117249
	0.6602224707603455
	0.6602420210838318
	0.6602581739425659
	0.6602756381034851
	0.6602942943572998
	0.6603120565414429
	0.6603356599807739
	0.6603545546531677
	0.6603649854660034
	0.6603855490684509
	0.6604005098342896
	0.6604213714599609
	0.6604422926902771
	0.6604670882225037
	0.6604975461959839
	0.6605100035667419
	0.6605262756347656
	0.6605504155158997
	0.6605654954910278
	0.660581648349762
	0.6605944037437439
	0.6606222987174988
	0.6606358885765076
	0.6606588959693909
	0.6606760025024414
	0.6606946587562561
	0.6607183218002319
	0.6607431173324585
	0.6607615947723389
	0.66077721118927
	0.6608006954193115
	0.6608297228813171
	0.6608511209487915
	0.6608683466911316
	0.6608921885490417
	0.6609131693840027
	0.6609296798706055
	0.6609495878219604
	0.6609864234924316
	0.6610147356987
	0.6610369086265564
	0.6610601544380188
	0.6610884070396423
	0.6611077785491943
	0.6611366868019104
	0.661165177822113
	0.6611936092376709
	0.661223828792572
	0.6612541079521179
	0.6612784266471863
	0.6613021492958069
	0.6613231301307678
	0.6613473892211914
	0.6613783836364746
	0.6614063382148743
	0.6614289879798889
	0.6614537835121155
	0.6614840030670166
	0.661513090133667
	0.661541759967804
	0.6615570783615112
	0.6615887880325317
	0.6616221070289612
	0.661638081073761
	0.6616654396057129
	0.6616971492767334
	0.6617260575294495
	0.6617547273635864
	0.6617830991744995
	0.6618065237998962
	0.6618249416351318
	0.6618502736091614
	0.6618731021881104
	0.6619033217430115
	0.6619276404380798
	0.6619441509246826
	0.661973774433136
	0.6620016694068909
	0.6620334386825562
	0.6620560884475708
	0.6620948910713196
	0.6621166467666626
	0.6621436476707458
	0.6621687412261963
	0.6621919274330139
	0.662220299243927
	0.6622459292411804
	0.6622754335403442
	0.6622981429100037
	0.6623296737670898
	0.6623528003692627
	0.6623827219009399
	0.6624112129211426
	0.6624365448951721
	0.6624636054039001
	0.6624962091445923
	0.6625217199325562
	0.662553071975708
	0.6625795960426331
	0.6626048684120178
	0.6626412272453308
	0.6626681089401245
	0.6626914739608765
	0.662727415561676
	0.6627497673034668
	0.6627918481826782
	0.6628241539001465
	0.6628559231758118
	0.6628882884979248
	0.6629147529602051
	0.6629486083984375
	0.6629859805107117
	0.6630212068557739
	0.6630558967590332
	0.6630861759185791
	0.663119912147522
	0.6631531715393066
	0.663184642791748
	0.6632195711135864
	0.6632447838783264
	0.6632814407348633
	0.6633175015449524
	0.6633408665657043
	0.6633692979812622
	0.6634016633033752
	0.6634361743927002
	0.6634600162506104
	0.663496732711792
	0.6635262370109558
	0.6635521650314331
	0.6635811924934387
	0.6636170744895935
	0.6636409163475037
	0.6636719107627869
	0.6637082695960999
	0.6637386679649353
	0.6637730598449707
	0.6638043522834778
	0.663841962814331
	0.663874626159668
	0.6638965606689453
	0.663934588432312
	0.6639730334281921
	0.6640097498893738
	0.6640421748161316
	0.6640846729278564
	0.6641108989715576
	0.6641435623168945
	0.6641691327095032
	0.6642009019851685
	0.6642321944236755
	0.6642594933509827
	0.6642974615097046
	0.6643268465995789
	0.6643522381782532
	0.6643863320350647
	0.664423942565918
	0.6644601225852966
	0.6644943952560425
	0.6645252704620361
	0.6645565032958984
	0.6645812392234802
	0.6646184325218201
	0.6646514534950256
	0.6646857261657715
	0.6647233963012695
	0.6647667288780212
	0.6648017764091492
	0.6648374199867249
	0.6648794412612915
	0.6649158596992493
	0.6649555563926697
	0.6650040149688721
	0.6650430560112
	0.6650720834732056
	0.6651096940040588
	0.6651554107666016
	0.6651929020881653
	0.6652250289916992
	0.66526198387146
	0.665298342704773
	0.6653295755386353
	0.6653612852096558
	0.6653988361358643
	0.6654428839683533
	0.6654861569404602
	0.6655292510986328
	0.6655669808387756
	0.6656113862991333
	0.6656492948532104
	0.6656877994537354
	0.6657205820083618
	0.6657639145851135
	0.6658030152320862
	0.665837824344635
	0.6658727526664734
	0.6659235954284668
	0.6659566760063171
	0.6659875512123108
	0.6660284399986267
	0.6660662293434143
	0.666106641292572
	0.6661363840103149
	0.6661760807037354
	0.6662127375602722
	0.6662503480911255
	0.6662811636924744
	0.6663239002227783
	0.6663531064987183
	0.6663920879364014
	0.6664314866065979
	0.6664697527885437
	0.6665109395980835
	0.6665526628494263
	0.6666024327278137
	0.6666452288627625
	0.6666918992996216
	0.6667258143424988
	0.666772186756134
	0.666806697845459
	0.6668416857719421
	0.6668869256973267
	0.6669312715530396
	0.6669668555259705
	0.6669939756393433
	0.6670424342155457
	0.6670909523963928
	0.6671320796012878
	0.6671714782714844
	0.6672061681747437
	0.6672402620315552
	0.6672821640968323
	0.6673176288604736
	0.6673557758331299
	0.667407751083374
	0.6674450039863586
	0.667493462562561
	0.6675352454185486
	0.6675689816474915
	0.6676037311553955
	0.6676489114761353
	0.6676937937736511
	0.6677405834197998
	0.6677731275558472
	0.6678188443183899
	0.6678550839424133
	0.6679081320762634
	0.6679513454437256
	0.6679920554161072
	0.6680370569229126
	0.6680815815925598
	0.6681181788444519
	0.6681590676307678
	0.6682056188583374
	0.6682444214820862
	0.6682893633842468
	0.6683287024497986
	0.6683663725852966
	0.6684101819992065
	0.6684480905532837
	0.6685031056404114
	0.6685459613800049
	0.6685863733291626
	0.6686162948608398
	0.6686697006225586
	0.6687186360359192
	0.6687596440315247
	0.6688035130500793
	0.6688460111618042
	0.668890655040741
	0.6689239740371704
	0.6689679026603699
	0.6690159440040588
	0.6690516471862793
	0.6690831184387207
	0.6691304445266724
	0.6691659092903137
	0.6692100167274475
	0.6692528128623962
	0.6692920327186584
	0.6693366765975952
	0.6693835854530334
	0.6694290041923523
	0.6694678664207458
	0.66951584815979
	0.6695496439933777
	0.6696003675460815
	0.6696453094482422
	0.6696903705596924
	0.6697316765785217
	0.6697692275047302
	0.6698173880577087
	0.6698544025421143
	0.6699007749557495
	0.6699338555335999
	0.6699761152267456
	0.6700195074081421
	0.6700754761695862
	0.6701177954673767
	0.6701499223709106
	0.6702030897140503
	0.6702558398246765
	0.6702945828437805
	0.6703372597694397
	0.6703847050666809
	0.6704219579696655
	0.6704705357551575
	0.6705208420753479
	0.6705672144889832
	0.670611560344696
	0.6706509590148926
	0.6707025766372681
	0.6707378625869751
	0.6707819104194641
	0.6708224415779114
	0.6708641648292542
	0.6709064245223999
	0.6709567904472351
	0.6710000038146973
	0.6710556149482727
	0.6711007952690125
	0.6711375117301941
	0.6711822748184204
	0.6712263822555542
	0.6712769865989685
	0.6713242530822754
	0.6713724136352539
	0.6714236736297607
	0.6714596152305603
	0.6715012192726135
	0.6715533137321472
	0.6716000437736511
	0.6716436147689819
	0.6717005372047424
	0.6717346906661987
	0.6717764735221863
	0.671814501285553
	0.6718606948852539
	0.6719109416007996
	0.6719621419906616
	0.6720077991485596
	0.6720581650733948
	0.6721146106719971
	0.6721582412719727
	0.6722028255462646
	0.6722403764724731
	0.6722828149795532
	0.6723275184631348
	0.672368586063385
	0.6724122762680054
	0.6724598407745361
	0.6725021004676819
	0.6725525856018066
	0.6725884675979614
	0.6726322770118713
	0.6726837754249573
	0.6727283000946045
	0.6727694272994995
	0.672816276550293
	0.6728619933128357
	0.6729041934013367
	0.6729534268379211
	0.6729931831359863
	0.6730432510375977
	0.6730817556381226
	0.6731371283531189
	0.6731780767440796
	0.6732216477394104
	0.6732675433158875
	0.6733015179634094
	0.6733474731445312
	0.6733973622322083
	0.6734393835067749
	0.6734756827354431
	0.673521101474762
	0.6735702157020569
	0.6736122965812683
	0.6736587882041931
	0.673701822757721
	0.673757016658783
	0.6738049387931824
	0.6738539934158325
	0.6739041805267334
	0.6739509105682373
	0.6739985942840576
	0.6740432381629944
	0.6740841865539551
	0.6741272807121277
	0.6741654872894287
	0.6742088794708252
	0.6742515563964844
	0.6743015050888062
	0.6743526458740234
	0.6743981838226318
	0.674446165561676
	0.6744968295097351
	0.674552857875824
	0.6746022701263428
	0.6746464371681213
	0.6746869683265686
	0.6747389435768127
	0.6747820973396301
	0.6748321056365967
	0.6748738288879395
	0.6749122142791748
	0.6749622225761414
	0.6750018000602722
	0.6750501394271851
	0.675095796585083
	0.6751454472541809
	0.6751977205276489
	0.6752543449401855
	0.6753026247024536
	0.6753532290458679
	0.6754027605056763
	0.6754564642906189
	0.6755030155181885
	0.6755610704421997
	0.6756092309951782
	0.6756566166877747
	0.6757099032402039
	0.6757625341415405
	0.6758038997650146
	0.6758551001548767
	0.675894558429718
	0.6759346127510071
]