[
	0.6679943746698574
	0.6679943746698574
	0.6679943746698356
	0.66799437467261
	0.6679943746704681
	0.6679944189260071
	0.6680063060536365
	0.6681565563370709
	0.6683500834430391
	0.6685204768886565
	0.6687048864451978
	0.668870985891187
	0.6690386266576515
	0.6692066502828986
	0.6693691240928127
	0.669543448510321
	0.6696958950403864
	0.6698474635908086
	0.6700013385539486
	0.6701563818369752
	0.6702963779317564
	0.6704350169828532
	0.6705844490246371
	0.6707238976927379
	0.6708475383751532
	0.6709846161515356
	0.671103841863627
	0.6712308572113163
	0.6713391096586426
	0.6714589745395837
	0.6715698630764383
	0.6716773010928044
	0.671784116431787
	0.6718947388194987
	0.6719900154601163
	0.6721026052229604
	0.6722140564187643
	0.6723194760407775
	0.6724185719441144
	0.6725005685044174
	0.6725859397470014
	0.6726491450745701
	0.6727413378069881
	0.6728336256781744
	0.6729452564013833
	0.6730234323937498
	0.6731109211006304
	0.6732029057082964
	0.673292452001508
	0.6733922929731154
	0.6734779981616255
	0.6735417635123092
	0.673644078730709
	0.6737275929283121
	0.6738136860655225
	0.6738747191971836
	0.6739493119605579
	0.6740270145361115
	0.6740847618265424
	0.6741416024784721
	0.6742148594377376
	0.6742986527757404
	0.6743859608469079
	0.6744405469205093
	0.6744944848861856
	0.6745325160487289
	0.6745945685258599
	0.6746513352323686
	0.6746996194256261
	0.6747581648486419
	0.6747903923606932
	0.6748688604773294
	0.6749056966900939
	0.6749596367265208
	0.6750048949161019
	0.675061951084166
	0.6751062495662328
	0.6751417744835511
	0.6752015002387175
	0.6752303465343171
	0.6752839609663408
	0.675321094003359
	0.675353717857014
	0.67541447058413
	0.6754590289781292
	0.6755171480771072
	0.6755436554865053
	0.6755790940881766
	0.6756176067398197
	0.6756554491128807
	0.6756987509665476
	0.675748205931409
	0.6757851344250039
	0.6758239910942349
	0.6758688702465779
	0.6758909101094257
	0.6759173412607533
	0.675945168567631
	0.6759762405661118
	0.6760179336781326
	0.6760683940274212
	0.6761084711670794
	0.6761331823309703
	0.676183990835589
	0.6762183159056817
	0.6762298250013571
	0.6762397352816436
	0.6762720408659071
	0.6763033623958432
	0.6763289184623024
	0.6763538791703287
	0.6763706379916127
	0.6763901801101998
	0.6764318839268341
	0.6764560299687871
	0.6764813860541097
	0.6765054427448409
	0.6765412395525126
	0.6765558576131736
	0.6765928146329866
	0.6766503096146167
	0.6766774864774084
	0.6766904874830566
	0.6767005093726219
	0.6767101028979756
	0.6767235576792139
	0.6767339008500061
	0.6767627577001009
	0.6767877836544575
	0.6768156954726768
	0.6768451649170534
	0.6768575044988578
	0.6768682984030271
	0.676905983634848
	0.6769326466607961
	0.6769500758232381
	0.6769545185916384
	0.6769725543454265
	0.6769874875414129
	0.6770023084673101
	0.6770198097092505
	0.6770314966893424
	0.6770489057572496
	0.6770703589733698
	0.6770867241137811
	0.6770912709480327
	0.6771071123746926
	0.6771298511186785
	0.6771447440978109
	0.6771739320645344
	0.6771890148149227
	0.6772105434461944
	0.6772121718750506
	0.6772351797300779
	0.6772472210941506
	0.6772557142942914
	0.6772779539075963
	0.6772980156553777
	0.6773087727693515
	0.6773084438238602
	0.6773311463566609
	0.6773463869884863
	0.6773517184100583
	0.6773679766172468
	0.677374356478267
	0.6773825007550672
	0.6773839110354491
	0.677379458323683
	0.677386168104472
	0.6774120462595549
	0.6774330717604888
	0.6774450729058878
	0.6774642655901759
	0.677470928987451
	0.677475725889119
	0.6774955169461475
	0.6774960828116924
	0.6775015426110407
	0.677503717946812
	0.677520524566492
	0.6775611848048391
	0.6775565896464824
	0.6775619339729464
	0.6775747785499316
	0.6775827100443904
	0.6775804781433905
	0.6775745201033503
	0.6775953347185442
	0.677588335624587
	0.6776049011882652
	0.677605979377596
	0.6776180604712998
	0.6776362554012987
	0.6776458331696926
	0.677656136181801
	0.6776682565524598
	0.6776786992647047
	0.6776763430100938
	0.6776857969671346
	0.6777007235092518
	0.6777040173588628
	0.6777131891523873
	0.6777093496301987
	0.6777067473100533
	0.6777249000846323
	0.6777334244824655
	0.6777438508127283
	0.6777475137969204
	0.6777607478116174
	0.6777507999675619
	0.6777484159643368
	0.6777479253230785
	0.6777614200286446
	0.6777691455688682
	0.6777586126277916
	0.6777565849796031
	0.6777590018985297
	0.6777619438704734
	0.6777637991531934
	0.6777695814903766
	0.6777676395536713
	0.6777750334118049
	0.677774408309449
	0.6777663975676452
	0.6777607043220201
	0.6777542202946046
	0.6777523771100853
	0.6777497926067524
	0.6777532414520334
	0.6777476958460433
	0.6777420802929853
	0.6777367522305167
	0.6777330141715234
	0.6777211078142337
	0.6777116398381845
	0.6777083433959662
	0.6776988983829919
	0.6776998548094989
	0.6776951896711226
	0.6776989743552831
	0.6777058383263533
	0.6776981264394559
	0.677699218365893
	0.6777205225785282
	0.6777314661920906
	0.6777378812088174
	0.677740683018649
	0.6777338324432729
	0.6777430598070556
	0.6777522215750279
	0.6777616921120106
	0.677755268048229
	0.6777490266101002
	0.6777485638192164
	0.6777417463880124
	0.6777342142472451
	0.6777274460442458
	0.6777259606450072
	0.677728052790745
	0.6777224221238888
	0.6777334923199483
	0.6777249683882541
	0.6777160527613804
	0.6777053258439301
	0.6777048297062578
	0.6777016476158375
	0.6777074108060904
	0.6777019310295852
	0.6777061452950147
	0.67770137438609
	0.6777070541270994
	0.6777101194087464
	0.6777093588472404
	0.6777001374307131
	0.6776938409780122
	0.6776941980150469
	0.6776918829896065
	0.677676819319844
	0.6776704194540898
	0.6776619268348456
	0.6776686557181688
	0.6776828991458491
	0.6776796805544765
	0.6776769510368457
	0.6776823559816048
	0.6776809138278679
	0.6776859459844241
	0.6776853416956282
	0.6776873291537682
	0.6776841587125018
	0.6776790331029
	0.6776786220531384
	0.6776808671427681
	0.6776821684992137
	0.6776775111412007
	0.6776778981577813
	0.6776800364403007
	0.6776870517980075
	0.6776891329183895
	0.6776894652179503
	0.6776871799967326
	0.6776853527661251
	0.6776749625771465
	0.6776629911027648
	0.6776546033867137
	0.6776532853383319
	0.6776486053741334
	0.677661718201921
	0.6776640912501097
	0.6776653428546616
	0.6776634625724701
	0.6776571282608362
	0.677660011231446
	0.6776575962994947
	0.677653577645405
	0.6776416984056016
	0.6776455761695959
	0.6776401401355078
	0.6776434258668138
	0.6776424782332054
	0.6776421475652263
	0.6776574355399759
	0.677652910169045
	0.6776456365479588
	0.6776401051356324
	0.677632261232955
	0.6776312879753001
	0.6776254678424323
	0.6776234049165678
	0.6776187915331183
	0.677612991929346
	0.6776140044693397
	0.677629016420088
	0.6776296836591709
	0.6776420669114873
	0.6776602189702622
	0.6776616139804202
	0.6776815904843767
	0.6776839198946142
	0.6776803471437278
	0.6776778702129199
	0.6776747290559004
	0.6776725104762251
	0.6776759951836121
	0.6776807357832663
	0.6776676656434997
	0.6776601740073416
	0.6776627190386615
	0.677668875307437
	0.6776696124525454
	0.677666961638887
	0.6776799157943462
	0.6776754897673325
	0.6776717753284742
	0.6776702609734755
	0.6776647537205609
	0.6776728740857829
	0.677668356591547
	0.6776684310847707
	0.6776587303790369
	0.6776667535036521
	0.6776640059235187
	0.6776835879981596
	0.6776936916282533
	0.6776887366076347
	0.6776938288784962
	0.6776968668685641
	0.6776880956901179
	0.6776968335577522
	0.6776911605277324
	0.67769149826198
	0.6776870199614178
	0.6776968787064271
	0.6776949057816206
	0.6776841378701989
	0.6777005213484478
	0.6777072977499278
	0.6777161597727906
	0.6777019657116885
	0.6776944425529365
	0.6776888013056764
	0.677696441992271
	0.6777028392969889
	0.6776871731303625
	0.6776856976152068
	0.6776782882270271
	0.6776680354193826
	0.6776790505015304
	0.677665758559291
	0.6776614494254248
	0.6776657421908214
	0.6776611326239171
	0.67766924260015
	0.6776693948980725
	0.6776696090509858
	0.6776718328574448
	0.6776656095677561
	0.6776760523705295
	0.6776651689569371
	0.6776526716243592
	0.6776624039391781
	0.677680596750565
	0.6776824115271485
	0.6776888525984707
	0.6776839673766213
	0.6776885784127764
	0.6776847037159232
	0.6776783492411581
	0.6776902012056999
	0.6776796339467421
	0.6776819994498358
	0.6776814838903924
	0.6776809256812532
	0.6776827035458213
	0.6776743468899461
	0.6776674379044623
	0.67765820797772
	0.6776674258938111
	0.6776626825958584
	0.6776599975293731
	0.677664356464788
	0.6776548080876494
	0.6776424793981443
	0.6776489014815404
	0.6776672185775541
	0.6776528567370187
	0.677647952420528
	0.6776477487230919
	0.6776464192363593
	0.6776456755082859
	0.677640968292424
	0.6776424742835786
	0.677638873472176
	0.6776301615841059
	0.6776198583895356
	0.6776296666757637
	0.6776277060962305
	0.6776230239478389
	0.6776146532309382
	0.6776207391919261
	0.677615227690539
	0.6776106845642076
	0.6776028560868693
	0.6776011800989982
	0.6776023963792087
	0.6775992755272164
	0.6776083210649575
	0.6775984016685089
	0.6775942117225512
	0.6775850325368575
	0.6775784395378996
	0.677570212213499
	0.6775559419097684
	0.6775478353554419
	0.6775423581531592
	0.6775371306680547
	0.677530690905791
	0.6775274089878435
	0.6775182956638225
	0.6775157286509903
	0.6775090632289984
	0.6775075166941563
	0.677510536032681
	0.6775076009984162
	0.6775161425850197
	0.6775151261604775
	0.6775051672577024
	0.6775151342211367
	0.6775319939963711
	0.6775359614553166
	0.6775301959425781
	0.6775385694141939
	0.6775194473141647
	0.6775213318412301
	0.677520086950187
	0.6775174906460399
	0.6775134670661349
	0.6775213180655614
	0.6775154621014902
	0.6775158295853613
	0.6775216757388851
	0.6775126458443933
	0.6774995464274436
	0.6775051185872227
	0.6775039933376834
	0.6775057436008655
	0.6775188626535982
	0.6775128963854467
	0.6775195908965866
	0.6775124257002416
	0.6775080980409367
	0.6775052411696934
	0.677505614690558
	0.677510978664903
	0.6775099136506477
	0.6775064483336796
	0.6774991684246164
	0.6774908201409301
	0.6774917146484634
	0.6774948525892974
	0.6774887676772032
	0.6774833454742668
	0.6774893329773106
	0.6774882858481669
	0.6774926029621787
	0.6775082981640701
	0.677501403808302
	0.6774995349066655
	0.6774953411900526
	0.6775074015618038
	0.6775128554026184
	0.677504736782251
	0.6774981317696805
	0.6775043106710051
	0.6775042679060924
	0.6775037643756714
	0.6775107464744975
	0.6775091270521824
	0.6775075434656546
	0.6774978960892013
	0.6774982056205477
	0.6774917302315159
	0.6775054579331524
	0.677499099509273
	0.6774831631193315
	0.6774794097466658
	0.6774793156369979
	0.6774862589996598
	0.6774776906373557
	0.6774783542700517
	0.6774943920536151
	0.6774919382486375
	0.677481259639295
	0.6774780974632307
	0.6774780603650953
	0.677473365920496
	0.6774753831050145
	0.6774700057005878
	0.6774627845461602
	0.6774565312834617
	0.6774533948941278
	0.6774502454172115
	0.6774413352549483
	0.6774375328119911
	0.6774341482970185
	0.6774400626870095
	0.6774295152285981
	0.6774228585670765
	0.6774241860640149
	0.6774138668528203
	0.6774070493323531
	0.6774091574533148
	0.6774036238413832
	0.6773933600656346
	0.6773868082525271
	0.6773815233120395
	0.6773793977841875
	0.6773777276256493
	0.6773760579842929
	0.6773698046306911
	0.677368476437419
	0.677370178344388
	0.6773588673229242
	0.6773672438992315
	0.6773627287037085
	0.6773644036086396
	0.6773782649904176
	0.6773844076974029
	0.677380034704093
	0.6773881533766559
	0.6773941954261951
	0.6773972683882974
	0.6773986703544269
	0.6773988768494842
	0.6774096395004147
	0.6774066816797186
	0.6774111224678959
	0.6774103502459776
	0.6774109052909167
	0.6774129621153325
	0.6774081493418933
	0.6774002416070837
	0.6773943283094055
	0.6773926986913223
	0.6773936961231039
	0.6773889493562655
	0.6774087569350247
	0.6773960312980446
	0.6773906832528016
	0.6773854622390212
	0.6773757709558189
	0.67738190370083
	0.6773813173255184
	0.6773685298721465
	0.6773637254386152
	0.6773596925726398
	0.6773515844106395
	0.6773478982621749
	0.677353157200591
	0.6773418896954864
	0.6773333319473017
	0.6773365163663975
	0.6773426534276711
	0.6773408647324699
	0.677330579587891
	0.6773299133617062
	0.6773237438681334
	0.6773133168405258
	0.6773139199738933
	0.6773121894804544
	0.6773261366002021
	0.677319703568875
	0.6773168045699375
	0.6773137743709634
	0.6773082338959233
	0.6773195177046487
	0.6773281401998222
	0.6773360248611092
	0.6773372390291368
	0.6773323931398563
	0.6773311743780553
	0.6773210895547047
	0.6773209895877826
	0.677316206493852
	0.6773103429939991
	0.677313667887801
	0.6773160142353275
	0.6773177657291746
	0.677317755080751
	0.6773216636546202
	0.6773208552245509
	0.6773168337322824
	0.6773183590105102
	0.6773175567350825
	0.6773146320731748
	0.6773136795959094
	0.677307936602528
	0.6773107206575272
	0.6773165346982629
	0.6773082011433234
	0.6773123367642043
	0.6773030575240185
	0.6773035410969954
	0.6772952896102433
	0.677297537067217
	0.6772928075513233
	0.6772890899529665
	0.677284633988053
	0.6772859447073121
	0.6772752253675238
	0.6772781470280995
	0.6772782044498616
	0.6772672324586997
	0.677262878294497
	0.6772549596286404
	0.6772535300698074
	0.677253944592309
	0.6772483145005895
	0.6772537726293384
	0.6772474116968838
	0.6772476550463121
	0.6772409676221515
	0.6772290964607817
	0.6772325140859214
	0.6772243740321627
	0.6772138841131969
	0.677215114527558
	0.6772221498479046
	0.6772183844060152
	0.6772230168139735
	0.6772155799185384
	0.6772376179138792
	0.6772376648990917
	0.6772310109670931
	0.6772300486699805
	0.6772232900683824
	0.6772214464976704
	0.6772255447755328
	0.6772182294033239
	0.6772199781270957
	0.6772221413076768
	0.6772302349610906
	0.6772219616070769
	0.67720723376449
	0.677196854784267
	0.6771884915471611
	0.6771843623401468
	0.677190094391021
	0.6771996624100826
	0.6772012910687358
	0.6771995095207121
	0.6771910433588296
	0.6771836711680513
	0.6771865446024066
	0.6771966724558458
	0.6771931689797571
	0.677201958021254
	0.6772036948424702
	0.6771942179796617
	0.6771864179108882
	0.6771929472621849
	0.677186667051748
	0.6771800776192356
	0.677178867580873
	0.6771812417555673
	0.6771750257468653
	0.6771831712781375
	0.6771786697274341
	0.6771916386884198
	0.6771855073795378
	0.6771867489032026
	0.677201796129243
	0.6771956256027741
	0.6772032802127027
	0.6772016842211219
	0.6771963234596893
	0.6771914209478748
	0.6771871721544925
	0.6771877551716369
	0.6771844565429678
	0.6771776767531963
	0.6771788909671432
	0.6771712832306395
	0.6771717534963063
	0.6771711344998462
	0.6771829438602628
	0.6771845530213986
	0.6771850994012172
	0.6771972909052992
	0.677208495590014
	0.6772099695951252
	0.677210358081857
	0.677213997697775
	0.6772256445352215
	0.6772329452411082
	0.6772366845155214
	0.6772418763937945
	0.6772411407266399
	0.6772396227793535
	0.6772414348475241
	0.677237497944734
	0.6772360032962162
	0.6772351274581868
	0.6772480094548164
	0.6772472693223051
	0.6772407572644343
	0.6772352319152698
	0.6772338626357404
	0.6772479319491099
	0.6772517040704282
	0.6772518243701471
	0.6772562415706178
	0.6772550383899525
	0.6772538027657766
	0.6772489186185998
	0.677248895317086
	0.6772494428942516
	0.677246514340339
	0.6772448526243363
	0.677242788811189
	0.67723828164572
	0.6772253336990484
	0.6772214611598039
	0.677209684120057
	0.6772023140501532
	0.6772032331734215
	0.6771981972726
	0.677192183908755
	0.6771945253129712
	0.6771961816049489
	0.6771985825771261
	0.6771915213350207
	0.6771855047673209
	0.6771802142866519
	0.6771791751752807
	0.6771793070820911
	0.6771773411159224
	0.677185434827752
	0.6772011203809124
	0.6771973144375525
	0.6772001614185695
	0.6772005991735185
	0.6772020647307043
	0.677206673593581
	0.6772066097597871
	0.6772160996271008
	0.6772093057121921
	0.6772106461862634
	0.6772111741703759
	0.6772064760083386
	0.6772003103151233
	0.6772010150383888
	0.6772089936481439
	0.677207060842751
	0.6772174981327532
	0.6772121167119111
	0.677214310004523
	0.6772102995517989
	0.6772111315909949
	0.6772102567700804
	0.6772060356479485
	0.6772079414223601
	0.6772063961251419
	0.677204097614534
	0.677197508743427
	0.6771939121962863
	0.6771867399938585
	0.677192642407347
	0.6771989128448019
	0.6771984048043519
	0.6771980658421537
	0.6772057971363594
	0.6772005039489326
	0.6772009899411393
	0.6772060468640572
	0.6772027659552214
	0.6771923219087992
	0.6771917328386231
	0.6771943059561177
	0.6771962821316136
	0.6771989343398853
	0.6771952024005657
	0.6771943611944807
	0.6771951665254157
	0.677194461263348
	0.6771865469126768
	0.6771873762893922
	0.6771837061631213
	0.6771819759562743
	0.6771719517401212
	0.6771608341442303
	0.6771606107883116
	0.6771544062855358
	0.6771479739157317
	0.6771412005568712
	0.6771448115848314
	0.6771495922265333
	0.6771613215485383
	0.6771548827627822
	0.6771489572610465
	0.6771480522328435
	0.6771587957228086
	0.6771638314356554
	0.6771653631911866
	0.6771502465385473
	0.6771438419527448
	0.6771418249713486
	0.6771355196280102
	0.6771388158222602
	0.6771420649110003
	0.6771451491757182
	0.6771432343188123
	0.6771446322297607
	0.6771416043047364
	0.6771380322487883
	0.6771352355142243
	0.677135210821347
	0.6771256290185426
	0.6771221075184659
	0.6771260561069441
	0.6771121275422418
	0.677108149589032
	0.6771160416160468
	0.6771085810407593
	0.6771195265277699
	0.6771183424749723
	0.6771199070841812
	0.677115311791328
	0.6771049199918708
	0.6771039300320805
	0.677094399637862
	0.6770938029369286
	0.677082859833885
	0.6770930587613516
	0.6770904549972153
	0.6770894472752955
	0.677084431197907
	0.677075735115411
	0.6770708935360574
	0.6770628577149285
	0.6770715832825943
	0.6770684826062539
	0.677083510301198
	0.6770751832740893
	0.6770727763641692
	0.6770591853417404
	0.6770613548572545
	0.6770620727388619
	0.677067205771858
	0.6770667674786001
	0.677062137767127
	0.6770649433475053
	0.6770596619593787
	0.6770564441647882
	0.6770570100475124
	0.6770528814691681
	0.6770486872811552
	0.6770456288116005
	0.677043329920643
	0.6770398643915981
	0.6770288204104848
	0.677017615603989
	0.6770161190527036
	0.6770218920340242
	0.677025902225909
	0.6770232399108351
	0.67702375919125
	0.6770285359509873
	0.6770301146973677
	0.6770237197775308
	0.6770354331827442
	0.6770337479842216
	0.6770256593026002
	0.6770218132847804
	0.6770294547660233
	0.6770225193717643
	0.6770279596993217
	0.6770282083195366
	0.6770258269198111
	0.6770254275500102
	0.6770166190428462
	0.6770109480163399
	0.6770090546982122
	0.6769997857528803
	0.6769879688614336
	0.6769953097752487
	0.6769850840788113
	0.6769771645056061
	0.6769714558896632
	0.6769689343455633
	0.6769725881774619
	0.6769785610678852
	0.6769784624247035
	0.6769817177405592
	0.67698050862163
	0.6769795995760239
	0.6769712954280948
	0.6769671144428038
	0.6769599239760338
	0.6769543711799573
	0.6769551519863948
	0.6769521668558331
	0.6769517570252626
	0.6769556113717096
	0.6769484535203164
	0.67694248521969
	0.676948695822979
	0.6769451969437891
	0.6769482931439369
	0.6769454104108991
	0.676952476108639
	0.6769387113373933
	0.6769477249481934
	0.6769387716618219
	0.6769426611429429
	0.676937926781839
	0.6769402670219047
	0.6769375907395088
	0.6769308627779589
	0.6769284643953205
	0.6769330204640227
	0.676938212557359
	0.6769315823817187
	0.6769216194338052
	0.67692137075676
	0.676915283981462
	0.6769160236112964
	0.6769079526028741
	0.6769046148379038
	0.6768967035866144
	0.6769034633472417
	0.6768982622039027
	0.6768982300445442
	0.676903771791488
	0.6769178442631727
	0.6769219200773345
	0.6769198533625663
	0.6769155736568163
	0.6769111192252398
	0.6769150014962909
	0.6769149939371212
	0.676906679376816
	0.6769054523259496
	0.6769043160283216
	0.6768999019734282
	0.6769058275763411
	0.6768954291684488
	0.6768901044698232
	0.6768898611351248
	0.6768935594724711
	0.6769070358785113
	0.6769091742001363
	0.6769099733688325
	0.6769042890911621
	0.6769033233761914
	0.6768995063399311
	0.6769035806385683
	0.6769007028348987
	0.6769036358749488
	0.6769039948321437
	0.6768983503233056
	0.6769049173005501
	0.6769030311776901
	0.6768886039280518
	0.6768849849328152
	0.6768793195255071
	0.6768749148910371
	0.6768746630450587
	0.6768734476317554
	0.6768758592916719
	0.6768771342212073
	0.6768732828543925
	0.6768652097836019
	0.6768624429236105
	0.6768689635860391
	0.6768572467945596
	0.6768625701819929
	0.676857444284923
	0.6768573224080638
	0.676862811685152
	0.6768599494504197
	0.676863357340356
	0.6768653907412554
	0.6768635255107092
	0.6768706387678495
	0.6768656130930334
	0.6768673158147027
	0.6768678004852144
	0.6768628349666116
	0.676862388455072
	0.6768596784370938
	0.676864259500328
	0.6768648443016559
	0.6768666772514984
	0.6768780671968007
	0.6768888959537749
	0.6768882618325328
	0.6768912007093135
	0.6768844764948897
	0.6768884669869887
	0.6768867419345043
	0.6768957690588373
	0.6768988998044402
	0.6768922115435521
	0.6768949920527585
	0.6768950138671289
	0.6768944014050359
	0.6768883740235075
	0.676890617419431
	0.6768882422002209
	0.6768772364197719
	0.6768763431393228
	0.6768743748266907
	0.6768744461566606
	0.6768732419735981
	0.6768651530366986
	0.6768681600885216
	0.6768606911379502
	0.6768586823228019
	0.6768603121473449
	0.6768592151671795
	0.6768585039628885
	0.6768560064061436
	0.676850848681694
	0.6768547809131851
	0.6768450178274055
	0.6768425603601935
	0.6768479439045629
	0.6768584686577019
	0.6768568182348869
	0.6768519282073789
	0.6768576072647512
	0.6768630831921846
	0.6768536415338873
	0.6768567961203312
	0.6768585580466461
	0.6768556937116662
	0.6768533703292041
	0.6768640568685443
	0.6768723423803267
	0.676877298374143
	0.6768750777390349
	0.6768778174321983
	0.6768774224195189
	0.6768848942423538
	0.6768821314897919
	0.6768815632525065
	0.6768785412290869
	0.6768812170775683
	0.6768797189587715
	0.6768852829512954
	0.6768841190269416
	0.676883013022698
	0.6768822238737608
	0.6768867339000884
	0.6768879660786286
	0.676885475212982
	0.6768785983662204
	0.6768809013582608
	0.6768915870669434
	0.676889390517171
	0.6768840625341621
	0.6768815148481407
	0.6768768510627426
	0.6768774042986687
	0.6768749025922381
	0.6768767392650543
	0.6768803671264725
	0.6768787883908971
	0.6768758517138032
	0.6768795366785061
	0.6768794509560514
	0.6768767992538547
	0.6768779859259446
	0.6768775495675666
	0.6768793181319904
	0.6768774537831297
	0.6768722690946521
	0.6768845959435374
	0.6768870346260071
	0.6768934193376105
	0.6768887493601357
	0.6768820463688481
	0.6769041925698431
	0.6768973356510837
	0.6768965429090555
	0.6769191905175341
	0.6769193050821516
	0.6769192052067339
	0.6769219628518837
	0.6769253861233043
	0.6769238682024815
	0.6769246436603343
	0.6769271989433044
	0.6769262432172006
	0.6769389696513439
	0.6769363986926078
	0.6769311247677691
	0.6769303977636281
	0.6769267854405624
	0.676927259817834
	0.6769184086710932
	0.6769244174298334
	0.6769316338336983
	0.6769383645327313
	0.6769385962165004
	0.6769322130704525
	0.676930495787685
	0.6769291572509739
	0.6769240754312176
	0.6769215579824652
	0.6769230473353148
	0.6769177265880126
	0.676918723955868
	0.6769146806691048
	0.6769027335049461
	0.6769054127664242
	0.6769072832869951
	0.6768985026729538
	0.6769022766616001
	0.6769120723014022
	0.6769135495088751
	0.6769139552369838
	0.6769151239358955
	0.676919671866532
	0.6769228953598665
	0.6769228283095394
	0.6769199566888918
	0.676927735421987
	0.6769218821130224
	0.6769236209613761
	0.6769196995385465
	0.6769164896274945
	0.6769312079897227
	0.6769297949436736
	0.6769389774814839
	0.676942087454536
	0.6769411968219723
	0.676951078140788
	0.6769526656952388
	0.676962629914535
	0.6769548386984933
	0.6769550396140226
	0.6769513609813755
	0.6769553060787872
	0.6769420917425274
	0.6769376812968891
	0.6769272492219112
	0.6769343182313988
	0.6769344525842187
	0.6769376971519963
	0.6769322649189081
	0.6769275894897823
	0.6769276384601011
	0.6769417548506506
	0.6769421426510167
	0.6769340922885634
	0.6769306023226215
	0.6769349861035959
	0.6769389564494211
	0.6769386727759044
	0.6769393694799779
	0.676938435158583
	0.6769455381009574
	0.6769482823979509
	0.6769491006191766
	0.6769478915661925
	0.676953413178139
	0.6769525151348478
	0.6769591928017498
	0.6769493467301629
	0.6769460897277363
	0.6769424698504647
	0.6769418969054359
	0.6769432349535234
	0.6769518325103345
	0.6769505393481974
	0.6769544905093061
	0.6769556747744654
	0.676960412874549
	0.6769600036751089
	0.6769518048851698
	0.6769483009746106
	0.676946024814182
	0.6769479267038695
	0.676946298629792
	0.6769409154489799
	0.6769418656480286
	0.6769410144379119
	0.6769354395984198
	0.6769352641514753
	0.6769350620693017
	0.6769391276917732
	0.6769492833038897
	0.6769505039718176
	0.676953959495547
	0.6769641190408298
	0.6769531021208214
	0.6769500698389929
	0.6769526424539336
	0.6769472994484449
	0.6769454214058483
	0.6769340813575853
	0.676926583431739
	0.67692522654047
	0.6769218125424159
	0.6769256721787968
	0.6769275009593967
	0.6769273963073121
	0.6769294808020813
	0.676931681220311
	0.6769404423710779
	0.6769231714903111
	0.6769257960539158
	0.6769252504003845
	0.6769445260626634
	0.6769462256031723
	0.6769470515530404
	0.6769468963691925
	0.6769454777432244
	0.6769546547444204
	0.6769488226596715
	0.6769481420241624
	0.6769484499870947
	0.6769492220173164
	0.6769419943599918
	0.6769477963672222
	0.6769432163677603
	0.676946035831646
	0.6769497262418089
	0.676963203390394
	0.6769583589411424
	0.6769553944221414
	0.6769502819922109
	0.6769418204838822
	0.6769445956961281
	0.676941198522074
	0.6769466279787889
	0.676947899199509
	0.6769441778859449
	0.6769441202355974
	0.6769401182618593
	0.6769401544797332
	0.6769461008560043
	0.6769439070295374
	0.6769467422349258
	0.6769449209739542
	0.6769467494422692
	0.6769481437559773
	0.6769465500920049
	0.6769412152543336
	0.6769341028027799
	0.6769257639902008
	0.6769274593197232
	0.6769329888995264
	0.6769321328752123
	0.6769385017232118
	0.6769424314204691
	0.6769445682778592
	0.6769404012395969
	0.6769407631381085
	0.6769476666527975
	0.6769412080580696
	0.676937050978207
	0.6769330237773385
	0.6769287975018119
	0.6769275788988276
	0.6769246051292892
	0.6769224776907122
	0.6769321669881596
	0.6769381334818065
	0.6769326049214467
	0.6769319372482998
	0.6769297365511217
	0.6769241957488594
	0.6769188085689491
	0.6769143343105888
	0.676913398157315
	0.6769088731068669
	0.6769031313942432
	0.6768938400256882
	0.6768957572188012
	0.6768898078472063
	0.6768875963219598
	0.6768910220740415
	0.6768818582479332
	0.6768845062334342
	0.6768805937202601
	0.6768736871368216
	0.6768738184440479
	0.6768803880003663
	0.6768867815616348
	0.676888751335135
	0.6768922701908626
	0.6768946693712461
	0.6768979884262876
	0.6769001108678523
	0.6769026223486679
	0.676898965496942
	0.6768954206533689
	0.6769005051807438
	0.6769071575371853
	0.6769115395766202
	0.6769160830815267
	0.6769105401828003
	0.6769148648799823
	0.6769121070688919
	0.6769089242380092
	0.676911345541669
	0.6769094276846701
	0.6769072685008775
	0.676908295807556
	0.6769054466690344
	0.6769075446382634
	0.6769068290896203
	0.6769158841841679
	0.6769190983929271
	0.6769244088252847
	0.6769231911328165
	0.6769224235693779
	0.676920719313894
	0.6769336786374905
	0.6769291630963817
	0.6769309413338218
	0.6769254144853972
	0.6769264980268872
	0.6769250399544053
	0.6769207101545912
	0.6769244806267511
	0.6769247361783405
	0.6769204234476573
	0.6769241860908282
	0.6769285892275914
	0.6769397937202484
	0.6769411360944316
	0.6769371141752821
	0.6769435781220782
	0.6769508389554331
	0.6769477283049171
	0.6769444881292044
	0.6769384403410065
	0.6769540126265527
	0.6769568315737688
	0.6769468519479006
	0.6769385063014561
	0.676932936661305
	0.6769216953316466
	0.6769196707175356
	0.6769246987430194
	0.6769218639748232
	0.6769206824093817
	0.6769184539760188
	0.6769151434345457
	0.6769201044198113
	0.6769224681244107
	0.6769226348126448
	0.676922680583193
	0.6769115417412598
	0.6769078658863111
	0.6769058746522871
	0.6768975866102123
	0.6768970357599089
	0.676900029727875
	0.6768986991255035
	0.6768985388106752
	0.6768940748251435
	0.6768930731107352
	0.6768989252450376
	0.6768962575065587
	0.6768937903102151
	0.6768865862412303
	0.6768905996537038
	0.6768911728001971
	0.6768969884172827
	0.6768949284874949
	0.6768909068338546
	0.6768938788810978
	0.676889868571587
	0.6768895557760136
	0.6768924296998502
	0.6768907389863871
	0.6768893641951886
	0.6768884490032354
	0.676894437383663
	0.6769028944271844
	0.6769037534424004
	0.6768977239383862
	0.6769075323049186
	0.6769153002869609
	0.6769085743279779
	0.676912369473933
	0.6769104778314232
	0.6769073420843508
	0.6769098006326988
	0.6768985354125546
	0.676899230862861
	0.6769138736981734
	0.6769128133534925
	0.6769257297163832
	0.6769229559745967
	0.6769117561123411
	0.6769055898321061
	0.676903432166533
	0.6769040147998684
	0.6768957167038694
	0.6769011421100453
	0.6769043450644905
	0.6769072724248993
	0.6769105162937324
	0.6769202961155752
	0.6769190176884782
	0.6769272911394579
	0.6769310682516769
	0.6769286373618599
	0.6769346076077772
	0.6769274828248419
	0.6769304126021183
	0.6769278206301651
	0.6769297874137139
	0.6769211591635005
	0.6769176328403392
	0.6769198858598442
	0.6769260567653569
	0.6769180551649421
	0.676907138127938
	0.6769100758529617
	0.6769110193150669
	0.6769012680217791
	0.6769028008622221
	0.676909447742112
	0.6769037920367265
	0.6769005172687095
	0.6768953655257374
	0.6769015340864565
	0.6769005659896408
	0.6768956533356304
	0.6768914352682758
	0.6768889586731792
	0.6768949904499443
	0.6769073157145206
	0.6769042138481537
	0.6769076020711802
	0.6769145130364073
	0.6769193590437139
	0.6769131295782244
	0.6769096044682131
	0.6769102614998969
	0.6769121458947377
	0.6769082287518148
	0.6769185257223834
	0.6769157857122552
	0.676915443126548
	0.67691234772473
	0.6769123343838083
	0.676906097725849
	0.6769004245092779
	0.6768974700597038
	0.6768961590493641
	0.676896644707333
	0.6768976941750986
	0.6769013075525062
	0.6769069777744299
	0.6769065758416973
	0.6769051725793146
	0.6769045813413918
	0.6768967437124374
	0.6769072354219514
	0.6769064595357063
	0.6769139354764875
	0.6769116953112159
	0.6769092979728056
	0.676904292866753
	0.676905028315222
	0.6769133761683271
	0.676912695424206
	0.6769163669982858
	0.6769128833827991
	0.6769091348631582
	0.6769103936859374
	0.6769083945373794
	0.6769216059977243
	0.6769252927666236
	0.6769289092872255
	0.6769368442788812
	0.6769337669000927
	0.6769414282505946
	0.6769538144921293
	0.676961248460381
	0.6769707070436677
	0.6769600242356338
	0.6769581840038681
	0.6769602121222204
	0.6769593200044198
	0.6769679734586055
	0.6769697943890052
	0.6769766860079044
	0.6769746939450721
	0.6769778093725373
	0.6769913466657488
	0.6769842591174161
	0.6769825765785014
	0.6769903516297444
	0.6769875603946587
	0.6769908325590672
	0.6769917103296262
	0.6769873532823336
	0.6769837124276448
	0.6769860199906844
	0.6769833940909884
	0.676982816397964
	0.6769937238950421
	0.6769910783283478
	0.6769916184013287
	0.6769910314221659
	0.676991418634524
	0.6769882547135625
	0.6769962042770283
	0.6769978259893312
	0.6770047942751118
	0.6770106862718624
	0.6770159579154249
	0.6770235425639034
	0.6770187591291106
	0.6770201608903604
	0.6770215456480254
	0.6770161505172341
	0.6770172605350537
	0.6770198660022689
	0.6770188690589201
	0.6770277987485203
	0.6770218086010446
	0.6770209751318684
	0.6770159050160754
	0.6770115437020986
	0.6770125714252914
	0.6770046707006572
	0.6770028443696448
	0.6770063012513668
	0.6770126948072437
	0.6770090874631469
	0.6769995130915242
	0.6769953197619956
	0.677003605177943
	0.6770068568915464
	0.6770037674023442
	0.676999010955086
	0.6769969205129114
	0.676997371706955
	0.6770015618199435
	0.6770054793091745
	0.6769976601687268
	0.6770051066851535
	0.6770017942839205
	0.6770014272265028
	0.6769964325018749
	0.6769957310156384
	0.677001693876589
	0.6769945317336604
	0.6770003753994863
	0.6769948613622566
	0.6769968314192781
	0.6770079015018563
	0.6770136960584596
	0.6770091306214734
	0.6770068336124455
	0.6770172002481311
	0.6770205389025269
	0.6770113831208933
	0.6770073670043969
	0.6770043863169034
	0.6770046939770836
	0.6770114362060082
	0.6770077884185837
	0.677009481294218
	0.6770073335022175
	0.6770043258449526
	0.6770118663330081
	0.677007124399203
	0.677012451498434
	0.6770140317444274
	0.6770215945044814
	0.6770124238706502
	0.6770075765077739
	0.6770049959553365
	0.6770091301011801
	0.6770141905058267
	0.6770046011801644
	0.6770050758932081
	0.677004709428736
	0.6770024379674388
	0.6770019723393681
	0.6769952619250039
	0.6769917486876288
	0.6769907384412431
	0.6769915237210675
	0.6769933364108934
	0.6769922731296013
	0.6769900020151289
	0.6769906090606609
	0.6770050656304846
	0.6769963178949078
	0.6769947249963127
	0.677009817320949
	0.6769989725987448
	0.6770038114099862
	0.6769993102518421
	0.6769978358730316
	0.6769953428288946
	0.6770003897772757
	0.6769947266920937
	0.6769982812887769
	0.6770025588017226
	0.676997720101836
	0.6770122133924232
	0.677007236770055
	0.6770036845135607
	0.677010532846074
	0.6770058631343576
	0.6770097933610372
	0.6770055749644585
	0.6770097752000236
	0.6770095579020322
	0.6770124173146921
	0.6770105529962439
	0.6770036199004648
	0.6770074779597692
	0.6770076234495127
	0.6770045486432709
	0.676995098149092
	0.6769976140115687
	0.6769913189621025
	0.6769852840959538
	0.676976538049605
	0.6769786625149546
	0.6769679778807031
	0.6769722280927744
	0.6769721476336845
	0.6769649570096885
	0.6769695060280788
	0.6769582752580605
	0.6769665165025934
	0.6769660850194446
	0.676954960976986
	0.676972835628534
	0.6769784080610999
	0.6769721095253485
	0.6769603785461654
	0.6769672243377319
	0.6769602628724305
	0.6769589854793838
	0.6769618051876763
	0.6769564404074132
	0.6769683823729209
	0.6769626541178159
	0.6769562290203677
	0.6769579665803243
	0.6769498603836612
	0.6769468369492792
	0.6769486135915255
	0.676949108112139
	0.6769532092095975
	0.676950094573314
	0.6769485646249274
	0.6769533677409454
	0.6769517553719224
	0.6769451960328767
	0.6769514932920155
	0.6769533535661415
	0.6769514375217935
	0.6769501498165634
	0.6769667540037624
	0.6769662302973224
	0.6769581388325704
	0.6769629079962172
	0.6769726779993572
	0.6769738778114842
	0.6769777519451898
	0.6769776899227584
	0.6769765838548366
	0.6769737119144157
	0.6769726490998195
	0.6769694882489136
	0.6769776002969209
	0.6769762330103881
	0.6769741906186314
	0.6769769482218264
	0.6769694513556074
	0.676973106990699
	0.676972404214336
	0.6769778396426857
	0.6769849244330242
	0.6769845753796038
	0.6769863722709816
	0.6769805912276029
	0.6769857078783079
	0.6769877209742425
	0.6769889372055042
	0.6769914849540438
	0.6769912054385833
	0.6769932516639395
	0.6769976595251306
	0.6769936577036292
	0.6769897263124455
	0.6769853151818365
	0.6769867204212905
	0.6769860399626086
	0.6769849026069789
	0.6769792361317495
	0.6769853024243473
	0.6769886471907431
	0.6769830581147867
	0.6769805590254657
	0.6769804967039809
	0.6769865933220955
	0.6769882811573266
	0.6769839921842962
	0.6769764183166348
	0.6769705328349365
	0.6769684550332278
	0.6769615032700805
	0.6769601483056936
	0.6769503911952333
	0.676948746247897
	0.6769547955718
	0.6769600236857246
	0.6769628116847876
	0.6769627215387265
	0.6769685009816905
	0.6769651215280995
	0.6769643339078536
	0.6769704899487211
	0.6769665471490958
	0.6769676928211534
	0.6769703010062657
	0.67696690307588
	0.6769641957655199
	0.6769640967486394
	0.6769609104345827
	0.6769655729055578
	0.6769678578235016
	0.6769635148501745
	0.6769657599166645
	0.6769651471950127
	0.6769617640005325
	0.6769687298971965
	0.6769692959514366
	0.6769745762833931
	0.6769793979340256
	0.676982193191149
	0.6769875899577205
	0.67698606797333
	0.6769810372257322
	0.676979366001497
	0.6769809960589267
	0.676983685371054
	0.676988780281062
	0.6769906548019661
	0.6769963969641828
	0.6769973734073169
	0.6769937272805389
	0.67698575968807
	0.6769861332901058
	0.6769816846603957
	0.676976821430869
	0.676981362403177
	0.6769812706537766
	0.6769708043415975
	0.6769651846115385
	0.676969105996428
	0.6769737339931026
	0.6769759213315538
	0.6769720833698714
	0.6769692433980549
	0.6769702586708791
	0.676965287651925
	0.6769651329481989
	0.676964314109604
	0.6769699551990932
	0.676964579156455
	0.6769706987571708
	0.6769632849019172
	0.6769740710834037
	0.6769707665127728
	0.6769710442457422
	0.6769661837484213
	0.6769667116613939
	0.6769718755902268
	0.6769793050285159
	0.6769849652552541
	0.6769827274109301
	0.6769853444590315
	0.6769809006283858
	0.6769786162365238
	0.6769770519086034
	0.6769744623141885
	0.6769764525171286
	0.6769814877087407
	0.6769807799762214
	0.6769760023186198
	0.6769756635594467
	0.676973592811355
	0.6769784360349219
	0.6769808602477739
	0.6769815652119395
	0.6769826590137961
	0.6769844382505479
	0.6769758585924909
	0.6769683724078362
	0.6769704988573464
	0.676976483116732
	0.6769741943621825
	0.6769695543437508
	0.6769639992952944
	0.6769608994667421
	0.6769626098794446
	0.6769627000331774
	0.6769647321216957
	0.6769624278191398
	0.6769644212832893
	0.6769703801614962
	0.6769692960166239
	0.6769697949379562
	0.6769723993569283
	0.6769716958822833
	0.6769709134434871
	0.676967949414512
	0.6769598252976097
	0.6769684049637235
	0.6769712272251683
	0.6769757828772032
	0.6769840566224102
	0.6769877038166275
	0.6769869080000877
	0.6769815479739919
	0.6769784670448457
	0.6769794232211351
	0.6769753323470235
	0.6769702165886992
	0.6769733754948979
	0.6769777959116327
	0.6769755589614077
	0.676974778670538
	0.6769704198089903
	0.6769704534616436
	0.6769639586934626
	0.6769687042578441
	0.6769695777161271
	0.6769726691882494
	0.6769695722342453
	0.6769703072041265
	0.6769684937987229
	0.6769658979556528
	0.6769570024730829
	0.6769557579528008
	0.6769599303227487
	0.6769630679848788
	0.6769610617080882
	0.6769539578185385
	0.6769479914959179
	0.6769425624836725
	0.6769389861855244
	0.6769420907818247
	0.6769509748623486
	0.6769507938994298
	0.6769519946530093
	0.676960545003352
	0.6769621491169642
	0.6769638814433082
	0.6769637211173887
	0.6769628814085191
	0.676957719475432
	0.6769490657632136
	0.6769565490641584
	0.676948584239719
	0.6769553100869086
	0.6769538258154184
	0.6769499487462106
	0.6769467706592264
	0.6769370147550372
	0.6769281062216082
	0.6769203237996836
	0.6769247956890081
	0.6769260941903877
	0.6769347164878441
	0.676935866814504
	0.6769358382210102
	0.6769440322912827
	0.6769471425895179
	0.6769430433248537
	0.6769399037706944
	0.6769476390466679
	0.6769495529439836
	0.676952124976887
	0.6769549729567625
	0.6769554691114837
	0.6769565022512248
	0.6769551337976445
	0.676954491411275
	0.6769659866112833
	0.6769671129408984
	0.6769668488186906
	0.6769740944593122
	0.6769763792472837
	0.676978198702085
	0.6769888278806624
	0.6769876486298801
	0.6769902756395567
	0.6769901268470712
	0.6769879702051917
	0.6769875426985195
	0.6769905383245369
	0.6769919386982036
	0.6769901027203266
	0.6769796972236557
	0.6769763536621412
	0.676969877038611
	0.676973127203223
	0.6769738447228947
	0.6769728322897958
	0.6769730168021624
	0.6769691541285467
	0.6769539585198058
	0.6769555471238685
	0.6769577816921382
	0.6769635697719923
	0.6769639258846909
	0.6769636357712859
	0.6769636846015864
	0.676959805282328
	0.6769511413985869
	0.6769549728203111
	0.6769566279611169
	0.6769555229566292
	0.6769556061186457
	0.6769628644013194
	0.6769571395910918
	0.6769621128082359
	0.6769590400907233
	0.6769541399242736
	0.6769561306675805
	0.676959938325666
	0.6769545087555098
	0.6769623454183699
	0.676964891702895
	0.6769690676532413
	0.6769806269374407
	0.6769854397752667
	0.6769865313494687
	0.6769959090572099
	0.6769984567274442
	0.6769912772230104
	0.6769876093741388
	0.6769803094360073
	0.6769826651454154
	0.6769826368250846
	0.6769720282244458
	0.6769771797109689
	0.6769753503045294
	0.6769793770914901
	0.6769791794421604
]