[
	0.6720916628837585
	0.6720972061157227
	0.6720995306968689
	0.6721144318580627
	0.6721419095993042
	0.6721500158309937
	0.6721498370170593
	0.672149121761322
	0.6721504926681519
	0.6721627116203308
	0.6721778512001038
	0.6721967458724976
	0.672202467918396
	0.6722120046615601
	0.6722142100334167
	0.6722362041473389
	0.6722472310066223
	0.6722635626792908
	0.6722819209098816
	0.6722992062568665
	0.6723125576972961
	0.6723197102546692
	0.6723201870918274
	0.672332763671875
	0.6723450422286987
	0.6723694205284119
	0.6723893284797668
	0.6724086999893188
	0.6724257469177246
	0.672439455986023
	0.672463595867157
	0.6724818348884583
	0.6724774837493896
	0.6724929213523865
	0.6725121736526489
	0.6725391149520874
	0.6725414395332336
	0.6725542545318604
	0.6725722551345825
	0.6725724339485168
	0.6725884675979614
	0.6726195216178894
	0.6726326942443848
	0.6726500391960144
	0.6726524829864502
	0.672668993473053
	0.6726980209350586
	0.6727237105369568
	0.6727675199508667
	0.6727800965309143
	0.672785222530365
	0.6728029251098633
	0.672829806804657
	0.6728385090827942
	0.6728474497795105
	0.6728726625442505
	0.6728899478912354
	0.6729132533073425
	0.6729373335838318
	0.6729482412338257
	0.672974169254303
	0.6730003952980042
	0.6730212569236755
	0.6730397343635559
	0.6730706095695496
	0.6730771660804749
	0.6731056571006775
	0.6731084585189819
	0.673138439655304
	0.6731662750244141
	0.6731827259063721
	0.6732031106948853
	0.6732245087623596
	0.6732462644577026
	0.6732836365699768
	0.673290491104126
	0.6733139157295227
	0.6733232736587524
	0.6733648777008057
	0.6733798980712891
	0.6733992099761963
	0.6734141707420349
	0.6734442710876465
	0.6734645962715149
	0.6734694838523865
	0.673493504524231
	0.6735060214996338
	0.6735424995422363
	0.6735658049583435
	0.673586368560791
	0.6736165285110474
	0.6736535429954529
	0.6736818552017212
	0.6736934185028076
	0.6737218499183655
	0.6737297773361206
	0.6737544536590576
	0.6737867593765259
	0.6738171577453613
	0.673852264881134
	0.6738826036453247
	0.6739065051078796
	0.673937201499939
	0.6739587783813477
	0.673990786075592
	0.6740111112594604
	0.6740285754203796
	0.6740438342094421
	0.6740840673446655
	0.6741143465042114
	0.6741387844085693
	0.6741601824760437
	0.6741902828216553
	0.6742238998413086
	0.6742549538612366
	0.674283504486084
	0.674321711063385
	0.6743559241294861
	0.6743894815444946
	0.6744069457054138
	0.6744340062141418
	0.6744716763496399
	0.6745002269744873
	0.6745290160179138
	0.6745668053627014
	0.6745951771736145
	0.6746299266815186
	0.67464679479599
	0.6746736168861389
	0.674710214138031
	0.674736738204956
	0.674776554107666
	0.6747955679893494
	0.6748254299163818
	0.674860417842865
	0.6748750805854797
	0.6748989820480347
	0.6749342083930969
	0.6749659180641174
	0.6749951243400574
	0.6750308275222778
	0.6750562787055969
	0.6750795245170593
	0.675122857093811
	0.6751478314399719
	0.6751810908317566
	0.6752117872238159
	0.675235390663147
	0.6752585768699646
	0.6752815842628479
	0.6753188967704773
	0.6753426194190979
	0.6753789186477661
	0.6754017472267151
	0.6754212975502014
	0.6754519939422607
	0.6754674315452576
	0.6754918694496155
	0.6755185127258301
	0.6755473613739014
	0.6755803823471069
	0.6756001710891724
	0.6756277680397034
	0.6756540536880493
	0.6756851077079773
	0.6757066249847412
	0.6757426857948303
	0.6757760643959045
	0.6757987141609192
	0.6758342981338501
	0.6758763194084167
	0.6759123206138611
	0.6759398579597473
	0.6759648323059082
	0.6760005354881287
	0.6760395169258118
	0.6760603785514832
	0.6760810613632202
	0.6761097311973572
	0.676131010055542
	0.6761641502380371
	0.6761971712112427
	0.676227331161499
	0.6762611269950867
	0.6762908697128296
	0.6763245463371277
	0.6763581037521362
	0.6763816475868225
	0.6764164566993713
	0.6764528751373291
	0.6764867305755615
	0.6765206456184387
	0.6765623092651367
	0.67658931016922
	0.6766300797462463
	0.6766638159751892
	0.6767044067382812
	0.6767323613166809
	0.676763117313385
	0.6767916083335876
	0.6768378615379333
	0.676864743232727
	0.6768959164619446
	0.676934003829956
	0.6769694685935974
	0.6770120859146118
	0.6770501136779785
	0.6770747900009155
	0.6771107316017151
	0.6771603226661682
	0.6771900653839111
	0.6772310733795166
	0.6772682070732117
	0.6772881746292114
	0.6773252487182617
	0.677359938621521
	0.6773947477340698
	0.6774319410324097
	0.677473783493042
	0.6775230169296265
	0.677557110786438
	0.6775923371315002
	0.6776186227798462
	0.6776412129402161
	0.6776692271232605
	0.6777123212814331
	0.6777518391609192
	0.6777912974357605
	0.677819013595581
	0.6778442859649658
	0.6778815388679504
	0.6779226064682007
	0.6779571771621704
	0.6779990792274475
	0.678037166595459
	0.6780731081962585
	0.6780908107757568
	0.6781234741210938
	0.6781622767448425
	0.6782042384147644
	0.6782357096672058
	0.6782773733139038
	0.678314745426178
	0.6783356666564941
	0.6783654689788818
	0.6784043312072754
	0.6784369349479675
	0.6784757375717163
	0.6784940361976624
	0.6785293817520142
	0.6785618662834167
	0.6785937547683716
	0.6786279678344727
	0.6786580681800842
	0.6786942481994629
	0.6787312626838684
	0.6787598729133606
	0.6787776350975037
	0.6788079738616943
	0.6788374781608582
	0.6788785457611084
	0.6789105534553528
	0.6789431571960449
	0.6789843440055847
	0.6790362000465393
	0.679071843624115
	0.6791035532951355
	0.6791390180587769
	0.6791744232177734
	0.6792101263999939
	0.6792431473731995
	0.679287314414978
	0.6793168783187866
	0.6793546676635742
	0.6793962121009827
	0.6794401407241821
	0.6794618964195251
	0.6794965863227844
	0.6795356869697571
	0.6795733571052551
	0.6796218752861023
	0.6796531081199646
	0.6796907186508179
	0.6797304153442383
	0.6797739863395691
	0.6798116564750671
	0.6798505187034607
	0.6798849701881409
	0.6799261569976807
	0.6799618005752563
	0.6800029873847961
	0.6800330281257629
	0.6800614595413208
	0.6800880432128906
	0.6801224946975708
	0.6801526546478271
	0.6801959276199341
	0.6802393198013306
	0.6802875399589539
	0.6803228259086609
	0.6803499460220337
	0.6804015040397644
	0.6804490089416504
	0.6804962754249573
	0.6805360317230225
	0.680573046207428
	0.6806057691574097
	0.6806468367576599
	0.6806616187095642
	0.6806983947753906
	0.6807310581207275
	0.6807746291160583
	0.6808140873908997
	0.6808573603630066
	0.6808953881263733
	0.680935800075531
	0.680977463722229
	0.681007981300354
	0.6810528635978699
	0.681091845035553
	0.6811382174491882
	0.6811724901199341
	0.6812194585800171
	0.6812530755996704
	0.6812981963157654
	0.6813370585441589
	0.6813787221908569
	0.6814249157905579
	0.6814687252044678
	0.6815187335014343
	0.6815612316131592
	0.6816002726554871
	0.6816557049751282
	0.6816913485527039
	0.6817412376403809
	0.6817764639854431
	0.6818163394927979
	0.6818534135818481
	0.6818801164627075
	0.6819191575050354
	0.6819494366645813
	0.6819797158241272
	0.682011604309082
	0.6820369362831116
	0.6820598840713501
	0.6821046471595764
	0.6821451783180237
	0.6821913123130798
	0.6822296977043152
	0.6822644472122192
	0.682302713394165
	0.682349443435669
	0.6823901534080505
	0.6824274063110352
	0.6824641227722168
	0.6824973225593567
	0.6825407147407532
	0.682593584060669
	0.6826336979866028
	0.6826727390289307
	0.6827146410942078
	0.6827595233917236
	0.6828010082244873
	0.6828339099884033
	0.6828746199607849
	0.682917594909668
	0.6829624772071838
	0.6829947829246521
	0.6830330491065979
	0.6830633282661438
	0.6831164360046387
	0.6831570267677307
	0.6831991672515869
	0.6832554340362549
	0.683297872543335
	0.683341383934021
	0.6833804845809937
	0.6834271550178528
	0.6834745407104492
	0.6835035681724548
	0.6835455298423767
	0.6835974454879761
	0.6836298108100891
	0.6836633682250977
	0.6837067008018494
	0.6837600469589233
	0.6837823390960693
	0.6838240623474121
	0.6838547587394714
	0.6838820576667786
	0.683914840221405
	0.6839450597763062
	0.6839922070503235
	0.684033215045929
	0.6840838193893433
	0.6841229200363159
	0.6841737627983093
	0.6842101812362671
	0.684253454208374
	0.6842929124832153
	0.6843221187591553
	0.6843655109405518
	0.6844070553779602
	0.6844449639320374
	0.6844906210899353
	0.6845218539237976
	0.6845699548721313
	0.6846045851707458
	0.6846447587013245
	0.6846868395805359
	0.6847275495529175
	0.6847729682922363
	0.6848165392875671
	0.6848540902137756
	0.6849005818367004
	0.6849250793457031
	0.6849643588066101
	0.6849883198738098
	0.6850154399871826
	0.685053825378418
	0.6850859522819519
	0.6851122975349426
	0.6851425766944885
	0.6851785778999329
	0.6852164268493652
	0.6852605938911438
	0.6853066086769104
	0.6853507161140442
	0.6853799819946289
	0.6854151487350464
	0.6854570508003235
	0.6855027079582214
	0.6855307817459106
	0.6855722069740295
	0.6856216788291931
	0.6856659650802612
	0.6857098937034607
	0.6857588291168213
	0.6857982873916626
	0.6858352422714233
	0.6858595609664917
	0.6858913898468018
	0.6859337091445923
	0.6859719753265381
	0.6859949827194214
	0.6860387325286865
	0.6860886812210083
	0.6861143112182617
	0.6861646771430969
	0.686199426651001
	0.686231255531311
	0.6862785220146179
	0.6863181591033936
	0.6863667964935303
	0.6864086985588074
	0.6864503026008606
	0.6864848732948303
	0.6865252256393433
	0.6865544319152832
	0.6866050362586975
	0.6866418123245239
	0.6866812705993652
	0.6867250204086304
	0.6867709159851074
	0.6868170499801636
	0.6868504881858826
	0.686894416809082
	0.6869396567344666
	0.6869751811027527
	0.6870343089103699
	0.6870753765106201
	0.6871007680892944
	0.6871365308761597
	0.6871816515922546
	0.6872110962867737
	0.687242329120636
	0.6872747540473938
	0.6873169541358948
	0.6873548030853271
	0.6873979568481445
	0.6874414086341858
	0.6874661445617676
	0.6875002384185791
	0.6875454783439636
	0.6875998377799988
	0.687648355960846
	0.6876938939094543
	0.6877416372299194
	0.6877648234367371
	0.6878078579902649
	0.6878547072410583
	0.6879045963287354
	0.6879558563232422
	0.6879938244819641
	0.6880353689193726
	0.6880807876586914
	0.6881232857704163
	0.6881729364395142
	0.6882062554359436
	0.6882535815238953
	0.6882960796356201
	0.0
	0.0
	0.0
	0.0
	0.0
	0.0
	0.0
	0.0
	0.0
	0.0
	0.0
	0.0
	0.0
	0.0
	0.0
	0.0
	0.0
	0.0
	0.0
	0.0
	0.0
	0.0
	0.0
	0.0
	0.0
	0.0
	0.0
	0.0
	0.0
	0.0
	0.0
	0.0
	0.0
	0.0
	0.0
	0.0
	0.0
	0.0
	0.0
	0.0
	0.0
	0.0
	0.0
	0.0
	0.0
	0.0
	0.0
	0.0
	0.0
	0.0
	0.0
	0.0
	0.0
	0.0
	0.0
	0.0
	0.0
	0.0
	0.0
	0.0
	0.0
	0.0
	0.0
	0.0
	0.0
	0.0
	0.0
	0.0
	0.0
	0.0
	0.0
	0.0
	0.0
	0.0
	0.0
	0.0
	0.0
	0.0
	0.0
	0.0
	0.0
	0.0
	0.0
	0.0
	0.0
	0.0
	0.0
	0.0
	0.0
	0.0
	0.0
	0.0
	0.0
	0.0
	0.0
	0.0
	0.0
	0.0
	0.0
	0.0
	0.0
	0.0
	0.0
	0.0
	0.0
	0.0
	0.0
	0.0
	0.0
	0.0
	0.0
	0.0
	0.0
	0.0
	0.0
	0.0
	0.0
	0.0
	0.0
	0.0
	0.0
	0.0
	0.0
	0.0
	0.0
	0.0
	0.0
	0.0
	0.0
	0.0
	0.0
	0.0
	0.0
	0.0
	0.0
	0.0
	0.0
	0.0
	0.0
	0.0
	0.0
	0.0
	0.0
	0.0
	0.0
	0.0
	0.0
	0.0
	0.0
	0.0
	0.0
	0.0
	0.0
	0.0
	0.0
	0.0
	0.0
	0.0
	0.0
	0.0
	0.0
	0.0
	0.0
	0.0
	0.0
	0.0
	0.0
	0.0
	0.0
	0.0
	0.0
	0.0
	0.0
	0.0
	0.0
	0.0
	0.0
	0.0
	0.0
	0.0
	0.0
	0.0
	0.0
	0.0
	0.0
	0.0
	0.0
	0.0
	0.0
	0.0
	0.0
	0.0
	0.0
	0.0
	0.0
	0.0
	0.0
	0.0
	0.0
	0.0
	0.0
	0.0
	0.0
	0.0
	0.0
	0.0
	0.0
	0.0
	0.0
	0.0
	0.0
	0.0
	0.0
	0.0
	0.0
	0.0
	0.0
	0.0
	0.0
	0.0
	0.0
	0.0
	0.0
	0.0
	0.0
	0.0
	0.0
	0.0
	0.0
	0.0
	0.0
	0.0
	0.0
	0.0
	0.0
	0.0
	0.0
	0.0
	0.0
	0.0
	0.0
	0.0
	0.0
	0.0
	0.0
	0.0
	0.0
	0.0
	0.0
	0.0
	0.0
	0.0
	0.0
	0.0
	0.0
	0.0
	0.0
	0.0
	0.0
	0.0
	0.0
	0.0
	0.0
	0.0
	0.0
	0.0
	0.0
	0.0
	0.0
	0.0
	0.0
	0.0
	0.0
	0.0
	0.0
	0.0
	0.0
	0.0
	0.0
	0.0
	0.0
	0.0
	0.0
	0.0
	0.0
	0.0
	0.0
	0.0
	0.0
	0.0
	0.0
	0.0
	0.0
	0.0
	0.0
	0.0
	0.0
	0.0
	0.0
	0.0
	0.0
	0.0
	0.0
	0.0
	0.0
	0.0
	0.0
	0.0
	0.0
	0.0
	0.0
	0.0
	0.0
	0.0
	0.0
	0.0
	0.0
	0.0
	0.0
	0.0
	0.0
	0.0
	0.0
	0.0
	0.0
	0.0
	0.0
	0.0
	0.0
	0.0
	0.0
	0.0
	0.0
	0.0
	0.0
	0.0
	0.0
	0.0
	0.0
	0.0
	0.0
	0.0
	0.0
	0.0
	0.0
	0.0
	0.0
	0.0
	0.0
	0.0
	0.0
	0.0
	0.0
	0.0
	0.0
	0.0
	0.0
	0.0
	0.0
	0.0
	0.0
	0.0
	0.0
	0.0
	0.0
	0.0
	0.0
	0.0
	0.0
	0.0
	0.0
	0.0
	0.0
	0.0
	0.0
	0.0
	0.0
	0.0
	0.0
	0.0
	0.0
	0.0
	0.0
	0.0
	0.0
	0.0
	0.0
	0.0
	0.0
	0.0
	0.0
	0.0
	0.0
	0.0
	0.0
	0.0
	0.0
	0.0
	0.0
	0.0
	0.0
	0.0
	0.0
	0.0
	0.0
	0.0
	0.0
	0.0
	0.0
	0.0
	0.0
	0.0
	0.0
	0.0
	0.0
	0.0
	0.0
	0.0
	0.0
	0.0
	0.0
	0.0
	0.0
	0.0
	0.0
	0.0
	0.0
	0.0
	0.0
	0.0
	0.0
	0.0
	0.0
	0.0
	0.0
	0.0
	0.0
	0.0
	0.0
	0.0
	0.0
	0.0
	0.0
	0.0
	0.0
	0.0
	0.0
	0.0
	0.0
	0.0
	0.0
	0.0
	0.0
	0.0
	0.0
	0.0
	0.0
	0.0
	0.0
	0.0
	0.0
	0.0
	0.0
	0.0
	0.0
	0.0
	0.0
	0.0
	0.0
	0.0
	0.0
	0.0
	0.0
	0.0
	0.0
	0.0
	0.0
	0.0
	0.0
	0.0
	0.0
	0.0
	0.0
	0.0
	0.0
	0.0
	0.0
	0.0
	0.0
	0.0
	0.0
	0.0
	0.0
	0.0
	0.0
	0.0
	0.0
	0.0
	0.0
	0.0
	0.0
	0.0
	0.0
	0.0
	0.0
	0.0
	0.0
	0.0
	0.0
	0.0
	0.0
	0.0
	0.0
	0.0
	0.0
	0.0
	0.0
	0.0
	0.0
	0.0
	0.0
	0.0
	0.0
	0.0
	0.0
	0.0
	0.0
	0.0
	0.0
	0.0
	0.0
	0.0
	0.0
	0.0
	0.0
	0.0
	0.0
	0.0
	0.0
	0.0
	0.0
	0.0
	0.0
	0.0
	0.0
	0.0
	0.0
	0.0
	0.0
	0.0
	0.0
	0.0
	0.0
	0.0
	0.0
	0.0
	0.0
	0.0
	0.0
	0.0
	0.0
	0.0
	0.0
	0.0
	0.0
	0.0
	0.0
	0.0
	0.0
	0.0
	0.0
	0.0
	0.0
	0.0
	0.0
	0.0
	0.0
	0.0
	0.0
	0.0
	0.0
	0.0
	0.0
	0.0
	0.0
	0.0
	0.0
	0.0
	0.0
	0.0
	0.0
	0.0
	0.0
	0.0
	0.0
	0.0
	0.0
	0.0
	0.0
	0.0
	0.0
	0.0
	0.0
	0.0
	0.0
	0.0
	0.0
	0.0
	0.0
	0.0
	0.0
	0.0
	0.0
	0.0
	0.0
	0.0
	0.0
	0.0
	0.0
	0.0
	0.0
	0.0
	0.0
	0.0
	0.0
	0.0
	0.0
	0.0
	0.0
	0.0
	0.0
	0.0
	0.0
	0.0
	0.0
	0.0
	0.0
	0.0
	0.0
	0.0
	0.0
	0.0
	0.0
	0.0
	0.0
	0.0
	0.0
	0.0
	0.0
	0.0
	0.0
	0.0
	0.0
	0.0
	0.0
	0.0
	0.0
	0.0
	0.0
	0.0
	0.0
	0.0
	0.0
	0.0
	0.0
	0.0
	0.0
	0.0
	0.0
	0.0
	0.0
	0.0
	0.0
	0.0
	0.0
	0.0
	0.0
	0.0
	0.0
	0.0
	0.0
	0.0
	0.0
	0.0
	0.0
	0.0
	0.0
	0.0
	0.0
	0.0
	0.0
	0.0
	0.0
	0.0
	0.0
	0.0
	0.0
	0.0
	0.0
	0.0
	0.0
	0.0
	0.0
	0.0
	0.0
	0.0
	0.0
	0.0
	0.0
	0.0
	0.0
	0.0
	0.0
	0.0
	0.0
	0.0
	0.0
	0.0
	0.0
	0.0
	0.0
	0.0
	0.0
	0.0
	0.0
	0.0
	0.0
	0.0
	0.0
	0.0
	0.0
	0.0
	0.0
	0.0
	0.0
	0.0
	0.0
	0.0
	0.0
	0.0
	0.0
	0.0
	0.0
	0.0
	0.0
	0.0
	0.0
	0.0
	0.0
	0.0
	0.0
	0.0
	0.0
	0.0
	0.0
	0.0
	0.0
	0.0
	0.0
	0.0
	0.0
	0.0
	0.0
	0.0
	0.0
	0.0
	0.0
	0.0
	0.0
	0.0
	0.0
	0.0
	0.0
	0.0
	0.0
	0.0
	0.0
	0.0
	0.0
	0.0
	0.0
	0.0
	0.0
	0.0
	0.0
	0.0
	0.0
	0.0
	0.0
	0.0
	0.0
	0.0
	0.0
	0.0
	0.0
	0.0
	0.0
	0.0
	0.0
	0.0
	0.0
	0.0
	0.0
	0.0
	0.0
	0.0
	0.0
	0.0
	0.0
	0.0
	0.0
	0.0
	0.0
	0.0
	0.0
	0.0
	0.0
	0.0
	0.0
	0.0
	0.0
	0.0
	0.0
	0.0
	0.0
	0.0
	0.0
	0.0
	0.0
	0.0
	0.0
	0.0
	0.0
	0.0
	0.0
	0.0
	0.0
	0.0
	0.0
	0.0
	0.0
	0.0
	0.0
	0.0
	0.0
	0.0
	0.0
	0.0
	0.0
	0.0
	0.0
	0.0
	0.0
	0.0
	0.0
	0.0
	0.0
	0.0
	0.0
	0.0
	0.0
	0.0
	0.0
	0.0
	0.0
	0.0
	0.0
	0.0
	0.0
	0.0
	0.0
	0.0
	0.0
	0.0
	0.0
	0.0
	0.0
	0.0
	0.0
	0.0
	0.0
	0.0
	0.0
	0.0
	0.0
	0.0
	0.0
	0.0
	0.0
	0.0
	0.0
	0.0
	0.0
	0.0
	0.0
	0.0
	0.0
	0.0
	0.0
	0.0
	0.0
	0.0
	0.0
	0.0
	0.0
	0.0
	0.0
	0.0
	0.0
	0.0
	0.0
	0.0
	0.0
	0.0
	0.0
	0.0
	0.0
	0.0
	0.0
	0.0
	0.0
	0.0
	0.0
	0.0
	0.0
	0.0
	0.0
	0.0
	0.0
	0.0
	0.0
	0.0
	0.0
	0.0
	0.0
	0.0
	0.0
	0.0
	0.0
	0.0
	0.0
	0.0
	0.0
	0.0
	0.0
	0.0
	0.0
	0.0
	0.0
	0.0
	0.0
	0.0
	0.0
	0.0
	0.0
	0.0
	0.0
	0.0
	0.0
	0.0
	0.0
	0.0
	0.0
	0.0
	0.0
	0.0
	0.0
	0.0
	0.0
	0.0
	0.0
	0.0
	0.0
	0.0
	0.0
	0.0
	0.0
	0.0
	0.0
	0.0
	0.0
	0.0
	0.0
	0.0
	0.0
	0.0
	0.0
	0.0
	0.0
	0.0
	0.0
	0.0
	0.0
	0.0
	0.0
	0.0
	0.0
	0.0
	0.0
	0.0
	0.0
	0.0
	0.0
	0.0
	0.0
	0.0
	0.0
	0.0
	0.0
	0.0
	0.0
	0.0
	0.0
	0.0
	0.0
	0.0
	0.0
	0.0
	0.0
	0.0
	0.0
	0.0
	0.0
	0.0
	0.0
	0.0
	0.0
	0.0
	0.0
	0.0
	0.0
	0.0
	0.0
	0.0
	0.0
	0.0
	0.0
	0.0
	0.0
	0.0
	0.0
	0.0
	0.0
	0.0
	0.0
	0.0
	0.0
	0.0
	0.0
	0.0
	0.0
	0.0
	0.0
	0.0
	0.0
	0.0
	0.0
	0.0
	0.0
	0.0
	0.0
	0.0
	0.0
	0.0
	0.0
	0.0
	0.0
	0.0
	0.0
	0.0
	0.0
	0.0
	0.0
	0.0
	0.0
	0.0
	0.0
	0.0
	0.0
	0.0
	0.0
	0.0
	0.0
	0.0
	0.0
	0.0
	0.0
	0.0
	0.0
	0.0
	0.0
	0.0
	0.0
	0.0
	0.0
	0.0
	0.0
	0.0
	0.0
	0.0
	0.0
	0.0
	0.0
	0.0
	0.0
	0.0
	0.0
	0.0
	0.0
	0.0
	0.0
	0.0
	0.0
	0.0
	0.0
	0.0
	0.0
	0.0
	0.0
	0.0
	0.0
	0.0
	0.0
	0.0
	0.0
	0.0
	0.0
	0.0
	0.0
	0.0
	0.0
	0.0
	0.0
	0.0
	0.0
	0.0
	0.0
	0.0
	0.0
	0.0
	0.0
	0.0
	0.0
	0.0
	0.0
	0.0
	0.0
	0.0
	0.0
	0.0
	0.0
	0.0
	0.0
	0.0
	0.0
	0.0
	0.0
	0.0
	0.0
	0.0
	0.0
	0.0
	0.0
	0.0
	0.0
	0.0
	0.0
	0.0
	0.0
	0.0
	0.0
	0.0
	0.0
	0.0
	0.0
	0.0
	0.0
	0.0
	0.0
	0.0
	0.0
	0.0
	0.0
	0.0
	0.0
	0.0
	0.0
	0.0
	0.0
	0.0
	0.0
	0.0
	0.0
	0.0
	0.0
	0.0
	0.0
	0.0
	0.0
	0.0
	0.0
	0.0
	0.0
	0.0
	0.0
	0.0
	0.0
	0.0
	0.0
	0.0
	0.0
	0.0
	0.0
	0.0
	0.0
	0.0
	0.0
	0.0
	0.0
	0.0
	0.0
	0.0
	0.0
	0.0
	0.0
	0.0
	0.0
	0.0
	0.0
	0.0
	0.0
	0.0
	0.0
	0.0
	0.0
	0.0
	0.0
	0.0
	0.0
	0.0
	0.0
	0.0
	0.0
	0.0
	0.0
	0.0
	0.0
	0.0
	0.0
	0.0
	0.0
	0.0
	0.0
	0.0
	0.0
	0.0
	0.0
	0.0
	0.0
	0.0
	0.0
	0.0
	0.0
	0.0
	0.0
	0.0
	0.0
	0.0
	0.0
	0.0
	0.0
	0.0
	0.0
	0.0
	0.0
	0.0
	0.0
	0.0
	0.0
	0.0
	0.0
	0.0
	0.0
	0.0
	0.0
	0.0
	0.0
	0.0
	0.0
	0.0
	0.0
	0.0
	0.0
	0.0
	0.0
	0.0
	0.0
	0.0
	0.0
	0.0
	0.0
	0.0
	0.0
	0.0
	0.0
	0.0
	0.0
	0.0
	0.0
	0.0
	0.0
	0.0
	0.0
	0.0
	0.0
	0.0
	0.0
	0.0
	0.0
	0.0
	0.0
	0.0
	0.0
	0.0
	0.0
	0.0
	0.0
	0.0
	0.0
	0.0
	0.0
	0.0
	0.0
	0.0
	0.0
	0.0
	0.0
	0.0
	0.0
	0.0
	0.0
	0.0
	0.0
	0.0
	0.0
	0.0
	0.0
	0.0
	0.0
	0.0
	0.0
	0.0
	0.0
	0.0
	0.0
	0.0
	0.0
	0.0
	0.0
	0.0
	0.0
	0.0
	0.0
	0.0
	0.0
	0.0
	0.0
	0.0
	0.0
	0.0
	0.0
	0.0
	0.0
	0.0
	0.0
	0.0
	0.0
	0.0
	0.0
	0.0
	0.0
	0.0
	0.0
	0.0
	0.0
	0.0
	0.0
	0.0
	0.0
	0.0
	0.0
	0.0
	0.0
	0.0
	0.0
	0.0
	0.0
	0.0
	0.0
	0.0
	0.0
	0.0
	0.0
	0.0
	0.0
	0.0
	0.0
	0.0
	0.0
	0.0
	0.0
	0.0
	0.0
	0.0
	0.0
	0.0
	0.0
	0.0
	0.0
	0.0
	0.0
	0.0
	0.0
	0.0
	0.0
	0.0
	0.0
	0.0
	0.0
	0.0
	0.0
	0.0
	0.0
	0.0
	0.0
	0.0
	0.0
	0.0
	0.0
	0.0
	0.0
	0.0
	0.0
	0.0
	0.0
	0.0
	0.0
	0.0
	0.0
	0.0
	0.0
	0.0
	0.0
	0.0
	0.0
	0.0
	0.0
	0.0
	0.0
	0.0
	0.0
	0.0
	0.0
	0.0
	0.0
	0.0
	0.0
	0.0
	0.0
	0.0
	0.0
	0.0
	0.0
	0.0
	0.0
	0.0
	0.0
	0.0
	0.0
	0.0
	0.0
	0.0
	0.0
	0.0
	0.0
	0.0
	0.0
	0.0
	0.0
	0.0
	0.0
	0.0
	0.0
	0.0
	0.0
	0.0
	0.0
	0.0
	0.0
]