[
	1.0512971878051758
	1.0511811971664429
	1.051062822341919
	1.0509482622146606
	1.0508464574813843
	1.0507633686065674
	1.0506606101989746
	1.0505702495574951
	1.050464153289795
	1.0503664016723633
	1.0502535104751587
	1.0501433610916138
	1.0500441789627075
	1.049938678741455
	1.049818515777588
	1.0497193336486816
	1.0496078729629517
	1.0494967699050903
	1.0493967533111572
	1.049308180809021
	1.0491822957992554
	1.049073338508606
	1.0489636659622192
	1.0488440990447998
	1.0487505197525024
	1.0486546754837036
	1.0485589504241943
	1.0484609603881836
	1.0483585596084595
	1.0482722520828247
	1.0481293201446533
	1.0479758977890015
	1.047842264175415
	1.047695279121399
	1.0475618839263916
	1.0474179983139038
	1.0472673177719116
	1.0471296310424805
	1.0469872951507568
	1.0468370914459229
	1.0466912984848022
	1.0465447902679443
	1.0463982820510864
	1.0462579727172852
	1.046126127243042
	1.0460044145584106
	1.0458725690841675
	1.045751690864563
	1.0456254482269287
	1.045474648475647
	1.0453370809555054
	1.0451862812042236
	1.0450375080108643
	1.044899821281433
	1.0447604656219482
	1.0446200370788574
	1.0444796085357666
	1.0443532466888428
	1.044229507446289
	1.0441033840179443
	1.043989896774292
	1.0438566207885742
	1.0437284708023071
	1.0435888767242432
	1.043453335762024
	1.0433255434036255
	1.0432004928588867
	1.043076515197754
	1.0429531335830688
	1.0428202152252197
	1.0426892042160034
	1.0425668954849243
	1.0424399375915527
	1.0423212051391602
	1.0421994924545288
	1.0420743227005005
	1.041947603225708
	1.0418156385421753
	1.0417068004608154
	1.0415829420089722
	1.0414550304412842
	1.0413535833358765
	1.0412266254425049
	1.0411014556884766
	1.0409921407699585
	1.040870189666748
	1.0407427549362183
	1.0406092405319214
	1.0404983758926392
	1.0403683185577393
	1.0402454137802124
	1.0401182174682617
	1.0400080680847168
	1.0398883819580078
	1.039772629737854
	1.0396506786346436
	1.0395348072052002
	1.039423942565918
	1.0392972230911255
	1.039165735244751
	1.0390610694885254
	1.0389539003372192
	1.0388365983963013
	1.038726568222046
	1.0386066436767578
	1.0384796857833862
	1.0383423566818237
	1.0382298231124878
	1.0381009578704834
	1.037987232208252
	1.0378612279891968
	1.0377548933029175
	1.0376650094985962
	1.0375593900680542
	1.0374476909637451
	1.0373194217681885
	1.0372132062911987
	1.0370904207229614
	1.0369917154312134
	1.036873459815979
	1.036755919456482
	1.0366346836090088
	1.036508560180664
	1.0363984107971191
	1.0362879037857056
	1.0361862182617188
	1.0360933542251587
	1.0359971523284912
	1.0358824729919434
	1.0357860326766968
	1.0356745719909668
	1.0355743169784546
	1.0354634523391724
	1.035355806350708
	1.0352656841278076
	1.035153865814209
	1.0350642204284668
	1.034970760345459
	1.0348643064498901
	1.034759521484375
	1.034667730331421
	1.034565806388855
	1.0344675779342651
	1.0343586206436157
	1.0342543125152588
	1.0341559648513794
	1.0340594053268433
	1.033961296081543
	1.0338822603225708
	1.0337835550308228
	1.0336766242980957
	1.0335766077041626
	1.0334630012512207
	1.0333662033081055
	1.0332614183425903
	1.033180594444275
	1.0330917835235596
	1.0329850912094116
	1.0328799486160278
	1.0327777862548828
	1.032685399055481
	1.032591462135315
	1.0324976444244385
	1.0324102640151978
	1.0323197841644287
	1.0322266817092896
	1.0321359634399414
	1.0320420265197754
	1.0319514274597168
	1.0318708419799805
	1.0317763090133667
	1.0316948890686035
	1.031598448753357
	1.031507968902588
	1.031402349472046
	1.0313023328781128
	1.031217098236084
	1.0311206579208374
	1.0310249328613281
	1.0309220552444458
	1.030826449394226
	1.0307393074035645
	1.0306482315063477
	1.030562400817871
	1.0304663181304932
	1.030377984046936
	1.030287265777588
	1.030192255973816
	1.030103325843811
	1.0300099849700928
	1.029921293258667
	1.0298361778259277
	1.02974534034729
	1.0296547412872314
	1.0295532941818237
	1.0294653177261353
	1.0293793678283691
	1.0293110609054565
	1.0292216539382935
	1.0291223526000977
	1.0290287733078003
	1.0289499759674072
	1.0288453102111816
	1.0287461280822754
	1.0286526679992676
	1.0285717248916626
	1.0284761190414429
	1.0283982753753662
	1.028318166732788
	1.0282530784606934
	1.0281778573989868
	1.0281163454055786
	1.0280429124832153
	1.0279576778411865
	1.0278853178024292
	1.0277951955795288
	1.0277137756347656
	1.0276386737823486
	1.0275599956512451
	1.0274678468704224
	1.0273889303207397
	1.0272929668426514
	1.0272088050842285
	1.0271319150924683
	1.0270439386367798
	1.0269547700881958
	1.0268762111663818
	1.0267791748046875
	1.026702880859375
	1.0266294479370117
	1.0265517234802246
	1.026468276977539
	1.0263899564743042
	1.0263149738311768
	1.026236653327942
	1.0261476039886475
	1.0260694026947021
	1.025999903678894
	1.0259113311767578
	1.0258359909057617
	1.0257580280303955
	1.0256720781326294
	1.0255837440490723
	1.0254877805709839
	1.0253920555114746
	1.0253174304962158
	1.0252352952957153
	1.0251702070236206
	1.0250957012176514
	1.0250335931777954
	1.0249699354171753
	1.0249016284942627
	1.0248141288757324
	1.0247284173965454
	1.0246565341949463
	1.0245708227157593
	1.0244910717010498
	1.024415373802185
	1.0243393182754517
	1.0242646932601929
	1.0241870880126953
	1.0241206884384155
	1.0240319967269897
	1.023963451385498
	1.0239025354385376
	1.0238254070281982
	1.023749589920044
	1.0236716270446777
	1.0235892534255981
	1.0235199928283691
	1.0234483480453491
	1.023364782333374
	1.023289442062378
	1.0232117176055908
	1.0231431722640991
	1.0230677127838135
	1.022998332977295
	1.0229328870773315
	1.0228641033172607
	1.0227854251861572
	1.0227181911468506
	1.0226444005966187
	1.0225622653961182
	1.022495985031128
	1.0224236249923706
	1.022345781326294
	1.022252082824707
	1.0221799612045288
	1.0221298933029175
	1.0220651626586914
	1.0219857692718506
	1.021915078163147
	1.0218299627304077
	1.021755337715149
	1.0216883420944214
	1.021614670753479
	1.0215262174606323
	1.021444320678711
	1.021371603012085
	1.0213078260421753
	1.0212466716766357
	1.0211637020111084
	1.0210875272750854
	1.021016001701355
	1.0209375619888306
	1.0208710432052612
	1.0208065509796143
	1.0207571983337402
	1.0206899642944336
	1.0206079483032227
	1.0205429792404175
	1.0204702615737915
	1.0204135179519653
	1.0203464031219482
	1.0202503204345703
	1.0201789140701294
	1.020106315612793
	1.0200361013412476
	1.019974946975708
	1.0198988914489746
	1.0198304653167725
	1.0197601318359375
	1.0196733474731445
	1.0195951461791992
	1.0195387601852417
	1.0194700956344604
	1.019403100013733
	1.0193201303482056
	1.0192729234695435
	1.0191937685012817
	1.0191283226013184
	1.0190421342849731
	1.0189765691757202
	1.018917202949524
	1.0188438892364502
	1.0187751054763794
	1.0187087059020996
	1.018664836883545
	1.018614649772644
	1.0185697078704834
	1.0184993743896484
	1.0184310674667358
	1.0183545351028442
	1.0182914733886719
	1.0182220935821533
	1.01815927028656
	1.018103837966919
	1.01802396774292
	1.0179487466812134
	1.0178771018981934
	1.0178182125091553
	1.017756462097168
	1.017690896987915
	1.017615556716919
	1.0175371170043945
	1.0174636840820312
	1.0173925161361694
	1.017324686050415
	1.0172415971755981
	1.0171809196472168
	1.0171139240264893
	1.0170444250106812
	1.0169857740402222
	1.0168955326080322
	1.016836166381836
	1.0167691707611084
	1.0167123079299927
	1.0166515111923218
	1.0165867805480957
	1.016509771347046
	1.0164481401443481
	1.016370177268982
	1.0162986516952515
	1.0162349939346313
	1.0161646604537964
	1.0160943269729614
	1.0160361528396606
	1.0159599781036377
	1.015899658203125
	1.0158385038375854
	1.015776515007019
	1.0157184600830078
	1.0156433582305908
	1.0155853033065796
	1.0155352354049683
	1.0154812335968018
	1.0154138803482056
	1.0153523683547974
	1.015289068222046
	1.0152491331100464
	1.0151910781860352
	1.0151323080062866
	1.0150766372680664
	1.0150001049041748
	1.0149399042129517
	1.0148667097091675
	1.014814019203186
	1.014762282371521
	1.0146726369857788
	1.01461660861969
	1.0145620107650757
	1.014506459236145
	1.0144490003585815
	1.0143942832946777
	1.0143450498580933
	1.0142849683761597
	1.0142349004745483
	1.0141730308532715
	1.0141185522079468
	1.014052391052246
	1.013996958732605
	1.0139448642730713
	1.0138860940933228
	1.0138156414031982
	1.0137437582015991
	1.0136842727661133
	1.0136290788650513
	1.0135372877120972
	1.0134875774383545
	1.0134303569793701
	1.0133801698684692
	1.0133144855499268
	1.013242244720459
	1.0131787061691284
	1.0131268501281738
	1.0130645036697388
	1.0129976272583008
	1.0129295587539673
	1.0128610134124756
	1.0128003358840942
	1.0127379894256592
	1.0126694440841675
	1.012616515159607
	1.01256263256073
	1.0124876499176025
	1.0124109983444214
	1.012355089187622
	1.0123231410980225
	1.0122597217559814
	1.0121999979019165
	1.012147068977356
	1.012092113494873
	1.0120209455490112
	1.011962652206421
	1.0119104385375977
	1.0118390321731567
	1.0117796659469604
	1.0117131471633911
	1.011657953262329
	1.0115886926651
	1.0115289688110352
	1.011481761932373
	1.0114322900772095
	1.0113695859909058
	1.011317253112793
	1.0112676620483398
	1.0112169981002808
	1.0111565589904785
	1.0110920667648315
	1.011055588722229
	1.0109938383102417
	1.0109423398971558
	1.0108859539031982
	1.0108352899551392
	1.0107780694961548
	1.0107262134552002
	1.0106782913208008
	1.0106195211410522
	1.010553240776062
	1.0104905366897583
	1.010434627532959
	1.0103652477264404
	1.0103079080581665
	1.0102509260177612
	1.0102006196975708
	1.0101512670516968
	1.0101040601730347
	1.010054588317871
	1.0100009441375732
	1.0099416971206665
	1.0098844766616821
	1.0098234415054321
	1.0097547769546509
	1.0096949338912964
	1.0096545219421387
	1.0095758438110352
	1.0095279216766357
	1.009468913078308
	1.0094062089920044
	1.0093541145324707
	1.009291172027588
	1.0092403888702393
	1.009181261062622
	1.0091285705566406
	1.0090701580047607
	1.009026050567627
	1.0089703798294067
	1.0089210271835327
	1.0088777542114258
	1.0088379383087158
	1.0087825059890747
	1.0087255239486694
	1.0086705684661865
	1.0086091756820679
	1.0085593461990356
	1.0085124969482422
	1.0084621906280518
	1.0084179639816284
	1.0083825588226318
	1.0083390474319458
	1.0082879066467285
	1.00822913646698
	1.008174180984497
	1.0081144571304321
	1.008023977279663
	1.007968783378601
	1.0079184770584106
	1.0078738927841187
	1.0078167915344238
	1.007765769958496
	1.0077069997787476
	1.0076404809951782
	1.0075746774673462
	1.0075247287750244
	1.007479190826416
	1.007426381111145
	1.0073819160461426
	1.0073392391204834
	1.0072826147079468
	1.0072304010391235
	1.0071666240692139
	1.0071214437484741
	1.0070544481277466
	1.0070046186447144
	1.0069547891616821
	1.0069106817245483
	1.0068650245666504
	1.0068016052246094
	1.0067570209503174
	1.0067189931869507
	1.006664514541626
	1.0066237449645996
	1.0065734386444092
	1.0065110921859741
	1.0064646005630493
	1.0064109563827515
	1.0063637495040894
	1.0063061714172363
	1.00626802444458
	1.0062055587768555
	1.0061599016189575
	1.0061111450195312
	1.006055235862732
	1.0060073137283325
	1.005949854850769
	1.0058740377426147
	1.0058106184005737
	1.0057507753372192
	1.0056931972503662
	1.005625605583191
	1.0055614709854126
	1.00551438331604
	1.0054636001586914
	1.0054194927215576
	1.0053778886795044
	1.0053220987319946
	1.0052528381347656
	1.005214810371399
	1.005149483680725
	1.0051156282424927
	1.0050623416900635
	1.0050127506256104
	1.0049405097961426
	1.0048927068710327
	1.0048426389694214
	1.0048065185546875
	1.0047577619552612
	1.0047036409378052
	1.0046565532684326
	1.0045908689498901
	1.0045353174209595
	1.0045057535171509
	1.0044511556625366
	1.0044090747833252
	1.0043522119522095
	1.0043139457702637
	1.0042657852172852
	1.0042158365249634
	1.0041626691818237
	1.0041226148605347
	1.0040761232376099
	1.004015326499939
	1.0039618015289307
	1.0039185285568237
	1.0038694143295288
	1.00380539894104
	1.0037459135055542
	1.0036845207214355
	1.0036174058914185
	1.003563642501831
	1.003529667854309
	1.00347900390625
	1.0034286975860596
	1.0033836364746094
	1.0033414363861084
	1.0032966136932373
	1.0032457113265991
	1.0031919479370117
	1.0031486749649048
	1.0030906200408936
	1.0030437707901
	1.0029826164245605
	1.0029165744781494
	1.002868413925171
	1.0028252601623535
	1.0027514696121216
	1.0027070045471191
	1.0026522874832153
	1.0026042461395264
	1.0025618076324463
	1.002516269683838
	1.0024638175964355
	1.002421498298645
	1.0023759603500366
	1.002310872077942
	1.0022534132003784
	1.0022034645080566
	1.0021637678146362
	1.002130389213562
	1.0020769834518433
	1.0020322799682617
	1.0019795894622803
	1.0019323825836182
	1.0018658638000488
	1.0018129348754883
	1.0017657279968262
	1.0017216205596924
	1.0016721487045288
	1.001626968383789
	1.0015805959701538
	1.0015422105789185
	1.0014899969100952
	1.0014437437057495
	1.001384973526001
	1.0013312101364136
	1.0012857913970947
	1.0012215375900269
	1.0011608600616455
	1.001119613647461
	1.0010651350021362
	1.0010182857513428
	1.0009621381759644
	1.0009312629699707
	1.0008867979049683
	1.0008397102355957
	1.0007755756378174
	1.0007342100143433
	1.0006909370422363
	1.0006427764892578
	1.0005890130996704
	1.0005398988723755
	1.000518560409546
	1.0004723072052002
	1.0004324913024902
	1.0003914833068848
	1.000341773033142
	1.0002946853637695
	1.0002554655075073
	1.0002304315567017
	1.0001955032348633
	1.000124454498291
	1.0000860691070557
	1.0000240802764893
	0.9999719858169556
	0.9999258518218994
	0.9998711347579956
	0.999825119972229
	0.9997815489768982
	0.9997272491455078
	0.9996687769889832
	0.9996242523193359
	0.999560534954071
	0.9995201230049133
	0.999466598033905
	0.9994134902954102
	0.9993593692779541
	0.9993123412132263
	0.9992555975914001
	0.999199628829956
	0.9991588592529297
	0.999115526676178
	0.9990679621696472
	0.9990320205688477
	0.9989991784095764
	0.9989511370658875
	0.9989099502563477
	0.9988396763801575
	0.9987913370132446
	0.998735249042511
	0.9986826181411743
	0.9986344575881958
	0.9985864758491516
	0.9985483288764954
	0.9984949827194214
	0.9984362721443176
	0.9983898401260376
	0.998348593711853
	0.9982926249504089
	0.9982324242591858
	0.9981984496116638
	0.9981444478034973
	0.9981074929237366
	0.9980683326721191
	0.9980288743972778
	0.9979652166366577
	0.9978880286216736
	0.9978386163711548
	0.9977971911430359
	0.9977377653121948
	0.9976913928985596
	0.9976495504379272
	0.9975963234901428
	0.997558057308197
	0.9974948167800903
	0.9974334836006165
	0.9973902106285095
	0.997333288192749
	0.9972881078720093
	0.9972228407859802
	0.9971814155578613
	0.9971199631690979
	0.9970929026603699
	0.9970521926879883
	0.9970117211341858
	0.9969570636749268
	0.9969146847724915
	0.9968860745429993
	0.9968401789665222
	0.9967964887619019
	0.9967430233955383
	0.9966854453086853
	0.9966481328010559
	0.9966099858283997
	0.9965699911117554
	0.9965235590934753
	0.9964719414710999
	0.9964342713356018
	0.9963932633399963
	0.9963470101356506
	0.9963049292564392
	0.9962559342384338
	0.9962031245231628
	0.9961399435997009
	0.9960907697677612
	0.9960306286811829
	0.9959865212440491
	0.9959200024604797
	0.9958761930465698
	0.9958308935165405
	0.9957671761512756
	0.9957309365272522
	0.9956766366958618
	0.9956406950950623
	0.9955899715423584
	0.9955496191978455
	0.9955206513404846
	0.995486855506897
	0.9954443573951721
	0.9953954815864563
	0.9953539967536926
	0.9953169226646423
	0.9952763319015503
	0.9952302575111389
	0.9951857924461365
	0.9951254725456238
	0.9950754046440125
	0.9950441718101501
	0.9949951767921448
	0.994947075843811
	0.9948934316635132
	0.9948374032974243
	0.9947958588600159
	0.9947565793991089
	0.994718074798584
	0.9946755170822144
	0.994637668132782
	0.9945964813232422
	0.9945713877677917
	0.9945452213287354
	0.9944817423820496
	0.9944279789924622
	0.994386613368988
	0.9943329691886902
	0.9942650198936462
	0.9942108988761902
	0.994171679019928
	0.9941162467002869
	0.9940348863601685
	0.9939832091331482
	0.9939231872558594
	0.9938724637031555
	0.9938075542449951
	0.9937687516212463
	0.9937155246734619
	0.9936683177947998
	0.9936068058013916
	0.99356609582901
	0.9935395121574402
	0.9934955835342407
	0.9934594631195068
	0.9934085011482239
	0.9933781027793884
	0.9933298230171204
	0.9932801127433777
	0.9932313561439514
	0.9931920766830444
	0.9931408762931824
	0.9931032061576843
	0.9930500984191895
	0.9929958581924438
	0.9929562211036682
	0.9929014444351196
	0.9928609728813171
	0.9928104281425476
	0.9927665591239929
	0.992717444896698
	0.9926814436912537
	0.9926344156265259
	0.9926009774208069
	0.992550253868103
	0.9925042390823364
	0.9924508929252625
	0.9924010634422302
	0.9923623204231262
	0.9923304915428162
	0.992253839969635
	0.99220871925354
	0.9921562671661377
	0.9920997619628906
	0.9920651316642761
	0.9920343160629272
	0.9919801354408264
	0.9919261336326599
	0.9918698072433472
	0.9918145537376404
	0.9917700290679932
	0.9917174577713013
	0.991675078868866
	0.9916126728057861
	0.9915469884872437
	0.991496741771698
	0.9914496541023254
	0.9914052486419678
	0.9913709163665771
	0.9913371205329895
	0.9912914037704468
	0.9912446737289429
	0.9912052750587463
	0.9911651015281677
	0.991129457950592
	0.991100549697876
	0.991046667098999
	0.9909737706184387
	0.9909425377845764
	0.9908961653709412
	0.9908499121665955
	0.990808367729187
	0.9907606244087219
	0.9907271862030029
	0.9906997084617615
	0.9906536340713501
	0.9906196594238281
	0.9905613660812378
	0.990514874458313
	0.9904666543006897
	0.9904286861419678
	0.9903935790061951
	0.9903702139854431
	0.9903205633163452
	0.990271270275116
	0.990226149559021
	0.9901761412620544
	0.990128219127655
	0.990088939666748
	0.9900521039962769
	0.9900200366973877
	0.9899854063987732
	0.9899352788925171
	0.989894449710846
	0.9898452162742615
	0.989788830280304
	0.9897534847259521
	0.9897061586380005
	0.9896668195724487
	0.9896114468574524
	0.9895520806312561
	0.9895085692405701
	0.989465594291687
	0.9894238114356995
	0.9893759489059448
	0.9893175959587097
	0.9892637133598328
	0.989220142364502
	0.9891904592514038
	0.9891401529312134
	0.9891020059585571
	0.9890618920326233
	0.9890327453613281
	0.9890023469924927
	0.9889574646949768
	0.9889110326766968
	0.9888607263565063
	0.988825261592865
	0.9887819290161133
	0.9887421727180481
	0.9887098670005798
	0.9886562824249268
	0.9886199831962585
	0.9885892868041992
	0.9885565042495728
	0.9885156750679016
	0.988472044467926
	0.9884576797485352
	0.9884097576141357
	0.988357663154602
	0.988318920135498
	0.9882789254188538
	0.9882320165634155
	0.9881760478019714
	0.9881238341331482
	0.9881085753440857
	0.9880614280700684
	0.9880216121673584
	0.9879668354988098
	0.9879340529441833
	0.9879015684127808
	0.9878485202789307
	0.9878088235855103
	0.9877703785896301
	0.9877274632453918
	0.9876894950866699
	0.9876611828804016
	0.9876078963279724
	0.9875417351722717
	0.9874956607818604
	0.9874417781829834
	0.9874096512794495
	0.9873506426811218
	0.9873071908950806
	0.987252950668335
	0.9872047901153564
	0.98715740442276
	0.9871372580528259
	0.9870955944061279
	0.9870593547821045
	0.9870366454124451
	0.9869950413703918
	0.9869473576545715
	0.986918568611145
	0.9868820905685425
	0.9868364334106445
	0.9868060946464539
	0.9867703914642334
	0.9867380857467651
	0.986702024936676
	0.9866663217544556
	0.9866212606430054
	0.986565887928009
	0.9865325093269348
	0.9865009784698486
	0.986443817615509
	0.9864034056663513
	0.9863561987876892
	0.986305832862854
	0.9862752556800842
	0.9862200617790222
	0.9861719012260437
	0.9861338138580322
	0.98609459400177
	0.9860590696334839
	0.9860323667526245
	0.9860091805458069
	0.9859656691551208
	0.9859260320663452
	0.9858874082565308
	0.9858448505401611
	0.9858152270317078
	0.9857835173606873
	0.9857568740844727
	0.9857172966003418
	0.9856853485107422
	0.9856575727462769
	0.9856204986572266
	0.9855579137802124
	0.9855197668075562
	0.9854771494865417
	0.9854298233985901
	0.985389232635498
	0.9853459000587463
	0.9852980971336365
	0.9852521419525146
	0.9852237701416016
	0.9851987361907959
	0.9851579666137695
	0.9851287007331848
	0.985093355178833
	0.985034704208374
	0.9849974513053894
	0.9849668145179749
	0.9849275350570679
	0.9848877787590027
	0.984846293926239
	0.9848232269287109
	0.9847863912582397
	0.9847446084022522
	0.9847018718719482
	0.9846408367156982
	0.9845951795578003
	0.9845661520957947
	0.984527587890625
	0.9844937920570374
	0.9844444990158081
	0.98438960313797
	0.9843527674674988
	0.9843195676803589
	0.9842990040779114
	0.9842732548713684
	0.9842362403869629
	0.9841804504394531
	0.9841322898864746
	0.9840885996818542
	0.9840345978736877
	0.9840036034584045
	0.9839375019073486
	0.9838963150978088
	0.9838737845420837
	0.9838219285011292
	0.9837791323661804
	0.9837281703948975
	0.9836900234222412
	0.9836433529853821
	0.9835951924324036
	0.9835324883460999
	0.9835116863250732
	0.9834808111190796
	0.983453094959259
	0.9834040999412537
	0.9833672046661377
	0.9833524227142334
	0.9833240509033203
	0.983273983001709
	0.9832208752632141
	0.9831686615943909
	0.9831123352050781
	0.9830787181854248
	0.9830489158630371
	0.9830049872398376
	0.9829616546630859
	0.9829165935516357
	0.9828899502754211
	0.9828372597694397
	0.9827925562858582
	0.9827613830566406
	0.9827339053153992
	0.9827119708061218
	0.9826694130897522
	0.9826400876045227
	0.9825927019119263
	0.9825672507286072
	0.982524573802948
	0.9824993014335632
	0.9824662208557129
	0.9824259877204895
	0.9824000000953674
	0.982370913028717
	0.9823412895202637
	0.9822920560836792
	0.9822530150413513
	0.9822285771369934
	0.9822007417678833
	0.9821671843528748
	0.9821245670318604
	0.9821040034294128
	0.9820704460144043
	0.9820317625999451
	0.9820044636726379
	0.9819567799568176
	0.9819313883781433
	0.9819149971008301
	0.9818865656852722
	0.981837272644043
	0.9817977547645569
	0.9817622900009155
	0.9817082285881042
	0.9816544651985168
	0.981623649597168
	0.9815656542778015
	0.9815304279327393
	0.9815056324005127
	0.9814440011978149
	0.9814258813858032
	0.9814006090164185
	0.9813758134841919
	0.9813215732574463
	0.9812791347503662
	0.9812257289886475
	0.9811872839927673
	0.9811679720878601
	0.9811376929283142
	0.9811163544654846
	0.9810810089111328
	0.9810490012168884
	0.9810137748718262
	0.9809752106666565
	0.9809592366218567
	0.9809192419052124
	0.980864405632019
	0.9808391332626343
	0.9808067083358765
	0.980766773223877
	0.9807387590408325
	0.9807157516479492
	0.980678379535675
	0.9806420207023621
	0.9806245565414429
	0.9806017875671387
	0.980587363243103
	0.9805616736412048
	0.9805148839950562
	0.9804763793945312
	0.9804540276527405
	0.9804058074951172
	0.9803809523582458
	0.9803488850593567
	0.9803165197372437
	0.9802533984184265
	0.9802039265632629
	0.9801616072654724
	0.9801066517829895
	0.9800937175750732
	0.9800549149513245
	0.9800229072570801
	0.9799917340278625
	0.979943037033081
	0.9798927307128906
	0.9798660278320312
	0.9798345565795898
	0.9797938466072083
	0.9797763228416443
	0.979741632938385
	0.9797300100326538
	0.9796971082687378
	0.9796584248542786
	0.979620099067688
	0.9795836210250854
	0.9795421957969666
	0.9795116186141968
	0.9794663190841675
	0.9794420599937439
	0.9793861508369446
	0.9793517589569092
	0.9793534278869629
	0.9793280363082886
	0.9792752861976624
	0.9792633652687073
	0.97922682762146
	0.979186475276947
	0.9791414737701416
	0.9791076183319092
	0.9790812134742737
	0.9790459275245667
	0.9790113568305969
	0.9789833426475525
	0.9789637923240662
	0.9789453744888306
	0.9789075255393982
	0.9788830280303955
	0.9788373708724976
	0.978796124458313
	0.9787703156471252
	0.9787328839302063
	0.9786955714225769
	0.9786676168441772
	0.9786316156387329
	0.9786081314086914
	0.9785647988319397
	0.9785563349723816
	0.9785182476043701
	0.9784839749336243
	0.9784600734710693
	0.9784238934516907
	0.9783775210380554
	0.9783601760864258
	0.97834312915802
	0.9783092737197876
	0.9782734513282776
	0.9782513380050659
	0.9782108664512634
	0.9781683087348938
	0.9781454205513
	0.9781110882759094
	0.9780852794647217
	0.978071928024292
	0.9780414700508118
	0.9780030846595764
	0.9779830574989319
	0.9779525399208069
	0.9779254794120789
	0.9779059886932373
	0.9778875708580017
	0.9778704047203064
	0.9778452515602112
	0.9777975678443909
	0.9777854084968567
	0.9777549505233765
	0.9777120351791382
	0.9776822328567505
	0.9776571393013
	0.9776219725608826
	0.9775909781455994
	0.977583110332489
	0.977561354637146
	0.9775312542915344
	0.9775124192237854
	0.9774835705757141
	0.9774481058120728
	0.9774326682090759
	0.9774046540260315
	0.9773926138877869
	0.9773657917976379
	0.977321982383728
	0.9773139357566833
	0.977294921875
	0.9772722721099854
	0.977234423160553
	0.9772133827209473
	0.9771772623062134
	0.9771611094474792
	0.9771465063095093
	0.9771266579627991
	0.9771139025688171
	0.9770745038986206
	0.9770495295524597
	0.9769968390464783
	0.9769636988639832
	0.9769185185432434
	0.9768860936164856
	0.9768627882003784
	0.9768266081809998
	0.9768054485321045
	0.976774275302887
	0.9767598509788513
	0.9767221808433533
	0.9766791462898254
	0.9766615033149719
	0.9766427874565125
	0.9766371250152588
	0.9766103625297546
	0.9765728712081909
	0.9765589833259583
	0.9765506386756897
	0.9765207171440125
	0.9765028357505798
	0.9764683246612549
	0.9764386415481567
	0.9764161109924316
	0.9763731360435486
	0.976333498954773
	0.976310670375824
	0.9762945771217346
	0.9762572050094604
	0.9762238264083862
	0.9762017726898193
	0.97616046667099
	0.9761284589767456
	0.9761176705360413
	0.9760773777961731
	0.9760685563087463
	0.976008415222168
	0.9759714603424072
	0.9759575724601746
	0.9759504199028015
	0.9759330749511719
	0.9759014844894409
	0.975874662399292
	0.9758249521255493
	0.9758074879646301
	0.9757741689682007
	0.9757195115089417
	0.9756597876548767
	0.9756378531455994
	0.975608766078949
	0.9755856394767761
	0.9755598902702332
	0.9755260944366455
	0.9755024313926697
	0.9754638075828552
	0.975430428981781
	0.975403904914856
	0.9753990769386292
	0.9753760099411011
	0.9753608703613281
	0.9753580689430237
	0.9753571152687073
	0.9753405451774597
	0.9752820730209351
	0.9752581119537354
	0.9752228260040283
	0.9752027988433838
	0.9751988649368286
	0.9751793146133423
	0.9751601219177246
	0.9751328825950623
	0.9751003980636597
	0.9750776886940002
	0.975050687789917
	0.9750264883041382
	0.9749945402145386
	0.9749816060066223
	0.9749517440795898
	0.9749284386634827
	0.974903404712677
	0.9748815298080444
	0.9748478531837463
	0.9748418927192688
	0.9748018383979797
	0.9747709631919861
	0.9747322797775269
	0.9747137427330017
	0.9747006297111511
	0.9746801853179932
	0.9746580719947815
	0.9746332764625549
	0.9746251702308655
	0.9746115803718567
	0.9745791554450989
	0.9745502471923828
	0.9745200872421265
	0.9744899272918701
	0.9744600653648376
	0.9744144678115845
	0.9744125604629517
	0.9743740558624268
	0.9743342399597168
	0.9743236303329468
	0.974297821521759
	0.9742614030838013
	0.9742528200149536
	0.974213182926178
	0.9741895794868469
	0.9741811156272888
	0.9741628170013428
	0.9741147756576538
	0.9740924835205078
	0.9740698337554932
	0.9740469455718994
	0.9740220904350281
	0.973993718624115
	0.9739771485328674
	0.9739562273025513
	0.9739382863044739
	0.9738957285881042
	0.973869264125824
	0.9738348126411438
	0.9738097786903381
	0.9738060832023621
	0.9737785458564758
	0.9737544655799866
	0.9737513661384583
	0.9737269282341003
	0.9737065434455872
	0.9736970067024231
	0.973665714263916
	0.9736584424972534
	0.9736471772193909
	0.9736222624778748
	0.9735997319221497
	0.9735800623893738
	0.9735429286956787
	0.9735351204872131
	0.973516047000885
	0.97348552942276
	0.9734681248664856
	0.9734084606170654
	0.9733821153640747
	0.9733514785766602
	0.973325252532959
	0.9733139276504517
	0.973312258720398
	0.9732590317726135
	0.9732232689857483
	0.9732099771499634
	0.9731890559196472
	0.9731699824333191
	0.9731325507164001
	0.9731245040893555
	0.9731043577194214
	0.9730590581893921
	0.9730443358421326
	0.9730153679847717
	0.9729916453361511
	0.97299724817276
	0.9729728698730469
	0.9729524254798889
	0.972931444644928
	0.9729114770889282
	0.9728712439537048
	0.9728640913963318
	0.9728126525878906
	0.972785234451294
	0.9727696180343628
	0.9727611541748047
	0.9727261662483215
	0.9727327227592468
	0.9727250933647156
	0.9726867079734802
	0.9726755619049072
	0.9726547002792358
	0.9726350903511047
	0.9726365804672241
	0.9726263880729675
	0.9725965261459351
	0.9725698828697205
	0.9725512266159058
	0.9725139141082764
	0.9725144505500793
	0.9725002646446228
	0.9724816679954529
	0.9724534749984741
	0.9724243879318237
	0.9724147319793701
	0.9724025130271912
	0.9723899364471436
	0.9723758101463318
	0.9723674654960632
	0.9723631143569946
	0.9723510146141052
	0.9723436832427979
	0.9723077416419983
	0.9722880125045776
	0.972282886505127
	0.9722498059272766
	0.9722151756286621
	0.9722030162811279
	0.9721726179122925
	0.9721755981445312
	0.9721507430076599
	0.97214275598526
	0.9721291661262512
	0.9721192121505737
	0.9721028804779053
	0.9720960855484009
	0.9720737338066101
	0.9720394015312195
	0.9720194935798645
	0.9719948172569275
	0.9719992876052856
	0.9719710350036621
	0.9719641208648682
	0.971942663192749
	0.9719361066818237
	0.9719218611717224
	0.9719315767288208
	0.9718999266624451
	0.9718899130821228
	0.9718723893165588
	0.9718590378761292
	0.9718328714370728
	0.9718126058578491
	0.9718052744865417
	0.971775233745575
	0.9717409014701843
	0.9717450141906738
	0.9717254638671875
	0.9716824889183044
	0.9716493487358093
	0.9716349840164185
	0.9716298580169678
	0.9715936779975891
	0.9715873003005981
	0.9715598225593567
	0.9715582728385925
	0.9715407490730286
	0.9715451598167419
	0.9715335369110107
	0.9715171456336975
	0.9715185165405273
	0.9714952111244202
	0.9715091586112976
	0.97148197889328
	0.9714756011962891
	0.9714598655700684
	0.9714527726173401
	0.971422016620636
	0.9714033007621765
	0.9713737368583679
	0.9713548421859741
	0.9713218212127686
	0.9713039994239807
	0.9712693691253662
	0.9712550044059753
	0.9712533354759216
	0.9712004661560059
	0.9711582660675049
	0.9711470007896423
	0.9710972309112549
	0.9710648059844971
	0.9710460901260376
	0.9710365533828735
	0.9710169434547424
	0.9710025191307068
	0.971000611782074
	0.9709800481796265
	0.9709712862968445
	0.9709622859954834
	0.970940887928009
	0.9709302186965942
	0.9709261059761047
	0.9709097743034363
	0.9709028005599976
	0.9709044098854065
	0.9708837866783142
	0.9708790183067322
	0.9708481431007385
	0.9708329439163208
	0.9708289504051208
	0.9708260893821716
	0.9708267450332642
	0.9708315134048462
	0.9708124995231628
	0.9708078503608704
	0.9708002209663391
	0.9707543849945068
	0.97072434425354
	0.9707154631614685
	0.9706792235374451
	0.9706631898880005
	0.9706522226333618
	0.9706335663795471
	0.9706207513809204
	0.9705949425697327
	0.9705721139907837
	0.9705693125724792
	0.9705489873886108
	0.9705329537391663
	0.9705272316932678
	0.9704981446266174
	0.9704970121383667
	0.9704923629760742
	0.9704824090003967
	0.9704793095588684
	0.9704848527908325
	0.9704955816268921
	0.970497727394104
	0.9704641103744507
	0.9704585075378418
	0.9704492092132568
	0.970435619354248
	0.9704172611236572
	0.9704124927520752
	0.9703937768936157
	0.9703873991966248
	0.9703980088233948
	0.9703934788703918
	0.9703577160835266
	0.9703710079193115
	0.970371425151825
	0.9703593850135803
	0.9703594446182251
	0.9703505039215088
	0.9703390598297119
	0.9703642129898071
	0.9703692197799683
	0.9703720211982727
	0.9703609943389893
	0.9703637361526489
	0.9703486561775208
	0.9703148603439331
	0.9703021049499512
	0.9702895879745483
	0.9702925086021423
	0.9702661633491516
	0.9702367782592773
	0.9702112078666687
	0.9701987504959106
	0.9701979756355286
	0.9702025651931763
	0.9701979756355286
	0.9701986312866211
	0.9701770544052124
	0.9701676964759827
	0.970160186290741
	0.9701482653617859
	0.9701504707336426
	0.9701626896858215
	0.9701196551322937
	0.9701031446456909
	0.9700964689254761
	0.9700785279273987
	0.9700828194618225
	0.9700703620910645
	0.9700724482536316
	0.9700613617897034
	0.9700391292572021
	0.970041811466217
	0.9700452089309692
	0.9700153470039368
	0.9699951410293579
	0.9700006246566772
	0.9700183272361755
	0.9700170755386353
	0.9700101017951965
	0.9700023531913757
	0.9699799418449402
	0.9699791669845581
	0.969974160194397
	0.9699640274047852
	0.9699822068214417
	0.9699755311012268
	0.9699351191520691
	0.9699311852455139
	0.969921350479126
	0.9698939919471741
	0.9698701500892639
	0.9698532223701477
	0.9698578119277954
	0.9698421359062195
	0.9698193073272705
	0.9697984457015991
	0.9698010087013245
	0.9697948694229126
	0.9697850942611694
	0.9697674512863159
	0.9697519540786743
	0.9697431325912476
	0.969747006893158
	0.9697603583335876
	0.9697614908218384
	0.9697355628013611
	0.9697375893592834
	0.9697278141975403
	0.9697244763374329
	0.9697209000587463
	0.9696938395500183
	0.969677209854126
	0.9696657657623291
	0.9696587920188904
	0.9696559906005859
	0.9696680307388306
	0.9696652293205261
	0.9696556925773621
	0.9696356058120728
	0.9696205258369446
	0.9696310758590698
	0.9696325063705444
	0.969623327255249
	0.9696166515350342
	0.9696035385131836
	0.9696003198623657
	0.9696016311645508
	0.9695995450019836
	0.969584047794342
	0.9695745706558228
	0.9695593118667603
	0.9695402979850769
	0.9695362448692322
	0.9695366621017456
	0.9695295095443726
	0.9695215821266174
	0.9695225954055786
	0.9695174694061279
	0.9694904088973999
	0.9694868922233582
	0.9694674611091614
	0.9694547653198242
	0.9694371819496155
	0.9694609045982361
	0.9694573879241943
	0.9694638848304749
	0.969444751739502
	0.9694424271583557
	0.9694384336471558
	0.9694256782531738
	0.9694122672080994
	0.9693998098373413
	0.969401478767395
	0.9694027900695801
	0.9693912267684937
	0.9693982601165771
	0.9693751335144043
	0.9693700671195984
	0.9693533778190613
	0.9693437814712524
	0.9693296551704407
	0.9693136811256409
	0.9693019986152649
	0.9693055748939514
	0.9692821502685547
	0.9692497253417969
	0.9692603945732117
	0.9692535996437073
	0.9692583084106445
	0.9692284464836121
	0.9692301154136658
	0.9692413806915283
	0.9692429304122925
	0.9692439436912537
	0.9692372679710388
	0.9692292809486389
	0.9692467451095581
	0.969227135181427
	0.9692145586013794
	0.9692230224609375
	0.9692190885543823
	0.9692028760910034
	0.9691934585571289
	0.9691804051399231
	0.9691663384437561
	0.9691710472106934
	0.9691689014434814
	0.969166100025177
	0.9691760540008545
	0.969143807888031
	0.9691402912139893
	0.969146728515625
	0.9691386222839355
	0.969132661819458
	0.9691317677497864
	0.9691467881202698
	0.9691303372383118
	0.9691156148910522
	0.9691331386566162
	0.9691120386123657
	0.9691119194030762
	0.9691044688224792
	0.9691007733345032
	0.9690972566604614
	0.9690998792648315
	0.9690926671028137
	0.9690704345703125
	0.9690964221954346
	0.9691043496131897
	0.9691223502159119
	0.9691252708435059
	0.9691045880317688
	0.9691036939620972
	0.9690968990325928
	0.9690998792648315
	0.9691052436828613
	0.9691375494003296
	0.9691264033317566
	0.9691124558448792
	0.969124972820282
	0.9691239595413208
	0.9691498875617981
	0.9691184759140015
	0.9690869450569153
	0.9690676927566528
	0.9690361618995667
	0.9690321087837219
	0.9690252542495728
	0.9690332412719727
	0.9690335392951965
	0.9690167903900146
	0.9690263867378235
	0.9690333008766174
	0.9690377712249756
	0.9690282344818115
	0.9689960479736328
	0.9689992070198059
	0.9689953327178955
	0.9689896106719971
	0.9689481854438782
	0.9689434170722961
	0.9689318537712097
	0.9689348340034485
	0.9689300060272217
	0.9689571857452393
	0.9689657688140869
	0.9689348936080933
	0.9689317941665649
	0.9689353704452515
	0.9689406156539917
	0.9689419865608215
	0.9689189791679382
	0.968906581401825
	0.968863844871521
	0.9688867330551147
	0.9689027070999146
	0.9689009189605713
	0.968901515007019
	0.9688954949378967
	0.9688945412635803
	0.9688884019851685
	0.9688785672187805
	0.9688801765441895
	0.9688915610313416
	0.9688982963562012
	0.9689087867736816
	0.9689111709594727
	0.968932032585144
	0.9689251184463501
	0.9688934683799744
	0.9688794612884521
	0.9688830375671387
	0.9688549637794495
	0.9688470363616943
	0.9688483476638794
	0.9688305854797363
	0.9688357710838318
	0.9687994718551636
	0.9688124060630798
	0.9688064455986023
	0.9688099026679993
	0.9688025116920471
	0.9687928557395935
	0.9687678217887878
	0.9687620401382446
	0.9687526822090149
	0.9687360525131226
	0.9687109589576721
	0.968705415725708
	0.9687052965164185
	0.9686983227729797
	0.9687075018882751
	0.968708872795105
	0.9687208533287048
	0.9686989784240723
	0.9686692357063293
	0.9686790704727173
	0.9686849117279053
	0.9686918258666992
	0.9687096476554871
	0.9686958193778992
	0.9686904549598694
	0.9686740040779114
	0.9686873555183411
	0.9686768651008606
	0.9686553478240967
	0.9686647057533264
	0.9686622023582458
	0.9686688184738159
	0.9686629176139832
	0.9686636924743652
	0.9686405658721924
	0.9686432480812073
	0.9686149954795837
	0.9685961604118347
	0.9685999751091003
	0.968599796295166
	0.9686064124107361
	0.9685760140419006
	0.968589723110199
	0.9685999751091003
	0.9685649871826172
	0.9685558080673218
	0.9685483574867249
	0.9685637950897217
	0.9685717821121216
	0.9685843586921692
	0.968589186668396
	0.9685822129249573
	0.9685635566711426
	0.9685677886009216
	0.9685598015785217
	0.9685530662536621
	0.9685409665107727
	0.968542218208313
	0.9685500860214233
	0.9685470461845398
	0.9685633182525635
	0.9685367345809937
	0.9685496687889099
	0.9685457348823547
	0.9685530066490173
	0.9685834646224976
	0.9685817956924438
	0.9685667753219604
	0.9685744643211365
	0.9685971736907959
	0.9685960412025452
	0.9686104655265808
	0.9686084985733032
	0.9686141610145569
	0.9686143398284912
	0.9686411023139954
	0.9686453342437744
	0.968664288520813
	0.9686828851699829
	0.9686856269836426
	0.9686722755432129
	0.9686517119407654
	0.9686520099639893
	0.9686563611030579
	0.9686658978462219
	0.9686758518218994
	0.9686715602874756
	0.9686987400054932
	0.9686930775642395
	0.9686866998672485
	0.9686726927757263
	0.9686817526817322
	0.9686888456344604
	0.9686920046806335
	0.9686897993087769
	0.9686649441719055
	0.9686639904975891
	0.9686736464500427
	0.968632698059082
	0.9686347842216492
	0.9686320424079895
	0.9686359763145447
	0.9686471223831177
	0.9686563014984131
	0.9686647057533264
	0.9686741232872009
	0.968693733215332
	0.9686887860298157
	0.9686882495880127
	0.9687064290046692
	0.968705952167511
	0.9686986804008484
	0.9687014818191528
	0.9686827063560486
	0.9686755537986755
	0.9686434864997864
	0.9686605930328369
	0.968644917011261
	0.9686563611030579
	0.9686595797538757
	0.9686835408210754
	0.9686893224716187
	0.9686809182167053
	0.968681812286377
	0.9686731696128845
	0.9686893820762634
	0.9686816334724426
	0.9686554670333862
	0.968662679195404
	0.9686787128448486
	0.9686586856842041
	0.9686724543571472
	0.9686686992645264
	0.968664824962616
	0.9686810374259949
	0.9686964154243469
	0.9686924815177917
	0.968712568283081
	0.968694806098938
	0.968684196472168
	0.9686867594718933
	0.9687022566795349
	0.9687038064002991
	0.96868896484375
	0.9687025547027588
	0.9687168002128601
	0.9687013626098633
	0.9686877131462097
	0.9686557054519653
	0.9686763882637024
	0.9686972498893738
	0.968706488609314
	0.9686959981918335
	0.9687140583992004
	0.9687157273292542
	0.9687049984931946
	0.9687083959579468
	0.9687151908874512
	0.9687115550041199
	0.9687042236328125
	0.9687049388885498
	0.968700647354126
	0.9686779975891113
	0.9686887264251709
	0.9686801433563232
	0.9686708450317383
	0.9686364531517029
	0.9686494469642639
	0.9686522483825684
	0.9686574935913086
	0.968654453754425
	0.9686554670333862
	0.9686711430549622
	0.9686834812164307
	0.9686868786811829
	0.9686826467514038
	0.968685507774353
	0.9686769247055054
	0.968683660030365
	0.96868497133255
	0.9686402082443237
	0.9686373472213745
	0.9686238765716553
	0.9686106443405151
	0.9685961604118347
	0.9685989022254944
	0.9686225056648254
	0.9686288833618164
	0.9686335325241089
	0.9686114192008972
]