[
	0.842556893825531
	0.8425036668777466
	0.8423857092857361
	0.8423068523406982
	0.8422175645828247
	0.842132568359375
	0.8419960141181946
	0.8419139981269836
	0.8417760729789734
	0.8416939973831177
	0.8416066765785217
	0.8414593935012817
	0.8412861227989197
	0.8411660194396973
	0.8410481214523315
	0.8409126996994019
	0.8408258557319641
	0.8407008051872253
	0.8406123518943787
	0.8405343890190125
	0.840447187423706
	0.8403782248497009
	0.8402767181396484
	0.8401880264282227
	0.8400964140892029
	0.8400216698646545
	0.839927613735199
	0.8398450016975403
	0.8397659659385681
	0.8396745920181274
	0.839595377445221
	0.839515209197998
	0.8393934369087219
	0.839296817779541
	0.8391493558883667
	0.8390583395957947
	0.8389613628387451
	0.8388925790786743
	0.8388247489929199
	0.8386945128440857
	0.8386299014091492
	0.8385490775108337
	0.8384689688682556
	0.8383964896202087
	0.8383104801177979
	0.838228166103363
	0.8381540179252625
	0.8380952477455139
	0.8380341529846191
	0.837913990020752
	0.837846040725708
	0.8377590775489807
	0.8376109600067139
	0.8375477194786072
	0.8374484181404114
	0.8373461961746216
	0.8372774124145508
	0.8372112512588501
	0.8371428847312927
	0.8370665311813354
	0.8369928002357483
	0.8369184136390686
	0.8368585705757141
	0.8367885947227478
	0.8367008566856384
	0.8366256356239319
	0.8365596532821655
	0.8364863395690918
	0.8364145159721375
	0.8363485336303711
	0.8362859487533569
	0.8362168669700623
	0.8361434936523438
	0.8360650539398193
	0.8359935879707336
	0.83592289686203
	0.835866391658783
	0.8357790112495422
	0.8357226848602295
	0.8356622457504272
	0.835593581199646
	0.8355249166488647
	0.8354492783546448
	0.8353971838951111
	0.8353272080421448
	0.8352510929107666
	0.8351791501045227
	0.835109531879425
	0.8350331783294678
	0.8349580764770508
	0.8348754048347473
	0.8348133563995361
	0.8347407579421997
	0.8346577286720276
	0.8345876336097717
	0.8345265984535217
	0.8344644904136658
	0.8344088792800903
	0.8343424201011658
	0.8342416882514954
	0.8341770768165588
	0.834122896194458
	0.8340582847595215
	0.8339830040931702
	0.8339167833328247
	0.8338445425033569
	0.8337823152542114
	0.833730936050415
	0.8336283564567566
	0.8335760235786438
	0.8335214853286743
	0.8334546089172363
	0.8334032297134399
	0.833341121673584
	0.8332791328430176
	0.8332111239433289
	0.8331671953201294
	0.8331122398376465
	0.8330623507499695
	0.8330028057098389
	0.8329369425773621
	0.8328867554664612
	0.8328375220298767
	0.8327681422233582
	0.8327164649963379
	0.8326578140258789
	0.8325889706611633
	0.8325345516204834
	0.832473874092102
	0.832412838935852
	0.8323562145233154
	0.8322509527206421
	0.8321853876113892
	0.8321297764778137
	0.8320727348327637
	0.8320120573043823
	0.8319545388221741
	0.8318877816200256
	0.8318396210670471
	0.8317808508872986
	0.8317163586616516
	0.8316721320152283
	0.8316280245780945
	0.8315710425376892
	0.831503689289093
	0.8314536809921265
	0.8314016461372375
	0.8313506841659546
	0.8312882781028748
	0.8312356472015381
	0.831189751625061
	0.8311485648155212
	0.8310832977294922
	0.8310251235961914
	0.8309661746025085
	0.8308708667755127
	0.8308141827583313
	0.8307538628578186
	0.8307095766067505
	0.8306723833084106
	0.8306249976158142
	0.8305861353874207
	0.830531656742096
	0.8304817080497742
	0.8304361701011658
	0.8303831219673157
	0.8303416967391968
	0.8302867412567139
	0.8302266001701355
	0.8301507830619812
	0.8300943374633789
	0.830049455165863
	0.8299902081489563
	0.8299424052238464
	0.8298999667167664
	0.8298596739768982
	0.8298103213310242
	0.8297670483589172
	0.8297286629676819
	0.8296715021133423
	0.8296161890029907
	0.8295642733573914
	0.8295192718505859
	0.8294746279716492
	0.8294295072555542
	0.8293753862380981
	0.8293198943138123
	0.8292636275291443
	0.8292030692100525
	0.8291596174240112
	0.8291101455688477
	0.8290600776672363
	0.8290057182312012
	0.8289627432823181
	0.8289281129837036
	0.8288908004760742
	0.8287898898124695
	0.8287355303764343
	0.8286747932434082
	0.8286280035972595
	0.8285844326019287
	0.8285298943519592
	0.8284927606582642
	0.8284527659416199
	0.8283957839012146
	0.8283569812774658
	0.8283113837242126
	0.8282632231712341
	0.8282182812690735
	0.828174352645874
	0.8281320333480835
	0.8280776739120483
	0.8280325531959534
	0.8279919624328613
	0.8279561996459961
	0.8279228806495667
	0.8278722167015076
	0.8278267979621887
	0.8277716636657715
	0.8277136087417603
	0.8276638388633728
	0.8276123404502869
	0.8275822997093201
	0.827531635761261
	0.8274928331375122
	0.8274312615394592
	0.8273898363113403
	0.8273583054542542
	0.8273240923881531
	0.8272947669029236
	0.8272573947906494
	0.8272227644920349
	0.8271802067756653
	0.8271295428276062
	0.827089250087738
	0.8270364999771118
	0.8269926905632019
	0.8269588351249695
	0.8269392848014832
	0.8268964886665344
	0.8268453478813171
	0.8267987370491028
	0.8267538547515869
	0.8266925811767578
	0.826642632484436
	0.8265821933746338
	0.8265398740768433
	0.8265066146850586
	0.8264697790145874
	0.8264230489730835
	0.8263802528381348
	0.8263348340988159
	0.8263053297996521
	0.8262577652931213
	0.8262049555778503
	0.8261654376983643
	0.8261162042617798
	0.8260926008224487
	0.8260547518730164
	0.8260158896446228
	0.825978696346283
	0.8259286880493164
	0.8258700966835022
	0.8258429169654846
	0.8257836699485779
	0.8257400989532471
	0.8256881833076477
	0.8256477117538452
	0.8256044387817383
	0.8255705237388611
	0.8255172967910767
	0.8254894614219666
	0.825442373752594
	0.8254084587097168
	0.8253740072250366
	0.8253328800201416
	0.825294017791748
	0.8252490758895874
	0.8252159953117371
	0.825177013874054
	0.825140655040741
	0.825107991695404
	0.82506263256073
	0.8250189423561096
	0.8249807357788086
	0.8249459266662598
	0.8249039649963379
	0.8248705863952637
	0.8248318433761597
	0.8247838020324707
	0.8247563242912292
	0.8247180581092834
	0.8246689438819885
	0.8246431946754456
	0.8246022462844849
	0.8245629072189331
	0.8245245814323425
	0.8244906067848206
	0.8244535326957703
	0.8244167566299438
	0.8243966698646545
	0.8243592381477356
	0.8243159055709839
	0.8242933750152588
	0.8242717385292053
	0.8242443203926086
	0.8242042660713196
	0.8241634964942932
	0.8241297602653503
	0.8240917325019836
	0.8240624070167542
	0.8240329027175903
	0.8240057229995728
	0.823977530002594
	0.8239455223083496
	0.823921799659729
	0.8238946199417114
	0.823874831199646
	0.8238335251808167
	0.8237878680229187
	0.8237683176994324
	0.8237488865852356
	0.8237025141716003
	0.8236612677574158
	0.8236339688301086
	0.8235975503921509
	0.8235700130462646
	0.8235414028167725
	0.8235142230987549
	0.8234888315200806
	0.8234432935714722
	0.8234180808067322
	0.8233831524848938
	0.8233544230461121
	0.8233232498168945
	0.8232696056365967
	0.8232401609420776
	0.8232076168060303
	0.8231713771820068
	0.8231448531150818
	0.8231118321418762
	0.8230857849121094
	0.8230647444725037
	0.8230295181274414
	0.8229818940162659
	0.8229654431343079
	0.8229395747184753
	0.8229196071624756
	0.8228944540023804
	0.8228632211685181
	0.8228374719619751
	0.822806179523468
	0.8227902054786682
	0.8227656483650208
	0.8227408528327942
	0.8227124214172363
	0.822689950466156
	0.8226761221885681
	0.8226434588432312
	0.8226221799850464
	0.8225823640823364
	0.8225435614585876
	0.8225148916244507
	0.8224781155586243
	0.8224454522132874
	0.8224085569381714
	0.8223721981048584
	0.8223421573638916
	0.822319507598877
	0.822296679019928
	0.8222819566726685
	0.8222721219062805
	0.8222314715385437
	0.8222008943557739
	0.8221784830093384
	0.8221557140350342
	0.8221164345741272
	0.8220890760421753
	0.8220523595809937
	0.8220273852348328
	0.821993350982666
	0.8219678997993469
	0.8219345211982727
	0.8219152688980103
	0.8218985199928284
	0.8218805193901062
	0.8218541145324707
	0.821846067905426
	0.8218168020248413
	0.8217846751213074
	0.8217735290527344
	0.8217592239379883
	0.8217388391494751
	0.8217035531997681
	0.8216712474822998
	0.8216516971588135
	0.8216326832771301
	0.8216224312782288
	0.8216047883033752
	0.821576714515686
	0.8215447664260864
	0.8215231895446777
	0.8215108513832092
	0.821490466594696
	0.821465015411377
	0.8214465975761414
	0.8214211463928223
	0.8214069604873657
	0.8213904500007629
	0.8213709592819214
	0.821341335773468
	0.8213340044021606
	0.8213097453117371
	0.8212898969650269
	0.8212592601776123
	0.8212436437606812
	0.8212156891822815
	0.8212140202522278
	0.8211854696273804
	0.8211632370948792
	0.8211590051651001
	0.821139931678772
	0.8211146593093872
	0.8210921883583069
	0.8210632801055908
	0.8210441470146179
	0.821017324924469
	0.8209927082061768
	0.820979654788971
	0.8209512233734131
	0.8209385871887207
	0.8209338784217834
	0.8208935260772705
	0.8208798170089722
	0.8208545446395874
	0.8208338022232056
	0.820805549621582
	0.8207909464836121
	0.8207638263702393
	0.8207440376281738
	0.8207244873046875
	0.8206992149353027
	0.820673406124115
	0.8206731677055359
	0.8206546306610107
	0.8206420540809631
	0.8206220865249634
	0.8206033706665039
	0.8205766081809998
	0.8205548524856567
	0.8205347061157227
	0.8205200433731079
	0.8204951882362366
	0.8204748034477234
	0.8204605579376221
	0.8204352855682373
	0.8204255104064941
	0.8204042911529541
	0.8203873038291931
	0.8203801512718201
	0.8203651309013367
	0.8203478455543518
	0.8203251957893372
	0.8203037977218628
	0.8202669024467468
	0.8202494978904724
	0.8202171921730042
	0.8201932907104492
	0.8201708197593689
	0.820139467716217
	0.8201183676719666
	0.8201080560684204
	0.8200891017913818
	0.820063591003418
	0.8200575113296509
	0.8200391530990601
	0.82002192735672
	0.8200114965438843
	0.8199960589408875
	0.8199846148490906
	0.8199667930603027
	0.8199447989463806
	0.8199332356452942
	0.8199201226234436
	0.8199042081832886
	0.8198840022087097
	0.8198610544204712
	0.8198484182357788
	0.8198286890983582
	0.8198148012161255
	0.8197843432426453
	0.8197798728942871
	0.8197534084320068
	0.8197415471076965
	0.8197191953659058
	0.8197125196456909
	0.8197097182273865
	0.8196859955787659
	0.8196641802787781
	0.8196451663970947
	0.8196321129798889
	0.819606363773346
	0.8195948600769043
	0.8195783495903015
	0.8195692300796509
	0.8195579648017883
	0.8195458650588989
	0.8195407390594482
	0.8195257782936096
	0.8195034861564636
	0.819484293460846
	0.8194737434387207
	0.8194543123245239
	0.819457471370697
	0.8194587826728821
	0.8194347023963928
	0.8194278478622437
	0.8194057941436768
	0.8193984031677246
	0.8193708658218384
	0.8193584084510803
	0.8193466663360596
	0.8193246126174927
	0.8193158507347107
	0.8192856907844543
	0.8192517757415771
	0.8192354440689087
	0.819226861000061
	0.8192062377929688
	0.8191902041435242
	0.819183349609375
	0.8191701769828796
	0.8191527128219604
	0.8191477656364441
	0.8191315531730652
	0.8191333413124084
	0.8191186785697937
	0.8191099762916565
	0.8190934658050537
	0.8190837502479553
	0.8190776705741882
	0.8190551400184631
	0.8190215826034546
	0.8190094232559204
	0.8190039396286011
	0.8189926147460938
	0.818976640701294
	0.8189669251441956
	0.8189573287963867
	0.8189384937286377
	0.8189254999160767
	0.8189200758934021
	0.8189054727554321
	0.8188909292221069
	0.8188837766647339
	0.8188759088516235
	0.8188645839691162
	0.8188562393188477
	0.8188587427139282
	0.8188477754592896
	0.8188365697860718
	0.8188385367393494
	0.818831205368042
	0.8188387155532837
	0.8188295960426331
	0.8188210725784302
	0.8188146948814392
	0.8188070058822632
	0.8187851309776306
	0.8187654614448547
	0.818760871887207
	0.8187634348869324
	0.8187733888626099
	0.8187571167945862
	0.8187450170516968
	0.8187320232391357
	0.8187206387519836
	0.8187241554260254
	0.8187077641487122
	0.8187183141708374
	0.818699836730957
	0.8186917901039124
	0.8186944127082825
	0.8186891078948975
	0.8186720609664917
	0.8186827898025513
	0.8186678290367126
	0.818676769733429
	0.8186509609222412
	0.8186461329460144
	0.8186495900154114
	0.8186385631561279
	0.8186266422271729
	0.8186179399490356
	0.8186203241348267
	0.8186027407646179
	0.8186060190200806
	0.8186007142066956
	0.8186106085777283
	0.8186084628105164
	0.8186092972755432
	0.8186005353927612
	0.8185985088348389
	0.8185926675796509
	0.8185920119285583
	0.8185932040214539
	0.8185843825340271
	0.8185781836509705
	0.8185834288597107
	0.8185815811157227
	0.8185831308364868
	0.8185771703720093
	0.8185824155807495
	0.8185728192329407
	0.818587601184845
	0.8185960650444031
	0.8185899257659912
	0.8185808062553406
	0.8185862302780151
	0.8185897469520569
	0.8185919523239136
	0.8185871839523315
	0.8185780644416809
	0.818591833114624
	0.8185974359512329
	0.8186237812042236
	0.8186197876930237
	0.8186217546463013
	0.8186157941818237
	0.818622887134552
	0.8186190724372864
	0.8186202645301819
	0.8186275959014893
	0.8186275362968445
	0.818629264831543
	0.8186333179473877
	0.8186119198799133
	0.8186057806015015
	0.8186054229736328
	0.8186198472976685
	0.8186148405075073
	0.8186115622520447
	0.8186025023460388
	0.8185979127883911
	0.8186032772064209
	0.8185963034629822
	0.8185948133468628
	0.8185790777206421
	0.8185834884643555
	0.8185737133026123
	0.8185807466506958
	0.8185946941375732
	0.8185850381851196
	0.8185902833938599
	0.8185948729515076
	0.818595290184021
	0.8185994625091553
	0.818595290184021
]