[
	0.8544085621833801
	0.8541342616081238
	0.8538661599159241
	0.8535915613174438
	0.8533201217651367
	0.853043258190155
	0.8527600169181824
	0.8524848222732544
	0.8522318601608276
	0.8519733548164368
	0.8516958355903625
	0.8514122366905212
	0.8511518239974976
	0.8508752584457397
	0.8505898714065552
	0.8503217697143555
	0.8500559329986572
	0.8497872948646545
	0.8495239019393921
	0.8492499589920044
	0.8489875197410583
	0.8487197756767273
	0.8484573364257812
	0.8481820225715637
	0.8479031920433044
	0.8476375341415405
	0.8473652005195618
	0.8471012711524963
	0.8468347191810608
	0.8465624451637268
	0.8462896943092346
	0.8460261821746826
	0.8457679152488708
	0.8455122709274292
	0.8452488780021667
	0.8449985384941101
	0.8447273373603821
	0.8444692492485046
	0.8442205786705017
	0.8439673781394958
	0.8437094688415527
	0.8434595465660095
	0.8432034850120544
	0.8429533839225769
	0.8426812291145325
	0.8424250483512878
	0.8421605229377747
	0.8418914079666138
	0.8416352868080139
	0.8413821458816528
	0.8411269187927246
	0.8408660888671875
	0.8406279683113098
	0.8403892517089844
	0.8401474356651306
	0.8399004340171814
	0.8396596312522888
	0.8394169807434082
	0.8391611576080322
	0.8389084339141846
	0.8386586308479309
	0.8384143114089966
	0.8381707668304443
	0.8379278779029846
	0.83768630027771
	0.837421715259552
	0.8371756672859192
	0.836940586566925
	0.8366973996162415
	0.8364591002464294
	0.8362303972244263
	0.8359860777854919
	0.8357610106468201
	0.8355304598808289
	0.8352987766265869
	0.8350618481636047
	0.8348204493522644
	0.8345791101455688
	0.8343615531921387
	0.8341271877288818
	0.8338992595672607
	0.833661675453186
	0.8334367871284485
	0.8332133293151855
	0.8329970836639404
	0.8327558040618896
	0.8325543999671936
	0.8323314189910889
	0.8321042656898499
	0.8318831324577332
	0.8316564559936523
	0.8314306139945984
	0.8312157392501831
	0.8310095071792603
	0.8307886719703674
	0.8305703401565552
	0.8303614258766174
	0.8301700949668884
	0.8299522399902344
	0.8297451734542847
	0.8295366168022156
	0.8293307423591614
	0.8291172981262207
	0.8289098739624023
	0.8287100791931152
	0.8285148739814758
	0.8283067941665649
	0.8280928730964661
	0.8278903365135193
	0.8276867866516113
	0.8274790048599243
	0.8272766470909119
	0.8270823359489441
	0.8268750309944153
	0.8266714215278625
	0.8264622688293457
	0.8262684941291809
	0.8260601758956909
	0.825874924659729
	0.82569420337677
	0.8254941701889038
	0.8253014087677002
	0.825117826461792
	0.8249240517616272
	0.8247504830360413
	0.8245601654052734
	0.8243675827980042
	0.8241731524467468
	0.8239924907684326
	0.8237926363945007
	0.8236125707626343
	0.8234140872955322
	0.823209285736084
	0.8230348229408264
	0.822849452495575
	0.8226951360702515
	0.8225119709968567
	0.822314977645874
	0.8221351504325867
	0.8219519257545471
	0.8217839002609253
	0.8216127157211304
	0.8214343190193176
	0.8212438821792603
	0.8210646510124207
	0.8208918571472168
	0.8207167983055115
	0.820547342300415
	0.8203765749931335
	0.8201915621757507
	0.8200094699859619
	0.8198281526565552
	0.8196691870689392
	0.8194906115531921
	0.8193184733390808
	0.8191384077072144
	0.8189616799354553
	0.8187867999076843
	0.8186193704605103
	0.8184541463851929
	0.8182792663574219
	0.8181239366531372
	0.817937433719635
	0.8177823424339294
	0.8176236748695374
	0.8174654245376587
	0.8173132538795471
	0.81715989112854
	0.8169997930526733
	0.8168354034423828
	0.8166810870170593
	0.8165241479873657
	0.8163668513298035
	0.8162049055099487
	0.8160569667816162
	0.8158738017082214
	0.8157123923301697
	0.8155518770217896
	0.8153974413871765
	0.8152453303337097
	0.8150840997695923
	0.8149266242980957
	0.8147799372673035
	0.8146222233772278
	0.8144699335098267
	0.8143196702003479
	0.8141651153564453
	0.8140019774436951
	0.8138546347618103
	0.8136904835700989
	0.8135426044464111
	0.8133637309074402
	0.8131943941116333
	0.813051700592041
	0.8128935694694519
	0.8127532005310059
	0.8125882148742676
	0.8124300837516785
	0.8122654557228088
	0.8121095299720764
	0.8119587898254395
	0.8118010759353638
	0.8116713762283325
	0.8115196824073792
	0.8113799095153809
	0.8112373948097229
	0.8110787868499756
	0.8109347224235535
	0.8107929229736328
	0.8106561899185181
	0.810520589351654
	0.810365617275238
	0.8102173805236816
	0.8100816607475281
	0.8099319338798523
	0.8098061084747314
	0.8096601963043213
	0.8095089197158813
	0.8093554973602295
	0.80921471118927
	0.8090890645980835
	0.8089503049850464
	0.8088164925575256
	0.8086985349655151
	0.8085532784461975
	0.8084161281585693
	0.8082748651504517
	0.808129608631134
	0.8079866170883179
	0.8078394532203674
	0.8077026605606079
	0.8075686693191528
	0.8074373602867126
	0.8072978258132935
	0.807162880897522
	0.807024359703064
	0.8068918585777283
	0.8067477941513062
	0.8066144585609436
	0.8064805865287781
	0.8063517212867737
	0.8062267303466797
	0.8060940504074097
	0.8059824109077454
	0.8058469295501709
	0.8057031631469727
	0.8055810928344727
	0.8054510951042175
	0.8053160905838013
	0.805183470249176
	0.8050486445426941
	0.8049202561378479
	0.8047924041748047
	0.804655134677887
	0.804540753364563
	0.8044250011444092
	0.8042977452278137
	0.804184079170227
	0.8040749430656433
	0.803941011428833
	0.8038079738616943
	0.8036815524101257
	0.8035690784454346
	0.8034453392028809
	0.8033244609832764
	0.8031919598579407
	0.8030586242675781
	0.8029360175132751
	0.8028197884559631
	0.8026973009109497
	0.802570641040802
	0.8024505376815796
	0.8023303151130676
	0.8022156953811646
	0.8020918965339661
	0.8019758462905884
	0.8018575310707092
	0.8017386198043823
	0.8016177415847778
	0.8014955520629883
	0.8013678193092346
	0.8012546896934509
	0.8011184334754944
	0.8010073304176331
	0.800889253616333
	0.800774872303009
	0.8006681799888611
	0.8005529046058655
	0.8004302978515625
	0.8003175258636475
	0.8001956939697266
	0.8000678420066833
	0.799949586391449
	0.7998266816139221
	0.7997093200683594
	0.7995902299880981
	0.799473762512207
	0.7993597984313965
	0.7992504239082336
	0.7991368174552917
	0.7990293502807617
	0.7989065647125244
	0.7987902164459229
	0.798675537109375
	0.798564612865448
	0.798448920249939
	0.7983205318450928
	0.7982258796691895
	0.7981219291687012
	0.7980079054832458
	0.7978914380073547
	0.7977740168571472
	0.7976673245429993
	0.7975602149963379
	0.7974433898925781
	0.7973212003707886
	0.7972161769866943
	0.7971041798591614
	0.7969880700111389
	0.7968606352806091
	0.7967591285705566
	0.796656608581543
	0.7965484261512756
	0.7964303493499756
	0.7963240742683411
	0.7962355017662048
	0.7961156964302063
	0.7960178256034851
	0.7959190011024475
	0.7958036661148071
	0.7956828474998474
	0.7955738306045532
	0.7954791188240051
	0.7953639626502991
	0.7952579259872437
	0.7951565384864807
	0.7950453162193298
	0.7949405312538147
	0.7948402166366577
	0.7947397232055664
	0.7946469783782959
	0.7945372462272644
	0.7944322824478149
	0.7943099141120911
	0.7942126989364624
	0.7941079139709473
	0.7940151691436768
	0.7939184308052063
	0.7938199043273926
	0.7937127351760864
	0.7936114072799683
	0.7935019731521606
	0.7934002876281738
	0.7932966947555542
	0.7931910157203674
	0.7930876016616821
	0.7929867506027222
	0.7928811311721802
	0.7927809953689575
	0.7926777005195618
	0.7925818562507629
	0.7924816012382507
	0.7923820614814758
	0.7922808527946472
	0.7921885251998901
	0.792074978351593
	0.7919749021530151
	0.791875422000885
	0.7917828559875488
	0.7916876077651978
	0.791580855846405
	0.7914670705795288
	0.7913710474967957
	0.7912799119949341
	0.7911792993545532
	0.791082501411438
	0.7909878492355347
	0.790890097618103
	0.790790319442749
	0.7907029986381531
	0.7906116843223572
	0.7905129194259644
	0.7904109954833984
	0.7903158664703369
	0.7902117967605591
	0.7901020050048828
	0.7900139689445496
	0.789926290512085
	0.7898314595222473
	0.7897423505783081
	0.7896488904953003
	0.7895528674125671
	0.7894586324691772
	0.7893707752227783
	0.7892777323722839
	0.789178729057312
	0.7891125082969666
	0.789011538028717
	0.7889189124107361
	0.7888290286064148
	0.7887356281280518
	0.7886343002319336
	0.7885423898696899
	0.7884727120399475
	0.7883715033531189
	0.7882829308509827
	0.7881948947906494
	0.7881004810333252
	0.7880150079727173
	0.7879054546356201
	0.7878244519233704
	0.7877412438392639
	0.787655770778656
	0.7875754237174988
	0.7874924540519714
	0.7874044179916382
	0.7873103022575378
	0.7872270345687866
	0.7871521711349487
	0.787064790725708
	0.7869839668273926
	0.786903440952301
	0.7867956161499023
	0.7866954803466797
	0.7865983247756958
	0.7865142226219177
	0.7864333987236023
	0.7863376140594482
	0.786243736743927
	0.7861642241477966
	0.7860836982727051
	0.7859817743301392
	0.7858902215957642
	0.7858040928840637
	0.7857281565666199
	0.785630464553833
	0.7855417132377625
	0.7854477167129517
	0.7853568196296692
	0.7852721214294434
	0.7851855754852295
	0.7850993275642395
	0.7850096821784973
	0.78492671251297
	0.7848536372184753
	0.7847639322280884
	0.7846744060516357
	0.7845752835273743
	0.7844844460487366
	0.7844073176383972
	0.7843204140663147
	0.7842352986335754
	0.7841507792472839
	0.7840564846992493
	0.7839679718017578
	0.7838823795318604
	0.7838020920753479
	0.7837151885032654
	0.7836247086524963
	0.7835490107536316
	0.7834606170654297
	0.783361554145813
	0.7832896709442139
	0.7832188606262207
	0.7831326723098755
	0.7830564975738525
	0.7829626202583313
	0.7828872203826904
	0.7827995419502258
	0.7827202081680298
	0.7826449871063232
	0.7825537323951721
	0.7824702262878418
	0.7823829650878906
	0.7823029160499573
	0.7822238802909851
	0.7821387052536011
	0.7820447683334351
	0.7819604873657227
	0.7818785905838013
	0.7817922830581665
	0.7817190885543823
	0.7816365957260132
	0.7815610766410828
	0.7814676761627197
	0.78138267993927
	0.7813040018081665
	0.781221330165863
	0.781131386756897
	0.7810431122779846
	0.7809606194496155
	0.7808828949928284
	0.7808079123497009
	0.7807282209396362
	0.7806477546691895
	0.7805742025375366
	0.7804995179176331
	0.7804195284843445
	0.7803401947021484
	0.7802574038505554
	0.7801852226257324
	0.7800986766815186
	0.7800209522247314
	0.779937207698822
	0.7798535823822021
	0.7797753214836121
	0.779687225818634
	0.779604434967041
	0.7795188426971436
	0.7794345617294312
	0.7793523073196411
	0.7792719602584839
	0.779184877872467
	0.7790969610214233
	0.7790228128433228
	0.7789433598518372
	0.7788620591163635
	0.778786838054657
	0.7787001132965088
	0.7786263227462769
	0.7785360217094421
	0.7784513235092163
	0.7783777117729187
	0.7782928347587585
	0.7782183289527893
	0.7781350016593933
	0.7780637741088867
	0.7779895067214966
	0.7779074311256409
	0.777834951877594
	0.7777514457702637
	0.7776858806610107
	0.7776048183441162
	0.777525007724762
	0.7774506211280823
	0.7773763537406921
	0.7773075699806213
	0.7772233486175537
	0.7771391868591309
	0.7770705223083496
	0.7769859433174133
	0.7769148945808411
	0.7768340706825256
	0.7767685651779175
	0.7766947746276855
	0.7766304016113281
	0.7765530943870544
	0.7764754891395569
	0.7764009237289429
	0.7763239741325378
	0.7762595415115356
	0.7761755585670471
	0.7761038541793823
	0.7760366797447205
	0.7759716510772705
	0.7758933901786804
	0.7758262157440186
	0.7757475972175598
	0.7756660580635071
	0.775584876537323
	0.7755095958709717
	0.7754257321357727
	0.7753558158874512
	0.7752732634544373
	0.7751989960670471
	0.7751297950744629
	0.7750529050827026
	0.7749888300895691
	0.7749130725860596
	0.7748413681983948
	0.7747642993927002
	0.7746883630752563
	0.7746248841285706
	0.7745648622512817
	0.774502694606781
	0.7744333744049072
	0.7743585109710693
	0.7742835283279419
	0.7742230892181396
	0.7741602659225464
	0.774084746837616
	0.7740077376365662
	0.7739343643188477
	0.7738654613494873
	0.773791491985321
	0.7737299203872681
	0.7736861109733582
	0.7736191749572754
	0.7735611200332642
	0.7734918594360352
	0.7734293937683105
	0.7733618021011353
	0.7732800841331482
	0.7732089161872864
	0.773142397403717
	0.7730713486671448
	0.7730028629302979
	0.7729398012161255
	0.7728757262229919
	0.772793173789978
	0.7727253437042236
	0.7726498246192932
	0.7725791931152344
	0.772506594657898
	0.7724432349205017
	0.7723746299743652
	0.7723126411437988
	0.7722455263137817
	0.7721759676933289
	0.7721104621887207
	0.7720463871955872
	0.7719857096672058
	0.7719084024429321
	0.7718451619148254
	0.7717779874801636
	0.7717132568359375
	0.7716473937034607
	0.7715798020362854
	0.7715218663215637
	0.7714588046073914
	0.7713884711265564
	0.7713184952735901
	0.7712554931640625
	0.7711845636367798
	0.7711270451545715
	0.7710659503936768
	0.7709922790527344
	0.770918607711792
	0.7708536982536316
	0.7707884907722473
	0.7707193493843079
	0.7706483006477356
	0.7705798149108887
	0.7705170512199402
	0.7704654335975647
	0.7703984379768372
	0.7703372240066528
	0.7702740430831909
	0.7702066898345947
	0.7701457142829895
	0.7700681686401367
	0.7700063586235046
	0.7699385285377502
	0.7698744535446167
	0.7698073387145996
	0.769744873046875
	0.7696769833564758
	0.7696120142936707
	0.7695395350456238
	0.7694774866104126
	0.7694122791290283
	0.7693427801132202
	0.7692806124687195
	0.7692177891731262
	0.7691532969474792
	0.7690847516059875
	0.7690253257751465
	0.7689602375030518
	0.7688924670219421
	0.7688332796096802
	0.7687751054763794
	0.7687090039253235
	0.7686449289321899
	0.7685942053794861
	0.7685229182243347
	0.7684663534164429
	0.7684098482131958
	0.7683390378952026
	0.7682682871818542
	0.7681993842124939
	0.7681466937065125
	0.7680734395980835
	0.7680131196975708
	0.7679574489593506
	0.76789391040802
	0.7678278684616089
	0.7677731513977051
	0.7677132487297058
	0.7676648497581482
	0.7675987482070923
	0.7675392031669617
	0.7674769163131714
	0.7674124240875244
	0.7673442363739014
	0.7672988772392273
	0.7672407031059265
	0.7671562433242798
	0.7670995593070984
	0.767037570476532
	0.7669707536697388
	0.766903281211853
	0.7668318152427673
	0.7667670249938965
	0.7667128443717957
	0.7666508555412292
	0.7665858268737793
	0.7665318846702576
	0.7664694786071777
	0.7664011120796204
	0.7663315534591675
	0.7662756443023682
	0.7662234902381897
	0.7661610841751099
	0.7661070227622986
	0.7660408616065979
	0.7659814357757568
	0.7659136652946472
	0.7658601999282837
	0.7658016681671143
	0.7657440900802612
	0.7656807899475098
	0.7656083703041077
	0.7655444145202637
	0.7654666304588318
	0.7654101252555847
	0.7653596997261047
	0.7653080224990845
	0.7652445435523987
	0.7651864886283875
	0.7651230096817017
	0.7650590538978577
	0.7650046944618225
	0.7649481892585754
	0.7649034857749939
	0.7648480534553528
	0.7647864818572998
	0.7647290825843811
	0.7646748423576355
	0.76462721824646
	0.7645667195320129
	0.7645094394683838
	0.7644555568695068
	0.764400064945221
	0.7643409967422485
	0.7642841339111328
	0.7642238736152649
	0.7641525864601135
	0.7640904188156128
	0.7640306949615479
	0.7639695405960083
	0.7639213800430298
	0.7638595700263977
	0.7638003826141357
	0.7637415528297424
	0.7636774778366089
	0.7636239528656006
	0.7635728716850281
	0.7635121941566467
	0.7634561061859131
	0.7633971571922302
	0.7633540630340576
	0.7633032202720642
	0.7632500529289246
	0.7631884217262268
	0.7631405591964722
	0.7630816698074341
	0.7630295157432556
	0.7629786133766174
	0.7629260420799255
	0.7628797292709351
	0.7628282904624939
	0.7627749443054199
	0.7627128958702087
	0.7626699209213257
	0.7626180052757263
	0.7625564932823181
	0.7624958157539368
	0.7624450325965881
	0.762387216091156
	0.7623221278190613
	0.7622728943824768
	0.7622089385986328
	0.7621595859527588
	0.7621094584465027
	0.7620599269866943
	0.761997640132904
	0.7619332075119019
	0.7618706226348877
	0.7618200778961182
	0.7617615461349487
	0.7617024183273315
	0.7616540789604187
	0.7615994811058044
	0.7615482211112976
	0.76149982213974
	0.761441707611084
	0.761394202709198
	0.7613341212272644
	0.7612746357917786
	0.7612141370773315
	0.7611713409423828
	0.7611079216003418
	0.7610626220703125
	0.7610145211219788
	0.7609588503837585
	0.76090407371521
	0.7608485817909241
	0.7607995271682739
	0.7607492208480835
	0.7606993317604065
	0.7606399059295654
	0.7605865597724915
	0.760543167591095
	0.7604907751083374
	0.7604367733001709
	0.7603961229324341
	0.7603538632392883
	0.7603015899658203
	0.7602495551109314
	0.7601969838142395
	0.7601436376571655
	0.7600842118263245
	0.7600403428077698
	0.7599895596504211
	0.7599422335624695
	0.7598853707313538
	0.7598360776901245
	0.7597818374633789
	0.7597230076789856
	0.7596797347068787
	0.7596312761306763
	0.7595793008804321
	0.7595208883285522
	0.7594670057296753
	0.7594142556190491
	0.7593563199043274
	0.759307861328125
	0.7592541575431824
	0.7592085599899292
	0.7591584324836731
	0.7591024041175842
	0.7590548992156982
	0.7590035796165466
	0.7589632868766785
	0.7589033246040344
	0.7588643431663513
	0.7588106989860535
	0.7587646842002869
	0.7587142586708069
	0.7586607336997986
	0.7585987448692322
	0.7585554122924805
	0.7585151791572571
	0.7584618926048279
	0.7584198117256165
	0.7583689093589783
	0.7583169341087341
	0.758267879486084
	0.7582141160964966
	0.7581776976585388
	0.7581303715705872
	0.7580831050872803
	0.758022665977478
	0.7579721808433533
	0.7579200267791748
	0.757869303226471
	0.7578243613243103
	0.7577773332595825
	0.7577264904975891
	0.7576785087585449
	0.7576241493225098
	0.7575821876525879
	0.7575327157974243
	0.7574831247329712
	0.7574321031570435
	0.7573668360710144
	0.7573198676109314
	0.7572686076164246
	0.7572214603424072
	0.757159411907196
	0.757111132144928
	0.7570553421974182
	0.7570139765739441
	0.7569723725318909
	0.7569222450256348
	0.7568669319152832
	0.756815493106842
	0.7567561268806458
	0.7567043304443359
	0.7566499710083008
	0.7565959095954895
	0.7565486431121826
	0.7564867734909058
	0.7564375400543213
	0.7563996315002441
	0.7563494443893433
	0.7563045024871826
	0.7562562227249146
	0.7562061548233032
	0.7561478614807129
	0.7561073899269104
	0.7560651898384094
	0.756019115447998
	0.7559728026390076
	0.7559345364570618
	0.7558802962303162
	0.7558270692825317
	0.7557825446128845
	0.755728006362915
	0.7556748986244202
	0.755626916885376
	0.7555743455886841
	0.7555268406867981
	0.7554782629013062
	0.7554409503936768
	0.7553993463516235
	0.7553609609603882
	0.7552971243858337
	0.7552528977394104
	0.7552033066749573
	0.7551575899124146
	0.7551050782203674
	0.7550640106201172
	0.7550049424171448
	0.7549546360969543
	0.754913866519928
	0.7548713088035583
	0.7548303604125977
	0.754784882068634
	0.7547392845153809
	0.7546957731246948
	0.7546521425247192
	0.7546009421348572
	0.7545508146286011
	0.7545132040977478
	0.754463791847229
	0.7544119358062744
	0.7543591856956482
	0.7543177008628845
	0.7542688846588135
	0.7542203068733215
	0.75417160987854
	0.7541211247444153
	0.7540672421455383
	0.7540214657783508
	0.7539746761322021
	0.7539273500442505
	0.7538843154907227
	0.7538376450538635
	0.7537966370582581
	0.7537446618080139
	0.7536940574645996
	0.7536466121673584
	0.7536107897758484
	0.75356125831604
	0.75351482629776
	0.7534651160240173
	0.7534215450286865
	0.7533780932426453
	0.7533321380615234
	0.7532791495323181
	0.7532404661178589
	0.7531942129135132
	0.7531441450119019
	0.7530970573425293
	0.7530439496040344
	0.7529945373535156
	0.7529524564743042
	0.7529090046882629
	0.7528496384620667
	0.7528001666069031
	0.7527541518211365
	0.7527101635932922
	0.7526617646217346
	0.7526023983955383
	0.7525556087493896
	0.7525113224983215
	0.7524716258049011
	0.7524250745773315
	0.7523716688156128
	0.7523177862167358
	0.7522753477096558
	0.7522302269935608
	0.7521789073944092
	0.7521374225616455
	0.7520949840545654
	0.752052903175354
	0.7520143389701843
	0.7519803047180176
	0.7519453763961792
	0.7518927454948425
	0.7518405318260193
	0.7517943978309631
	0.7517454028129578
	0.7516914010047913
	0.7516387701034546
	0.7516039609909058
	0.7515595555305481
	0.751511812210083
	0.7514768838882446
	0.7514342069625854
	0.7513949871063232
	0.7513481974601746
	0.7513124346733093
	0.7512717247009277
	0.7512332201004028
	0.7511922717094421
	0.7511506676673889
	0.7511059641838074
	0.751060962677002
	0.751018226146698
	0.7509709000587463
	0.7509175539016724
	0.750868022441864
	0.7508193254470825
	0.7507681846618652
	0.7507265210151672
	0.7506880164146423
	0.7506529688835144
	0.7506114840507507
	0.7505662441253662
	0.7505226135253906
	0.7504812479019165
	0.750434935092926
	0.7503936886787415
	0.750350832939148
	0.7503150105476379
	0.7502716779708862
	0.7502297759056091
	0.7501825094223022
	0.7501418590545654
	0.750095009803772
	0.7500537037849426
	0.7500035762786865
	0.7499635815620422
	0.7499191761016846
	0.7498690485954285
	0.7498241066932678
	0.7497795820236206
	0.7497404217720032
	0.7497024536132812
	0.749667227268219
	0.7496256828308105
	0.7495884299278259
	0.7495410442352295
	0.7494974732398987
	0.7494537830352783
	0.7494160532951355
	0.7493832111358643
	0.7493390440940857
	0.7492991089820862
	0.7492575645446777
	0.749222457408905
	0.7491745352745056
	0.7491317391395569
	0.7490993142127991
	0.749064564704895
	0.7490214705467224
	0.7489786744117737
	0.7489325404167175
	0.7488877177238464
	0.7488520741462708
	0.7488130331039429
	0.7487801313400269
	0.7487359046936035
	0.748694658279419
	0.7486597299575806
	0.7486265897750854
	0.7485859394073486
	0.7485458850860596
	0.7485045790672302
	0.7484724521636963
	0.7484296560287476
	0.7483862638473511
	0.7483426332473755
	0.74830162525177
	0.748266339302063
	0.7482246160507202
	0.7481746077537537
	0.748128354549408
	0.7480878829956055
	0.7480470538139343
	0.7480037212371826
	0.7479594349861145
	0.7479164004325867
	0.7478739023208618
	0.7478365302085876
	0.7477946281433105
	0.7477543950080872
	0.7477160692214966
	0.7476665377616882
	0.7476345300674438
	0.7475858926773071
	0.7475539445877075
	0.7475159168243408
	0.7474843859672546
	0.7474521398544312
	0.7474128007888794
	0.7473686933517456
	0.747331440448761
	0.7472853064537048
	0.7472445964813232
	0.7471950650215149
	0.747166633605957
	0.7471293210983276
	0.7470880150794983
	0.7470482587814331
	0.7470179796218872
	0.7469700574874878
	0.7469377517700195
	0.7469028234481812
	0.7468662261962891
	0.7468234300613403
	0.7467871308326721
	0.7467596530914307
	0.7467239499092102
	0.7466931939125061
	0.7466545701026917
	0.7466139793395996
	0.7465688586235046
	0.7465324997901917
	0.7464901208877563
	0.7464529871940613
	0.7464131116867065
	0.746376633644104
	0.746336042881012
	0.7463062405586243
	0.7462619543075562
	0.7462217807769775
	0.7461830377578735
	0.7461399435997009
	0.7461026310920715
	0.7460664510726929
	0.7460382580757141
	0.7459974884986877
	0.7459636330604553
	0.7459235191345215
	0.7458804249763489
	0.745847225189209
	0.7458125948905945
	0.7457752227783203
	0.7457456588745117
	0.7456986904144287
	0.7456706762313843
	0.745623767375946
	0.7455781102180481
	0.7455350756645203
	0.7454950213432312
	0.7454667687416077
	0.7454242706298828
	0.7453871369361877
	0.7453557848930359
	0.7453200817108154
	0.7452767491340637
	0.745240330696106
	0.7452020645141602
	0.7451696395874023
	0.7451286911964417
	0.7450883984565735
	0.745047390460968
	0.7449962496757507
	0.7449536323547363
	0.7449170351028442
	0.7448861002922058
	0.7448514103889465
	0.7448076605796814
	0.744762659072876
	0.7447149753570557
	0.744675874710083
	0.7446392774581909
	0.7445951104164124
	0.7445448637008667
	0.744502067565918
	0.744476318359375
	0.7444330453872681
	0.7443969249725342
	0.7443681359291077
	0.7443325519561768
	0.744288444519043
	0.7442427277565002
	0.744218111038208
	0.7441826462745667
	0.7441418766975403
	0.7440991401672363
	0.7440621852874756
	0.7440274953842163
	0.7439864277839661
	0.7439528703689575
	0.7439150214195251
	0.7438689470291138
	0.7438258528709412
	0.743793785572052
	0.7437559962272644
	0.7437238097190857
	0.7436846494674683
	0.7436510324478149
	0.7436245679855347
	0.7435887455940247
	0.7435582280158997
	0.7435250282287598
	0.7434898018836975
	0.7434594631195068
	0.7434203028678894
	0.7433927655220032
	0.7433549761772156
	0.7433156371116638
	0.7432847023010254
	0.7432370781898499
	0.7432011365890503
	0.7431683540344238
	0.7431299090385437
	0.7430949211120605
	0.7430628538131714
	0.7430227398872375
	0.7429890036582947
	0.7429466843605042
	0.7429093718528748
	0.7428752779960632
	0.7428388595581055
	0.7427961826324463
	0.7427611947059631
	0.7427124977111816
	0.7426773905754089
	0.7426369190216064
	0.742588996887207
	0.7425565123558044
	0.7425165176391602
	0.7424885034561157
	0.742453932762146
	0.7424193620681763
	0.7423844933509827
	0.7423550486564636
	0.7423187494277954
	0.7422800064086914
	0.7422468066215515
	0.7422054409980774
	0.7421626448631287
	0.7421295046806335
	0.7421016097068787
	0.7420702576637268
	0.7420372366905212
	0.7420021891593933
	0.7419570088386536
	0.7419216632843018
	0.7418867349624634
	0.7418511509895325
	0.7418122887611389
	0.7417684197425842
	0.7417418956756592
	0.7417078018188477
	0.7416656613349915
	0.7416235208511353
	0.7415904998779297
	0.7415595650672913
	0.7415288090705872
	0.7414923906326294
	0.7414608597755432
	0.7414388060569763
	0.7413992285728455
	0.7413628101348877
	0.7413318157196045
	0.7412921786308289
	0.7412557601928711
	0.7412136793136597
	0.7411841154098511
	0.7411422729492188
	0.7411085367202759
	0.7410790324211121
	0.7410367131233215
	0.7410069108009338
	0.7409627437591553
	0.7409271597862244
	0.7408872246742249
	0.7408449649810791
	0.7408130764961243
	0.740778923034668
	0.7407418489456177
	0.7407094836235046
	0.7406664490699768
	0.7406362295150757
	0.7406051158905029
	0.740575909614563
	0.7405468225479126
	0.7405157685279846
	0.7404779195785522
	0.7404472827911377
	0.7404133081436157
	0.7403804659843445
	0.7403540015220642
	0.7403305172920227
	0.7402873039245605
	0.7402504682540894
	0.7402040362358093
	0.740170419216156
	0.7401316165924072
	0.740096926689148
	0.7400611042976379
	0.7400228977203369
	0.7399953603744507
	0.7399585843086243
	0.73992919921875
	0.7399045825004578
	0.7398681640625
	0.7398370504379272
	0.7397964596748352
	0.7397661209106445
	0.73973149061203
	0.7397026419639587
	0.7396712899208069
	0.7396393418312073
	0.73960280418396
	0.739562451839447
	0.7395292520523071
	0.7394894957542419
	0.7394562363624573
	0.7394247651100159
	0.7393876910209656
	0.7393493056297302
	0.7393152713775635
	0.739278256893158
	0.7392421960830688
	0.7392065525054932
	0.7391710877418518
	0.7391443252563477
	0.7391064167022705
	0.7390692234039307
	0.7390401363372803
	0.7390124797821045
	0.7389808297157288
	0.7389466166496277
	0.7389236092567444
	0.7388802766799927
	0.7388501763343811
	0.7388171553611755
	0.73878014087677
	0.7387518882751465
	0.7387190461158752
	0.738688051700592
	0.7386531829833984
	0.7386132478713989
	0.7385817170143127
	0.7385562658309937
	0.7385155558586121
	0.738470196723938
	0.7384364008903503
	0.7383944988250732
	0.7383692860603333
	0.7383372187614441
	0.7383130788803101
	0.7382815480232239
	0.738251268863678
	0.7382112145423889
	0.7381811738014221
	0.7381561398506165
	0.7381297945976257
	0.7380976676940918
	0.7380734086036682
	0.7380375266075134
	0.7379988431930542
	0.7379713654518127
	0.737940788269043
	0.7379080057144165
	0.7378789186477661
	0.737842321395874
	0.737812876701355
	0.7377831935882568
	0.7377421855926514
	0.7377049922943115
	0.7376701235771179
	0.7376404404640198
	0.7376130223274231
	0.7375834584236145
	0.7375522255897522
	0.737531304359436
	0.7375174760818481
	0.7374848127365112
	0.7374519109725952
	0.7374241948127747
	0.7373910546302795
	0.7373608350753784
	0.7373277544975281
	0.7372964024543762
	0.7372658252716064
	0.7372331619262695
	0.7371955513954163
	0.7371654510498047
	0.7371309995651245
	0.7371074557304382
	0.73707115650177
	0.7370405793190002
	0.7370173931121826
	0.7369868755340576
	0.7369574308395386
	0.7369277477264404
	0.7369014024734497
	0.7368811368942261
	0.7368427515029907
	0.7368082404136658
	0.7367686629295349
	0.7367415428161621
	0.7367132306098938
	0.7366787791252136
	0.7366441488265991
	0.7366074919700623
	0.7365720868110657
	0.7365443110466003
	0.7365149259567261
	0.7364914417266846
	0.7364569902420044
	0.7364234924316406
	0.7363916635513306
	0.7363549470901489
	0.7363290786743164
	0.7362935543060303
	0.7362625002861023
	0.7362319231033325
	0.7362075448036194
	0.7361702919006348
	0.7361461520195007
	0.7361118793487549
	0.7360875010490417
	0.7360485196113586
	0.736013650894165
	0.7359797358512878
	0.7359487414360046
	0.7359187602996826
	0.7358940243721008
	0.7358594536781311
	0.7358258962631226
	0.7357861995697021
	0.7357600331306458
	0.7357485294342041
	0.7357258200645447
	0.735702633857727
	0.7356780767440796
	0.7356445789337158
	0.7356143593788147
	0.7355868220329285
	0.7355546951293945
	0.735525369644165
	0.7354966402053833
	0.7354621887207031
	0.7354269623756409
	0.7353999018669128
	0.7353652119636536
	0.7353320121765137
	0.7353134155273438
	0.7352873682975769
	0.7352541089057922
	0.7352200150489807
	0.7351876497268677
	0.7351563572883606
	0.735131561756134
	0.7351027131080627
	0.7350779175758362
	0.7350437045097351
	0.7350195050239563
	0.7349843382835388
	0.7349572777748108
	0.7349341511726379
	0.7349041104316711
	0.7348694801330566
	0.7348476052284241
	0.7348229885101318
	0.7347868084907532
	0.734759509563446
	0.7347284555435181
	0.7347001433372498
	0.7346704602241516
	0.7346405982971191
	0.7346065640449524
	0.7345868945121765
	0.734556257724762
	0.7345181703567505
	0.7344980835914612
	0.7344719171524048
	0.7344477772712708
	0.7344152331352234
	0.7343879342079163
	0.7343582510948181
	0.7343334555625916
	0.7343015074729919
	0.7342773675918579
	0.7342467904090881
	0.7342187762260437
	0.7341901063919067
	0.7341668605804443
	0.7341352105140686
	0.7341063022613525
	0.7340701222419739
	0.7340393662452698
	0.7340101003646851
	0.7339838743209839
	0.7339516282081604
	0.7339205741882324
	0.7338889837265015
	0.7338588237762451
	0.7338278293609619
	0.7338001132011414
	0.7337691783905029
	0.7337361574172974
	0.7336958050727844
	0.7336684465408325
	0.7336471676826477
	0.7336252331733704
	0.733585774898529
	0.7335488796234131
	0.7335193157196045
	0.7334827780723572
	0.7334595322608948
	0.7334298491477966
	0.7333936095237732
	0.7333703637123108
	0.733345091342926
	0.7333194017410278
	0.7332889437675476
	0.7332578301429749
	0.7332264184951782
	0.73320072889328
	0.733178973197937
	0.733161985874176
	0.7331351637840271
	0.733115017414093
	0.7330847978591919
	0.7330596446990967
	0.733034610748291
	0.7330063581466675
	0.7329813838005066
	0.7329533696174622
	0.7329270839691162
	0.7329023480415344
	0.7328749299049377
	0.7328475117683411
	0.7328271865844727
	0.7328009605407715
	0.7327680587768555
	0.7327412366867065
	0.7327184677124023
	0.7326883673667908
	0.7326579093933105
	0.7326369881629944
	0.7326145768165588
	0.7325975298881531
	0.7325700521469116
	0.7325406074523926
	0.7325180768966675
	0.7324930429458618
	0.7324708700180054
	0.7324497699737549
	0.7324204444885254
	0.7323963642120361
	0.7323760390281677
	0.7323447465896606
	0.7323141694068909
	0.7322836518287659
	0.7322531342506409
	0.7322279214859009
	0.7321995496749878
	0.732164204120636
	0.7321299910545349
	0.7321013808250427
	0.7320716381072998
	0.7320516705513
	0.7320258617401123
	0.73200523853302
	0.7319796085357666
	0.7319463491439819
	0.7319157719612122
	0.7318910956382751
	0.7318723797798157
	0.7318463921546936
	0.7318146228790283
	0.731783926486969
	0.7317558526992798
	0.7317377924919128
	0.7317131757736206
	0.7316926121711731
	0.731673002243042
	0.7316491007804871
	0.7316163182258606
	0.7315953373908997
	0.7315645813941956
	0.7315317392349243
	0.7315062880516052
	0.7314847111701965
	0.7314549684524536
	0.731431782245636
	0.7314111590385437
	0.7313874959945679
	0.7313584685325623
	0.7313453555107117
	0.7313200235366821
	0.7312899231910706
	0.7312588691711426
	0.731231689453125
	0.7312126159667969
	0.7311856746673584
	0.7311622500419617
	0.7311379313468933
	0.7311092615127563
	0.7310822606086731
	0.7310537099838257
	0.7310319542884827
	0.7310152649879456
	0.7309726476669312
	0.7309534549713135
	0.7309308648109436
	0.7309044599533081
	0.7308751940727234
	0.730843722820282
	0.7308177947998047
	0.7307810187339783
	0.7307507991790771
	0.7307319641113281
	0.7306970357894897
	0.7306659817695618
	0.7306467294692993
	0.7306285500526428
	0.7305977940559387
	0.7305670976638794
	0.7305412888526917
	0.7305279970169067
	0.7305046916007996
	0.7304864525794983
	0.7304608821868896
	0.730440616607666
	0.730409562587738
	0.7303767800331116
	0.7303557395935059
	0.7303329706192017
	0.7303180694580078
	0.730300784111023
	0.730278491973877
	0.7302525043487549
	0.7302218675613403
	0.7301880121231079
	0.730164110660553
	0.7301414608955383
	0.7301142811775208
	0.7300856709480286
	0.7300563454627991
	0.7300436496734619
	0.7300260066986084
	0.7299955487251282
	0.7299708724021912
	0.7299531102180481
	0.7299231886863708
	0.7299029231071472
	0.7298731207847595
	0.7298456430435181
	0.7298263907432556
	0.7298042178153992
	0.7297759652137756
	0.7297503352165222
	0.7297241687774658
	0.7297124862670898
	0.7296804189682007
	0.7296593189239502
	0.7296428680419922
	0.7296178936958313
	0.7295982837677002
	0.7295762300491333
	0.7295539379119873
	0.7295277118682861
	0.7294930815696716
	0.729465663433075
	0.7294386625289917
	0.7294167280197144
	0.729404628276825
	0.7293853163719177
	0.7293673157691956
	0.729343056678772
	0.729327380657196
	0.7293026447296143
	0.7292786240577698
	0.7292580008506775
	0.7292351126670837
	0.7292068600654602
	0.7291844487190247
	0.729145884513855
	0.7291170954704285
	0.7291002869606018
	0.7290750741958618
	0.729053258895874
	0.729030191898346
	0.7290112972259521
	0.7289912104606628
	0.7289645671844482
	0.728939414024353
	0.7289250493049622
	0.72890704870224
	0.7288846969604492
	0.7288752794265747
	0.7288514971733093
	0.7288334369659424
	0.7288092970848083
	0.7287887930870056
	0.7287691235542297
	0.7287567257881165
	0.7287353277206421
	0.7287136316299438
	0.7286881804466248
	0.7286597490310669
	0.7286399602890015
	0.7286139130592346
	0.7285906672477722
	0.728563666343689
	0.7285425066947937
	0.7285286784172058
	0.7284994125366211
	0.728472113609314
	0.7284421920776367
	0.7284150123596191
	0.7283983826637268
	0.7283715605735779
	0.7283450365066528
	0.7283195853233337
	0.7282967567443848
	0.7282640933990479
	0.7282384634017944
	0.7282159328460693
	0.7282000184059143
	0.7281786799430847
	0.7281652092933655
	0.7281402349472046
	0.7281197905540466
	0.7280954718589783
	0.7280715703964233
	0.7280532717704773
	0.7280346751213074
	0.7280175089836121
	0.7279967665672302
	0.7279770374298096
	0.7279582023620605
	0.7279332876205444
	0.7279126644134521
	0.7278847694396973
	0.7278609275817871
	0.7278324365615845
	0.7278103232383728
	0.7277910113334656
	0.727770209312439
	0.7277458906173706
	0.7277238368988037
	0.727715790271759
	0.7276954650878906
	0.72767573595047
	0.7276527881622314
	0.7276290059089661
	0.7276094555854797
	0.7275780439376831
	0.7275574207305908
	0.7275295853614807
	0.7274989485740662
	0.7274786829948425
	0.7274525165557861
	0.7274295687675476
	0.727410614490509
	0.7273924946784973
	0.7273710370063782
	0.7273474931716919
	0.7273308634757996
	0.7273103594779968
	0.7272779941558838
	0.7272611856460571
	0.7272517681121826
	0.7272278070449829
	0.7272111177444458
	0.7271984815597534
	0.7271758913993835
	0.7271541953086853
	0.7271373271942139
	0.7271139621734619
	0.7270995378494263
	0.7270857095718384
	0.7270671725273132
	0.7270500063896179
	0.7270330786705017
	0.7270187139511108
	0.7269919514656067
	0.7269699573516846
	0.726946234703064
	0.7269246578216553
	0.7268993854522705
	0.7268788814544678
	0.726864218711853
	0.726849377155304
	0.7268310785293579
	0.72681725025177
	0.7268095016479492
	0.7267907857894897
	0.726773202419281
	0.7267493605613708
	0.7267313003540039
	0.7267215847969055
	0.7267135381698608
	0.7266934514045715
	0.7266684174537659
	0.726641058921814
	0.7266225814819336
	0.7265959978103638
	0.7265832424163818
	0.7265671491622925
	0.7265492677688599
	0.7265316247940063
	0.7265061140060425
	0.7264792323112488
	0.7264513373374939
	0.7264406085014343
	0.7264228463172913
	0.7264057397842407
	0.7263919711112976
	0.726380467414856
	0.7263579964637756
	0.7263374328613281
	0.7263088226318359
	0.7262905240058899
	0.7262614965438843
	0.7262369990348816
	0.726220428943634
	0.7262088060379028
	0.7261840105056763
	0.7261698246002197
	0.7261571884155273
	0.7261385321617126
	0.7261229157447815
	0.726097583770752
	0.7260781526565552
	0.7260612845420837
	0.7260373830795288
	0.7260199785232544
	0.7260061502456665
	0.725986659526825
	0.7259652018547058
	0.7259482741355896
	0.7259284257888794
	0.7259058952331543
	0.7258878350257874
	0.7258732914924622
	0.7258530259132385
	0.7258304357528687
	0.7258005738258362
	0.7257772088050842
	0.7257588505744934
	0.7257423400878906
	0.7257255911827087
	0.7257082462310791
	0.7257022857666016
	0.7256895899772644
	0.7256675362586975
	0.725653350353241
	0.7256270051002502
	0.7256064414978027
	0.7255916595458984
	0.7255722284317017
	0.7255595326423645
	0.72553950548172
	0.7255172729492188
	0.725489616394043
	0.7254724502563477
	0.725452721118927
	0.7254394292831421
	0.725416362285614
	0.7254011034965515
	0.7253928184509277
	0.7253881692886353
	0.7253705859184265
	0.7253499031066895
	0.7253383994102478
	0.7253255844116211
	0.7253005504608154
	0.725284218788147
	0.725270688533783
	0.7252521514892578
	0.7252201437950134
	0.7252044677734375
	0.7251878380775452
	0.7251678705215454
	0.7251557111740112
	0.7251406311988831
	0.7251207232475281
	0.7251058220863342
	0.7250862121582031
	0.7250659465789795
	0.7250485420227051
	0.7250290513038635
	0.7249990105628967
	0.7249882221221924
	0.7249677181243896
	0.7249557971954346
	0.7249420285224915
	0.724927544593811
	0.7249119281768799
	0.7248865962028503
	0.7248713374137878
	0.7248620390892029
	0.724846601486206
	0.7248266339302063
	0.7248037457466125
	0.7247901558876038
	0.7247795462608337
	0.7247597575187683
	0.724739134311676
	0.724715530872345
	0.7246994376182556
	0.7246871590614319
	0.7246726751327515
	0.7246521711349487
	0.7246397733688354
	0.724625825881958
	0.7246162295341492
	0.7245937585830688
	0.7245842218399048
	0.7245628237724304
	0.7245413064956665
	0.7245336771011353
	0.7245281934738159
	0.7245150208473206
	0.7245008945465088
	0.7244865298271179
	0.7244789004325867
	0.7244566082954407
	0.7244459986686707
	0.7244329452514648
	0.7244147658348083
	0.7243954539299011
	0.7243821024894714
	0.7243642210960388
	0.7243471741676331
	0.724321186542511
	0.7243020534515381
	0.7242892980575562
	0.7242727875709534
	0.7242540121078491
	0.7242443561553955
	0.7242336869239807
	0.7242176532745361
	0.7242059707641602
	0.7241957783699036
	0.7241830229759216
	0.7241602540016174
	0.7241421937942505
	0.7241337895393372
	0.724115252494812
	0.724097490310669
	0.7240729928016663
	0.7240558862686157
	0.7240378260612488
	0.7240300178527832
	0.7240129113197327
	0.7240011096000671
	0.7239809632301331
	0.7239726781845093
	0.7239556908607483
	0.7239288687705994
	0.7239107489585876
	0.7239031195640564
	0.7238869667053223
	0.7238777875900269
	0.7238520383834839
	0.7238327264785767
	0.7238067388534546
	0.7237948775291443
	0.7237824201583862
	0.7237729430198669
	0.7237515449523926
	0.7237342000007629
	0.7237191200256348
	0.7237059473991394
	0.723676860332489
	0.7236559987068176
	0.7236433625221252
	0.723628044128418
	0.7236114740371704
	0.7235966920852661
	0.7235788106918335
	0.7235729098320007
	0.7235609292984009
	0.7235432863235474
	0.7235263586044312
	0.7235069274902344
	0.723491907119751
	0.7234775424003601
	0.7234535813331604
	0.723436713218689
	0.7234306335449219
	0.7234142422676086
	0.7233957052230835
	0.7233840227127075
	0.7233795523643494
	0.7233701348304749
	0.7233550548553467
	0.7233436703681946
	0.7233249545097351
	0.7233166098594666
	0.7232989072799683
	0.7232846617698669
	0.7232694029808044
	0.7232574224472046
	0.7232421636581421
	0.7232344746589661
	0.7232245802879333
	0.7232116460800171
	0.7231962084770203
	0.7231831550598145
	0.7231652140617371
	0.7231499552726746
	0.7231423854827881
	0.7231315970420837
	0.7231232523918152
]