[
	1.271256923675537
	1.2710192203521729
	1.2707971334457397
	1.2705732583999634
	1.2703458070755005
	1.2701112031936646
	1.2698886394500732
	1.2696735858917236
	1.2694463729858398
	1.269232153892517
	1.2690150737762451
	1.2688027620315552
	1.2685946226119995
	1.268372893333435
	1.268141746520996
	1.2679229974746704
	1.2677074670791626
	1.2674919366836548
	1.267298698425293
	1.2670869827270508
	1.2668870687484741
	1.2666810750961304
	1.2664804458618164
	1.2662806510925293
	1.2660882472991943
	1.2658743858337402
	1.2656714916229248
	1.265474557876587
	1.2652817964553833
	1.265080213546753
	1.2648900747299194
	1.264691710472107
	1.2644939422607422
	1.2642970085144043
	1.264092206954956
	1.2638916969299316
	1.263692855834961
	1.2635056972503662
	1.2633209228515625
	1.2631189823150635
	1.262912392616272
	1.262722373008728
	1.2625339031219482
	1.2623412609100342
	1.262162446975708
	1.2619799375534058
	1.2617911100387573
	1.261610746383667
	1.2614312171936035
	1.261251449584961
	1.261067509651184
	1.2608869075775146
	1.2606977224349976
	1.260518193244934
	1.2603331804275513
	1.2601605653762817
	1.259982705116272
	1.2598053216934204
	1.2596244812011719
	1.2594503164291382
	1.2592833042144775
	1.2591058015823364
	1.2589142322540283
	1.258739709854126
	1.2585680484771729
	1.2583941221237183
	1.258222222328186
	1.2580591440200806
	1.257878065109253
	1.2577011585235596
	1.257535457611084
	1.2573684453964233
	1.2571972608566284
	1.2570213079452515
	1.25685715675354
	1.2566850185394287
	1.2565125226974487
	1.2563421726226807
	1.2561832666397095
	1.2560173273086548
	1.2558636665344238
	1.255712628364563
	1.2555547952651978
	1.2553884983062744
	1.2552298307418823
	1.2550588846206665
	1.2548900842666626
	1.2547308206558228
	1.2545828819274902
	1.2544203996658325
	1.2542531490325928
	1.2540887594223022
	1.2539176940917969
	1.2537696361541748
	1.2536119222640991
	1.2534626722335815
	1.2532919645309448
	1.253135323524475
	1.2529765367507935
	1.2528272867202759
	1.2526664733886719
	1.2525051832199097
	1.25235116481781
	1.252184271812439
	1.2520242929458618
	1.2518640756607056
	1.2517136335372925
	1.2515521049499512
	1.2513996362686157
	1.2512450218200684
	1.2510966062545776
	1.2509530782699585
	1.250809669494629
	1.2506643533706665
	1.2505069971084595
	1.2503656148910522
	1.2502024173736572
	1.2500327825546265
	1.249878168106079
	1.2497345209121704
	1.2495895624160767
	1.2494311332702637
	1.2492817640304565
	1.2491436004638672
	1.2489997148513794
	1.2488535642623901
	1.2487101554870605
	1.2485603094100952
	1.248407006263733
	1.2482506036758423
	1.24808931350708
	1.2479506731033325
	1.2478172779083252
	1.2476603984832764
	1.2475160360336304
	1.2473684549331665
	1.2472214698791504
	1.2470698356628418
	1.2469252347946167
	1.2467833757400513
	1.2466379404067993
	1.2464916706085205
	1.246351718902588
	1.2462100982666016
	1.2460745573043823
	1.2459243535995483
	1.245775818824768
	1.2456297874450684
	1.245496392250061
	1.2453399896621704
	1.245212435722351
	1.2450731992721558
	1.2449345588684082
	1.2447978258132935
	1.2446650266647339
	1.2445214986801147
	1.2443755865097046
	1.2442419528961182
	1.244097113609314
	1.243953824043274
	1.2438071966171265
	1.2436555624008179
	1.243506908416748
	1.2433658838272095
	1.243233323097229
	1.2430959939956665
	1.242958426475525
	1.2428315877914429
	1.2426971197128296
	1.2425615787506104
	1.2424219846725464
	1.2422744035720825
	1.2421516180038452
	1.242017388343811
	1.241886854171753
	1.241748571395874
	1.241612434387207
	1.2415003776550293
	1.2413665056228638
	1.2412358522415161
	1.2411084175109863
	1.2409814596176147
	1.2408398389816284
	1.240707516670227
	1.2405802011489868
	1.240441083908081
	1.2403165102005005
	1.2401949167251587
	1.2400535345077515
	1.2399230003356934
	1.239790439605713
	1.239657998085022
	1.2395281791687012
	1.239396572113037
	1.2392699718475342
	1.239141821861267
	1.239009976387024
	1.2388840913772583
	1.2387535572052002
	1.2386305332183838
	1.238501787185669
	1.2383723258972168
	1.238235354423523
	1.2381033897399902
	1.237978458404541
	1.237855315208435
	1.2377314567565918
	1.2376086711883545
	1.237489104270935
	1.2373559474945068
	1.2372382879257202
	1.2371126413345337
	1.2369906902313232
	1.2368645668029785
	1.236733317375183
	1.2366009950637817
	1.2364789247512817
	1.2363581657409668
	1.2362364530563354
	1.2361067533493042
	1.2359840869903564
	1.2358723878860474
	1.2357466220855713
	1.2356200218200684
	1.2354915142059326
	1.2353757619857788
	1.2352612018585205
	1.23513662815094
	1.2350069284439087
	1.234895944595337
	1.2347662448883057
	1.2346305847167969
	1.2345064878463745
	1.2343878746032715
	1.2342640161514282
	1.2341456413269043
	1.2340279817581177
	1.233914852142334
	1.2337970733642578
	1.2336798906326294
	1.2335683107376099
	1.233460783958435
	1.2333418130874634
	1.2332218885421753
	1.2331050634384155
	1.2329871654510498
	1.2328671216964722
	1.232750415802002
	1.2326446771621704
	1.232530117034912
	1.2324072122573853
	1.2322982549667358
	1.2321876287460327
	1.2320630550384521
	1.2319557666778564
	1.2318410873413086
	1.231728196144104
	1.2316162586212158
	1.2314976453781128
	1.2313705682754517
	1.231265902519226
	1.2311627864837646
	1.231043815612793
	1.2309287786483765
	1.2308088541030884
	1.230692744255066
	1.2305740118026733
	1.230470061302185
	1.2303458452224731
	1.230226755142212
	1.2301214933395386
	1.230019450187683
	1.2299153804779053
	1.2298035621643066
	1.2296897172927856
	1.2295788526535034
	1.2294708490371704
	1.2293676137924194
	1.2292529344558716
	1.229138731956482
	1.2290281057357788
	1.2289187908172607
	1.2288097143173218
	1.2287038564682007
	1.2285946607589722
	1.2284801006317139
	1.2283769845962524
	1.2282644510269165
	1.2281603813171387
	1.2280536890029907
	1.2279307842254639
	1.2278214693069458
	1.2277250289916992
	1.2276051044464111
	1.2274999618530273
	1.2274043560028076
	1.2272990942001343
	1.2271746397018433
	1.2270680665969849
	1.2269600629806519
	1.2268446683883667
	1.2267429828643799
	1.2266358137130737
	1.226531744003296
	1.2264209985733032
	1.2263028621673584
	1.226196527481079
	1.226090669631958
	1.22598397731781
	1.2258750200271606
	1.2257682085037231
	1.225664734840393
	1.2255618572235107
	1.2254469394683838
	1.2253464460372925
	1.2252452373504639
	1.2251403331756592
	1.2250415086746216
	1.2249394655227661
	1.2248324155807495
	1.2247263193130493
	1.2246143817901611
	1.2245157957077026
	1.2244153022766113
	1.2243129014968872
	1.2242014408111572
	1.2241008281707764
	1.2239876985549927
	1.2238823175430298
	1.2237752676010132
	1.2236740589141846
	1.2235691547393799
	1.223467230796814
	1.2233684062957764
	1.2232617139816284
	1.2231547832489014
	1.2230550050735474
	1.2229598760604858
	1.2228609323501587
	1.222760796546936
	1.222669243812561
	1.2225736379623413
	1.2224695682525635
	1.222377061843872
	1.222277283668518
	1.222172737121582
	1.222078800201416
	1.2219816446304321
	1.2218867540359497
	1.2217942476272583
	1.2216838598251343
	1.2215896844863892
	1.2214946746826172
	1.221398949623108
	1.221298098564148
	1.2211949825286865
	1.221103549003601
	1.2210091352462769
	1.2209120988845825
	1.2208099365234375
	1.2207155227661133
	1.2206116914749146
	1.2205142974853516
	1.2204124927520752
	1.2203211784362793
	1.220229983329773
	1.2201380729675293
	1.2200374603271484
	1.2199397087097168
	1.219839096069336
	1.2197413444519043
	1.2196565866470337
	1.2195615768432617
	1.219462275505066
	1.2193523645401
	1.2192491292953491
	1.2191537618637085
	1.2190662622451782
	1.2189767360687256
	1.218888521194458
	1.2187939882278442
	1.2186989784240723
	1.218610167503357
	1.2185226678848267
	1.2184221744537354
	1.218331217765808
	1.2182400226593018
	1.2181507349014282
	1.2180510759353638
	1.217961311340332
	1.2178593873977661
	1.2177650928497314
	1.2176735401153564
	1.2175788879394531
	1.2174768447875977
	1.2173852920532227
	1.2172901630401611
	1.217199683189392
	1.2171032428741455
	1.2170003652572632
	1.21689772605896
	1.2168045043945312
	1.2167104482650757
	1.2166019678115845
	1.2165123224258423
	1.21642005443573
	1.2163323163986206
	1.2162456512451172
	1.2161513566970825
	1.2160598039627075
	1.2159737348556519
	1.215888261795044
	1.2157894372940063
	1.2156975269317627
	1.2156072854995728
	1.2155165672302246
	1.21542489528656
	1.2153334617614746
	1.215243935585022
	1.215160846710205
	1.2150572538375854
	1.2149662971496582
	1.2148748636245728
	1.2147891521453857
	1.2146873474121094
	1.2146004438400269
	1.2145018577575684
	1.2144155502319336
	1.2143255472183228
	1.2142409086227417
	1.2141592502593994
	1.214063286781311
	1.213972568511963
	1.2138962745666504
	1.213810920715332
	1.213723063468933
	1.2136303186416626
	1.2135424613952637
	1.2134530544281006
	1.2133718729019165
	1.2132829427719116
	1.213200330734253
	1.213111162185669
	1.213024377822876
	1.2129416465759277
	1.21285080909729
	1.2127575874328613
	1.2126659154891968
	1.2125818729400635
	1.2125004529953003
	1.2124192714691162
	1.2123335599899292
	1.2122474908828735
	1.2121589183807373
	1.2120673656463623
	1.2119786739349365
	1.2118914127349854
	1.2118033170700073
	1.2117201089859009
	1.2116223573684692
	1.2115381956100464
	1.2114588022232056
	1.2113773822784424
	1.2112926244735718
	1.211209774017334
	1.2111294269561768
	1.2110403776168823
	1.2109556198120117
	1.2108674049377441
	1.2107857465744019
	1.2107014656066895
	1.2106101512908936
	1.2105236053466797
	1.2104376554489136
	1.2103567123413086
	1.210269570350647
	1.210184931755066
	1.210094690322876
	1.2100228071212769
	1.2099345922470093
	1.2098445892333984
	1.2097594738006592
	1.2096768617630005
	1.2095884084701538
	1.2095108032226562
	1.2094404697418213
	1.2093565464019775
	1.2092686891555786
	1.2091811895370483
	1.209093689918518
	1.2090147733688354
	1.208945631980896
	1.2088608741760254
	1.208776593208313
	1.2086925506591797
	1.2086073160171509
	1.2085317373275757
	1.2084457874298096
	1.2083717584609985
	1.2082942724227905
	1.2082198858261108
	1.208137035369873
	1.2080621719360352
	1.2079792022705078
	1.2078913450241089
	1.2078076601028442
	1.2077215909957886
	1.2076390981674194
	1.207555890083313
	1.2074774503707886
	1.2073997259140015
	1.2073118686676025
	1.2072304487228394
	1.2071549892425537
	1.2070788145065308
	1.2069989442825317
	1.2069218158721924
	1.206845760345459
	1.2067618370056152
	1.2066835165023804
	1.2066020965576172
	1.2065242528915405
	1.206447720527649
	1.2063637971878052
	1.206281065940857
	1.2061976194381714
	1.2061147689819336
	1.2060459852218628
	1.2059640884399414
	1.2058922052383423
	1.2058171033859253
	1.2057383060455322
	1.2056584358215332
	1.2055768966674805
	1.2055068016052246
	1.2054215669631958
	1.2053502798080444
	1.2052648067474365
	1.2051891088485718
	1.205114483833313
	1.2050385475158691
	1.204967737197876
	1.2048940658569336
	1.2048197984695435
	1.2047446966171265
	1.2046713829040527
	1.2045968770980835
	1.204521894454956
	1.204446792602539
	1.2043802738189697
	1.2043068408966064
	1.2042357921600342
	1.2041723728179932
	1.204096794128418
	1.2040212154388428
	1.203938364982605
	1.2038663625717163
	1.2037776708602905
	1.203701376914978
	1.203629493713379
	1.2035553455352783
	1.2034822702407837
	1.2034083604812622
	1.2033300399780273
	1.2032631635665894
	1.2031850814819336
	1.203113079071045
	1.203039288520813
	1.2029674053192139
	1.2028892040252686
	1.2028145790100098
	1.2027466297149658
	1.2026715278625488
	1.2025967836380005
	1.2025225162506104
	1.2024551630020142
	1.2023797035217285
	1.2023049592971802
	1.2022250890731812
	1.2021644115447998
	1.2020872831344604
	1.2020050287246704
	1.2019271850585938
	1.2018533945083618
	1.201784372329712
	1.2017161846160889
	1.2016383409500122
	1.2015788555145264
	1.2015222311019897
	1.2014585733413696
	1.2013826370239258
	1.2013157606124878
	1.2012368440628052
	1.201159119606018
	1.201098084449768
	1.2010217905044556
	1.2009485960006714
	1.2008790969848633
	1.2008038759231567
	1.2007309198379517
	1.2006648778915405
	1.2005951404571533
	1.2005256414413452
	1.2004555463790894
	1.2003880739212036
	1.2003159523010254
	1.2002503871917725
	1.20018470287323
	1.2001187801361084
	1.200042486190796
	1.1999740600585938
	1.199904441833496
	1.199832558631897
	1.1997631788253784
	1.1997047662734985
	1.1996302604675293
	1.199554443359375
	1.1994746923446655
	1.1994143724441528
	1.1993353366851807
	1.1992647647857666
	1.1991938352584839
	1.1991157531738281
	1.1990418434143066
	1.1989704370498657
	1.1988998651504517
	1.1988329887390137
	1.1987777948379517
	1.1987088918685913
	1.19864821434021
	1.198583722114563
	1.198515772819519
	1.1984466314315796
	1.1983765363693237
	1.1983075141906738
	1.1982370615005493
	1.198167324066162
	1.198102593421936
	1.1980403661727905
	1.1979771852493286
	1.1979117393493652
	1.1978368759155273
	1.1977629661560059
	1.1976951360702515
	1.197618842124939
	1.197558045387268
	1.1974880695343018
	1.1974096298217773
	1.1973402500152588
	1.197279453277588
	1.197209358215332
	1.197157621383667
	1.1970984935760498
	1.197027564048767
	1.1969574689865112
	1.1968902349472046
	1.1968258619308472
	1.1967661380767822
	1.1967004537582397
	1.1966303586959839
	1.1965692043304443
	1.1965014934539795
	1.1964367628097534
	1.196368932723999
	1.1963027715682983
	1.1962357759475708
	1.1961771249771118
	1.1961058378219604
	1.1960422992706299
	1.1959649324417114
	1.1958892345428467
	1.1958242654800415
	1.195763349533081
	1.1956934928894043
	1.1956287622451782
	1.1955684423446655
	1.1955050230026245
	1.195446491241455
	1.195376992225647
	1.1953157186508179
	1.1952582597732544
	1.1952005624771118
	1.1951301097869873
	1.195060133934021
	1.1949976682662964
	1.1949317455291748
	1.1948795318603516
	1.1948063373565674
	1.1947418451309204
	1.194678544998169
	1.1946182250976562
	1.1945524215698242
	1.194489598274231
	1.1944221258163452
	1.19434654712677
	1.194287896156311
	1.1942323446273804
	1.1941713094711304
	1.1941099166870117
	1.1940475702285767
	1.1939897537231445
	1.1939349174499512
	1.1938655376434326
	1.19379723072052
	1.1937369108200073
	1.1936697959899902
	1.1936076879501343
	1.1935456991195679
	1.1934782266616821
	1.1934044361114502
	1.1933478116989136
	1.1932892799377441
	1.1932237148284912
	1.1931581497192383
	1.1930994987487793
	1.1930419206619263
	1.192970871925354
	1.1929137706756592
	1.1928491592407227
	1.1927917003631592
	1.192732572555542
	1.1926835775375366
	1.1926265954971313
	1.192557454109192
	1.1924983263015747
	1.1924322843551636
	1.1923779249191284
	1.1923195123672485
	1.192253589630127
	1.1921899318695068
	1.1921294927597046
	1.1920723915100098
	1.1920173168182373
	1.1919620037078857
	1.1919034719467163
	1.1918461322784424
	1.1917786598205566
	1.191727638244629
	1.191675066947937
	1.1916052103042603
	1.1915500164031982
	1.1914911270141602
	1.1914334297180176
	1.1913609504699707
	1.191304326057434
	1.191240906715393
	1.191190481185913
	1.1911377906799316
	1.1910748481750488
	1.19101083278656
	1.19094979763031
	1.1908892393112183
	1.1908243894577026
	1.190765619277954
	1.190700650215149
	1.190641164779663
	1.190582513809204
	1.1905237436294556
	1.1904728412628174
	1.1904171705245972
	1.190360188484192
	1.190299391746521
	1.1902474164962769
	1.1901911497116089
	1.1901419162750244
	1.1900840997695923
	1.1900278329849243
	1.1899665594100952
	1.1899170875549316
	1.1898560523986816
	1.1897975206375122
	1.1897332668304443
	1.1896710395812988
	1.1896156072616577
	1.1895558834075928
	1.1895030736923218
	1.1894422769546509
	1.1893846988677979
	1.1893426179885864
	1.18928861618042
	1.1892181634902954
	1.1891642808914185
	1.1891088485717773
	1.189054012298584
	1.1889927387237549
	1.188942790031433
	1.188891887664795
	1.188838005065918
	1.1887805461883545
	1.1887223720550537
	1.1886729001998901
	1.1886168718338013
	1.188567876815796
	1.1885126829147339
	1.1884489059448242
	1.1883996725082397
	1.1883515119552612
	1.1882967948913574
	1.188236117362976
	1.1881811618804932
	1.1881319284439087
	1.188071608543396
	1.1880161762237549
	1.1879618167877197
	1.1879042387008667
	1.187849998474121
	1.1877861022949219
	1.1877331733703613
	1.1876784563064575
	1.1876270771026611
	1.1875730752944946
	1.1875200271606445
	1.1874700784683228
	1.1874252557754517
	1.1873668432235718
	1.1873217821121216
	1.1872704029083252
	1.1872056722640991
	1.187158465385437
	1.1870964765548706
	1.187048316001892
	1.1869900226593018
	1.1869392395019531
	1.1868844032287598
	1.1868277788162231
	1.1867738962173462
	1.1867209672927856
	1.1866720914840698
	1.186614751815796
	1.18656587600708
	1.1865154504776
	1.1864571571350098
	1.1863933801651
	1.1863386631011963
	1.186284065246582
	1.1862292289733887
	1.1861728429794312
	1.186126947402954
	1.186075210571289
	1.1860218048095703
	1.1859710216522217
	1.1859155893325806
	1.1858758926391602
	1.185826301574707
	1.1857715845108032
	1.1857268810272217
	1.1856815814971924
	1.185623288154602
	1.1855677366256714
	1.1855220794677734
	1.1854770183563232
	1.185437798500061
	1.1853803396224976
	1.185327410697937
	1.1852755546569824
	1.1852208375930786
	1.185180425643921
	1.1851359605789185
	1.1850924491882324
	1.185036540031433
	1.184989333152771
	1.1849379539489746
	1.1848909854888916
	1.1848304271697998
	1.1847760677337646
	1.1847110986709595
	1.1846636533737183
	1.1846160888671875
	1.184563398361206
	1.1845155954360962
	1.1844679117202759
	1.184412956237793
	1.1843631267547607
	1.1843050718307495
	1.1842617988586426
	1.1842066049575806
	1.1841672658920288
	1.1841360330581665
	1.1840853691101074
	1.1840547323226929
	1.1840022802352905
	1.183963418006897
	1.1839220523834229
	1.1838730573654175
	1.1838191747665405
	1.1837704181671143
	1.1837271451950073
	1.1836891174316406
	1.1836410760879517
	1.1835861206054688
	1.1835395097732544
	1.1834867000579834
	1.1834378242492676
	1.183395266532898
	1.1833547353744507
	1.1833078861236572
	1.18326735496521
	1.1832242012023926
	1.1831735372543335
	1.1831334829330444
	1.1830856800079346
	1.1830358505249023
	1.18299400806427
	1.1829460859298706
	1.1829103231430054
	1.1828666925430298
	1.1828206777572632
	1.182765007019043
	1.1827189922332764
	1.182671070098877
	1.1826294660568237
	1.1825841665267944
	1.1825331449508667
	1.1824816465377808
	1.182430386543274
	1.1823889017105103
	1.1823543310165405
	1.1823086738586426
	1.1822683811187744
	1.182223916053772
	1.18218195438385
	1.1821377277374268
	1.1820964813232422
	1.1820628643035889
	1.1820175647735596
	1.1819716691970825
	1.1819285154342651
	1.181882619857788
	1.1818498373031616
	1.1817994117736816
	1.1817572116851807
	1.1817097663879395
	1.181663155555725
	1.1816178560256958
	1.181566834449768
	1.1815227270126343
	1.1814727783203125
	1.181429147720337
	1.1813870668411255
	1.1813451051712036
	1.1813071966171265
	1.1812645196914673
	1.181220293045044
	1.18117094039917
	1.1811163425445557
	1.1810743808746338
	1.1810288429260254
	1.1809828281402588
	1.1809413433074951
	1.1808931827545166
	1.1808428764343262
	1.180802583694458
	1.1807606220245361
	1.1807090044021606
	1.1806674003601074
	1.180621862411499
	1.1805833578109741
	1.1805380582809448
	1.1804983615875244
	1.180442214012146
	1.1804009675979614
	1.1803439855575562
	1.1802978515625
	1.1802654266357422
	1.1802124977111816
	1.18017578125
	1.1801460981369019
	1.1801103353500366
	1.1800665855407715
	1.1800209283828735
	1.1799840927124023
	1.1799379587173462
	1.1798890829086304
	1.1798475980758667
	1.1798022985458374
	1.1797549724578857
	1.1797034740447998
	1.179666519165039
	1.1796218156814575
	1.1795765161514282
	1.1795426607131958
	1.1795040369033813
	1.1794562339782715
	1.1794179677963257
	1.1793804168701172
	1.179335355758667
	1.1792831420898438
	1.1792349815368652
	1.1791976690292358
	1.1791566610336304
	1.1791115999221802
	1.1790574789047241
	1.1790207624435425
	1.178972840309143
	1.1789337396621704
	1.1789000034332275
	1.1788532733917236
	1.1788175106048584
	1.1787759065628052
	1.1787292957305908
	1.1786940097808838
	1.1786497831344604
	1.1786065101623535
	1.1785657405853271
	1.17853844165802
	1.178510308265686
	1.1784651279449463
	1.1784231662750244
	1.178382396697998
	1.1783339977264404
	1.1782915592193604
	1.1782468557357788
	1.1782106161117554
	1.1781710386276245
	1.178126335144043
	1.1780979633331299
	1.1780564785003662
	1.1780179738998413
	1.1779907941818237
	1.177937388420105
	1.177894115447998
	1.1778490543365479
	1.1778054237365723
	1.1777626276016235
	1.177725076675415
	1.177685260772705
	1.1776608228683472
	1.177626371383667
	1.1775915622711182
	1.1775528192520142
	1.177519679069519
	1.1774815320968628
	1.1774474382400513
	1.1774077415466309
	1.1773654222488403
	1.1773196458816528
	1.177286148071289
	1.1772481203079224
	1.1772185564041138
	1.1771910190582275
	1.1771430969238281
	1.1770962476730347
	1.1770654916763306
	1.1770328283309937
	1.1770002841949463
	1.1769647598266602
	1.1769294738769531
	1.1768970489501953
	1.1768567562103271
	1.1768077611923218
	1.1767698526382446
	1.176727533340454
	1.1766865253448486
	1.176654577255249
	1.1766302585601807
	1.176587462425232
	1.1765469312667847
	1.1765133142471313
	1.1764754056930542
	1.176436185836792
	1.1764075756072998
	1.1763726472854614
	1.1763285398483276
	1.1762897968292236
	1.1762566566467285
	1.1762242317199707
	1.176193356513977
	1.176162600517273
	1.1761271953582764
	1.1760824918746948
	1.1760473251342773
	1.1760035753250122
	1.1759674549102783
	1.175926685333252
	1.175889015197754
	1.1758569478988647
	1.1758300065994263
	1.175787329673767
	1.1757524013519287
	1.1757115125656128
	1.1756713390350342
	1.1756312847137451
	1.1755996942520142
	1.175554871559143
	1.1755164861679077
	1.1754734516143799
	1.1754448413848877
	1.1754056215286255
	1.175378680229187
	1.1753296852111816
	1.1752904653549194
	1.1752443313598633
	1.1752065420150757
	1.1751759052276611
	1.1751344203948975
	1.175101637840271
	1.1750612258911133
	1.1750316619873047
	1.1749886274337769
	1.1749478578567505
	1.1749132871627808
	1.1748807430267334
	1.1748384237289429
	1.1748046875
	1.174763798713684
	1.1747312545776367
	1.1747022867202759
	1.174670934677124
	1.1746351718902588
	1.174595594406128
	1.1745661497116089
	1.174530029296875
	1.1744968891143799
	1.1744626760482788
	1.1744201183319092
	1.1743830442428589
	1.1743463277816772
	1.1743125915527344
	1.1742777824401855
	1.1742364168167114
	1.1741981506347656
	1.174167513847351
	1.1741362810134888
	1.174108862876892
	1.1740704774856567
	1.1740459203720093
	1.1740275621414185
	1.173980951309204
	1.173938512802124
	1.1739068031311035
	1.1738739013671875
	1.1738317012786865
	1.1737866401672363
	1.1737574338912964
	1.1737182140350342
	1.1736892461776733
	1.1736512184143066
	1.1736133098602295
	1.173577070236206
	1.1735354661941528
	1.1735059022903442
	1.1734745502471924
	1.17344331741333
	1.1734144687652588
	1.173380970954895
	1.1733511686325073
	1.173313856124878
	1.1732794046401978
	1.1732536554336548
	1.1732301712036133
	1.1732035875320435
	1.1731805801391602
	1.1731493473052979
	1.1731235980987549
	1.1730964183807373
	1.1730587482452393
	1.173026204109192
	1.173000454902649
	1.1729639768600464
	1.172922968864441
	1.1728901863098145
	1.1728627681732178
	1.1728293895721436
	1.1728122234344482
	1.1727808713912964
	1.1727501153945923
	1.1727184057235718
	1.1726889610290527
	1.1726641654968262
	1.1726253032684326
	1.1726000308990479
	1.1725612878799438
	1.1725245714187622
	1.1724967956542969
	1.1724603176116943
	1.1724380254745483
	1.172402262687683
	1.1723774671554565
	1.1723328828811646
	1.1723045110702515
	1.172278881072998
	1.1722577810287476
	1.1722310781478882
	1.1722002029418945
	1.172163963317871
	1.1721367835998535
	1.1720988750457764
	1.172072172164917
	1.1720372438430786
	1.1720106601715088
	1.1719748973846436
	1.1719483137130737
	1.1719253063201904
	1.1718963384628296
	1.1718610525131226
	1.171833872795105
	1.1718018054962158
	1.1717708110809326
	1.17174232006073
	1.1717036962509155
	1.171679973602295
	1.1716505289077759
	1.171614170074463
	1.1715812683105469
	1.1715551614761353
	1.1715199947357178
	1.1714943647384644
	1.1714686155319214
	1.171433925628662
	1.1714109182357788
	1.1713848114013672
	1.1713474988937378
	1.1713227033615112
	1.1712939739227295
	1.1712684631347656
	1.1712348461151123
	1.1711995601654053
	1.1711727380752563
	1.171140193939209
	1.171112298965454
	1.1710797548294067
	1.1710522174835205
	1.171021819114685
	1.1709864139556885
	1.170966386795044
	1.1709299087524414
	1.1708863973617554
	1.1708580255508423
	1.1708272695541382
	1.1707946062088013
	1.1707655191421509
	1.1707316637039185
	1.1706938743591309
	1.170670509338379
	1.1706370115280151
	1.170606255531311
	1.170578122138977
	1.1705455780029297
	1.1705210208892822
	1.1704903841018677
	1.1704645156860352
	1.1704248189926147
	1.1703976392745972
	1.170361876487732
	1.1703181266784668
	1.1703001260757446
	1.1702696084976196
	1.1702338457107544
	1.1702065467834473
	1.1701701879501343
	1.1701397895812988
	1.1701161861419678
	1.1700739860534668
	1.1700310707092285
	1.1699934005737305
	1.16996169090271
	1.1699333190917969
	1.1698986291885376
	1.1698633432388306
	1.1698299646377563
	1.169800877571106
	1.1697767972946167
	1.1697500944137573
	1.1697214841842651
	1.169691562652588
	1.169661045074463
	1.169633388519287
	1.1696070432662964
	1.1695765256881714
	1.169545292854309
	1.1695139408111572
	1.1694813966751099
	1.1694400310516357
	1.169413447380066
	1.1693798303604126
	1.1693449020385742
	1.1693236827850342
	1.1692941188812256
	1.169264793395996
	1.1692324876785278
	1.1692057847976685
	1.1691818237304688
	1.1691516637802124
	1.1691226959228516
	1.1690995693206787
	1.1690667867660522
	1.1690216064453125
	1.168992519378662
	1.1689668893814087
	1.1689412593841553
	1.1689084768295288
	1.168884515762329
	1.168857216835022
	1.168838381767273
	1.1688082218170166
	1.1687873601913452
	1.1687554121017456
	1.1687145233154297
	1.168682336807251
	1.1686490774154663
	1.168626070022583
	1.1685893535614014
	1.1685580015182495
	1.1685279607772827
	1.1684967279434204
	1.168480396270752
	1.1684560775756836
	1.1684318780899048
	1.1683964729309082
	1.1683775186538696
	1.168352723121643
	1.1683200597763062
	1.1682943105697632
	1.1682637929916382
	1.1682456731796265
	1.1682298183441162
	1.1682041883468628
	1.168177604675293
	1.1681493520736694
	1.1681218147277832
	1.1680964231491089
	1.1680653095245361
	1.168038249015808
	1.1680203676223755
	1.1679987907409668
	1.1679739952087402
	1.1679531335830688
	1.16792631149292
	1.1679013967514038
	1.1678714752197266
	1.1678413152694702
	1.1678123474121094
	1.1677809953689575
	1.1677592992782593
	1.1677296161651611
	1.1677062511444092
	1.1676836013793945
	1.1676558256149292
	1.1676242351531982
	1.1676039695739746
	1.167574405670166
	1.1675479412078857
	1.1675195693969727
	1.167493462562561
	1.1674576997756958
	1.1674437522888184
	1.167406678199768
	1.1673802137374878
	1.167352557182312
	1.1673204898834229
	1.1672929525375366
	1.1672682762145996
	1.1672431230545044
	1.1672192811965942
	1.1672000885009766
	1.16716730594635
	1.1671534776687622
	1.167128086090088
	1.1671006679534912
	1.1670646667480469
	1.167038917541504
	1.1670125722885132
	1.1669918298721313
	1.1669632196426392
	1.1669325828552246
	1.1669034957885742
	1.1668870449066162
	1.1668567657470703
	1.1668360233306885
	1.1668097972869873
	1.1667914390563965
	1.1667624711990356
	1.1667333841323853
	1.1667042970657349
	1.1666842699050903
	1.1666717529296875
	1.1666408777236938
	1.166622281074524
	1.1665966510772705
	1.166571855545044
	1.1665396690368652
	1.1665148735046387
	1.1664798259735107
	1.1664518117904663
	1.16643226146698
	1.1663988828659058
	1.166374921798706
	1.1663498878479004
	1.1663296222686768
	1.1662933826446533
	1.1662734746932983
	1.1662591695785522
	1.1662238836288452
	1.166196584701538
	1.1661758422851562
	1.1661471128463745
	1.166133165359497
	1.1661045551300049
	1.1660805940628052
	1.1660600900650024
	1.1660330295562744
	1.1660066843032837
	1.1659812927246094
	1.1659538745880127
	1.165932536125183
	1.165903091430664
	1.1658802032470703
	1.1658588647842407
	1.1658316850662231
	1.1658098697662354
	1.1657763719558716
	1.1657474040985107
	1.1657153367996216
	1.1656930446624756
	1.1656699180603027
	1.1656416654586792
	1.1656264066696167
	1.1656014919281006
	1.165571689605713
	1.165549635887146
	1.165540337562561
	1.1655144691467285
	1.165493130683899
	1.1654694080352783
	1.1654431819915771
	1.1654149293899536
	1.1653863191604614
	1.1653568744659424
	1.165340542793274
	1.1653038263320923
	1.165281891822815
	1.1652618646621704
	1.1652449369430542
	1.165226936340332
	1.1651920080184937
	1.165168046951294
	1.165151834487915
	1.1651291847229004
	1.1650985479354858
	1.1650712490081787
	1.1650443077087402
	1.1650207042694092
	1.1650084257125854
	1.1649800539016724
	1.1649607419967651
	1.164947509765625
	1.1649134159088135
	1.1648873090744019
	1.1648590564727783
	1.1648393869400024
	1.1648199558258057
	1.1647934913635254
	1.164781928062439
	1.1647571325302124
	1.1647297143936157
	1.1647043228149414
	1.1646775007247925
	1.164649486541748
	1.1646209955215454
	1.1645978689193726
	1.1645684242248535
	1.16455078125
	1.1645238399505615
	1.1645019054412842
	1.1644845008850098
	1.1644644737243652
	1.1644328832626343
	1.1644140481948853
	1.1643863916397095
	1.1643568277359009
	1.1643484830856323
	1.1643226146697998
	1.1643006801605225
	1.1642777919769287
	1.1642554998397827
	1.164240837097168
	1.1642218828201294
	1.1641991138458252
	1.1641685962677002
	1.1641324758529663
	1.1641137599945068
	1.1640892028808594
	1.1640692949295044
	1.1640479564666748
	1.1640263795852661
	1.1640007495880127
	1.1639665365219116
	1.163942575454712
	1.1639214754104614
	1.1638907194137573
	1.1638665199279785
	1.1638472080230713
	1.1638232469558716
	1.1638010740280151
	1.1637815237045288
	1.1637511253356934
	1.1637321710586548
	1.163709282875061
	1.1636933088302612
	1.1636574268341064
	1.1636427640914917
	1.1636197566986084
	1.1636054515838623
	1.1635856628417969
	1.1635607481002808
	1.1635373830795288
	1.1635205745697021
	1.1634913682937622
	1.1634724140167236
	1.1634567975997925
	1.1634355783462524
	1.1634080410003662
	1.1633892059326172
	1.163377046585083
	1.1633535623550415
	1.1633397340774536
	1.1633121967315674
	1.1632893085479736
	1.1632580757141113
	1.1632390022277832
	1.163206696510315
	1.1631807088851929
	1.163153052330017
	1.1631340980529785
	1.163111925125122
	1.1630852222442627
	1.1630743741989136
	1.1630381345748901
	1.1630148887634277
	1.1629968881607056
	1.1629770994186401
	1.1629564762115479
	1.162937879562378
	1.1629184484481812
	1.1628988981246948
	1.1628763675689697
	1.1628499031066895
	1.1628212928771973
	1.162785291671753
	1.1627579927444458
	1.1627291440963745
	1.1627135276794434
	1.1627014875411987
	1.162683129310608
	1.1626560688018799
	1.1626328229904175
	1.1625944375991821
	1.162570834159851
	1.1625560522079468
	1.1625261306762695
	1.1624988317489624
	1.1624749898910522
	1.1624432802200317
	1.162428617477417
	1.1624127626419067
	1.16240394115448
	1.16237473487854
	1.1623561382293701
	1.1623282432556152
	1.1622982025146484
	1.1622772216796875
	1.1622620820999146
	1.1622459888458252
	1.1622222661972046
	1.1622101068496704
	1.1621853113174438
	1.1621663570404053
	1.162140965461731
	1.1621190309524536
	1.1620961427688599
	1.1620781421661377
	1.1620527505874634
	1.1620256900787354
	1.162007451057434
	1.1619917154312134
	1.1619714498519897
	1.161957859992981
	1.161932349205017
	1.161908507347107
	1.16188383102417
	1.161859154701233
	1.1618379354476929
	1.1618049144744873
	1.1617873907089233
	1.161769986152649
	1.1617540121078491
	1.1617358922958374
	1.161706566810608
	1.1616930961608887
	1.1616671085357666
	1.1616523265838623
	1.1616334915161133
	1.1616079807281494
	1.1615923643112183
	1.161553978919983
	1.1615275144577026
	1.1615010499954224
	1.1614854335784912
	1.1614738702774048
	1.1614580154418945
	1.1614460945129395
	1.1614221334457397
	1.1614034175872803
	1.1613845825195312
	1.1613579988479614
	1.1613430976867676
	1.1613163948059082
	1.1612968444824219
	1.1612789630889893
	1.1612493991851807
	1.1612261533737183
	1.161211371421814
	1.161177158355713
	1.1611424684524536
	1.1611151695251465
	1.1610918045043945
	1.1610742807388306
	1.1610405445098877
	1.161016583442688
	1.161000370979309
	1.1609735488891602
	1.1609556674957275
	1.1609240770339966
	1.1609001159667969
	1.1608803272247314
	1.1608576774597168
	1.1608328819274902
	1.1608128547668457
	1.1607900857925415
	1.1607624292373657
	1.1607441902160645
	1.160728096961975
	1.1607110500335693
	1.160704255104065
	1.1606789827346802
	1.1606640815734863
	1.1606417894363403
	1.1606154441833496
	1.1605970859527588
	1.1605713367462158
	1.1605514287948608
	1.1605397462844849
	1.1605229377746582
	1.1605013608932495
	1.1604832410812378
	1.160474181175232
	1.1604409217834473
	1.160420536994934
	1.160394310951233
	1.160377025604248
	1.1603635549545288
	1.1603397130966187
	1.1603184938430786
	1.1602978706359863
	1.160276174545288
	1.16025972366333
	1.160239338874817
	1.1602169275283813
	1.160194754600525
	1.1601693630218506
	1.1601402759552002
	1.1601252555847168
	1.1601048707962036
	1.1600875854492188
	1.1600687503814697
	1.1600472927093506
	1.1600233316421509
	1.159991979598999
	1.1599855422973633
	1.1599619388580322
	1.1599369049072266
	1.1599167585372925
	1.1598989963531494
	1.1598843336105347
	1.1598610877990723
	1.159849762916565
	1.159827709197998
	1.1598035097122192
	1.159783124923706
	1.1597564220428467
	1.1597295999526978
	1.1597002744674683
	1.159676194190979
	1.1596676111221313
	1.1596448421478271
	1.159619927406311
	1.1596012115478516
	1.1595792770385742
	1.1595569849014282
	1.1595313549041748
	1.159510850906372
	1.1594843864440918
	1.1594752073287964
	1.159449815750122
	1.1594290733337402
	1.1594042778015137
	1.1593804359436035
	1.1593523025512695
	1.1593291759490967
	1.159311056137085
	1.1592918634414673
	1.1592662334442139
	1.1592472791671753
	1.159226894378662
	1.1591981649398804
	1.1591758728027344
	1.159149169921875
	1.1591352224349976
	1.1591178178787231
	1.159103274345398
	1.15908944606781
	1.159071683883667
	1.159045934677124
	1.159038782119751
	1.1590197086334229
	1.1589899063110352
	1.1589711904525757
	1.1589492559432983
	1.1589443683624268
	1.1589274406433105
	1.1589207649230957
	1.1589038372039795
	1.1588854789733887
	1.1588644981384277
	1.15884530544281
	1.1588256359100342
	1.1588077545166016
	1.1587803363800049
	1.1587642431259155
	1.1587467193603516
	1.1587207317352295
	1.1586990356445312
	1.1586720943450928
	1.1586554050445557
	1.1586410999298096
	1.158632755279541
	1.1586198806762695
	1.1586030721664429
	1.1585707664489746
	1.1585594415664673
	1.1585392951965332
	1.1585251092910767
	1.1585197448730469
	1.15850830078125
	1.1584964990615845
	1.1584872007369995
	1.1584656238555908
	1.1584525108337402
	1.158430576324463
	1.1584094762802124
	1.1583844423294067
	1.158358097076416
	1.158340334892273
	1.158320426940918
	1.158310055732727
	1.1582852602005005
	1.1582636833190918
	1.158245325088501
	1.1582305431365967
	1.1582072973251343
	1.1581882238388062
	1.158168077468872
	1.1581672430038452
	1.1581460237503052
	1.1581331491470337
	1.158113718032837
	1.1580866575241089
	1.1580595970153809
	1.1580334901809692
	1.1580146551132202
	1.15800142288208
	1.1579780578613281
	1.1579617261886597
	1.1579478979110718
	1.157928705215454
	1.1579104661941528
	1.1578919887542725
	1.1578768491744995
	1.1578651666641235
	1.1578526496887207
	1.1578279733657837
	1.157802700996399
	1.1577823162078857
	1.1577662229537964
	1.157758116722107
	1.1577397584915161
	1.1577222347259521
	1.1577012538909912
	1.1576827764511108
	1.1576608419418335
	1.1576298475265503
	1.1576206684112549
	1.1576091051101685
	1.1575851440429688
	1.1575692892074585
	1.1575570106506348
	1.1575419902801514
	1.1575182676315308
	1.1575002670288086
	1.1574848890304565
	1.157474398612976
	1.1574623584747314
	1.1574517488479614
	1.1574361324310303
	1.1574137210845947
	1.1573879718780518
	1.1573758125305176
	1.1573662757873535
	1.1573623418807983
	1.1573493480682373
	1.1573355197906494
	1.1573117971420288
	1.1572932004928589
	1.1572787761688232
	1.1572564840316772
	1.1572294235229492
	1.1572175025939941
	1.157201886177063
	1.157192349433899
	1.1571757793426514
	1.1571530103683472
	1.157135248184204
	1.157116174697876
	1.1570954322814941
	1.157076120376587
	1.1570534706115723
	1.1570312976837158
	1.1570086479187012
	1.1569900512695312
	1.1569682359695435
	1.156945824623108
	1.156922459602356
	1.1569105386734009
	1.1568946838378906
	1.1568652391433716
	1.1568478345870972
	1.1568193435668945
	1.1567978858947754
	1.1567810773849487
	1.156777024269104
	1.156760811805725
	1.1567481756210327
	1.1567262411117554
	1.1567189693450928
	1.156701922416687
	1.1566858291625977
	1.156670331954956
	1.156675934791565
	1.156651496887207
	1.1566331386566162
	1.1566063165664673
	1.156586766242981
	1.1565747261047363
	1.1565611362457275
	1.1565442085266113
	1.1565194129943848
	1.1565093994140625
	1.156493902206421
	1.1564711332321167
	1.1564464569091797
	1.1564356088638306
	1.156420350074768
	1.1563999652862549
	1.1563856601715088
	1.1563644409179688
	1.1563419103622437
	1.1563225984573364
	1.1563087701797485
	1.1562882661819458
	1.156267523765564
	1.1562511920928955
	1.1562293767929077
	1.156211256980896
	1.1562016010284424
	1.156191110610962
	1.156171202659607
	1.156150221824646
	1.1561287641525269
	1.1561132669448853
	1.1561018228530884
	1.1560884714126587
	1.156067967414856
	1.1560442447662354
	1.156033992767334
	1.156017780303955
	1.1559937000274658
	1.1559709310531616
	1.155953049659729
	1.1559443473815918
	1.1559269428253174
	1.1559104919433594
	1.155899167060852
	1.155884861946106
	1.1558678150177002
	1.1558488607406616
	1.1558246612548828
	1.155808687210083
	1.1557834148406982
	1.1557731628417969
	1.1557649374008179
	1.1557482481002808
	1.1557338237762451
	1.1557061672210693
	1.1556742191314697
	1.1556637287139893
	1.1556382179260254
	1.1556230783462524
	1.1556072235107422
	1.1555836200714111
	1.155564308166504
	1.155545949935913
	1.1555321216583252
	1.1555156707763672
	1.1554982662200928
	1.1554731130599976
	1.1554622650146484
	1.155447006225586
	1.1554349660873413
	1.1554197072982788
	1.1553943157196045
	1.1553939580917358
	1.1553713083267212
	1.1553438901901245
	1.1553254127502441
	1.1553096771240234
	1.1552914381027222
	1.1552789211273193
	1.155266284942627
	1.155252456665039
	1.155232548713684
	1.1552205085754395
	1.1551947593688965
	1.1551713943481445
	1.1551631689071655
	1.1551454067230225
	1.1551425457000732
	1.1551237106323242
	1.1551005840301514
	1.1550796031951904
	1.155068039894104
	1.1550519466400146
	1.155041217803955
	1.1550227403640747
	1.1550074815750122
	1.1550041437149048
	1.154983401298523
	1.154964566230774
	1.1549434661865234
	1.1549229621887207
	1.1548998355865479
	1.1548845767974854
	1.1548638343811035
	1.1548488140106201
	1.154842495918274
	1.1548157930374146
	1.154805302619934
	1.154797911643982
	1.1547831296920776
	1.1547716856002808
	1.1547547578811646
	1.154744267463684
	1.1547188758850098
	1.1547093391418457
	1.154697060585022
	1.154685139656067
	1.1546639204025269
	1.1546403169631958
	1.1546287536621094
	1.1546087265014648
	1.154592752456665
	1.1545778512954712
	1.1545662879943848
	1.1545543670654297
	1.154536485671997
	1.1545193195343018
	1.1544910669326782
	1.1544818878173828
	1.1544591188430786
	1.154441475868225
	1.1544140577316284
	1.1543948650360107
	1.1543827056884766
	1.1543700695037842
	1.154343605041504
	1.154319167137146
	1.1543011665344238
	1.1542820930480957
	1.1542701721191406
	1.1542448997497559
	1.154220700263977
	1.1542057991027832
	1.1541904211044312
	1.154188871383667
	1.1541682481765747
	1.1541697978973389
	1.1541519165039062
	1.1541345119476318
	1.1541167497634888
	1.1541025638580322
	1.1540871858596802
]