[
	0.8713787324335802
	0.8713787324335815
	0.8713787324337195
	0.8713787324694985
	0.8713787323971202
	0.871378752573819
	0.8713973541332951
	0.8715216454321116
	0.8717315510020687
	0.8718855657057523
	0.8720792171405148
	0.8723410888756669
	0.8725078858118883
	0.8727157346144083
	0.8728573216343083
	0.8729934128449577
	0.873166410646788
	0.8732993230164117
	0.873455571886267
	0.8736098223093094
	0.8737154038921963
	0.8738638955865988
	0.8739931813709853
	0.8741159354439106
	0.8742249932024312
	0.8742953029834216
	0.8743984150320142
	0.8744570331878184
	0.8745403438922678
	0.8746550737783954
	0.8747641505994714
	0.8748429886402539
	0.8749183892564506
	0.8750159255638149
	0.8751271290355183
	0.8752095621333618
	0.8753189449606092
	0.8753777825158078
	0.8754721932497801
	0.8755351541160984
	0.8756000515610108
	0.8756682998083751
	0.8757505068779241
	0.8758435113852177
	0.8758993472692238
	0.8759637600554883
	0.8760167067011392
	0.8760774906549529
	0.876133560239809
	0.8761959061925262
	0.8762209455452039
	0.8762690621156068
	0.876308067653263
	0.8763420327275596
	0.8763881292383033
	0.8764463450689656
	0.8764929811514426
	0.8765230755255955
	0.8765436892109781
	0.8765909933168476
	0.8765959056744704
	0.8766246555722004
	0.8766622004594149
	0.8766922215203219
	0.8767352819031015
	0.8767505963940696
	0.8767813061337567
	0.8767945029435299
	0.8768397040608988
	0.8768820326276556
	0.8769187750619071
	0.8769291023986722
	0.8769430130398239
	0.8769358662416873
	0.8769574799524847
	0.8769522666722411
	0.8769544918045861
	0.8769376302437428
	0.8769817854881641
	0.876986949660329
	0.8769957971156503
	0.877026575155764
	0.877026411170604
	0.8770264652673541
	0.8770128273466669
	0.877034854084593
	0.8770515980036613
	0.8770644147323285
	0.8770541928900449
	0.8770532820014632
	0.8770513423650433
	0.8770519097777776
	0.8770521243359382
	0.8770471015819854
	0.877052447524184
	0.877056623437752
	0.8770600067802647
	0.8770671092624603
	0.8770832858347843
	0.877071276121331
	0.8770831929830761
	0.8770920718873945
	0.8771097185991567
	0.8771037406432641
	0.8771061680971052
	0.8770956061078619
	0.8770940364329398
	0.8770693685441538
	0.8770579654898719
	0.8770571864163409
	0.8770575714184574
	0.8770518811872515
	0.8770493651754688
	0.8770437263254874
	0.8770370817067026
	0.8770451204719363
	0.877035995185166
	0.8770164895922486
	0.8770200151005018
	0.8770087801716601
	0.8770053667473655
	0.8769889293672644
	0.8769876524392022
	0.8769871571832518
	0.8769716547336879
	0.8769537878472146
	0.8769464796748292
	0.8769446636091645
	0.8769278975398959
	0.8769199279821817
	0.876897642637232
	0.8768823388070813
	0.8768847297213217
	0.8769001626563456
	0.8768851530286411
	0.8768712784432
	0.8768603298388631
	0.8768551371483065
	0.8768380888470209
	0.8768362559690417
	0.8768314088606942
	0.8768204469158455
	0.8768273257537526
	0.8768271982419512
	0.8768205397998793
	0.8768143807008638
	0.8767997301628102
	0.876793346051521
	0.8767908061022374
	0.876784440615882
	0.8767831898489596
	0.8767755289278701
	0.8767627405455873
	0.8767556325357069
	0.8767402261862299
	0.876735053982807
	0.876725011365991
	0.8767129682145122
	0.8767045181320392
	0.8767000797267344
	0.8766916643813661
	0.8766778094476035
	0.8766709753265927
	0.8766559599436369
	0.8766399310744609
	0.8766253116162858
	0.8766152715758119
	0.8766161111410764
	0.876606261550874
	0.8765980078735496
	0.8765962253757102
	0.8765945567743543
	0.8765824756879343
	0.8765804145893403
	0.8765656978740465
	0.8765618180720769
	0.8765533063611541
	0.8765506462046855
	0.8765440976179035
	0.876539929601358
	0.8765222055171866
	0.8765103398858471
	0.8764935601123993
	0.8764833958423354
	0.8764750620100736
	0.8764721274199794
	0.8764869061895113
	0.8764958052802162
	0.8764815402341855
	0.8764692677571014
	0.8764594834593948
	0.8764527291097158
	0.8764396172981318
	0.8764340448197636
	0.8764219167171878
	0.8764174220461668
	0.8764203359311572
	0.8764208964090366
	0.876421471069373
	0.8764227772629541
	0.8764208898835704
	0.8764130026693294
	0.8764122971367755
	0.8764060147102152
	0.8764061154550209
	0.8763979887612566
	0.8763945396981273
	0.8763969846826838
	0.8763868862771288
	0.8763869828298215
	0.8763765042249081
	0.8763681813013932
	0.8763576323823961
	0.8763456627151954
	0.8763378273174431
	0.8763250156915561
	0.8763203841332686
	0.8763263229600768
	0.8763254786184475
	0.876328330696493
	0.8763244313430913
	0.8763247032888742
	0.8763242504437594
	0.8763095152768733
	0.8763062357448137
	0.8762994340488784
	0.876295976766098
	0.8762884370745897
	0.8762869627218948
	0.8762754186749904
	0.8762709642906082
	0.8762674364815929
	0.8762590781504157
	0.8762575652007208
	0.8762548569398332
	0.876246850358694
	0.8762366573834889
	0.8762333512977193
	0.8762336527857658
	0.8762346845900032
	0.8762357077380695
	0.8762321716624839
	0.8762289017314835
	0.8762252455184318
	0.8762324028871987
	0.8762477658369277
	0.8762463629412417
	0.8762425107793977
	0.8762310775755378
	0.876230411950698
	0.8762307597206052
	0.8762284945792286
	0.8762219141031699
	0.8762215657841045
	0.8762169540781891
	0.8762218548649804
	0.8762241378114195
	0.876227460378894
	0.8762261166257562
	0.876225972077205
	0.876219408868482
	0.8762190377538717
	0.8762150627167734
	0.8762138060862962
	0.8762120840910124
	0.8762170495548655
	0.8762207326764275
	0.8762228144418128
	0.8762229296251365
	0.8762170461225881
	0.8762145406815588
	0.8762121554029251
	0.8762032504330582
	0.8761984944521843
	0.8761963027298562
	0.8761908927628118
	0.8761897526824919
	0.8761823189350055
	0.8761842963601565
	0.8761882590863002
	0.8761853228387487
	0.8761806883227377
	0.8761784109679359
	0.8761813658532593
	0.876169709463622
	0.8761813436141325
	0.8761797406725217
	0.8761804627812814
	0.8761877642388746
	0.8761928443217246
	0.8761903993892987
	0.8761970135385176
	0.8761967790444614
	0.8761892128633589
	0.87618476352321
	0.8761857498305148
	0.8761832778096353
	0.876184465584596
	0.8761807092906514
	0.8761857436466655
	0.8761827591985996
	0.8761914846979226
	0.8761888463176254
	0.876183922746082
	0.8761753235623937
	0.8761765423133967
	0.8761760518059308
	0.8761818163328757
	0.8761858430895921
	0.8761878042377786
	0.8761873888244063
	0.8761938820178046
	0.876196513119866
	0.8762014667268906
	0.876206496898312
	0.8762097347490919
	0.8762070665876702
	0.8762090287000216
	0.8762117403298194
	0.8762053340036834
	0.8761990688420386
	0.8761988104598053
	0.8762001196510448
	0.8762008552588141
	0.8762048008619657
	0.8762071951929249
	0.8762115184239113
	0.8762136555494482
	0.8762125164377417
	0.8762139343058898
	0.8762115490745609
	0.8762161682735405
	0.876221227644948
	0.8762277661213907
	0.8762318927873965
	0.8762313947816927
	0.8762294654683603
	0.8762231444139792
	0.8762293603063925
	0.8762340515473086
	0.8762382657429668
	0.8762389445946572
	0.876238894609421
	0.8762339034154812
	0.8762289698105379
	0.8762266149547504
	0.87622768874003
	0.876224908131676
	0.8762300789182961
	0.876235537838235
	0.8762367766785955
	0.8762380198549876
	0.8762346425765681
	0.8762339677418886
	0.8762273432316618
	0.8762273091771567
	0.8762363054850741
	0.8762469639369681
	0.8762574420750949
	0.8762583449644998
	0.8762600294564638
	0.8762620815199814
	0.8762584108450061
	0.8762547570653434
	0.8762626092867684
	0.8762658462518972
	0.8762630458705699
	0.8762583629950287
	0.8762646405082771
	0.8762671602914107
	0.8762724547335607
	0.8762677236224599
	0.8762667542596948
	0.8762715316678586
	0.8762770552921798
	0.8762768495478499
	0.8762837101371599
	0.8762855790214048
	0.8762830038730346
	0.8762783921293021
	0.876290027884104
	0.8762858888920536
	0.8762817904788254
	0.87628489053456
	0.8762777902006351
	0.8762870673279277
	0.8762875119645632
	0.8762847026242954
	0.8762903778409741
	0.8762849863069518
	0.876283579000036
	0.8762919891700413
	0.8762962622663556
	0.8762944259442366
	0.8762968555189458
	0.8763034865893896
	0.8763027961257532
	0.8763050292224406
	0.8762989555187009
	0.8762998222574905
	0.876307710070964
	0.8763081276514928
	0.8763037731624506
	0.8763030947716314
	0.8763077996904439
	0.8763076451303541
	0.8763038840735609
	0.8763068393855384
	0.8763078522305853
	0.8763019843773138
	0.8763140580329128
	0.8763135879585643
	0.876318525799079
	0.8763252956354564
	0.8763234915532184
	0.8763214700261899
	0.8763202343213864
	0.8763218881047329
	0.876328763381936
	0.8763331177535514
	0.8763373420774668
	0.8763353094854914
	0.8763321366112801
	0.8763323324066655
	0.8763326724622134
	0.876336633612612
	0.8763325337556909
	0.8763325861865018
	0.8763391205814948
	0.8763453308547432
	0.8763450944733373
	0.8763438990359332
	0.8763500754716075
	0.8763512492127067
	0.8763496907409142
	0.8763468929606597
	0.8763545177961817
	0.8763569545952405
	0.8763669149915926
	0.8763701024628924
	0.8763699848970733
	0.8763728368416881
	0.8763691243183195
	0.8763742174678978
	0.8763657449824462
	0.8763695345669898
	0.8763758713034773
	0.8763856783867362
	0.8763736049410701
	0.8763817790457995
	0.8763810837526989
	0.8763841206733552
	0.8763877088791664
	0.8763884348604628
	0.8763862755424581
	0.8763908458140209
	0.8763905221556814
	0.876392683927224
	0.8763939185301042
	0.8763894066789757
	0.8763895887212849
	0.8763840179837789
	0.8763877649651853
	0.8763862960384249
	0.8763881993116215
	0.876389466193427
	0.8763895120608779
	0.8763886071552643
	0.8763847916213342
	0.8763791053187472
	0.8763794861907961
	0.8763827262814153
	0.8763828638718648
	0.8763800651241308
	0.8763837627587969
	0.8763813580028341
	0.876376569714831
	0.8763857897724973
	0.8763830326884073
	0.876382248061454
	0.8763795935188722
	0.8763878562930969
	0.8763879568911449
	0.876394473756433
	0.8764007317478075
	0.8763988718911017
	0.876395149448263
	0.8763970121764462
	0.8764010070412482
	0.8764074923124001
	0.8764026789544352
	0.8764055170765991
	0.8764060054663082
	0.8764073895086867
	0.8764085821934599
	0.8764042932774787
	0.876400283266204
	0.8764008624525389
	0.876404927181927
	0.8764045018927502
	0.8764014913882847
	0.8764027524210769
	0.876402144113703
	0.8764029262106009
	0.8764017795180432
	0.8764055940222711
	0.8764119861830302
	0.8764138696828313
	0.8764082507367159
	0.8764060236779859
	0.8764157240415182
	0.8764069764970894
	0.8764083314837258
	0.8764078324294858
	0.8764108514669012
	0.8764159186881885
	0.8764251948597448
	0.8764214601007357
	0.8764165626218778
	0.8764265876166424
	0.8764233262226302
	0.8764230953460999
	0.8764192540664565
	0.8764181674051734
	0.8764182048613992
	0.876421184301602
	0.8764240816656595
	0.8764239165145709
	0.8764172986863024
	0.8764158489214656
	0.8764132920524224
	0.8764153858675613
	0.8764203458796227
	0.8764186924081251
	0.8764223105416383
	0.876427114108898
	0.8764307726030851
	0.8764241859755764
	0.8764216860928266
	0.8764238373223933
	0.8764289864172172
	0.8764290895765554
	0.8764306207082153
	0.8764293784118564
	0.8764283985666738
	0.8764342120371066
	0.8764385983757719
	0.8764416304365795
	0.8764468850132843
	0.876441428302344
	0.8764377003761444
	0.8764441966497757
	0.8764454353757597
	0.8764494285911766
	0.8764563892330494
	0.8764517095453964
	0.8764455518458472
	0.8764474380807886
	0.8764485266393282
	0.8764464580513153
	0.8764448554676534
	0.8764422384844645
	0.8764440287238903
	0.8764414034278836
	0.8764476319817498
	0.8764443010826066
	0.8764449361630614
	0.8764405659815487
	0.876439683461962
	0.8764476958178276
	0.8764505953311996
	0.8764471724890289
	0.8764504095920103
	0.8764490163716406
	0.8764477997372588
	0.8764411889695447
	0.8764355335011906
	0.8764364195614646
	0.8764420731933815
	0.8764407058081508
	0.8764472305713756
	0.8764442421614013
	0.8764435514270233
	0.8764442071811777
	0.8764421830575913
	0.8764381365440403
	0.8764377694560938
	0.8764433546064065
	0.8764364276953818
	0.8764371058971979
	0.876432223557297
	0.8764280742519612
	0.8764252537361865
	0.8764208794628161
	0.8764219979380832
	0.876423719156905
	0.8764301137679252
	0.8764377311137604
	0.8764378031754921
	0.8764369177861767
	0.8764352071751257
	0.8764355477847408
	0.8764345111667966
	0.876441538782818
	0.8764438403670829
	0.8764452543234659
	0.8764482580072516
	0.8764344574716789
	0.8764329714017621
	0.8764306699913094
	0.8764298504447472
	0.8764197078377308
	0.8764244266008857
	0.8764221892938493
	0.8764218741906309
	0.8764228249514281
	0.8764254894369993
	0.8764230558703817
	0.8764218090361972
	0.8764218325552057
	0.8764265940370884
	0.8764277126724812
	0.8764255051632269
	0.8764326955967339
	0.8764287808666524
	0.8764261137438719
	0.876426126801071
	0.8764198401281857
	0.87641720173015
	0.8764183111271893
	0.8764149650384129
	0.8764195537406009
	0.8764218385348663
	0.8764197938822702
	0.8764148547259063
	0.8764123413669054
	0.876413355656498
	0.8764059986990655
	0.8764085598187353
	0.8764122515555505
	0.8764214888918023
	0.8764251133240732
	0.8764215914549004
	0.8764191967773426
	0.8764219519337524
	0.8764244386172979
	0.8764282461378942
	0.8764276650497872
	0.8764283547766373
	0.8764279979118456
	0.8764281840525517
	0.8764288180590982
	0.8764345621112879
	0.8764309114371293
	0.8764317484386541
	0.8764305350593298
	0.8764289834535146
	0.8764327592245637
	0.876436932605427
	0.8764350299533192
	0.8764355047857146
	0.8764320703155635
	0.876435059303403
	0.8764270741232908
	0.8764273393984936
	0.8764282827456091
	0.8764230714143991
	0.8764281726935097
	0.8764287555827134
	0.8764222703401897
	0.8764307953639956
	0.8764272107903358
	0.8764329798464136
	0.8764328733735859
	0.8764302341274922
	0.8764314291657664
	0.8764288497060061
	0.8764302289815243
	0.8764293514579832
	0.8764222138244158
	0.8764220435724941
	0.8764210037635818
	0.8764183889199545
	0.8764173891364705
	0.8764174082233218
	0.8764146544512393
	0.8764148877252833
	0.8764166155674912
	0.8764170950217269
	0.876422177595985
	0.8764196384181056
	0.8764211593178428
	0.876423534526874
	0.8764220157750272
	0.8764181027164157
	0.8764154652160713
	0.8764201194156114
	0.8764263369521829
	0.8764282040333201
	0.8764337151175797
	0.8764304216353822
	0.8764304666786397
	0.8764272711405788
	0.8764330062408902
	0.8764277894920847
	0.8764305176833674
	0.8764308441957632
	0.8764283774134798
	0.8764294769332386
	0.8764311923410479
	0.8764303790443997
	0.8764324557447193
	0.8764243096782247
	0.8764170547156498
	0.8764162780705074
	0.8764220298234114
	0.876421747427363
	0.8764289016913371
	0.8764337031963453
	0.8764288605332741
	0.8764256250902427
	0.8764242540309669
	0.8764253053842699
	0.8764219067883323
	0.8764247876302654
	0.8764235874989024
	0.8764176447411165
	0.8764150858947821
	0.8764201994133094
	0.8764190217453229
	0.8764160155551116
	0.8764199433543336
	0.8764184494283002
	0.8764203093222621
	0.8764185157782387
	0.8764192749876797
	0.8764238444682714
	0.8764229710587353
	0.8764250992048636
	0.8764234563555723
	0.8764142321355441
	0.8764141186032811
	0.876410290363071
	0.8764050937674761
	0.8764132826675147
	0.8764169365867304
	0.8764188598146274
	0.87641989840649
	0.8764156268992003
	0.8764182104133686
	0.8764245870232271
	0.8764259767397191
	0.8764269694201658
	0.8764272408561478
	0.8764296942074108
	0.8764301509972362
	0.8764268710000431
	0.8764283741722987
	0.8764288161260954
	0.8764326751438293
	0.8764301420998809
	0.8764309353527429
	0.8764307450400417
	0.876429244741358
	0.8764285607884736
	0.8764271054082103
	0.8764252008784222
	0.8764246219219463
	0.8764263953873596
	0.8764272908342544
	0.8764243975402628
	0.876424861268921
	0.8764235106836673
	0.8764275581957897
	0.8764290671882974
	0.8764326321346337
	0.8764304875450545
	0.8764276406551178
	0.876426327827922
	0.8764256741104146
	0.8764260377337141
	0.8764257467749917
	0.8764248634372251
	0.8764204481066448
	0.8764194455039864
	0.8764160241955685
	0.8764144723539433
	0.8764145488903752
	0.8764161789735789
	0.8764147282901432
	0.8764174377007371
	0.876417533746582
	0.8764172666905453
	0.8764196956387597
	0.8764065667210769
	0.8764071607893286
	0.8764089387729956
	0.8764057013146279
	0.8764076453249738
	0.876406072559272
	0.8764075489246309
	0.8764085168024283
	0.8764027236627657
	0.8764014453814609
	0.8764020726115385
	0.8763997792155234
	0.8763975073754142
	0.8763981542062835
	0.8764013616917296
	0.8764008891689344
	0.8764044981718457
	0.8764024581080948
	0.8764070955346358
	0.8764041792210083
	0.8764065712156345
	0.876404629058749
	0.8764084405127021
	0.8764113311225091
	0.8764073954213591
	0.8764034327951642
	0.8764035201586289
	0.8763910390675671
	0.8763913242493738
	0.8763881006594783
	0.8763873751046531
	0.8763871419352409
	0.8763866238670337
	0.876384368245416
	0.8763790516949745
	0.8763786946105938
	0.8763759976742188
	0.8763782582584155
	0.8763759922723089
	0.8763726927112484
	0.876374614907899
	0.8763756727392169
	0.876377208283524
	0.876374242416855
	0.8763744066581709
	0.8763733947263397
	0.8763716129667397
	0.8763685060942716
	0.8763696397583915
	0.8763686382901675
	0.876371021533436
	0.8763690919395624
	0.8763670989214067
	0.8763687662019645
	0.8763684109029002
	0.8763692059904723
	0.8763673248271204
	0.8763676601531547
	0.8763652034482762
	0.8763662685858986
	0.8763612938687967
	0.8763649577974882
	0.876367382363856
	0.8763738880085
	0.8763729940880135
	0.8763714914255121
	0.8763717409541169
	0.8763797253505835
	0.8763785419010456
	0.8763744592873857
	0.8763704733241038
	0.8763695197808493
	0.8763737401933827
	0.8763740190720133
	0.8763716483628857
	0.8763772849808688
	0.8763788814830081
	0.8763790507349908
	0.8763773362328534
	0.8763754954816244
	0.8763768455160483
	0.8763802827138815
	0.8763802162095617
	0.8763849880090641
	0.8763876418113257
	0.8763874101028526
	0.8763899998747114
	0.8763881146152867
	0.8763824638952601
	0.8763809715127558
	0.8763809373318348
	0.8763781261031477
	0.8763877489700658
	0.8763869654219987
	0.8763811944191608
	0.8763786910865365
	0.8763798341676233
	0.8763820711680649
	0.8763857388582459
	0.8763825217533945
	0.876385876821761
	0.8763812831635466
	0.8763761264087522
	0.8763731253195821
	0.8763716641460836
	0.876367264915442
	0.8763689412174034
	0.876366906673637
	0.8763695959620816
	0.8763721025910227
	0.8763720591808065
	0.8763764556737313
	0.8763745975380598
	0.8763749846281682
	0.8763780824057359
	0.8763784676715809
	0.8763750729129918
	0.876373050900885
	0.8763742267597903
	0.8763746745703339
	0.8763791117884896
	0.876372143855343
	0.8763748345051402
	0.8763737385629232
	0.8763792308314382
	0.876378097984848
	0.8763754981053129
	0.8763723510352225
	0.8763713783939341
	0.8763752582627706
	0.8763739855859397
	0.876372564101478
	0.876373309654539
	0.8763701701612302
	0.8763688474802442
	0.8763700253881093
	0.8763647237761484
	0.876363653580042
	0.8763645883994997
	0.8763692879899565
	0.8763681824783541
	0.876366631578431
	0.876369096320168
	0.8763696897432746
	0.8763675572545465
	0.8763656455306185
	0.8763636038072284
	0.8763660230587206
	0.8763704090304822
	0.8763700529236335
	0.876368438731392
	0.8763700489735237
	0.8763703606223077
	0.876373044905015
	0.8763717897574023
	0.8763731378816051
	0.876372168783572
	0.8763716638138903
	0.8763699001654169
	0.8763697768975739
	0.8763723475118917
	0.8763699247627302
	0.8763762796186267
	0.8763757632400827
	0.8763767347365753
	0.8763796235040661
	0.876383230214199
	0.8763836423018775
	0.8763867125599217
	0.8763854806581566
	0.8763845600318575
	0.8763833075160886
	0.8763878707233129
	0.8763821035427967
	0.8763847374938126
	0.8763810673231008
	0.8763816724792308
	0.8763775444640899
	0.8763757395005126
	0.8763798442258778
	0.8763763144129906
	0.8763724241152715
	0.8763696989587288
	0.8763720291010341
	0.8763718864311661
	0.8763745627303499
	0.8763825859752415
	0.8763794289424843
	0.8763794159535198
	0.8763800297965137
	0.8763818722379906
	0.8763791632815247
	0.8763814224315524
	0.876385873701228
	0.8763870671343573
	0.8763860014763263
	0.8763871247194769
	0.8763895409025726
	0.8763892297262186
	0.876384413985403
	0.8763824274077072
	0.8763822539840714
	0.876382533045874
	0.8763852063071438
	0.8763778655430465
	0.8763744617775393
	0.8763747826933139
	0.8763741141481549
	0.8763702199048314
	0.8763722615819354
	0.8763717213428778
	0.8763728178632365
	0.876369433194512
	0.8763680526465969
	0.8763644637855545
	0.8763581689144074
	0.8763538827545343
	0.8763529926927163
	0.8763544624272911
	0.8763505389699316
	0.8763497523525721
	0.8763489786275573
	0.8763467973155582
	0.8763446884277254
	0.8763445994734113
	0.8763428378151833
	0.8763463806085146
	0.87634427554426
	0.8763455297050687
	0.8763441245256552
	0.8763432872120035
	0.876344417691125
	0.8763457804661157
	0.8763428638894523
	0.8763456281399017
	0.8763517688689912
	0.8763487992400104
	0.8763524995848558
	0.8763554721291628
	0.8763569363472543
	0.8763533438059433
	0.8763511780735695
	0.8763525915682244
	0.8763515717254691
	0.8763539706027216
	0.876352100972749
	0.8763511682382596
	0.876359812239031
	0.8763567282372382
	0.8763593265382319
	0.8763587515486121
	0.876360010056781
	0.8763611491374832
	0.8763654012425766
	0.8763644339955827
	0.8763635071767918
	0.8763662569840217
	0.8763669510578909
	0.8763691454687766
	0.8763711508887576
	0.8763749871396359
	0.8763737291466894
	0.8763738213169107
	0.8763758980435651
	0.8763774650090447
	0.876370271878541
	0.8763710100413831
	0.8763676498225282
	0.8763702593565408
	0.87636973045871
	0.8763725895807195
	0.8763750479058547
	0.8763774923111247
	0.8763779151224221
	0.8763770905030738
	0.8763780844113745
	0.8763751526453045
	0.8763756620992744
	0.8763780067657904
	0.8763794785090209
	0.8763808727441899
	0.8763772832810408
	0.8763784655084005
	0.8763727056588089
	0.8763757132143108
	0.8763734466069225
	0.8763734932646947
	0.8763702724324419
	0.876370736145404
	0.8763684985336947
	0.8763662395641446
	0.8763661187461849
	0.8763665771761657
	0.8763644464467082
	0.8763693008824133
	0.8763661935764723
	0.8763642789741922
	0.8763648268637371
	0.8763612555094982
	0.8763613868001188
	0.8763590996785531
	0.8763598959050442
	0.876362717865279
	0.8763631307633768
	0.8763672267764159
	0.8763654595086291
	0.8763714287341872
	0.8763761487565905
	0.8763723253281264
	0.876373586273976
	0.8763759948340776
	0.8763773689574355
	0.8763741609465845
	0.876373535661497
	0.876373705060202
	0.8763721875399136
	0.8763699264390034
	0.8763681442397468
	0.8763693715598235
	0.8763697951967921
	0.8763663421268444
	0.8763676084034709
	0.8763731291076995
	0.8763733019380967
	0.8763707807537532
	0.8763715054555877
	0.8763714887143013
	0.8763749969389187
	0.8763755774195243
	0.8763718217499944
	0.876367276222368
	0.8763672740252048
	0.8763641147075198
	0.8763617665555709
	0.8763575409786099
	0.8763605209595235
	0.8763572151116537
	0.8763589263004804
	0.8763566792964607
	0.8763575281578836
	0.8763517791644688
	0.8763502531735796
	0.876354179866211
	0.8763500357325259
	0.8763474986191082
	0.876348363542369
	0.8763470069681283
	0.8763449093187164
	0.8763430773322725
	0.8763431983431325
	0.8763425527838826
	0.8763436841982142
	0.876343170483003
	0.8763454812613394
	0.8763452308130981
	0.8763436536185746
	0.876340729559529
	0.8763372633145536
	0.8763356292166389
	0.8763364557108027
	0.8763358325890149
	0.8763348849382836
	0.8763367655027438
	0.8763334321758445
	0.8763358339601406
	0.876336115129072
	0.8763342124742624
	0.876332066985123
	0.876335314617713
	0.8763371806736882
	0.8763369529561075
	0.8763414266318892
	0.8763370677665099
	0.8763372254946915
	0.8763353199595946
	0.8763368423084549
	0.8763374114854058
	0.8763320112960921
	0.8763297152158541
	0.8763299449821664
	0.8763307546196221
	0.8763333488723835
	0.8763350229662079
	0.8763383496039595
	0.876339605447039
	0.8763449774595594
	0.8763486475906176
	0.8763425346722453
	0.8763413452184956
	0.8763376559033516
	0.876334985228162
	0.87633732124535
	0.876340978933626
	0.8763457913832969
	0.8763464647794709
	0.8763481018688425
	0.8763512663680872
	0.8763548854966622
	0.8763545438341285
	0.8763565695980698
	0.8763579572000043
	0.8763570196779847
	0.8763591777514099
	0.8763604294460562
	0.8763588747889473
	0.8763582831676016
	0.8763560047624311
	0.8763586360980197
	0.8763569393138021
	0.8763570957742972
	0.8763558778187017
	0.8763597918887525
	0.8763552494306893
	0.876359540119765
	0.8763545492599782
	0.8763557621586237
	0.876354786366508
	0.8763525128488092
	0.876353319708561
	0.8763521428659219
	0.8763513739056281
	0.8763567726844896
	0.8763571362720939
	0.8763557673489285
	0.876353887194113
	0.8763567422022922
	0.8763502001506301
	0.8763497617529273
	0.8763489494094602
	0.8763470239361526
	0.8763478522070147
	0.8763440095379152
	0.8763452146335635
	0.8763472143528178
	0.8763483589769819
	0.8763469544903322
	0.8763446251457521
	0.8763460718863144
	0.8763471027991638
	0.8763454284427712
	0.8763412807509041
	0.8763439267730896
	0.8763448161964045
	0.8763496389378642
	0.8763464400926507
	0.8763477176779121
	0.8763532830389889
	0.8763551713439143
	0.8763505074972638
	0.8763455283497034
	0.8763462765863552
	0.8763471043870639
	0.8763469499172714
	0.8763460249398912
	0.8763467994226205
	0.8763474262505017
	0.8763410381852247
	0.8763468036892332
	0.8763482654391179
	0.8763498322976608
	0.8763475358180923
	0.8763481772509857
	0.87634852377244
	0.8763474900110148
	0.8763482468880074
	0.8763496802509442
	0.8763513404244064
	0.8763518480464229
	0.8763487517383147
	0.8763514831527869
	0.8763563792832292
	0.8763597213161901
	0.8763569483442931
	0.8763596536619407
	0.8763639922751014
	0.8763623883241882
	0.8763666415073127
	0.8763661933279037
	0.8763650151385952
	0.8763632185926185
	0.8763616042246399
	0.8763598199632916
	0.8763551084224515
	0.8763556183311536
	0.8763548637285765
	0.8763523539794805
	0.876353502049753
	0.8763513682755254
	0.8763457865710214
	0.8763439317780988
	0.8763465402897523
	0.8763467234780707
	0.8763515325281321
	0.8763504755202278
	0.8763470073437591
	0.8763466088254676
	0.8763440857860585
	0.8763414511594538
	0.8763350778374476
	0.8763358687676107
	0.8763367567738675
	0.87633941015747
	0.8763370517989656
	0.876332626566189
	0.8763311296386346
	0.8763348567337667
	0.8763331413514233
	0.8763354831044755
	0.8763334292233749
	0.8763334219346345
	0.8763302023331369
	0.8763318314602703
	0.8763347687026724
	0.8763351634547772
	0.876337965025916
	0.8763419790386547
	0.8763435293462537
	0.8763459867879327
	0.8763469246136274
	0.8763471153968563
	0.8763463982165969
	0.8763536538578924
	0.8763573445596635
	0.8763541227699289
	0.8763524279264944
	0.8763485613585316
	0.8763421641989106
	0.8763418601991423
	0.8763419572131627
	0.8763458552558592
	0.8763423205574274
	0.8763415206042862
	0.8763388815281508
	0.87633796053097
	0.8763364664511273
	0.8763372687512988
	0.8763409425253946
	0.8763390192389645
	0.876339232471279
	0.8763403093974236
	0.8763410042757763
	0.8763411475910233
	0.8763393439990305
	0.8763448741255416
	0.8763487814533332
	0.8763497057273971
	0.8763451451302442
	0.8763457786983592
	0.876347632641319
	0.8763484051090525
	0.876346569367983
	0.8763472909167702
	0.8763467694225804
	0.8763451073218107
	0.87634404097975
	0.8763423077948739
	0.876342048804054
	0.8763385407246556
	0.8763422937810742
	0.8763380537868344
	0.8763398326193491
	0.8763396701084087
	0.8763430460444571
	0.876342702283459
	0.8763413702589045
	0.8763380909558958
	0.8763384100556997
	0.8763413874331283
	0.8763374619078113
	0.8763351799605867
	0.8763408739517191
	0.8763398806318007
	0.8763432045964739
	0.8763447875508062
	0.8763470626372706
	0.8763453535163125
	0.8763428934623452
	0.8763378554398839
	0.8763404044442766
	0.8763413123466262
	0.8763389186903493
	0.8763415450004483
	0.8763435733567048
	0.876344942790034
	0.8763453676088631
	0.8763459140644724
	0.8763476984193488
	0.8763463224439842
	0.8763463887816295
	0.876348283789732
	0.8763479321719838
	0.8763442651373374
	0.8763445449823817
	0.8763502209393037
	0.8763514571135443
	0.8763487727385492
	0.876344726423422
	0.8763482738218532
	0.8763513933403874
	0.876351563410199
	0.8763529021074121
	0.8763524513834887
	0.8763517936774576
	0.8763506228106058
	0.8763495954575864
	0.8763539453312271
	0.8763513987092305
	0.8763552734535355
	0.8763561168915065
	0.8763530916472747
	0.8763519926271639
	0.8763517840609018
	0.8763491920754612
	0.8763487894201718
	0.8763483419775614
	0.8763514214247644
	0.8763536622377359
	0.8763497683533098
	0.8763461021573811
	0.8763474477553482
	0.8763450340056186
	0.8763435502493019
	0.8763432998196637
	0.8763451492573802
	0.876346308845033
	0.8763464453949972
	0.8763468068453589
	0.8763461249051634
	0.8763472986177142
	0.8763442740398423
	0.8763439712075898
	0.8763462945835416
	0.87634995498266
	0.8763421511965475
	0.876340139498473
	0.8763415612522919
	0.8763390560896812
	0.8763378503400856
	0.8763325849602267
	0.8763352317703066
	0.8763360370522036
	0.8763379523154421
	0.8763429880889367
	0.8763441474085392
	0.8763484762233791
	0.8763471058534752
	0.8763469129559912
	0.8763487443645682
	0.8763505162753534
	0.8763469381765688
	0.8763432527596831
	0.8763436953619809
	0.8763468720449278
	0.8763480744626618
	0.8763506790765154
	0.8763529000985143
	0.8763588277877938
	0.876357010617349
	0.8763555899207027
	0.8763558431271019
	0.8763573002611733
	0.8763575974505418
	0.8763535230473453
	0.8763514321898557
	0.8763537337766163
	0.8763528233473452
	0.8763557997875632
	0.8763567613247257
	0.8763555510050752
	0.8763542484446422
	0.8763579950552455
	0.876357283321248
	0.8763580094526706
	0.8763581364131404
	0.8763594848192814
	0.876360843780579
	0.8763588358489649
	0.8763621982011665
	0.8763688140733406
	0.8763678977151811
	0.8763634626768649
	0.876364545045001
	0.8763637114748439
	0.8763639656922187
	0.8763649249652956
	0.8763637608440106
	0.8763627964140647
	0.8763597786021976
	0.876359573251572
	0.8763577833656029
	0.8763594201139778
	0.8763550391449475
	0.8763505199981019
	0.8763475234374716
	0.8763548558387896
	0.8763536582953138
	0.8763515916152412
	0.8763535618741266
	0.8763551995622839
	0.876355171724261
	0.8763538448427859
	0.8763524312732732
	0.8763503511938785
	0.8763475299503707
	0.8763464425203754
	0.8763472105721206
	0.876347623090157
	0.876348919343716
	0.8763496357479144
	0.876350848658336
	0.8763518012247591
	0.876350339029575
	0.8763458219093797
	0.876344638285642
	0.8763498845810574
	0.8763536743950092
	0.8763537786642162
	0.8763522351800739
	0.8763519692158184
	0.876353069285931
	0.8763523589717829
	0.8763533509577399
	0.8763517438954669
	0.8763509686545317
	0.8763579421173328
	0.876355386065145
	0.8763536222334525
	0.8763557214870968
	0.8763554809433055
	0.8763572802615621
	0.8763586134945105
	0.876357921217997
	0.876356745158279
	0.8763596643317263
	0.8763594562867497
	0.8763614026920215
	0.8763615921976181
	0.876360201785219
	0.8763611904965366
	0.8763647038429012
	0.8763640583223501
	0.8763638158291571
	0.8763628310764872
	0.8763640056873788
	0.8763590949813709
	0.8763567412034808
	0.8763568406628782
	0.8763520411376506
	0.8763534410198731
	0.8763527059496885
	0.8763516268804895
	0.8763507027918225
	0.8763481027686675
	0.8763507330270561
	0.8763494782362167
	0.8763476520218396
	0.8763456163252228
	0.8763437333691662
	0.8763462733189041
	0.8763505299605037
	0.8763517030032386
	0.8763511276817197
	0.8763559034946131
	0.8763532562929164
	0.8763508139806947
	0.8763493267531403
	0.8763499850356755
	0.876350901490509
	0.8763485052023079
	0.8763474808354587
	0.8763458049865956
	0.8763436153716379
	0.8763405467097359
	0.8763417529501261
	0.8763394051444026
	0.8763406558112304
	0.8763440455443874
	0.8763429101641043
	0.8763429684001638
	0.8763404721166673
	0.8763373895373077
	0.8763414570603175
	0.8763396772282076
	0.8763420971082281
	0.8763427094950548
	0.8763449181453895
	0.8763482823141676
	0.8763493873442764
	0.8763505655599874
	0.8763552821671918
	0.8763545483889064
	0.8763517081656449
	0.8763476189576471
	0.8763502847006185
	0.8763442049797394
	0.8763441398363484
	0.8763478427645418
	0.8763473888978667
	0.8763458434183357
	0.8763460246789898
	0.8763439087787827
	0.8763434540914016
	0.8763413454811456
	0.8763451844679699
	0.8763453996716035
	0.8763410075698596
	0.8763424506489275
	0.876345077571849
	0.8763437892701309
	0.8763407925955842
	0.8763438214362006
	0.8763391709233915
	0.8763381270940237
	0.8763360119437195
	0.8763370315161307
	0.8763379409883258
	0.8763357280732222
	0.8763422057233402
	0.876344909416816
	0.8763420564021316
	0.8763380228630439
	0.8763416470222967
	0.8763406171302996
	0.8763424530417229
	0.8763431342879957
	0.876344851408311
	0.8763421560399212
	0.8763419379516757
	0.8763433226998001
	0.8763423678858395
	0.876343372290853
	0.8763447200495703
	0.8763441760160088
	0.8763436236571867
	0.8763426229187922
	0.8763429613242248
	0.8763458600087524
	0.8763460740781175
	0.8763505598238375
	0.8763516761680146
	0.8763517055153339
	0.8763493433986478
	0.8763529638725263
	0.8763507637557966
	0.8763507865715615
	0.8763476259577249
	0.8763451539599709
	0.8763408601810383
	0.8763415706829878
	0.8763396530451087
	0.8763389726797681
	0.876340937495359
	0.8763429416630055
	0.8763402263986731
	0.8763386672672959
	0.8763383908286616
	0.876338528140378
	0.8763401442566046
	0.8763411732297411
	0.876340985201139
	0.8763405359734651
	0.876335966320761
	0.8763321416063963
	0.876330266739071
	0.8763329291072223
	0.876336253707854
	0.876339983301084
	0.8763412931553314
	0.8763409300914972
	0.8763457112314225
	0.8763426370157958
	0.8763411868405573
	0.8763384908206123
	0.876336817363534
	0.8763349418732943
	0.8763369200750158
	0.8763345761107267
	0.8763342869393227
	0.8763335437991868
	0.8763339464531263
	0.8763361394248744
	0.8763289567136371
	0.876329857210955
	0.8763288033286896
	0.8763284293000482
	0.8763249998380311
	0.8763215364326853
	0.8763216963957615
	0.8763219877667517
	0.8763202998388173
	0.8763178994026005
	0.8763190045118526
	0.8763195005210146
	0.8763203917489149
	0.8763212282535349
	0.8763204561348178
	0.8763189886955696
	0.8763179169270316
	0.8763229850242188
	0.8763200662578646
	0.8763211746532151
	0.876322734375423
	0.8763214862384433
	0.8763221147858533
	0.8763218483357688
	0.8763207561202465
	0.8763215769738105
	0.876319317475709
	0.8763231575884138
	0.8763243792406652
	0.8763213475266428
	0.8763246189611967
	0.8763251871767656
	0.8763275523802725
	0.8763264024752241
	0.8763259407698396
	0.8763290875717454
	0.8763289936739299
	0.8763251210601293
	0.8763238892373608
	0.8763255313689531
	0.8763298523579767
	0.87633075234828
	0.8763321523785271
	0.876328464484397
	0.8763281445314465
	0.8763312155470878
	0.8763354804432911
	0.8763352938480221
	0.8763394443380859
	0.8763393660223652
	0.8763378456922482
	0.8763342856625405
	0.8763335837865545
	0.8763307423049347
	0.8763319975048489
	0.8763316871733329
	0.8763290657017195
	0.8763296248030508
	0.8763303042936262
	0.8763303646082322
	0.8763316440988691
	0.8763334617795066
	0.8763349679767646
	0.8763352885251116
	0.8763357999853346
	0.8763337992449896
	0.8763383432055829
	0.8763356792366409
	0.876336416875198
	0.8763358384406744
	0.8763351683369331
	0.8763306225329722
	0.8763320854068429
	0.8763337643206177
	0.876336435772637
	0.8763336908401866
	0.8763341179636875
	0.876336038780074
	0.8763288062073419
	0.8763249113631083
	0.8763235429878834
	0.8763246402656928
	0.8763248903534813
	0.876325141181453
	0.876323002982325
	0.8763192811694697
	0.8763187038990222
	0.8763213525858644
	0.8763216796667056
	0.8763232064795209
	0.8763222740025425
	0.8763237964848201
	0.8763243640107313
	0.8763281025097708
	0.8763282439224216
	0.8763316183852439
	0.8763275179996483
	0.8763259633451111
	0.876325573471712
	0.8763242599331097
	0.8763233275049019
	0.8763212506023614
	0.8763197415470783
	0.8763192994365298
	0.8763181615301805
	0.8763216513335929
	0.8763256617579226
	0.8763212487095801
	0.8763189850411435
	0.8763214528381172
	0.8763225183811699
	0.8763223132313159
	0.876329391043035
	0.8763274132837757
	0.8763273724209097
	0.8763283766331063
	0.8763290861219112
	0.8763249630842757
	0.8763270259144645
	0.8763300026010992
	0.8763316023570449
	0.8763276010561073
	0.8763280945410878
	0.8763299317191152
	0.8763307719957409
	0.8763286695923911
	0.8763324215953674
	0.8763308109572775
	0.8763330130072253
	0.8763342634791498
	0.876336287756808
	0.876334588341134
	0.8763362089755103
	0.8763379880254908
	0.8763379535886812
	0.8763387903236621
	0.8763378261978305
	0.8763380167733934
	0.8763434512511612
	0.8763398609859928
	0.8763377986554949
	0.8763387412979814
	0.8763392512995608
	0.876340509313942
	0.8763418423752538
	0.876342019456913
	0.8763421778027275
	0.8763386314882534
	0.8763407622626286
	0.8763393333025221
	0.8763384413175233
	0.8763387300641418
	0.8763338147453169
	0.8763310200227331
	0.8763276529960404
	0.8763285276438193
	0.8763276933325004
	0.8763302722612899
	0.8763302472929444
	0.87632435056683
	0.8763246851911431
	0.8763212498497748
	0.8763193056510236
	0.8763185836366671
	0.8763223732709751
	0.8763235372005534
	0.8763261275752289
	0.8763295827330846
	0.8763298951116294
	0.8763283442511378
	0.8763225474617372
	0.8763271944368797
	0.8763276344354615
	0.876326279355766
	0.8763274868781674
	0.8763302190695825
	0.8763305137458786
	0.876326925121606
	0.8763257843927172
	0.8763227764748548
	0.8763280884735251
	0.8763290523546713
	0.8763212476631067
	0.876320356259898
	0.8763186191837716
	0.8763175839079107
	0.8763164941532544
	0.8763178386068098
	0.876316365125971
	0.8763138749866295
	0.8763167920969102
	0.8763181554928765
	0.876317052913818
	0.8763194984284324
	0.8763215058234727
	0.8763212613409
	0.8763207742161901
	0.8763192035725094
	0.8763189701207548
	0.8763200194338779
	0.8763187581083682
	0.8763201742904786
	0.8763236103126347
	0.8763248265241798
	0.8763232436628332
	0.8763206466160087
	0.8763243934350312
	0.8763225688772157
	0.8763242586734705
	0.8763246220855659
	0.876322295870143
	0.8763201608168711
	0.8763209006869113
	0.8763215569003721
	0.8763177697090238
	0.8763193870683187
	0.8763198099657393
	0.8763154268008357
	0.876312137796316
	0.8763106355834723
	0.8763123197892999
	0.8763081195012847
	0.8763093076786922
	0.8763074361530077
	0.8763069955619
	0.8763085324930351
	0.8763062531420349
	0.8763039113125407
	0.8763075886268439
	0.8763086266600457
	0.8763118038436601
	0.8763103074282005
	0.87631146451645
	0.8763183618469474
	0.8763202300029983
	0.8763170529210526
	0.8763136256879126
	0.8763127176051756
	0.8763147632083528
	0.876317393024717
	0.8763196617620423
	0.8763182735465307
	0.8763152218783851
	0.8763135476210694
	0.8763152280194312
	0.876316168746395
	0.8763195052066087
	0.8763160853698094
	0.8763180469264468
	0.8763158337394891
	0.8763146560025041
	0.8763176006180513
	0.876312413796707
	0.8763109839404942
	0.8763143862668074
	0.8763149678439695
	0.8763161140657678
	0.8763170722985041
	0.876321046464351
	0.8763151086861104
	0.8763105131818602
	0.8763146997591716
	0.8763158055767154
	0.8763166525862143
	0.8763163950108365
	0.8763133827428048
	0.8763150298581728
	0.8763142796405262
	0.8763082613486429
	0.8763115177109504
	0.8763101918605989
	0.8763106305155215
	0.8763110945857814
	0.8763146028342393
	0.8763148615062573
	0.8763177697422387
	0.8763180011257343
	0.8763123127213218
	0.8763111300278641
	0.8763137183594861
	0.8763121978572741
	0.8763106283196085
	0.8763115847728716
	0.8763143233660597
	0.8763157031013034
	0.8763202556952372
	0.8763199617573284
	0.8763143614162018
	0.8763156329837614
	0.8763108046814924
	0.8763108785041435
	0.8763094508885619
	0.8763048407744517
	0.8763033856425892
	0.8763035012489783
	0.8763047414242249
	0.8763070355290036
	0.8763076332750886
	0.8763052919938298
	0.8763061358673276
	0.8763054617352303
	0.8763057060166376
	0.8763060396654521
	0.8763049352662351
	0.876302069798326
	0.8763028739232341
	0.8763014746305618
	0.876304564049302
	0.8763024758762102
	0.8763049555577562
	0.8763053343015896
	0.8763136300031659
	0.8763124254151432
	0.8763121196035476
	0.8763097596804696
	0.876310243913536
	0.87630807140009
	0.876308046173708
	0.8763119201148601
	0.8763131843298475
	0.8763135068347015
	0.8763107152268718
	0.8763099399482462
	0.8763114121875746
	0.8763083023430095
]