[
	1.2266755457099192
	1.2266755457099199
	1.2266755457097398
	1.2266755457138474
	1.2266755449956583
	1.2266755673142917
	1.2266961666764908
	1.226790857466044
	1.2269618520464776
	1.2270514890363258
	1.2271861133640127
	1.2273800688079641
	1.227492836437443
	1.2276482307761702
	1.2277309724706134
	1.2278153595619847
	1.2279448086377431
	1.2280322868713585
	1.228136563447532
	1.2282400288861943
	1.2283144177531164
	1.2284315942605772
	1.2285230050332894
	1.2286056215028627
	1.2286753154971886
	1.2287087695369872
	1.228765708274559
	1.2287991371609719
	1.2288605375012187
	1.22894475290665
	1.2290288589936513
	1.229089346552766
	1.2291499370936068
	1.2292220203052011
	1.2293050011592324
	1.2293611351854368
	1.2294488363665341
	1.229486983336749
	1.2295673889932905
	1.2296139238876602
	1.2296609777731047
	1.2296996805053337
	1.2297737448337198
	1.2298381985151134
	1.2298781604392222
	1.2299228611608977
	1.229970407257466
	1.230017354367651
	1.2300654939009772
	1.230116680637352
	1.2301376348483066
	1.2301731346140754
	1.2302020495669965
	1.2302321047122469
	1.2302691002784671
	1.230319218452244
	1.2303633626488117
	1.2303932237766202
	1.2304118160773259
	1.2304482785622375
	1.2304482323439068
	1.2304817971738669
	1.2305090586924545
	1.2305283808566239
	1.2305627213057801
	1.2305802523109906
	1.230606293742233
	1.2306172058306137
	1.2306554230677111
	1.230686964886102
	1.230717589546874
	1.230732149335907
	1.2307422902647331
	1.2307434458250222
	1.2307696505705985
	1.2307696415898361
	1.2307773741854164
	1.2307645256102655
	1.2307987792581405
	1.2308066577411032
	1.2308273748289429
	1.2308512175916742
	1.2308547888155223
	1.2308544647303714
	1.2308565520689543
	1.2308757720082688
	1.2308958074943368
	1.2309058707310057
	1.2309021023320903
	1.2309059973573238
	1.2309157572615768
	1.230926096351735
	1.2309232476993905
	1.2309266605819713
	1.2309350450530814
	1.2309411288513488
	1.2309469769806014
	1.2309534152451664
	1.2309713008390244
	1.2309572681244794
	1.2309691185516036
	1.2309819707504837
	1.2310023856640637
	1.2309914144062237
	1.231000905667128
	1.2309998850811161
	1.23099864567197
	1.2309818148032774
	1.2309795544520543
	1.2309831562602034
	1.2309879338444334
	1.230985993412846
	1.2309914448138086
	1.2309971529168415
	1.2309930165824488
	1.2310005080933868
	1.2309959961697565
	1.2309906349316118
	1.2309958089489617
	1.2309921875999612
	1.230990100254865
	1.2309854800781626
	1.2309884815381118
	1.2309935519045985
	1.2309862998808947
	1.2309761674729407
	1.2309803084739244
	1.2309865061446934
	1.2309778861980112
	1.2309793728211875
	1.2309674771745982
	1.2309617494854521
	1.2309725054414338
	1.2309871029745736
	1.2309764095408773
	1.2309704623213569
	1.2309698314428552
	1.2309648496985
	1.2309586693431145
	1.2309655910472792
	1.2309661088716892
	1.2309598673553268
	1.230972783022275
	1.2309747396248507
	1.2309703935927778
	1.2309713145050405
	1.2309652021603839
	1.2309614259470507
	1.2309615582229545
	1.2309569894142514
	1.2309561979896113
	1.230955071425106
	1.2309501695273417
	1.230949834771085
	1.2309428511189975
	1.2309475245435626
	1.2309411708727123
	1.2309333289468232
	1.2309292901360485
	1.2309309854104933
	1.2309289531660392
	1.2309221893752478
	1.2309230254478225
	1.230912452018685
	1.2308989999704167
	1.2308909995955026
	1.2308906390710914
	1.2308945444271058
	1.2308914085221827
	1.230886886029828
	1.2308908957170956
	1.2308893066936977
	1.230885867937238
	1.230886841601534
	1.2308816728518757
	1.2308824116090435
	1.230878697741869
	1.2308765850544587
	1.2308736072988888
	1.230870817305343
	1.2308650015919425
	1.2308660721671913
	1.2308544811378304
	1.2308486925745843
	1.2308440354097006
	1.2308417147528472
	1.2308530953892731
	1.2308599469656007
	1.2308527581206556
	1.230850156686827
	1.2308412892153173
	1.230835309372412
	1.2308285899120488
	1.2308303496308715
	1.2308239301549697
	1.2308185643105771
	1.2308203965492037
	1.230824695023125
	1.2308288405170584
	1.230838244380158
	1.2308386707588
	1.2308324093343548
	1.2308337033218937
	1.2308305232594638
	1.2308341119945
	1.2308280484262737
	1.2308322011305348
	1.2308352239759264
	1.2308278297748443
	1.2308288781938634
	1.2308238985938447
	1.230817839341911
	1.2308104477277038
	1.2308004634028764
	1.2307944968163465
	1.2307869892758927
	1.2307862314545785
	1.230791274381656
	1.2307922052794578
	1.2307948864621419
	1.230795051858593
	1.230801371135119
	1.2308045261884206
	1.230793569982431
	1.230794603696982
	1.230791447498236
	1.2307886921071642
	1.2307833315108443
	1.230785495998293
	1.2307800133953632
	1.2307776337944534
	1.2307730037495634
	1.230768843473534
	1.230771964682136
	1.230771531593942
	1.2307657768548175
	1.230760513415059
	1.2307613602668868
	1.2307663872518781
	1.2307681424538754
	1.230770936074565
	1.2307691141775736
	1.2307681989869026
	1.2307691208914688
	1.23077981254962
	1.2307956621018044
	1.2307950258645617
	1.2307887693661699
	1.2307828428028675
	1.230784784775599
	1.230785294129605
	1.2307875978430294
	1.230785974108556
	1.2307877691077809
	1.2307887986866575
	1.2307969502936988
	1.2308020707732628
	1.230804706138516
	1.2308085659383659
	1.230812110617653
	1.2308075199729944
	1.2308084702296662
	1.2308090653738157
	1.230809638717438
	1.230807803326681
	1.230812073657669
	1.2308193270786063
	1.2308179810208615
	1.2308210132944473
	1.230814478256357
	1.230815152855692
	1.230814611064409
	1.230807586267548
	1.230800424027471
	1.2307972312177562
	1.2307963673433386
	1.2307973297894845
	1.2307928536835118
	1.2307995316990634
	1.2308042577281193
	1.2308043331036722
	1.2307974328816629
	1.2307978919099467
	1.2307998592188378
	1.2307951270364133
	1.230803595989609
	1.230805263360153
	1.230808391239706
	1.230816616314752
	1.2308219421041524
	1.2308200420306878
	1.230825499186109
	1.2308265218541403
	1.2308193300756995
	1.2308177554079223
	1.2308196539835983
	1.2308183191514772
	1.2308166257381539
	1.2308129657731983
	1.2308170858953902
	1.2308148835791315
	1.2308225290617618
	1.230821093709298
	1.2308201418234448
	1.2308167887858783
	1.230817597524609
	1.230815227943974
	1.2308197430639942
	1.2308235683151068
	1.2308276303406747
	1.2308317270938334
	1.2308398421017217
	1.2308412425428026
	1.2308456307780695
	1.2308523852368676
	1.230848578451442
	1.230849872362779
	1.230854171633206
	1.2308561672497893
	1.2308510105011614
	1.2308476178349907
	1.2308496971054097
	1.2308498218092845
	1.2308527235324405
	1.2308550000746634
	1.2308613713881484
	1.2308631909891756
	1.2308657178205946
	1.2308633511996125
	1.2308649195202068
	1.230864936301851
	1.2308669554044915
	1.2308733746256928
	1.2308786325808863
	1.2308811850452
	1.2308828761578376
	1.2308811310052548
	1.230874946747631
	1.2308787832382009
	1.2308836411251516
	1.230886996726059
	1.2308900768037747
	1.230888151252062
	1.2308820813829173
	1.230877431326666
	1.2308768526343665
	1.2308800771984778
	1.23087635870662
	1.230883293868156
	1.2308863873632119
	1.2308917341994767
	1.2308950414909798
	1.2308935684078552
	1.2308948323086446
	1.2308895875044827
	1.230887818209541
	1.2308946256100506
	1.2308976952019608
	1.2309083007058688
	1.2309100018001022
	1.230912964355347
	1.2309137606014624
	1.2309083261344198
	1.2309060783394974
	1.2309147012145132
	1.2309180925363763
	1.2309181458420098
	1.2309167739524511
	1.230921454388327
	1.230924386599588
	1.230927587536055
	1.2309241610757218
	1.23092393123641
	1.230926933829481
	1.2309319436642427
	1.230925235844584
	1.2309335980614453
	1.2309356540220202
	1.2309360248970664
	1.230934971162473
	1.2309439962618849
	1.2309395311385631
	1.2309347213969528
	1.2309387625708221
	1.2309361021140737
	1.230943707037195
	1.230943945301621
	1.230943072393555
	1.2309482675684211
	1.2309417860574625
	1.2309404420478522
	1.2309456389469438
	1.2309465331662983
	1.2309459735341355
	1.2309451702606877
	1.2309503631579026
	1.2309498023608898
	1.2309544311133511
	1.2309473902869381
	1.230950593164206
	1.230959475137476
	1.230960238514618
	1.2309561024812885
	1.2309538876376684
	1.2309589213883951
	1.230960084145279
	1.230958034855532
	1.230960647285666
	1.2309614528285941
	1.230959136774231
	1.2309686517874938
	1.2309680122360693
	1.2309771575388473
	1.230977041156045
	1.23097638102049
	1.2309741141454638
	1.2309722283670443
	1.2309761924597138
	1.2309818844998692
	1.2309883279235605
	1.230991668683676
	1.2309913125756644
	1.2309881902157727
	1.2309908212626375
	1.230992851059875
	1.231000596045312
	1.2309992830813479
	1.2309995893748633
	1.2310054790971678
	1.231005821623383
	1.2310054298438566
	1.2310049593959966
	1.231009079772278
	1.231009287693741
	1.2310089011032048
	1.2310030536495515
	1.2310141729444974
	1.2310142772577695
	1.2310187171185691
	1.2310174376051448
	1.2310139973716037
	1.2310190783402646
	1.2310169607286685
	1.231025580383739
	1.2310183410672575
	1.231018990930647
	1.2310249595455511
	1.231031686872928
	1.2310237895913112
	1.2310265589361282
	1.231024224360941
	1.2310255794536922
	1.231028853507492
	1.231033240488828
	1.231031927459441
	1.2310341117223382
	1.2310354827046357
	1.2310383864790144
	1.2310372149918825
	1.2310335016973701
	1.2310372914162009
	1.2310322110483851
	1.231034150609882
	1.2310349051946008
	1.2310376004120671
	1.2310375096333033
	1.231035418209997
	1.2310366410766944
	1.2310360951984358
	1.2310317084738767
	1.2310298022517594
	1.2310289734871929
	1.2310274053702956
	1.2310252262142705
	1.2310290022053385
	1.2310306778391185
	1.2310292853421454
	1.2310371776420097
	1.2310348003914369
	1.2310321793932075
	1.2310284179867197
	1.2310363917666798
	1.2310343662698673
	1.2310370774902235
	1.231041788701691
	1.2310428688413269
	1.23103991923158
	1.2310429222732315
	1.2310434889823734
	1.2310441200317588
	1.2310400004174415
	1.2310422418140448
	1.2310433140194252
	1.2310431418174725
	1.2310443625376133
	1.2310414277290562
	1.2310413501578314
	1.2310437058825356
	1.231049446611627
	1.231051658844002
	1.2310494715689921
	1.2310510084440658
	1.2310499206812666
	1.2310454848257182
	1.2310476534976227
	1.2310494851433924
	1.2310518642324972
	1.2310535872737542
	1.231052875949346
	1.2310499649809317
	1.2310551588581042
	1.2310471387759447
	1.2310521174711184
	1.2310471091553252
	1.2310527507035405
	1.2310549705522122
	1.2310638217739505
	1.2310620875701486
	1.2310549392319083
	1.2310643179233942
	1.2310616023447516
	1.231061933967626
	1.2310573860690164
	1.2310581030804546
	1.2310611916727696
	1.2310617936491424
	1.231061914014466
	1.2310633236347912
	1.2310553128757216
	1.2310537317261063
	1.2310565638879303
	1.2310590918977933
	1.2310702444196513
	1.231068604685966
	1.231071802980615
	1.2310752470257438
	1.2310764133149867
	1.2310752261635336
	1.23107270562073
	1.2310754574699638
	1.2310787838442796
	1.231079217611711
	1.2310854620863378
	1.2310835940431857
	1.2310831519566319
	1.2310867721376622
	1.2310860624578992
	1.2310899942923494
	1.2310962865060981
	1.2310917381734028
	1.2310920551354596
	1.2310933496445178
	1.2310913649704922
	1.2310926690836366
	1.2311010933381719
	1.2310973488395904
	1.2310972519046441
	1.2310988643694338
	1.231101298895709
	1.2310979699672995
	1.2310916027810688
	1.2310886557608978
	1.2310898263050496
	1.2310874381513321
	1.2310896901745292
	1.2310915979333352
	1.2310951782852582
	1.231093433460582
	1.2310943282864224
	1.2310984158806286
	1.2310991792889867
	1.2310968174308168
	1.2311005278145664
	1.2310971897393828
	1.2310980367463007
	1.2310961669718201
	1.2310904675207277
	1.2310922464212422
	1.231098654845611
	1.2310965024448022
	1.2311046495660647
	1.2311041328088763
	1.231106681793679
	1.231112679389989
	1.2311088687687957
	1.2311067294605682
	1.231108946284839
	1.2311135091224017
	1.2311056755348715
	1.2311048712091177
	1.2311042743827052
	1.2311002295410574
	1.2311016761559177
	1.2310986547312293
	1.231098230361004
	1.2310959374257424
	1.23110060017122
	1.2311066087223628
	1.2311029931713513
	1.2311018698511267
	1.231100072391444
	1.2311028961532529
	1.2311005713452385
	1.2311044101660769
	1.2311059558872661
	1.231105753603112
	1.2311087432747907
	1.2310994827656387
	1.2310945142386798
	1.2310923198191241
	1.2310906807556354
	1.231083025306477
	1.2310845029078097
	1.2310825422664855
	1.2310843402202003
	1.23108444689122
	1.2310868559238604
	1.2310840931196911
	1.2310816709413557
	1.2310850293809006
	1.2310884309830659
	1.2310867793297204
	1.231085112535536
	1.2310874436103554
	1.2310847623605152
	1.2310787826675547
	1.231078846590439
	1.2310728602610514
	1.2310725802552145
	1.2310743131475634
	1.2310713975824725
	1.231073082727311
	1.2310739869156693
	1.2310750329477187
	1.231072910663236
	1.2310707020233256
	1.2310724703506633
	1.231062049390731
	1.2310612486147365
	1.2310644832729658
	1.2310722227403745
	1.2310748518892716
	1.2310685338433944
	1.231070506182962
	1.231072865178376
	1.2310743248174512
	1.2310772227182711
	1.2310768813004964
	1.2310811675095488
	1.2310832609505213
	1.2310835237515694
	1.2310849189033328
	1.2310899414230543
	1.2310881424301703
	1.231095247673796
	1.231093334104899
	1.2310950558690286
	1.231097002500034
	1.2310984362814565
	1.2310994490933387
	1.2310989224295017
	1.2310962283750595
	1.2311005456486759
	1.231099256894688
	1.2310940937104196
	1.2310963172570422
	1.2310926334704833
	1.2310953595711958
	1.2310946838283896
	1.2310900363192134
	1.2310973658107054
	1.2310968473905461
	1.231099970844037
	1.231098602891622
	1.2310969577536948
	1.2311034419506195
	1.2311030847342632
	1.2311069862180228
	1.2311053440785604
	1.2310976904209499
	1.2311016448115089
	1.2311003976164157
	1.2310967483063289
	1.2310958489389892
	1.2310983969758682
	1.2310963936376542
	1.2311004039730085
	1.231099827116327
	1.2310975152552253
	1.2311035318893702
	1.2311017146532712
	1.2311037396415165
	1.2311060022894709
	1.231104882466852
	1.231103261090474
	1.2310991871506063
	1.2311043322846336
	1.2311104160558488
	1.2311126207230418
	1.2311168493886155
	1.2311159120277442
	1.2311158040242187
	1.231113065110181
	1.2311186892109536
	1.2311189490240348
	1.2311182460200518
	1.2311170481188138
	1.2311140551788602
	1.231113192037428
	1.2311125926821094
	1.2311142814459084
	1.2311171232926563
	1.2311144304989292
	1.2311115642084176
	1.2311126941199693
	1.231115835028449
	1.2311166891095031
	1.2311244297672326
	1.2311253841497363
	1.2311255947233832
	1.2311222323515283
	1.231120581347188
	1.2311225543422568
	1.2311190324713068
	1.231117810773239
	1.2311179412187823
	1.2311121040853248
	1.2311089682968062
	1.2311107431139614
	1.2311090319270006
	1.2311080594805976
	1.2311150048398725
	1.2311149425068755
	1.231117404612717
	1.2311190004665675
	1.2311190247555777
	1.231123080148266
	1.231122945386733
	1.2311222414630996
	1.231119502213819
	1.2311148329795034
	1.2311146703602374
	1.2311117895171997
	1.2311088699037545
	1.231118579100531
	1.2311176954511078
	1.2311170500100366
	1.2311211067124501
	1.2311174423671623
	1.231118985449145
	1.2311236269869055
	1.2311248808462876
	1.2311271416717386
	1.2311248461478428
	1.2311300220579737
	1.2311260170040113
	1.2311259199505287
	1.2311235430637453
	1.2311249116480731
	1.2311271619960744
	1.2311275617206674
	1.2311293241503152
	1.2311295341310182
	1.2311294311521903
	1.231129660426632
	1.2311306114715181
	1.2311305444613674
	1.2311324679780822
	1.2311342015367421
	1.2311337970464977
	1.2311297522107867
	1.2311287124263437
	1.2311279941729323
	1.2311326477621765
	1.2311326831604295
	1.2311347954196348
	1.231133529811301
	1.2311312516018296
	1.2311305318883021
	1.231134868821527
	1.231140587880445
	1.2311408935141526
	1.2311400386300329
	1.231136636437604
	1.231137411489779
	1.231132202661241
	1.2311292518664805
	1.231124651368126
	1.2311235154369014
	1.2311201390292985
	1.231125352583231
	1.2311248763243798
	1.2311182198490804
	1.2311190856871745
	1.2311135931987127
	1.2311160632488494
	1.2311187512386572
	1.2311162153793622
	1.2311189373861213
	1.2311163145739215
	1.2311193979700399
	1.2311180112928128
	1.2311147180455917
	1.2311111509399777
	1.2311085444315488
	1.2311105920258476
	1.2311092351799127
	1.2311108779418076
	1.231111676701783
	1.231114655314262
	1.2311174842696613
	1.2311183604254068
	1.2311184851938484
	1.231115750265487
	1.2311170690667148
	1.2311163474537326
	1.2311220595928405
	1.2311255522365852
	1.2311237761153775
	1.2311225460006363
	1.231122935897324
	1.2311090288937303
	1.2311101326879423
	1.2311093121135368
	1.2311071630874793
	1.2311104827358266
	1.2311068366213953
	1.2311083106339422
	1.2311054544113211
	1.2311041153411224
	1.2311033764819068
	1.2311040654790275
	1.2311015968512196
	1.2310991233465078
	1.2310972842125603
	1.231096684271594
	1.231097608569307
	1.23109492717682
	1.2310990731864209
	1.2310950500177935
	1.2310962808191437
	1.231095836519134
	1.2310975734588279
	1.2310972523086645
	1.231098506280921
	1.23109650432748
	1.2310936358971365
	1.2310944541962254
	1.2310989492098239
	1.231100362029855
	1.231097972452373
	1.2310979373517599
	1.2310964987024156
	1.231096591093476
	1.2310925927040313
	1.2310972633675192
	1.2310996100394267
	1.2311058131101316
	1.2311011760268067
	1.2310970285466114
	1.2310970346875092
	1.2311024814172697
	1.2310994711474883
	1.2310961659727813
	1.2310881087082122
	1.231089283559798
	1.2310967863759643
	1.2310964386529386
	1.2310954355137993
	1.2310989656727038
	1.231099172219684
	1.2310980623799193
	1.2310985287457765
	1.2310980172182535
	1.2311020047240182
	1.2311003221023107
	1.2311005996748203
	1.2311020100058612
	1.231101994493892
	1.2311003779990242
	1.2310993698166925
	1.2310996454814624
	1.2310988366246007
	1.231095880006144
	1.2310958233409588
	1.231093203216481
	1.231102674545288
	1.2311036843269414
	1.231100986249652
	1.2311029728646443
	1.2311047585044639
	1.2311100728295123
	1.2311094432619296
	1.231105290494998
	1.2311081279828167
	1.2311035429957071
	1.2310987926667905
	1.2310974872360532
	1.2310974047665926
	1.231091791669746
	1.2310906148227516
	1.2310864570792648
	1.2310875439822744
	1.2310889768413626
	1.2310931784887567
	1.231098720776751
	1.2310972306424077
	1.2310972739262223
	1.2311009983190186
	1.2311040748511453
	1.2310989197084043
	1.2310975603382392
	1.231098359753965
	1.23109438118463
	1.2310976099227173
	1.2310912439542965
	1.2310914563006377
	1.2310935493197828
	1.2310985129308294
	1.231097148622595
	1.2310952077079744
	1.2310917955820913
	1.2310906828243373
	1.2310966209821903
	1.2310974492317246
	1.2310967154731725
	1.2310972342410256
	1.231100158846304
	1.231103384978989
	1.2311044027872857
	1.2311012809244766
	1.2310984523761777
	1.2311014236974842
	1.2311024674418733
	1.2311013814522338
	1.231101446296002
	1.2311031864792776
	1.2311039673217128
	1.2311009608039982
	1.2311003680954864
	1.2310986549681775
	1.2310984362174902
	1.2311007688169362
	1.2311035551698728
	1.2311015556211382
	1.2311045112973555
	1.2311038074387477
	1.231105463888113
	1.2311036801956892
	1.2311049726603474
	1.2311069752206056
	1.2311060242520682
	1.23110460816941
	1.2311040817295293
	1.2311045177890294
	1.2311005963709496
	1.2311039212472321
	1.2311035318001287
	1.23110124104983
	1.2311028534454953
	1.2311038137680934
	1.2311053712287312
	1.231108715346519
	1.2311098392231983
	1.2311052588084959
	1.2311044097415713
	1.23110700959996
	1.231106833205389
	1.2311103295946497
	1.2311084479145356
	1.2311088674184743
	1.2311048849432809
	1.2311017397162511
	1.231103853195422
	1.231099311238829
	1.2310975879610866
	1.2310982608666037
	1.2310965822071482
	1.2310990343838086
	1.2311007466549593
	1.2311066801614432
	1.231102814169986
	1.2311027489279478
	1.2311009560953798
	1.2311023980923586
	1.2311015245993864
	1.2311047240266826
	1.2311064452741702
	1.2311064167720935
	1.2311085361386815
	1.231111224214547
	1.2311107281417182
	1.231106632563701
	1.2311036872113874
	1.2311016697533113
	1.2311043467897191
	1.2311013304465472
	1.2311024192727293
	1.2310976314840205
	1.2310980264307922
	1.2310972930233364
	1.2310960482374518
	1.23108981569849
	1.2310934911034563
	1.2310942281118082
	1.2310978527322374
	1.2310936456045944
	1.2310930006532403
	1.2310955636075984
	1.2310924416823514
	1.2310885756777508
	1.2310886672392956
	1.2310875709336855
	1.2310877594500578
	1.2310907901848067
	1.2310897175281421
	1.231089580554148
	1.2310882802876506
	1.2310880107044873
	1.2310871662445564
	1.2310885090099764
	1.2310882619036918
	1.231088816810891
	1.2310869958740593
	1.231088193709684
	1.2310886805919965
	1.2310921671986037
	1.2310900982508468
	1.231093419260747
	1.2311005479774588
	1.2310967973381957
	1.231099691208538
	1.2311008659746707
	1.231101379729016
	1.2310979029610816
	1.23109562281806
	1.231093701885478
	1.2310944048644599
	1.2310946036585735
	1.2310919420820072
	1.231093474501122
	1.231099263618428
	1.2310976493946575
	1.2310974839197546
	1.231099494756945
	1.231102026099741
	1.2311033166299807
	1.2311008577940346
	1.2311012442395841
	1.2310972363760602
	1.2310990547448817
	1.23109853278737
	1.231100819948861
	1.2311022457378795
	1.2311057874485982
	1.2311050780188337
	1.2311039521660347
	1.2311067104084907
	1.2311079494156618
	1.2311033586470925
	1.2311100879994559
	1.2311080661657168
	1.2311118442897555
	1.2311117170861674
	1.231115014011076
	1.2311181164810774
	1.231119495292399
	1.231116674782559
	1.2311124107119664
	1.231113759442421
	1.2311122748765322
	1.2311138189410484
	1.2311155747221978
	1.2311204344515112
	1.2311200709781447
	1.2311182687023363
	1.2311211811130456
	1.2311141596414044
	1.231116952358813
	1.2311138657307985
	1.2311130547561466
	1.2311118042988165
	1.2311128648559952
	1.231114545519157
	1.2311129875332147
	1.2311086552446284
	1.2311089108188276
	1.2311046297812593
	1.2311069612491576
	1.2311068262528826
	1.2311082575226542
	1.2311107771556533
	1.2311077095189766
	1.2311079247429044
	1.2311062331674376
	1.2311086842601897
	1.2311106392079454
	1.2311097950999943
	1.2311121691344935
	1.2311126339755154
	1.2311160086180026
	1.2311192562972462
	1.2311168859766988
	1.231117944855528
	1.2311173258907617
	1.2311162307211463
	1.231115583260424
	1.2311143620378386
	1.2311152833445964
	1.2311139167351202
	1.2311133180117044
	1.2311114626821402
	1.2311113390875073
	1.2311103940708736
	1.2311078130357571
	1.2311080493341278
	1.2311083131561924
	1.2311075383221624
	1.2311058839732472
	1.2311067304015049
	1.2311055364515775
	1.2311069365216607
	1.2311061488533528
	1.2311040351125324
	1.2311008428901407
	1.2311014822397417
	1.231099609448837
	1.231099524117361
	1.2310959089548572
	1.2310972458807359
	1.2310953420147266
	1.2310981494812654
	1.231096649180885
	1.2311005884589052
	1.2310976346080555
	1.231097247824354
	1.2310997667407086
	1.2310983875366077
	1.2310944599410285
	1.231094789724684
	1.2310977089599582
	1.231096800306559
	1.2310955429486723
	1.231094048175752
	1.2310916570686885
	1.2310969309546385
	1.2310930297171323
	1.2310962176121132
	1.2310967196025624
	1.2310978808282371
	1.231096087594699
	1.2310924729953596
	1.2310903416750898
	1.2310912044135427
	1.2310901060644626
	1.2310892701244451
	1.2310903361600922
	1.2310838840849248
	1.231083455950401
	1.2310794879160034
	1.2310773768040442
	1.2310765594248845
	1.2310805960893412
	1.2310819385254743
	1.231081968963068
	1.2310810540796928
	1.2310808941540934
	1.2310819820859762
	1.2310791918454362
	1.2310809038742674
	1.2310793957117552
	1.2310767165608067
	1.2310734983658738
	1.231078598191338
	1.2310807589957842
	1.2310847261852624
	1.2310841313231986
	1.2310891468134417
	1.231088407228499
	1.2310925796396452
	1.2310931977415414
	1.2310890919217632
	1.2310904235689697
	1.2310883798252077
	1.2310884132397995
	1.231090112674955
	1.2310956724508364
	1.2310996758091597
	1.2310997248636277
	1.2311019005391184
	1.2311037783184013
	1.2311077257535645
	1.2311083258896323
	1.2311098630445978
	1.2311120176864419
	1.2311115006928335
	1.231111887338027
	1.23111065539075
	1.2311102314658064
	1.2311104412980245
	1.2311059792643975
	1.2311074137203033
	1.231105810338636
	1.2311086550348314
	1.2311077495083722
	1.2311089873479029
	1.2311093472699646
	1.2311143997225853
	1.2311070496114656
	1.2311071764348158
	1.2311065360927484
	1.231106081849807
	1.231106897672564
	1.231106548431913
	1.2311057178549383
	1.2311074742254458
	1.2311101870599017
	1.2311071229404853
	1.2311066896505898
	1.2311079510627254
	1.2311029906306097
	1.2311045776743823
	1.231103287222689
	1.2311025064503973
	1.2311039481788257
	1.231101133607467
	1.2311051637152548
	1.2311033263474975
	1.231103681547707
	1.2311015025674694
	1.2310992616920133
	1.2310994120826313
	1.231099593709694
	1.231096607120549
	1.23109288381393
	1.231094989248556
	1.2310952565281785
	1.2310982700141708
	1.231095278200514
	1.231095703963184
	1.2311001734377816
	1.2310987473338946
	1.2310960890494729
	1.2310949526577852
	1.2310944502069467
	1.2310959382868483
	1.231096083911519
	1.2310958629355222
	1.2310959758909126
	1.2310962729848594
	1.2310924040431304
	1.231097004259912
	1.2310999224944943
	1.2311029185365745
	1.2311020469074845
	1.2311042091282771
	1.2311060274129606
	1.231106712582948
	1.2311061659836995
	1.2311055799825232
	1.231105234540526
	1.2311081019748038
	1.2311073747176586
	1.2311100314637085
	1.231112693583793
	1.2311166231061328
	1.231115392960426
	1.231115189819762
	1.2311155334319206
	1.231115879666507
	1.2311167991423313
	1.2311183255536045
	1.2311211565282445
	1.231117047478274
	1.2311146914606497
	1.231114082657784
	1.2311113577135233
	1.2311119534288721
	1.2311119153600913
	1.231112135622821
	1.2311116010082062
	1.2311080739216347
	1.2311058739180316
	1.2311049866346946
	1.2311055294316002
	1.2311047210938633
	1.2311069423988314
	1.2311047521202128
	1.231103184663423
	1.2311010628463972
	1.2311014370434725
	1.2311015959469784
	1.2310992571257724
	1.231100736302908
	1.231102359737881
	1.2311042597716375
	1.231102423249575
	1.2310981195988424
	1.2310984848639313
	1.2310984021198113
	1.2310965056820922
	1.2310971920644924
	1.2310930690948076
	1.2310918165476992
	1.2310909690634833
	1.2310884729914202
	1.2310893767313982
	1.2310893096247495
	1.2310921921282267
	1.23109418373055
	1.2310964472904464
	1.2310990024277384
	1.2310992606996083
	1.2311008175361715
	1.2310996876913523
	1.2311021232617685
	1.2311029705094647
	1.2311017220015226
	1.2311018540683298
	1.231101719259859
	1.2310970671506711
	1.2311003164980823
	1.2311019028051902
	1.2311016870470672
	1.231100941427636
	1.231098538181911
	1.2310986089770224
	1.231096003389569
	1.231096380174125
	1.2310961741838082
	1.2310966817084787
	1.2310956782146474
	1.2311001116215583
	1.2311006787595462
	1.2311002632067691
	1.231099886641993
	1.2310983196918406
	1.2311015782171995
	1.2311049076316358
	1.2311028224934584
	1.2310954024694338
	1.2310969025785137
	1.2311001088939428
	1.2311013389224907
	1.2311019994731336
	1.2311042710745899
	1.23110391889674
	1.231102462081637
	1.2311041041100157
	1.231106287669596
	1.2311055548770435
	1.23110520879082
	1.2311070321816022
	1.2311042534851449
	1.2311072912151138
	1.2311055298216582
	1.2311126692496714
	1.2311124121219428
	1.2311077724934736
	1.2311047810912692
	1.231105263853124
	1.2311055142834952
	1.2311034310055735
	1.231099546061433
	1.2311031839696582
	1.2311030658131639
	1.2311047137310596
	1.2311077542307491
	1.2311074491185625
	1.2311080230571487
	1.2311066872594014
	1.2311017206255892
	1.2311050580885086
	1.2311049036002717
	1.2311055088694265
	1.2311062679712306
	1.2311057327666692
	1.231106578586995
	1.2311039701493756
	1.2311049613050433
	1.2311061858024408
	1.2311085549363423
	1.231107758614503
	1.231109514778307
	1.2311079921208754
	1.2311073738046017
	1.2311067079005973
	1.2311120236039634
	1.2311127348045436
	1.2311094232037976
	1.2311080913835788
	1.2311124702725178
	1.2311132419530784
	1.2311095375694892
	1.2311065878221625
	1.2311092193484745
	1.2311103346454626
	1.2311107585833359
	1.2311096136361692
	1.231114212393143
	1.231113067616081
	1.2311156811546438
	1.2311166404097742
	1.2311125356652095
	1.2311112044282457
	1.2311099853029555
	1.2311072451346567
	1.2311072046367808
	1.2311082501419266
	1.2311115689367826
	1.2311107159900132
	1.2311104766976224
	1.2311061983322884
	1.2311071330704038
	1.231107234772996
	1.2311050866951305
	1.2311066633915966
	1.2311073617312103
	1.2311058455842427
	1.2311085465121245
	1.2311087753245613
	1.2311123801148183
	1.2311121174477988
	1.2311096985374252
	1.2311089706406921
	1.2311072200211397
	1.2311108852255628
	1.231106383418784
	1.2311024755751756
	1.231102080026569
	1.2311011278128063
	1.2311033659271797
	1.2311006035288494
	1.2311001110378743
	1.2311018816698238
	1.2311062404907418
	1.2311082978130876
	1.2311061210527539
	1.2311062682942704
	1.2311051386340275
	1.2311039026087558
	1.2311034075158493
	1.2311041713925517
	1.231106069983105
	1.2311027076096828
	1.2311028964513981
	1.2311080529400447
	1.2311095406588235
	1.2311112868548537
	1.2311119555464074
	1.2311123184054305
	1.2311149302469655
	1.2311118401001628
	1.2311098646373866
	1.231109045357085
	1.2311095906453957
	1.231106082100415
	1.2311037854141669
	1.2311049031718913
	1.2311069703233484
	1.231107654052212
	1.2311078523481436
	1.2311059708075693
	1.2311025203846389
	1.23110107552347
	1.2310974270390456
	1.2310965143890353
	1.2310978005705706
	1.2310980851359767
	1.2310999555836635
	1.231099796277328
	1.231104001831292
	1.231108922348896
	1.2311067623247969
	1.2311026168597967
	1.2311047015230014
	1.231105118414095
	1.2311082420491073
	1.2311105530711963
	1.2311106965593555
	1.2311103554806673
	1.231110344852596
	1.2311097764151737
	1.2311090088080254
	1.2311110553410518
	1.2311065941914467
	1.2311028504274717
	1.231099048440448
	1.2311053211332907
	1.2311024483235322
	1.2311028299494804
	1.231101429647291
	1.23110210533848
	1.2311058837431417
	1.2311030547972068
	1.2310996847624691
	1.231098824104697
	1.2310992595328019
	1.2310943049325187
	1.23109773878452
	1.2311015263374983
	1.2311002467529533
	1.2311035681691502
	1.2311050082947759
	1.2311046271496586
	1.2311060884352163
	1.2311043135764443
	1.2311058633501462
	1.2311074941465285
	1.2311129490706234
	1.2311108716902037
	1.2311094602152697
	1.231107662206985
	1.23110752380512
	1.2311056606801767
	1.2311074801469408
	1.231105810681412
	1.2311074237823547
	1.2311119165615703
	1.231109123546018
	1.2311097954420793
	1.2311127582983294
	1.2311142359516176
	1.2311167054896284
	1.2311161156859394
	1.2311182819880462
	1.2311165688776988
	1.2311185005658372
	1.231120591653383
	1.2311259600536062
	1.2311265042038024
	1.2311240715152043
	1.2311244685959164
	1.2311215339336206
	1.2311196167010792
	1.231116486966912
	1.2311172690383918
	1.2311182673896524
	1.2311166414055517
	1.2311146065581025
	1.2311168768332486
	1.2311148356565744
	1.231113553979083
	1.2311129535196654
	1.2311134135205197
	1.231115771832594
	1.2311149028617456
	1.2311149345287544
	1.2311129891933463
	1.2311122656654014
	1.2311163132637666
	1.2311172989145964
	1.2311174984557465
	1.2311172446781111
	1.2311188463340108
	1.2311217002084514
	1.2311262725439056
	1.231122430818135
	1.231118850484654
	1.2311201407664047
	1.2311212638837656
	1.231123271679539
	1.2311213539668866
	1.231120573553901
	1.2311213290968361
	1.2311204860449578
	1.2311183606378668
	1.2311200155254265
	1.2311182771033584
	1.2311171121898818
	1.2311178018731195
	1.231116915647361
	1.231118429218102
	1.2311151507736957
	1.2311109532722209
	1.231112753482075
	1.2311140963010774
	1.2311155628534116
	1.231112712849558
	1.231116917651296
	1.2311208935893951
	1.231119689268536
	1.2311192641321413
	1.2311213926521543
	1.2311221007802775
	1.2311202824887726
	1.2311188664314041
	1.2311221393776945
	1.2311223682757533
	1.2311230113772944
	1.2311241511354725
	1.2311227146542105
	1.2311233618279414
	1.2311238392923116
	1.2311225859074548
	1.2311190873758153
	1.2311196363911956
	1.2311204359170798
	1.2311217274238249
	1.2311163658912163
	1.231117336087841
	1.2311217120423008
	1.2311250190775938
	1.2311205077264675
	1.2311193991851894
	1.231116231421019
	1.2311142373561346
	1.231112186088228
	1.2311133601060187
	1.231115646699268
	1.2311147936903435
	1.2311198506727712
	1.2311203467996847
	1.2311187422853873
	1.231114853080988
	1.2311140476937157
	1.2311133732941044
	1.2311119813464215
	1.2311091026963559
	1.2311091343948746
	1.2311060965276706
	1.2311036943911446
	1.2311057765058377
	1.2311062125442358
	1.2311065055486792
	1.2311082719538613
	1.2311062018829695
	1.2311055884594524
	1.231104354754806
	1.23110399627111
	1.231104705087923
	1.231104351474067
	1.231106011564982
	1.2311068653845352
	1.231107322629767
	1.231107537704002
	1.2311071927465898
	1.2311072089957855
	1.2311068719911042
	1.2311047570660378
	1.231104413026981
	1.2311005778692747
	1.231100296997682
	1.2310991097896167
	1.2310995306472972
	1.2311006173721017
	1.2311022487106031
	1.231099746309108
	1.23109897130448
	1.2311019504107654
	1.2311011653184252
	1.2311018011096624
	1.231101924928466
	1.231103957762119
	1.2311041165580645
	1.2311012485043915
	1.2310995171568568
	1.231090951930577
	1.231092989244596
	1.231094329874518
	1.231094943635342
	1.2310954060220405
	1.2310953352996532
	1.2310993651785667
	1.2310973762648276
	1.2310924811316708
	1.2310899693188486
	1.231090600504935
	1.2310930483093443
	1.2310950689599187
	1.2310936424344576
	1.2310940195527078
	1.2310924599393323
	1.2310966204306506
	1.231096825939778
	1.2310970798208756
	1.2310986729895474
	1.2310983686912533
	1.2310976522266197
	1.2310952905842691
	1.23109390046658
	1.231093826101916
	1.2310905930527742
	1.2310902447726173
	1.2310897804541956
	1.2310892618285065
	1.2310914883232107
	1.2310941070294972
	1.231094878358487
	1.2310954759706547
	1.231090847013435
	1.2310900154027646
	1.2310920830335375
	1.2310884396402355
	1.2310928402876606
	1.2310920312640854
	1.2310942530302023
	1.2310933687937562
	1.231092626462507
	1.231091642706055
	1.2310920247163464
	1.231088037441345
	1.2310895029857833
	1.2310893893763644
	1.2310875329605235
	1.231089387672878
	1.2310915802412745
	1.231092645975383
	1.231092880278927
	1.2310926666052493
	1.2310944593785438
	1.2310958373705496
	1.2310922349966766
	1.2310910359115257
	1.231091091588304
	1.231096414436325
	1.2310951527345302
	1.2310949242094817
	1.2310915826635203
	1.2310890681633753
	1.2310882784905475
	1.2310924381612716
	1.2310920695096392
	1.2310914779988915
	1.2310898818925764
	1.2310887577701455
	1.2310871543605277
	1.2310893605385103
	1.2310883205508742
	1.2310934722611022
	1.2310915148441481
	1.2310904375666512
	1.2310928742302423
	1.2310923456115177
	1.2310927810411572
	1.2310966322651962
	1.2311002127527608
	1.23110189588093
	1.2311046257581368
	1.2311053279585633
	1.2311022285280737
	1.2311031447386005
	1.2310963557963455
	1.2310995902939885
	1.2310978654345115
	1.2310978061976052
	1.2310956105345146
	1.2310958713010955
	1.2310964215178908
	1.2310961207474376
	1.23109665216176
	1.231097374711864
	1.231099520299299
	1.231097657154995
	1.2310948166565145
	1.2310927421987317
	1.2310930466045678
	1.2310930352018468
	1.2310935766544446
	1.2310935166961174
	1.231087304685005
	1.2310880503957027
	1.2310920391677076
	1.2310891492858194
	1.23109082972728
	1.2310914522129497
	1.2310936669387489
	1.231092127134562
	1.2310942606637694
	1.2310949105473588
	1.2310983094584091
	1.2310961408997327
	1.2310982955131171
	1.2311001440412626
	1.2310992864954668
	1.2310972951510468
	1.2310977918239558
	1.2310980019938347
	1.2310956606941905
	1.231094254441052
	1.2310955078919947
	1.231099495424914
	1.2310967681092118
	1.2310980836240386
	1.2310969387965907
	1.231097531791665
	1.2310987103973672
	1.231103241028049
	1.231103064964866
	1.2311058472739576
	1.2311087926821886
	1.231109059297759
	1.2311076947722215
	1.2311086271304141
	1.2311084263713898
	1.2311112958928008
	1.2311065712589662
	1.2311052100199413
	1.231104946142475
	1.2311055905759352
	1.2311056944741
	1.2311091136906958
	1.231106900973791
	1.2311089023042912
	1.2311070881181507
	1.2311067265069227
	1.2311072458713987
	1.2311099172513107
	1.2311109597663294
	1.2311107381722894
	1.2311120341600128
	1.2311111084243656
	1.2311091412617203
	1.2311133502742808
	1.231108642069789
	1.2311087679663837
	1.2311087915439591
	1.2311110385238138
	1.231111388357603
	1.231108662199513
	1.2311083151818487
	1.2311100034055134
	1.2311046841290443
	1.2311084234450222
	1.2311070922324172
	1.2311065270635972
	1.2311052834444465
	1.2311043976714744
	1.231106513985368
	1.2311044704377354
	1.2311063983169745
	1.231105714375761
	1.2311065427435561
	1.231102606879214
	1.2310978364841394
	1.2310976460931256
	1.231097652002569
	1.2310976759440007
	1.2310951386964313
	1.2310980199793908
	1.2310976043751616
	1.2310993399513437
	1.2311003465433077
	1.2311021742644954
	1.2311026658628221
	1.2311018330546863
	1.2311044686754162
	1.2311062910016368
	1.2311065580957903
	1.2311040215884779
	1.231107180950374
	1.2311065750700858
	1.2311024521448273
	1.231101252950619
	1.231100318427249
	1.231103462563193
	1.2311028310861898
	1.2310962325186954
	1.2310955633350464
	1.2310977673858028
	1.2310942895176114
	1.2310937755378417
	1.2310901560303904
	1.2310884574168584
	1.2310845603570657
	1.2310858131352296
	1.231091634435095
	1.2310919068628041
	1.2310940432604023
	1.2310950876836873
	1.2310937676514406
	1.231092688080537
	1.2310907600902723
	1.2310896658974058
	1.2310909058638102
	1.231089085094072
	1.2310898977834557
	1.231090612133847
	1.2310913220438886
	1.2310888800246902
	1.2310836616954082
	1.2310853602666363
	1.231084401627867
	1.2310873419376385
	1.231088293880437
	1.2310863356662423
	1.2310859565893304
	1.2310865388870367
	1.2310879047314907
	1.2310843946296113
	1.2310839421939443
	1.231081610891982
	1.2310820818071593
	1.2310781146616598
	1.2310779444799658
	1.2310760925087967
	1.2310739988448638
	1.2310757648824788
	1.231075734439282
	1.231075986842301
	1.2310761056629387
	1.2310751296845643
	1.2310753439774007
	1.2310760210857932
	1.2310754049319843
	1.231076184126269
	1.2310767095392359
	1.2310765175635145
	1.2310771892602923
	1.2310788833794837
	1.2310749817442281
	1.2310746750250205
	1.2310757204918776
	1.2310752917026748
	1.2310756608205953
	1.2310754357708473
	1.231073602597277
	1.2310703687946527
	1.2310707332478619
	1.2310751100465993
	1.231077447094946
	1.231081386987585
	1.2310775825803282
	1.2310752295033844
	1.2310725210498097
	1.2310746787966154
	1.2310755007129752
	1.2310716202997187
	1.2310724373933806
	1.2310765535399573
	1.2310806646239956
	1.2310851496812725
	1.2310839653550762
	1.231086215042242
	1.2310833646497197
	1.2310782408383594
	1.231078521659985
	1.2310785112998837
	1.2310815950694294
	1.2310823622869733
	1.2310795857256702
	1.2310803240991783
	1.2310808158217283
	1.2310760743641083
	1.2310766253941825
	1.23107682805165
	1.2310777177388088
	1.2310788989811825
	1.2310808342738118
	1.23108116936346
	1.231079447688169
	1.2310800717723986
	1.2310762852265849
	1.2310771988402613
	1.2310808368656074
	1.2310791782198087
	1.2310795024516097
	1.2310795891693729
	1.231080028321682
	1.2310808571651701
	1.2310833920331006
	1.2310808111082447
	1.2310795198066493
	1.231081422282449
	1.231083169598961
	1.2310797821789023
	1.2310778909935935
	1.2310750672347066
	1.231076447525002
	1.2310765570909803
	1.2310763122423927
	1.2310821752575707
	1.2310835816319754
	1.2310800739831813
	1.2310797112842191
	1.2310802393266744
	1.231080054411491
	1.2310800740715353
	1.2310765687730898
	1.231075210100782
	1.231076547894399
	1.231077248873233
	1.231081013150648
	1.2310775516462087
	1.2310768107182628
	1.2310785939708666
	1.2310828049684854
	1.2310826729952096
	1.2310819286274246
	1.231080085023221
	1.2310802475868994
	1.231078227781707
	1.2310793024165128
	1.2310809867013683
	1.2310821978240238
	1.231081672316589
	1.2310804109373077
	1.2310808693780266
	1.2310813459815568
	1.2310801052752645
]