[
	1.290997862815857
	1.2907490730285645
	1.2905278205871582
	1.2902839183807373
	1.290061593055725
	1.2898226976394653
	1.2895827293395996
	1.2893438339233398
	1.2890987396240234
	1.288865566253662
	1.288614273071289
	1.28838050365448
	1.288139820098877
	1.2878940105438232
	1.2876241207122803
	1.2873786687850952
	1.2871623039245605
	1.2869296073913574
	1.286698818206787
	1.2864729166030884
	1.2862167358398438
	1.2859781980514526
	1.2857507467269897
	1.2855192422866821
	1.2852783203125
	1.2850477695465088
	1.284797191619873
	1.2845708131790161
	1.2843276262283325
	1.2840678691864014
	1.283852458000183
	1.2836377620697021
	1.283394694328308
	1.2831788063049316
	1.2829464673995972
	1.282716989517212
	1.2825082540512085
	1.2822822332382202
	1.282070517539978
	1.2818543910980225
	1.2816369533538818
	1.2813977003097534
	1.2811743021011353
	1.2809414863586426
	1.2807196378707886
	1.280502200126648
	1.2802956104278564
	1.280083417892456
	1.2798646688461304
	1.2796534299850464
	1.2794078588485718
	1.2791920900344849
	1.278978943824768
	1.27875816822052
	1.2785452604293823
	1.2783552408218384
	1.2781354188919067
	1.277906894683838
	1.2777043581008911
	1.277513861656189
	1.2773185968399048
	1.2771239280700684
	1.276928186416626
	1.2767133712768555
	1.2765142917633057
	1.276304841041565
	1.276110291481018
	1.2759066820144653
	1.2757058143615723
	1.2754825353622437
	1.27527916431427
	1.2750794887542725
	1.27488112449646
	1.2746676206588745
	1.2744635343551636
	1.274256706237793
	1.2740404605865479
	1.2738447189331055
	1.2736337184906006
	1.2734304666519165
	1.2732363939285278
	1.2730525732040405
	1.272836446762085
	1.2726294994354248
	1.272436261177063
	1.2722400426864624
	1.2720372676849365
	1.271838903427124
	1.2716246843338013
	1.2714134454727173
	1.2712128162384033
	1.2710140943527222
	1.2708123922348022
	1.2705875635147095
	1.2703806161880493
	1.2701834440231323
	1.2699763774871826
	1.2697741985321045
	1.26959228515625
	1.269384741783142
	1.269193172454834
	1.2690097093582153
	1.268810510635376
	1.2686090469360352
	1.2684186697006226
	1.2682216167449951
	1.268027424812317
	1.2678335905075073
	1.2676550149917603
	1.2674753665924072
	1.2672836780548096
	1.2671033143997192
	1.2669099569320679
	1.2667322158813477
	1.2665586471557617
	1.2663750648498535
	1.2661967277526855
	1.2660322189331055
	1.2658228874206543
	1.2656352519989014
	1.2654783725738525
	1.2652891874313354
	1.265107274055481
	1.2649204730987549
	1.2647407054901123
	1.2645447254180908
	1.2643810510635376
	1.2641823291778564
	1.2639954090118408
	1.2638345956802368
	1.2636480331420898
	1.2634522914886475
	1.2632501125335693
	1.263067364692688
	1.262893795967102
	1.2627155780792236
	1.2625468969345093
	1.2623720169067383
	1.2621939182281494
	1.2620280981063843
	1.2618612051010132
	1.2616816759109497
	1.2614858150482178
	1.26130211353302
	1.2611229419708252
	1.2609530687332153
	1.2607842683792114
	1.2606291770935059
	1.2604527473449707
	1.2602745294570923
	1.2601069211959839
	1.2599443197250366
	1.2597609758377075
	1.2595882415771484
	1.259411096572876
	1.2592531442642212
	1.2590868473052979
	1.2589398622512817
	1.2587759494781494
	1.2586021423339844
	1.2584320306777954
	1.2582645416259766
	1.258097767829895
	1.2579236030578613
	1.2577511072158813
	1.257569670677185
	1.2573944330215454
	1.2572311162948608
	1.2570631504058838
	1.2568920850753784
	1.2567284107208252
	1.2565765380859375
	1.2564252614974976
	1.2562614679336548
	1.2561039924621582
	1.2559404373168945
	1.2557743787765503
	1.2556099891662598
	1.25546395778656
	1.2552897930145264
	1.255124568939209
	1.254960060119629
	1.2547913789749146
	1.2546321153640747
	1.2544724941253662
	1.2543227672576904
	1.2541717290878296
	1.2539982795715332
	1.2538398504257202
	1.2536965608596802
	1.2535429000854492
	1.2533836364746094
	1.2532068490982056
	1.2530461549758911
	1.2528823614120483
	1.2527318000793457
	1.252563714981079
	1.2524120807647705
	1.2522474527359009
	1.2520809173583984
	1.2519217729568481
	1.2517653703689575
	1.2516182661056519
	1.2514770030975342
	1.2513341903686523
	1.2511812448501587
	1.2510274648666382
	1.25087308883667
	1.2507230043411255
	1.250571608543396
	1.2504161596298218
	1.2502707242965698
	1.2501189708709717
	1.2499756813049316
	1.249818205833435
	1.2496498823165894
	1.2495102882385254
	1.249348521232605
	1.249210238456726
	1.2490476369857788
	1.2489051818847656
	1.2487497329711914
	1.2486114501953125
	1.2484641075134277
	1.248325228691101
	1.248161792755127
	1.248011589050293
	1.2478538751602173
	1.2477174997329712
	1.2475658655166626
	1.247420310974121
	1.24726402759552
	1.2471117973327637
	1.2469602823257446
	1.2468078136444092
	1.2466533184051514
	1.246493935585022
	1.2463369369506836
	1.2461947202682495
	1.2460576295852661
	1.245919942855835
	1.2457733154296875
	1.2456315755844116
	1.2454748153686523
	1.245343565940857
	1.2452107667922974
	1.2450591325759888
	1.2449147701263428
	1.2447620630264282
	1.2446368932724
	1.2444924116134644
	1.2443599700927734
	1.244238257408142
	1.2440900802612305
	1.2439557313919067
	1.2438184022903442
	1.2436871528625488
	1.2435543537139893
	1.2434048652648926
	1.243267297744751
	1.2430999279022217
	1.242953896522522
	1.2428113222122192
	1.2426725625991821
	1.2425273656845093
	1.2423896789550781
	1.24224853515625
	1.242106318473816
	1.2419724464416504
	1.2418261766433716
	1.2416644096374512
	1.2415337562561035
	1.2414133548736572
	1.2412784099578857
	1.2411503791809082
	1.2410210371017456
	1.2408818006515503
	1.2407422065734863
	1.2406115531921387
	1.2404805421829224
	1.2403472661972046
	1.2402091026306152
	1.2400884628295898
	1.2399423122406006
	1.2398040294647217
	1.2396776676177979
	1.2395211458206177
	1.239396572113037
	1.239251971244812
	1.2391330003738403
	1.2390072345733643
	1.238874912261963
	1.23874032497406
	1.2386224269866943
	1.2384947538375854
	1.2383650541305542
	1.2382261753082275
	1.2381062507629395
	1.2379595041275024
	1.237821102142334
	1.2376896142959595
	1.2375468015670776
	1.2374072074890137
	1.2372784614562988
	1.2371517419815063
	1.2370277643203735
	1.236899495124817
	1.2367804050445557
	1.2366427183151245
	1.2365113496780396
	1.23638117313385
	1.2362488508224487
	1.2361220121383667
	1.2360014915466309
	1.2358722686767578
	1.2357460260391235
	1.2356231212615967
	1.2354880571365356
	1.235349416732788
	1.2352207899093628
	1.2351057529449463
	1.2349700927734375
	1.2348462343215942
	1.2347135543823242
	1.2345837354660034
	1.234439492225647
	1.2343261241912842
	1.234212040901184
	1.2340811491012573
	1.2339630126953125
	1.2338515520095825
	1.2337347269058228
	1.233622670173645
	1.2335009574890137
	1.2333756685256958
	1.233247995376587
	1.233130693435669
	1.2330070734024048
	1.2328968048095703
	1.232762336730957
	1.23263418674469
	1.2325241565704346
	1.2323964834213257
	1.2322723865509033
	1.2321537733078003
	1.2320359945297241
	1.23191499710083
	1.231799602508545
	1.2316738367080688
	1.231550931930542
	1.2314426898956299
	1.2313179969787598
	1.2311962842941284
	1.2310689687728882
	1.2309534549713135
	1.230837106704712
	1.2307196855545044
	1.2305874824523926
	1.2304611206054688
	1.2303493022918701
	1.2302465438842773
	1.2301362752914429
	1.230014681816101
	1.2299047708511353
	1.2298014163970947
	1.2296905517578125
	1.2295680046081543
	1.2294371128082275
	1.2293195724487305
	1.2292065620422363
	1.2291091680526733
	1.2289949655532837
	1.2288726568222046
	1.2287455797195435
	1.2286375761032104
	1.2285325527191162
	1.228420376777649
	1.2283047437667847
	1.2281874418258667
	1.2280699014663696
	1.2279585599899292
	1.2278358936309814
	1.2277220487594604
	1.2276077270507812
	1.2275004386901855
	1.2274051904678345
	1.2272899150848389
	1.2271840572357178
	1.2270565032958984
	1.226928472518921
	1.2268028259277344
	1.2266879081726074
	1.2265775203704834
	1.2264652252197266
	1.2263399362564087
	1.2262308597564697
	1.2261186838150024
	1.2260221242904663
	1.2259087562561035
	1.2257896661758423
	1.2256789207458496
	1.225560188293457
	1.2254408597946167
	1.2253245115280151
	1.2252328395843506
	1.2251255512237549
	1.2250163555145264
	1.224897861480713
	1.2247878313064575
	1.224685788154602
	1.2245663404464722
	1.224467396736145
	1.2243627309799194
	1.224255084991455
	1.224145770072937
	1.2240468263626099
	1.2239419221878052
	1.2238349914550781
	1.2237299680709839
	1.223622441291809
	1.2235090732574463
	1.2233909368515015
	1.2232842445373535
	1.2231768369674683
	1.223078727722168
	1.222973108291626
	1.222872018814087
	1.2227675914764404
	1.222676396369934
	1.2225801944732666
	1.2224749326705933
	1.2223795652389526
	1.222263216972351
	1.2221763134002686
	1.2220613956451416
	1.2219594717025757
	1.2218488454818726
	1.22174870967865
	1.22162663936615
	1.2215158939361572
	1.2214001417160034
	1.2213070392608643
	1.2211987972259521
	1.2211116552352905
	1.2210137844085693
	1.2209069728851318
	1.2208062410354614
	1.2207015752792358
	1.220595359802246
	1.2204967737197876
	1.220393419265747
	1.2202908992767334
	1.2201920747756958
	1.2200851440429688
	1.2199712991714478
	1.219874382019043
	1.2197647094726562
	1.2196649312973022
	1.2195675373077393
	1.2194557189941406
	1.2193529605865479
	1.21925950050354
	1.219164252281189
	1.219057559967041
	1.2189573049545288
	1.2188472747802734
	1.2187525033950806
	1.2186658382415771
	1.2185593843460083
	1.2184725999832153
	1.218371033668518
	1.218277096748352
	1.2181745767593384
	1.2180821895599365
	1.2179850339889526
	1.2178809642791748
	1.2177789211273193
	1.2176769971847534
	1.217572569847107
	1.2174774408340454
	1.2173844575881958
	1.217299222946167
	1.2172037363052368
	1.2171070575714111
	1.2169989347457886
	1.2168947458267212
	1.216790795326233
	1.2167054414749146
	1.216612696647644
	1.2165125608444214
	1.2164140939712524
	1.2163138389587402
	1.2162249088287354
	1.216127634048462
	1.2160342931747437
	1.2159279584884644
	1.2158231735229492
	1.2157385349273682
	1.2156339883804321
	1.2155359983444214
	1.2154371738433838
	0.0
	0.0
	0.0
	0.0
	0.0
	0.0
	0.0
	0.0
	0.0
	0.0
	0.0
	0.0
	0.0
	0.0
	0.0
	0.0
	0.0
	0.0
	0.0
	0.0
	0.0
	0.0
	0.0
	0.0
	0.0
	0.0
	0.0
	0.0
	0.0
	0.0
	0.0
	0.0
	0.0
	0.0
	0.0
	0.0
	0.0
	0.0
	0.0
	0.0
	0.0
	0.0
	0.0
	0.0
	0.0
	0.0
	0.0
	0.0
	0.0
	0.0
	0.0
	0.0
	0.0
	0.0
	0.0
	0.0
	0.0
	0.0
	0.0
	0.0
	0.0
	0.0
	0.0
	0.0
	0.0
	0.0
	0.0
	0.0
	0.0
	0.0
	0.0
	0.0
	0.0
	0.0
	0.0
	0.0
	0.0
	0.0
	0.0
	0.0
	0.0
	0.0
	0.0
	0.0
	0.0
	0.0
	0.0
	0.0
	0.0
	0.0
	0.0
	0.0
	0.0
	0.0
	0.0
	0.0
	0.0
	0.0
	0.0
	0.0
	0.0
	0.0
	0.0
	0.0
	0.0
	0.0
	0.0
	0.0
	0.0
	0.0
	0.0
	0.0
	0.0
	0.0
	0.0
	0.0
	0.0
	0.0
	0.0
	0.0
	0.0
	0.0
	0.0
	0.0
	0.0
	0.0
	0.0
	0.0
	0.0
	0.0
	0.0
	0.0
	0.0
	0.0
	0.0
	0.0
	0.0
	0.0
	0.0
	0.0
	0.0
	0.0
	0.0
	0.0
	0.0
	0.0
	0.0
	0.0
	0.0
	0.0
	0.0
	0.0
	0.0
	0.0
	0.0
	0.0
	0.0
	0.0
	0.0
	0.0
	0.0
	0.0
	0.0
	0.0
	0.0
	0.0
	0.0
	0.0
	0.0
	0.0
	0.0
	0.0
	0.0
	0.0
	0.0
	0.0
	0.0
	0.0
	0.0
	0.0
	0.0
	0.0
	0.0
	0.0
	0.0
	0.0
	0.0
	0.0
	0.0
	0.0
	0.0
	0.0
	0.0
	0.0
	0.0
	0.0
	0.0
	0.0
	0.0
	0.0
	0.0
	0.0
	0.0
	0.0
	0.0
	0.0
	0.0
	0.0
	0.0
	0.0
	0.0
	0.0
	0.0
	0.0
	0.0
	0.0
	0.0
	0.0
	0.0
	0.0
	0.0
	0.0
	0.0
	0.0
	0.0
	0.0
	0.0
	0.0
	0.0
	0.0
	0.0
	0.0
	0.0
	0.0
	0.0
	0.0
	0.0
	0.0
	0.0
	0.0
	0.0
	0.0
	0.0
	0.0
	0.0
	0.0
	0.0
	0.0
	0.0
	0.0
	0.0
	0.0
	0.0
	0.0
	0.0
	0.0
	0.0
	0.0
	0.0
	0.0
	0.0
	0.0
	0.0
	0.0
	0.0
	0.0
	0.0
	0.0
	0.0
	0.0
	0.0
	0.0
	0.0
	0.0
	0.0
	0.0
	0.0
	0.0
	0.0
	0.0
	0.0
	0.0
	0.0
	0.0
	0.0
	0.0
	0.0
	0.0
	0.0
	0.0
	0.0
	0.0
	0.0
	0.0
	0.0
	0.0
	0.0
	0.0
	0.0
	0.0
	0.0
	0.0
	0.0
	0.0
	0.0
	0.0
	0.0
	0.0
	0.0
	0.0
	0.0
	0.0
	0.0
	0.0
	0.0
	0.0
	0.0
	0.0
	0.0
	0.0
	0.0
	0.0
	0.0
	0.0
	0.0
	0.0
	0.0
	0.0
	0.0
	0.0
	0.0
	0.0
	0.0
	0.0
	0.0
	0.0
	0.0
	0.0
	0.0
	0.0
	0.0
	0.0
	0.0
	0.0
	0.0
	0.0
	0.0
	0.0
	0.0
	0.0
	0.0
	0.0
	0.0
	0.0
	0.0
	0.0
	0.0
	0.0
	0.0
	0.0
	0.0
	0.0
	0.0
	0.0
	0.0
	0.0
	0.0
	0.0
	0.0
	0.0
	0.0
	0.0
	0.0
	0.0
	0.0
	0.0
	0.0
	0.0
	0.0
	0.0
	0.0
	0.0
	0.0
	0.0
	0.0
	0.0
	0.0
	0.0
	0.0
	0.0
	0.0
	0.0
	0.0
	0.0
	0.0
	0.0
	0.0
	0.0
	0.0
	0.0
	0.0
	0.0
	0.0
	0.0
	0.0
	0.0
	0.0
	0.0
	0.0
	0.0
	0.0
	0.0
	0.0
	0.0
	0.0
	0.0
	0.0
	0.0
	0.0
	0.0
	0.0
	0.0
	0.0
	0.0
	0.0
	0.0
	0.0
	0.0
	0.0
	0.0
	0.0
	0.0
	0.0
	0.0
	0.0
	0.0
	0.0
	0.0
	0.0
	0.0
	0.0
	0.0
	0.0
	0.0
	0.0
	0.0
	0.0
	0.0
	0.0
	0.0
	0.0
	0.0
	0.0
	0.0
	0.0
	0.0
	0.0
	0.0
	0.0
	0.0
	0.0
	0.0
	0.0
	0.0
	0.0
	0.0
	0.0
	0.0
	0.0
	0.0
	0.0
	0.0
	0.0
	0.0
	0.0
	0.0
	0.0
	0.0
	0.0
	0.0
	0.0
	0.0
	0.0
	0.0
	0.0
	0.0
	0.0
	0.0
	0.0
	0.0
	0.0
	0.0
	0.0
	0.0
	0.0
	0.0
	0.0
	0.0
	0.0
	0.0
	0.0
	0.0
	0.0
	0.0
	0.0
	0.0
	0.0
	0.0
	0.0
	0.0
	0.0
	0.0
	0.0
	0.0
	0.0
	0.0
	0.0
	0.0
	0.0
	0.0
	0.0
	0.0
	0.0
	0.0
	0.0
	0.0
	0.0
	0.0
	0.0
	0.0
	0.0
	0.0
	0.0
	0.0
	0.0
	0.0
	0.0
	0.0
	0.0
	0.0
	0.0
	0.0
	0.0
	0.0
	0.0
	0.0
	0.0
	0.0
	0.0
	0.0
	0.0
	0.0
	0.0
	0.0
	0.0
	0.0
	0.0
	0.0
	0.0
	0.0
	0.0
	0.0
	0.0
	0.0
	0.0
	0.0
	0.0
	0.0
	0.0
	0.0
	0.0
	0.0
	0.0
	0.0
	0.0
	0.0
	0.0
	0.0
	0.0
	0.0
	0.0
	0.0
	0.0
	0.0
	0.0
	0.0
	0.0
	0.0
	0.0
	0.0
	0.0
	0.0
	0.0
	0.0
	0.0
	0.0
	0.0
	0.0
	0.0
	0.0
	0.0
	0.0
	0.0
	0.0
	0.0
	0.0
	0.0
	0.0
	0.0
	0.0
	0.0
	0.0
	0.0
	0.0
	0.0
	0.0
	0.0
	0.0
	0.0
	0.0
	0.0
	0.0
	0.0
	0.0
	0.0
	0.0
	0.0
	0.0
	0.0
	0.0
	0.0
	0.0
	0.0
	0.0
	0.0
	0.0
	0.0
	0.0
	0.0
	0.0
	0.0
	0.0
	0.0
	0.0
	0.0
	0.0
	0.0
	0.0
	0.0
	0.0
	0.0
	0.0
	0.0
	0.0
	0.0
	0.0
	0.0
	0.0
	0.0
	0.0
	0.0
	0.0
	0.0
	0.0
	0.0
	0.0
	0.0
	0.0
	0.0
	0.0
	0.0
	0.0
	0.0
	0.0
	0.0
	0.0
	0.0
	0.0
	0.0
	0.0
	0.0
	0.0
	0.0
	0.0
	0.0
	0.0
	0.0
	0.0
	0.0
	0.0
	0.0
	0.0
	0.0
	0.0
	0.0
	0.0
	0.0
	0.0
	0.0
	0.0
	0.0
	0.0
	0.0
	0.0
	0.0
	0.0
	0.0
	0.0
	0.0
	0.0
	0.0
	0.0
	0.0
	0.0
	0.0
	0.0
	0.0
	0.0
	0.0
	0.0
	0.0
	0.0
	0.0
	0.0
	0.0
	0.0
	0.0
	0.0
	0.0
	0.0
	0.0
	0.0
	0.0
	0.0
	0.0
	0.0
	0.0
	0.0
	0.0
	0.0
	0.0
	0.0
	0.0
	0.0
	0.0
	0.0
	0.0
	0.0
	0.0
	0.0
	0.0
	0.0
	0.0
	0.0
	0.0
	0.0
	0.0
	0.0
	0.0
	0.0
	0.0
	0.0
	0.0
	0.0
	0.0
	0.0
	0.0
	0.0
	0.0
	0.0
	0.0
	0.0
	0.0
	0.0
	0.0
	0.0
	0.0
	0.0
	0.0
	0.0
	0.0
	0.0
	0.0
	0.0
	0.0
	0.0
	0.0
	0.0
	0.0
	0.0
	0.0
	0.0
	0.0
	0.0
	0.0
	0.0
	0.0
	0.0
	0.0
	0.0
	0.0
	0.0
	0.0
	0.0
	0.0
	0.0
	0.0
	0.0
	0.0
	0.0
	0.0
	0.0
	0.0
	0.0
	0.0
	0.0
	0.0
	0.0
	0.0
	0.0
	0.0
	0.0
	0.0
	0.0
	0.0
	0.0
	0.0
	0.0
	0.0
	0.0
	0.0
	0.0
	0.0
	0.0
	0.0
	0.0
	0.0
	0.0
	0.0
	0.0
	0.0
	0.0
	0.0
	0.0
	0.0
	0.0
	0.0
	0.0
	0.0
	0.0
	0.0
	0.0
	0.0
	0.0
	0.0
	0.0
	0.0
	0.0
	0.0
	0.0
	0.0
	0.0
	0.0
	0.0
	0.0
	0.0
	0.0
	0.0
	0.0
	0.0
	0.0
	0.0
	0.0
	0.0
	0.0
	0.0
	0.0
	0.0
	0.0
	0.0
	0.0
	0.0
	0.0
	0.0
	0.0
	0.0
	0.0
	0.0
	0.0
	0.0
	0.0
	0.0
	0.0
	0.0
	0.0
	0.0
	0.0
	0.0
	0.0
	0.0
	0.0
	0.0
	0.0
	0.0
	0.0
	0.0
	0.0
	0.0
	0.0
	0.0
	0.0
	0.0
	0.0
	0.0
	0.0
	0.0
	0.0
	0.0
	0.0
	0.0
	0.0
	0.0
	0.0
	0.0
	0.0
	0.0
	0.0
	0.0
	0.0
	0.0
	0.0
	0.0
	0.0
	0.0
	0.0
	0.0
	0.0
	0.0
	0.0
	0.0
	0.0
	0.0
	0.0
	0.0
	0.0
	0.0
	0.0
	0.0
	0.0
	0.0
	0.0
	0.0
	0.0
	0.0
	0.0
	0.0
	0.0
	0.0
	0.0
	0.0
	0.0
	0.0
	0.0
	0.0
	0.0
	0.0
	0.0
	0.0
	0.0
	0.0
	0.0
	0.0
	0.0
	0.0
	0.0
	0.0
	0.0
	0.0
	0.0
	0.0
	0.0
	0.0
	0.0
	0.0
	0.0
	0.0
	0.0
	0.0
	0.0
	0.0
	0.0
	0.0
	0.0
	0.0
	0.0
	0.0
	0.0
	0.0
	0.0
	0.0
	0.0
	0.0
	0.0
	0.0
	0.0
	0.0
	0.0
	0.0
	0.0
	0.0
	0.0
	0.0
	0.0
	0.0
	0.0
	0.0
	0.0
	0.0
	0.0
	0.0
	0.0
	0.0
	0.0
	0.0
	0.0
	0.0
	0.0
	0.0
	0.0
	0.0
	0.0
	0.0
	0.0
	0.0
	0.0
	0.0
	0.0
	0.0
	0.0
	0.0
	0.0
	0.0
	0.0
	0.0
	0.0
	0.0
	0.0
	0.0
	0.0
	0.0
	0.0
	0.0
	0.0
	0.0
	0.0
	0.0
	0.0
	0.0
	0.0
	0.0
	0.0
	0.0
	0.0
	0.0
	0.0
	0.0
	0.0
	0.0
	0.0
	0.0
	0.0
	0.0
	0.0
	0.0
	0.0
	0.0
	0.0
	0.0
	0.0
	0.0
	0.0
	0.0
	0.0
	0.0
	0.0
	0.0
	0.0
	0.0
	0.0
	0.0
	0.0
	0.0
	0.0
	0.0
	0.0
	0.0
	0.0
	0.0
	0.0
	0.0
	0.0
	0.0
	0.0
	0.0
	0.0
	0.0
	0.0
	0.0
	0.0
	0.0
	0.0
	0.0
	0.0
	0.0
	0.0
	0.0
	0.0
	0.0
	0.0
	0.0
	0.0
	0.0
	0.0
	0.0
	0.0
	0.0
	0.0
	0.0
	0.0
	0.0
	0.0
	0.0
	0.0
	0.0
	0.0
	0.0
	0.0
	0.0
	0.0
	0.0
	0.0
	0.0
	0.0
	0.0
	0.0
	0.0
	0.0
	0.0
	0.0
	0.0
	0.0
	0.0
	0.0
	0.0
	0.0
	0.0
	0.0
	0.0
	0.0
	0.0
	0.0
	0.0
	0.0
	0.0
	0.0
	0.0
	0.0
	0.0
	0.0
	0.0
	0.0
	0.0
	0.0
	0.0
	0.0
	0.0
	0.0
	0.0
	0.0
	0.0
	0.0
	0.0
	0.0
	0.0
	0.0
	0.0
	0.0
	0.0
	0.0
	0.0
	0.0
	0.0
	0.0
	0.0
	0.0
	0.0
	0.0
	0.0
	0.0
	0.0
	0.0
	0.0
	0.0
	0.0
	0.0
	0.0
	0.0
	0.0
	0.0
	0.0
	0.0
	0.0
	0.0
	0.0
	0.0
	0.0
	0.0
	0.0
	0.0
	0.0
	0.0
	0.0
	0.0
	0.0
	0.0
	0.0
	0.0
	0.0
	0.0
	0.0
	0.0
	0.0
	0.0
	0.0
	0.0
	0.0
	0.0
	0.0
	0.0
	0.0
	0.0
	0.0
	0.0
	0.0
	0.0
	0.0
	0.0
	0.0
	0.0
	0.0
	0.0
	0.0
	0.0
	0.0
	0.0
	0.0
	0.0
	0.0
	0.0
	0.0
	0.0
	0.0
	0.0
	0.0
	0.0
	0.0
	0.0
	0.0
	0.0
	0.0
	0.0
	0.0
	0.0
	0.0
	0.0
	0.0
	0.0
	0.0
	0.0
	0.0
	0.0
	0.0
	0.0
	0.0
	0.0
	0.0
	0.0
	0.0
	0.0
	0.0
	0.0
	0.0
	0.0
	0.0
	0.0
	0.0
	0.0
	0.0
	0.0
	0.0
	0.0
	0.0
	0.0
	0.0
	0.0
	0.0
	0.0
	0.0
	0.0
	0.0
	0.0
	0.0
	0.0
	0.0
	0.0
	0.0
	0.0
	0.0
	0.0
	0.0
	0.0
	0.0
	0.0
	0.0
	0.0
	0.0
	0.0
	0.0
	0.0
	0.0
	0.0
	0.0
	0.0
	0.0
	0.0
	0.0
	0.0
	0.0
	0.0
	0.0
	0.0
	0.0
	0.0
	0.0
	0.0
	0.0
	0.0
	0.0
	0.0
	0.0
	0.0
	0.0
	0.0
	0.0
	0.0
	0.0
	0.0
	0.0
	0.0
	0.0
	0.0
	0.0
	0.0
	0.0
	0.0
	0.0
	0.0
	0.0
	0.0
	0.0
	0.0
	0.0
	0.0
	0.0
	0.0
	0.0
	0.0
	0.0
	0.0
	0.0
	0.0
	0.0
	0.0
	0.0
	0.0
	0.0
	0.0
	0.0
	0.0
	0.0
	0.0
	0.0
	0.0
	0.0
	0.0
	0.0
	0.0
	0.0
	0.0
	0.0
	0.0
	0.0
	0.0
	0.0
	0.0
	0.0
	0.0
	0.0
	0.0
	0.0
	0.0
	0.0
	0.0
	0.0
	0.0
	0.0
	0.0
	0.0
	0.0
	0.0
	0.0
	0.0
	0.0
	0.0
	0.0
	0.0
	0.0
	0.0
	0.0
	0.0
	0.0
	0.0
	0.0
	0.0
	0.0
	0.0
	0.0
	0.0
	0.0
	0.0
	0.0
	0.0
	0.0
	0.0
	0.0
	0.0
	0.0
	0.0
	0.0
	0.0
	0.0
	0.0
	0.0
	0.0
	0.0
	0.0
	0.0
	0.0
	0.0
	0.0
	0.0
	0.0
	0.0
	0.0
	0.0
	0.0
	0.0
	0.0
	0.0
	0.0
	0.0
	0.0
	0.0
	0.0
	0.0
	0.0
	0.0
	0.0
	0.0
	0.0
	0.0
	0.0
	0.0
	0.0
	0.0
	0.0
	0.0
	0.0
	0.0
	0.0
	0.0
	0.0
	0.0
	0.0
	0.0
	0.0
	0.0
	0.0
	0.0
]