[
	1.066784143447876
	1.066637635231018
	1.0664947032928467
	1.066338062286377
	1.0661861896514893
	1.0660282373428345
	1.0658680200576782
	1.065708875656128
	1.0655581951141357
	1.0654083490371704
	1.0652461051940918
	1.0650856494903564
	1.0649240016937256
	1.0647727251052856
	1.0646153688430786
	1.0644612312316895
	1.0643144845962524
	1.0641642808914185
	1.0640068054199219
	1.0638530254364014
	1.0636922121047974
	1.0635334253311157
	1.0633796453475952
	1.0632375478744507
	1.0630954504013062
	1.0629446506500244
	1.062793493270874
	1.0626314878463745
	1.06248140335083
	1.0623308420181274
	1.062186360359192
	1.0620416402816772
	1.0618879795074463
	1.0617327690124512
	1.0615882873535156
	1.061442494392395
	1.0612947940826416
	1.0611406564712524
	1.0610020160675049
	1.0608662366867065
	1.0607256889343262
	1.0605870485305786
	1.0604420900344849
	1.0602900981903076
	1.0601497888565063
	1.0600147247314453
	1.0598784685134888
	1.0597480535507202
	1.0596147775650024
	1.0594807863235474
	1.0593500137329102
	1.0592130422592163
	1.0590850114822388
	1.058958649635315
	1.0588221549987793
	1.0586864948272705
	1.0585578680038452
	1.058424711227417
	1.0582902431488037
	1.0581517219543457
	1.0580240488052368
	1.057900309562683
	1.0577656030654907
	1.0576379299163818
	1.057515263557434
	1.057382345199585
	1.0572477579116821
	1.0571234226226807
	1.057003378868103
	1.0568825006484985
	1.0567632913589478
	1.0566390752792358
	1.0565145015716553
	1.0563805103302002
	1.0562520027160645
	1.056126356124878
	1.0560014247894287
	1.0558698177337646
	1.0557498931884766
	1.0556296110153198
	1.0555058717727661
	1.0553866624832153
	1.0552603006362915
	1.0551462173461914
	1.0550240278244019
	1.054878830909729
	1.054762601852417
	1.0546497106552124
	1.0545343160629272
	1.054423213005066
	1.0542997121810913
	1.0541832447052002
	1.0540683269500732
	1.053941249847412
	1.0538326501846313
	1.0537176132202148
	1.0536082983016968
	1.0535050630569458
	1.0533868074417114
	1.0532662868499756
	1.0531567335128784
	1.0530458688735962
	1.052931785583496
	1.0528267621994019
	1.0527184009552002
	1.0526219606399536
	1.0525184869766235
	1.0524102449417114
	1.0523029565811157
	1.0521970987319946
	1.0520883798599243
	1.051974892616272
	1.0518664121627808
	1.0517544746398926
	1.0516513586044312
	1.0515389442443848
	1.0514304637908936
	1.0513288974761963
	1.051228642463684
	1.0511304140090942
	1.051015853881836
	1.0509123802185059
	1.0508228540420532
	1.0507228374481201
	1.0506186485290527
	1.0505154132843018
	1.0504093170166016
	1.0503069162368774
	1.0502122640609741
	1.0501115322113037
	1.0500125885009766
	1.049911379814148
	1.0498018264770508
	1.0497064590454102
	1.0496159791946411
	1.0495234727859497
	1.0494383573532104
	1.0493297576904297
	1.0492255687713623
	1.0491255521774292
	1.0490350723266602
	1.0489368438720703
	1.048837423324585
	1.0487464666366577
	1.0486468076705933
	1.0485544204711914
	1.0484511852264404
	1.0483654737472534
	1.0482747554779053
	1.0481817722320557
	1.0480839014053345
	1.0479896068572998
	1.0479075908660889
	1.0478204488754272
	1.047734022140503
	1.047650694847107
	1.0475538969039917
	1.047467589378357
	1.047384262084961
	1.047308087348938
	1.0472179651260376
	1.0471258163452148
	1.0470390319824219
	1.046955943107605
	1.0468764305114746
	1.0467838048934937
	1.0467031002044678
	1.0466198921203613
	1.046538233757019
	1.0464543104171753
	1.046379804611206
	1.046301245689392
	1.0462199449539185
	1.0461366176605225
	1.0460560321807861
	1.0459555387496948
	1.045878529548645
	1.0458040237426758
	1.0457226037979126
	1.0456500053405762
	1.0455633401870728
	1.0454832315444946
	1.0454078912734985
	1.0453351736068726
	1.0452497005462646
	1.0451725721359253
	1.045091152191162
	1.04501211643219
	1.0449411869049072
	1.044859766960144
	1.0447813272476196
	1.0447028875350952
	1.0446141958236694
	1.044543981552124
	1.0444623231887817
	1.0443917512893677
	1.0443148612976074
	1.0442349910736084
	1.0441642999649048
	1.0441019535064697
	1.0440281629562378
	1.043951153755188
	1.0438790321350098
	1.043806552886963
	1.043735384941101
	1.0436606407165527
	1.043588638305664
	1.0435099601745605
	1.0434391498565674
	1.0433660745620728
	1.0433001518249512
	1.0432348251342773
	1.043164849281311
	1.0430972576141357
	1.0430268049240112
	1.0429636240005493
	1.0428928136825562
	1.0428166389465332
	1.0427416563034058
	1.0426695346832275
	1.0426020622253418
	1.0425447225570679
	1.042472004890442
	1.0424131155014038
	1.042356014251709
	1.0422885417938232
	1.0422229766845703
	1.042150855064392
	1.0420812368392944
	1.0420116186141968
	1.041953206062317
	1.0418930053710938
	1.041827917098999
	1.0417672395706177
	1.0416998863220215
	1.0416390895843506
	1.0415749549865723
	1.0415064096450806
	1.0414429903030396
	1.041378140449524
	1.0413222312927246
	1.0412590503692627
	1.0411982536315918
	1.0411337614059448
	1.0410703420639038
	1.0410019159317017
	1.0409538745880127
	1.0408941507339478
	1.0408368110656738
	1.04078209400177
	1.0407183170318604
	1.0406641960144043
	1.0405983924865723
	1.0405387878417969
	1.0404900312423706
	1.0404402017593384
	1.0403867959976196
	1.040329933166504
	1.0402847528457642
	1.0402177572250366
	1.040155291557312
	1.0400943756103516
	1.0400350093841553
	1.0399730205535889
	1.0399175882339478
	1.0398606061935425
	1.0398035049438477
	1.0397534370422363
	1.0396969318389893
	1.0396499633789062
	1.0395914316177368
	1.0395339727401733
	1.0394798517227173
	1.0394302606582642
	1.0393766164779663
	1.0393164157867432
	1.0392649173736572
	1.039212942123413
	1.0391628742218018
	1.039109230041504
	1.0390490293502808
	1.038995385169983
	1.0389472246170044
	1.0388983488082886
	1.0388414859771729
	1.038783073425293
	1.038739562034607
	1.0386967658996582
	1.0386402606964111
	1.0385897159576416
	1.038539171218872
	1.0384819507598877
	1.0384235382080078
	1.0383763313293457
	1.0383275747299194
	1.0382730960845947
	1.03822660446167
	1.0381793975830078
	1.0381428003311157
	1.0380877256393433
	1.0380401611328125
	1.03799569606781
	1.0379472970962524
	1.0379014015197754
	1.037847876548767
	1.037796974182129
	1.0377411842346191
	1.037700891494751
	1.0376540422439575
	1.0376094579696655
	1.0375664234161377
	1.0375230312347412
	1.037475347518921
	1.0374308824539185
	1.0373884439468384
	1.0373353958129883
	1.0373001098632812
	1.03725266456604
	1.0372120141983032
	1.0371657609939575
	1.037126064300537
	1.0370804071426392
	1.0370417833328247
	1.0369906425476074
	1.0369503498077393
	1.0369106531143188
	1.036865472793579
	1.0368272066116333
	1.036780834197998
	1.0367408990859985
	1.0367026329040527
	1.0366637706756592
	1.0366241931915283
	1.036578893661499
	1.036538004875183
	1.036491870880127
	1.0364402532577515
	1.0364001989364624
	1.0363645553588867
	1.0363188982009888
	1.036278247833252
	1.0362335443496704
	1.036195158958435
	1.0361557006835938
	1.0361179113388062
	1.036072850227356
	1.0360320806503296
	1.035997986793518
	1.0359547138214111
	1.0359127521514893
	1.0358697175979614
	1.0358314514160156
	1.0357874631881714
	1.0357561111450195
	1.0357202291488647
	1.0356849431991577
	1.0356396436691284
	1.035601019859314
	1.0355626344680786
	1.0355278253555298
	1.0354868173599243
	1.0354517698287964
	1.0354105234146118
	1.035374641418457
	1.0353386402130127
	1.0353018045425415
	1.0352611541748047
	1.0352137088775635
	1.0351786613464355
	1.0351463556289673
	1.0351097583770752
	1.035069465637207
	1.0350350141525269
	1.0349997282028198
	1.0349535942077637
	1.0349111557006836
	1.0348718166351318
	1.0348337888717651
	1.0347954034805298
	1.0347648859024048
	1.0347262620925903
	1.0346927642822266
	1.034661054611206
	1.034630298614502
	1.0345957279205322
	1.0345577001571655
	1.0345218181610107
	1.0344921350479126
	1.0344569683074951
	1.0344209671020508
	1.0343965291976929
	1.0343618392944336
	1.03433096408844
	1.0343011617660522
	1.0342566967010498
	1.0342185497283936
	1.0341873168945312
	1.034157395362854
	1.0341285467147827
	1.0340932607650757
	1.0340518951416016
	1.0340200662612915
	1.0339818000793457
	1.033949613571167
	1.0339218378067017
	1.0338891744613647
	1.0338529348373413
	1.0338214635849
	1.0337905883789062
	1.0337616205215454
	1.0337297916412354
	1.0336956977844238
	1.0336666107177734
	1.0336427688598633
	1.0336050987243652
	1.0335685014724731
	1.0335280895233154
	1.0334925651550293
	1.0334645509719849
	1.0334416627883911
	1.0334219932556152
	1.0333924293518066
	1.0333627462387085
	1.0333281755447388
	1.0332931280136108
	1.033270239830017
	1.0332310199737549
	1.0332000255584717
	1.033159852027893
	1.033128023147583
	1.0331084728240967
	1.0330805778503418
	1.0330471992492676
	1.033017635345459
	1.032989740371704
	1.032956838607788
	1.0329378843307495
	1.0329170227050781
	1.0328925848007202
	1.0328564643859863
	1.0328280925750732
	1.0328065156936646
	1.032767653465271
	1.0327396392822266
	1.0327086448669434
	1.0326824188232422
	1.0326578617095947
	1.0326265096664429
	1.0326000452041626
	1.0325746536254883
	1.0325490236282349
	1.032518982887268
	1.0324925184249878
	1.0324698686599731
	1.0324420928955078
	1.032418131828308
	1.0323920249938965
	1.032357931137085
	1.0323355197906494
	1.0323078632354736
	1.0322784185409546
	1.0322530269622803
	1.0322256088256836
	1.032196044921875
	1.0321741104125977
	1.032157301902771
	1.0321251153945923
	1.0320992469787598
	1.032076120376587
	1.0320595502853394
	1.0320323705673218
	1.0320113897323608
	1.031988501548767
	1.0319604873657227
	1.0319288969039917
	1.0319088697433472
	1.0318834781646729
	1.031853199005127
	1.0318254232406616
	1.0318069458007812
	1.0317857265472412
	1.0317665338516235
	1.0317407846450806
	1.0317164659500122
	1.0316911935806274
	1.0316697359085083
	1.0316437482833862
	1.0316193103790283
	1.0315980911254883
	1.0315734148025513
	1.0315440893173218
	1.031516432762146
	1.0315006971359253
	1.0314757823944092
	1.031455159187317
	1.0314327478408813
	1.0314053297042847
	1.0313818454742432
	1.0313655138015747
	1.0313376188278198
	1.0313128232955933
	1.0312916040420532
	1.0312672853469849
	1.0312498807907104
	1.0312316417694092
	1.031220555305481
	1.0311965942382812
	1.0311743021011353
	1.0311640501022339
	1.0311331748962402
	1.0311108827590942
	1.0310924053192139
	1.0310636758804321
	1.0310425758361816
	1.0310258865356445
	1.0310050249099731
	1.0309839248657227
	1.0309535264968872
	1.0309295654296875
	1.030907154083252
	1.0308945178985596
	1.0308808088302612
	1.0308606624603271
	1.0308388471603394
	1.0308265686035156
	1.0308161973953247
	1.030798077583313
	1.0307872295379639
	1.0307682752609253
	1.0307506322860718
	1.0307317972183228
	1.0307167768478394
	1.030698537826538
	1.0306767225265503
	1.0306599140167236
	1.0306342840194702
	1.0306205749511719
	1.0306063890457153
	1.0305908918380737
	1.030574083328247
	1.0305500030517578
	1.0305277109146118
	1.030504822731018
	1.030481219291687
	1.0304633378982544
	1.0304431915283203
	1.0304200649261475
	1.0304080247879028
	1.0303834676742554
	1.0303677320480347
	1.0303539037704468
	1.0303294658660889
	1.0303115844726562
	1.0302923917770386
	1.0302741527557373
	1.0302592515945435
	1.0302506685256958
	1.0302436351776123
	1.030227541923523
	1.030203938484192
	1.0301963090896606
	1.0301815271377563
	1.0301669836044312
	1.0301551818847656
	1.0301356315612793
	1.0301154851913452
	1.0300992727279663
	1.030086636543274
	1.0300748348236084
	1.0300599336624146
	1.0300438404083252
	1.0300326347351074
	1.0300233364105225
	1.0300123691558838
	1.0299968719482422
	1.0299865007400513
	1.0299746990203857
	1.0299570560455322
	1.029943585395813
	1.0299195051193237
	1.0299075841903687
	1.0298969745635986
	1.0298810005187988
	1.0298726558685303
	1.029852032661438
	1.0298336744308472
	1.0298300981521606
	1.0298070907592773
	1.0297954082489014
	1.029789686203003
	1.0297815799713135
	1.0297611951828003
	1.029746174812317
	1.0297330617904663
	1.0297272205352783
	1.0297085046768188
	1.0297025442123413
	1.0296865701675415
	1.0296801328659058
	1.029675841331482
	1.0296521186828613
	1.0296341180801392
	1.029615044593811
	1.0296074151992798
	1.029599666595459
	1.0295873880386353
	1.0295859575271606
	1.0295817852020264
	1.0295695066452026
	1.029559850692749
	1.0295495986938477
	1.0295361280441284
	1.0295182466506958
	1.0295161008834839
	1.0295040607452393
	1.029500126838684
	1.0294893980026245
	1.0294835567474365
	1.0294705629348755
	1.0294626951217651
	1.0294568538665771
	1.0294488668441772
	1.0294362306594849
	1.0294278860092163
	1.0294153690338135
	1.0294076204299927
	1.0293866395950317
	1.0293803215026855
	1.029369831085205
	1.0293545722961426
	1.0293453931808472
	1.0293307304382324
	1.0293278694152832
	1.0293234586715698
	1.0293054580688477
	1.0293002128601074
	1.0292904376983643
	1.0292795896530151
	1.0292783975601196
	1.0292636156082153
	1.0292534828186035
	1.0292470455169678
	1.029236912727356
	1.029229998588562
	1.0292105674743652
	1.0292010307312012
	1.029200553894043
	1.0291932821273804
	1.0291831493377686
	1.0291788578033447
	1.0291765928268433
	1.0291732549667358
	1.0291705131530762
	1.0291656255722046
	1.029160499572754
	1.0291528701782227
	1.0291463136672974
	1.0291318893432617
	1.0291279554367065
	1.02912175655365
	1.0291082859039307
	1.0291017293930054
	1.0291013717651367
	1.0290937423706055
	1.029085636138916
	1.0290762186050415
	1.0290664434432983
	1.0290547609329224
	1.0290528535842896
	1.0290451049804688
	1.0290324687957764
	1.0290158987045288
	1.029008150100708
	1.028997540473938
	1.028990387916565
	1.0289771556854248
	1.0289727449417114
	1.0289679765701294
	1.028958797454834
	1.028956413269043
	1.0289525985717773
	1.0289454460144043
	1.0289433002471924
	1.028929352760315
	1.0289232730865479
	1.0289149284362793
	1.028908610343933
	1.028913974761963
	1.0289095640182495
	1.0289067029953003
	1.028903841972351
	1.028900384902954
	1.0288944244384766
	1.028889536857605
	1.0288785696029663
	1.028870940208435
	1.0288622379302979
	1.0288547277450562
	1.028854489326477
	1.0288487672805786
	1.028836727142334
	1.0288257598876953
	1.028825283050537
	1.0288286209106445
	1.0288220643997192
	1.0288141965866089
	1.0288106203079224
	1.028809666633606
	1.028807282447815
	1.0288046598434448
	1.0288008451461792
	1.0287994146347046
	1.0287975072860718
	1.0287939310073853
	1.0287935733795166
	1.0287909507751465
	1.0287917852401733
	1.0287914276123047
	1.0287754535675049
	1.028754472732544
	1.0287455320358276
	1.0287436246871948
	1.0287336111068726
	1.028735637664795
	1.028731346130371
	1.028725028038025
	1.028724193572998
	1.028710126876831
	1.0287097692489624
	1.0287063121795654
	1.028708577156067
	1.0287151336669922
	1.0287233591079712
	1.0287177562713623
	1.0287173986434937
	1.028717041015625
	1.0287199020385742
	1.0287202596664429
	1.0287156105041504
	1.0287164449691772
	1.0287154912948608
	1.0287096500396729
	1.0287154912948608
	1.0287175178527832
	1.0287199020385742
	1.0287281274795532
	1.0287275314331055
	1.0287221670150757
	1.028733491897583
	1.0287357568740845
	1.0287302732467651
	1.0287268161773682
	1.0287237167358398
	1.0287203788757324
	1.0287201404571533
	1.0287162065505981
	1.0287116765975952
	1.0287140607833862
	1.0287166833877563
	1.0287113189697266
	1.0287113189697266
	1.0287078619003296
	1.028710126876831
	1.0287120342254639
	1.0287160873413086
	1.0287189483642578
	1.0287188291549683
	1.0287197828292847
	1.0287179946899414
	1.0287201404571533
	1.028725266456604
	1.0287305116653442
	1.0287301540374756
	1.0287278890609741
	1.0287238359451294
	1.0287184715270996
	1.0287150144577026
	1.0287225246429443
	1.0287203788757324
	1.0287266969680786
	1.028725028038025
	1.0287202596664429
	1.0287213325500488
	1.0287240743637085
	1.0287221670150757
	1.0287268161773682
	1.0287299156188965
	1.028729796409607
	1.0287264585494995
	1.0287210941314697
	1.028710961341858
	1.0287150144577026
	1.028707504272461
	1.0287102460861206
	1.0287092924118042
	1.0287020206451416
	1.0287017822265625
	1.0287021398544312
	1.0287024974822998
	1.028709053993225
	1.0287084579467773
	1.0287131071090698
	1.0287154912948608
	1.0287126302719116
	1.0287171602249146
	1.0287107229232788
	1.028709888458252
	1.0287176370620728
	1.0287258625030518
	1.0287221670150757
	1.0287233591079712
	1.0287319421768188
	1.028732180595398
	1.0287294387817383
	1.0287333726882935
	1.0287379026412964
	1.028735637664795
	1.028738260269165
	1.0287377834320068
	1.0287424325942993
	1.0287476778030396
	1.0287548303604126
	1.028761386871338
	1.0287607908248901
	1.028760313987732
	1.0287562608718872
	1.02875554561615
	1.0287576913833618
	1.0287569761276245
	1.0287657976150513
	1.028769612312317
	1.028767704963684
	1.0287724733352661
	1.0287717580795288
	1.028774619102478
	1.0287917852401733
	1.0287877321243286
	1.0287868976593018
	1.0287935733795166
	1.0288022756576538
	1.0288097858428955
	1.0288147926330566
	1.0288106203079224
	1.0288132429122925
	1.028813123703003
	1.0288141965866089
	1.0288227796554565
	1.028829574584961
	1.028827428817749
	1.0288357734680176
	1.0288375616073608
	1.0288361310958862
	1.0288429260253906
	1.0288364887237549
	1.028846263885498
	1.02884840965271
	1.0288515090942383
	1.0288552045822144
	1.0288527011871338
	1.0288641452789307
	1.0288708209991455
	1.0288727283477783
	1.0288740396499634
	1.0288715362548828
	1.0288667678833008
	1.0288714170455933
	1.0288817882537842
	1.0288740396499634
	1.028882622718811
	1.0288827419281006
	1.0288904905319214
	1.028896689414978
	1.0289020538330078
	1.0289167165756226
	1.0289231538772583
	1.028939962387085
	1.0289454460144043
	1.0289565324783325
	1.0289573669433594
	1.028955101966858
	1.0289543867111206
	1.028964877128601
	1.028967261314392
	1.0289738178253174
	1.0289719104766846
	1.02898371219635
	1.0289902687072754
	1.0289963483810425
	1.0289868116378784
	1.0289885997772217
	1.0289885997772217
	1.0289946794509888
	1.0290061235427856
	1.0290167331695557
	1.0290195941925049
	1.0290251970291138
	1.029034972190857
	1.0290451049804688
	1.029054045677185
	1.0290541648864746
	1.0290586948394775
	1.0290676355361938
	1.0290825366973877
	1.0290855169296265
	1.0290935039520264
	1.0291119813919067
	1.0291075706481934
	1.029117226600647
	1.029123067855835
	1.029130458831787
	1.029134750366211
	1.0291403532028198
	1.0291509628295898
	1.0291547775268555
	1.029168963432312
	1.0291695594787598
	1.0291738510131836
	1.0291743278503418
	1.0291739702224731
	1.0291820764541626
	1.029186487197876
	1.029199481010437
	1.029212236404419
	1.0292218923568726
	1.0292247533798218
	1.0292375087738037
	1.0292472839355469
	1.0292500257492065
	1.0292571783065796
	1.0292510986328125
	1.0292571783065796
	1.0292627811431885
	1.0292705297470093
	1.0292754173278809
	1.0292809009552002
	1.0292916297912598
	1.0292973518371582
	1.029304027557373
	1.029308557510376
	1.0293105840682983
	1.0293265581130981
	1.0293405055999756
	1.029346227645874
	1.0293567180633545
	1.0293562412261963
	1.0293622016906738
	1.0293633937835693
	1.0293718576431274
	1.0293822288513184
	1.029388189315796
	1.029402732849121
	1.0294173955917358
	1.0294270515441895
	1.0294438600540161
	1.0294559001922607
	1.029477596282959
	1.0294947624206543
	1.0295095443725586
	1.02950918674469
	1.0295137166976929
	1.0295311212539673
	1.0295403003692627
	1.0295544862747192
	1.0295624732971191
	1.0295627117156982
	1.0295642614364624
	1.0295662879943848
	1.0295792818069458
	1.0295960903167725
	1.0296061038970947
	1.0296190977096558
	1.0296363830566406
	1.0296478271484375
	1.0296611785888672
	1.0296677350997925
	1.0296738147735596
	1.0296813249588013
	1.0296847820281982
	1.0296962261199951
	1.0297105312347412
	1.0297188758850098
	1.0297276973724365
	1.0297316312789917
	1.029733419418335
	1.0297540426254272
	1.029760479927063
	1.029775619506836
	1.0297796726226807
	1.029788851737976
	1.0298082828521729
	1.0298179388046265
	1.0298367738723755
	1.0298444032669067
	1.0298537015914917
	1.029855728149414
	1.0298634767532349
	1.0298771858215332
	1.0298852920532227
	1.0298913717269897
	1.0299084186553955
	1.0299229621887207
	1.0299335718154907
	1.029944658279419
	1.0299535989761353
	1.0299689769744873
	1.0299819707870483
	1.0299832820892334
	1.0299841165542603
	1.0299946069717407
	1.0300064086914062
	1.0300213098526
	1.0300374031066895
	1.0300402641296387
	1.030045747756958
	1.0300629138946533
	1.0300720930099487
	1.0300761461257935
	1.030082106590271
	1.030097246170044
	1.0301116704940796
	1.0301296710968018
	1.0301408767700195
	1.0301614999771118
	1.0301657915115356
	1.0301792621612549
	1.0302060842514038
	1.0302144289016724
	1.03022038936615
	1.0302294492721558
	1.0302451848983765
	1.0302507877349854
	1.0302677154541016
	1.0302850008010864
	1.0302962064743042
	1.0303066968917847
	1.0303155183792114
	1.0303252935409546
	1.0303421020507812
	1.0303553342819214
	1.0303654670715332
	1.0303714275360107
	1.0303771495819092
	1.0303922891616821
	1.0304018259048462
	1.0304166078567505
	1.0304253101348877
	1.0304341316223145
	1.03044855594635
	1.0304677486419678
	1.0304783582687378
	1.0304970741271973
	1.030513048171997
	1.0305200815200806
	1.0305335521697998
	1.0305460691452026
	1.0305663347244263
	1.0305790901184082
	1.0305992364883423
	1.030609130859375
	1.030618667602539
	1.030625343322754
	1.0306378602981567
	1.030657172203064
	1.030666708946228
	1.0306659936904907
	1.030685544013977
	1.030696153640747
	1.0307016372680664
	1.030710220336914
	1.0307114124298096
	1.0307328701019287
	1.0307447910308838
	1.0307581424713135
	1.0307676792144775
	1.0307930707931519
	1.0308151245117188
	1.0308253765106201
	1.0308387279510498
	1.0308548212051392
	1.0308674573898315
	1.0308828353881836
	1.0308971405029297
	1.0309033393859863
	1.0309127569198608
	1.0309264659881592
	1.0309382677078247
	1.030959129333496
	1.03096604347229
	1.030979037284851
	1.0309844017028809
	1.030997633934021
	1.0310099124908447
	1.0310248136520386
	1.031036138534546
	1.0310580730438232
	1.0310724973678589
	1.03108811378479
	1.0310848951339722
	1.031098484992981
	1.0311177968978882
	1.0311390161514282
	1.0311614274978638
	1.0311744213104248
	1.0311743021011353
	1.031191110610962
	1.031205177307129
	1.0312172174453735
	1.0312278270721436
	1.0312390327453613
	1.0312671661376953
	1.0312747955322266
	1.031288743019104
	1.0312893390655518
	1.031311273574829
	1.0313247442245483
	1.031332015991211
	1.0313504934310913
	1.0313560962677002
	1.0313726663589478
	1.0313977003097534
	1.0314115285873413
	1.0314295291900635
	1.031460165977478
	1.0314760208129883
	1.0314940214157104
	1.031517505645752
	1.0315372943878174
	1.03155517578125
	1.0315665006637573
	1.031577706336975
	1.031585693359375
	1.0316016674041748
	1.0316193103790283
	1.031630516052246
	1.031644582748413
	1.031663417816162
	1.03167724609375
	1.0316938161849976
	1.031710147857666
	1.0317164659500122
	1.031724452972412
	1.0317447185516357
	1.0317519903182983
	1.0317591428756714
	1.0317775011062622
	1.031806468963623
	1.0318187475204468
	1.0318429470062256
	1.0318653583526611
	1.0318793058395386
	1.0319002866744995
	1.0319170951843262
	1.031926155090332
	1.0319494009017944
	1.0319640636444092
	1.0319766998291016
	1.0319874286651611
	1.0320050716400146
	1.0320219993591309
	1.0320361852645874
	1.0320490598678589
	1.0320740938186646
	1.0320796966552734
	1.032089114189148
	1.0321100950241089
	1.032119870185852
	1.032131314277649
	1.0321415662765503
	1.032158374786377
	1.0321708917617798
	1.0321884155273438
	1.0322071313858032
	1.0322190523147583
	1.032240867614746
	1.032254695892334
	1.0322742462158203
	1.0322859287261963
	1.0322933197021484
	1.032310128211975
	1.0323219299316406
	1.0323394536972046
	1.032357096672058
	1.0323723554611206
	1.0323896408081055
	1.0324138402938843
	1.0324257612228394
	1.0324580669403076
	1.0324795246124268
	1.0324934720993042
	1.0324989557266235
	1.03251051902771
	1.032533049583435
	1.032550573348999
	1.0325706005096436
	1.0325956344604492
	1.0325950384140015
	1.0326110124588013
	1.0326216220855713
	1.032641053199768
	1.0326604843139648
	1.0326721668243408
	1.0326941013336182
	1.032706379890442
	1.0327364206314087
	1.0327540636062622
	1.0327589511871338
	1.032768964767456
	1.0327812433242798
	1.0327985286712646
	1.0328130722045898
	1.0328309535980225
	1.0328418016433716
	1.0328590869903564
	1.0328736305236816
	1.0328822135925293
	1.032899260520935
	1.03291654586792
	1.0329310894012451
	1.032952904701233
	1.0329649448394775
	1.032984733581543
	1.0329993963241577
	1.033006191253662
	1.0330334901809692
	1.0330487489700317
	1.0330561399459839
	1.0330671072006226
	1.0330843925476074
	1.0331028699874878
	1.0331218242645264
	1.0331252813339233
	1.033138632774353
	1.0331486463546753
	1.033178448677063
	1.0332038402557373
	1.0332170724868774
	1.0332330465316772
	1.0332518815994263
	1.03327476978302
	1.0332869291305542
	1.033300757408142
	1.0333077907562256
	1.0333170890808105
	1.0333267450332642
	1.0333501100540161
	1.0333662033081055
	1.0333807468414307
	1.0333961248397827
	1.033411979675293
	1.033422827720642
	1.0334404706954956
	1.0334552526474
	1.0334701538085938
	1.0334759950637817
	1.03349769115448
	1.0335084199905396
	1.0335330963134766
	1.0335545539855957
	1.0335712432861328
	1.0335793495178223
	1.033597707748413
	1.0336134433746338
	1.0336315631866455
	1.033646821975708
	1.033664345741272
	1.033682942390442
	1.0336884260177612
	1.033699870109558
	1.0337225198745728
	1.0337402820587158
	1.0337544679641724
	1.0337666273117065
	1.0337908267974854
	1.0338006019592285
	1.0338184833526611
	1.0338517427444458
	1.033868670463562
	1.033896565437317
	1.0339139699935913
	1.0339380502700806
	1.0339584350585938
	1.0339785814285278
	1.0339953899383545
	1.0340099334716797
	1.034022331237793
	1.0340384244918823
	1.0340592861175537
	1.0340676307678223
	1.0340678691864014
	1.0340765714645386
	1.0340973138809204
	1.034097671508789
	1.034108281135559
	1.0341190099716187
	1.0341439247131348
	1.0341614484786987
	1.0341840982437134
	1.034197449684143
	1.0342121124267578
	1.0342321395874023
	1.0342588424682617
	1.034263253211975
	1.034277319908142
	1.0343012809753418
	1.034319281578064
	1.03434157371521
	1.0343552827835083
	1.0343824625015259
	1.0343962907791138
	1.0344172716140747
	1.0344343185424805
	1.0344421863555908
	1.0344593524932861
	1.0344659090042114
	1.0344825983047485
	1.0344972610473633
	1.0345056056976318
	1.0345215797424316
	1.0345323085784912
	1.0345464944839478
	1.034556269645691
	1.03456711769104
	1.0345914363861084
	1.0345994234085083
	1.0346063375473022
	1.034629464149475
	1.034645915031433
	1.034670352935791
	1.0346883535385132
	1.034712791442871
	1.0347301959991455
	1.034744143486023
	1.0347583293914795
	1.034777045249939
	1.0347872972488403
	1.0348001718521118
	1.03482186794281
	1.0348396301269531
	1.034850835800171
	1.0348676443099976
	1.0348743200302124
	1.03489351272583
	1.0349080562591553
	1.0349230766296387
	1.034934163093567
	1.0349515676498413
	1.0349668264389038
	1.0349876880645752
	1.0350035429000854
	1.0350290536880493
	1.0350353717803955
	1.0350438356399536
	1.03505277633667
	1.0350720882415771
	1.0350737571716309
	1.0350847244262695
	1.0351096391677856
	1.035130262374878
	1.0351481437683105
	1.0351675748825073
	1.0351933240890503
	1.0352108478546143
	1.0352312326431274
	1.0352586507797241
	1.0352764129638672
	1.035290241241455
	1.0353034734725952
	1.0353209972381592
	1.0353379249572754
	1.0353507995605469
	1.035374402999878
	1.0353882312774658
	1.0354033708572388
	1.0354150533676147
	1.0354390144348145
	1.0354554653167725
	1.035464882850647
	1.0354890823364258
	1.035499095916748
	1.035522222518921
	1.0355494022369385
	1.0355687141418457
	1.0355943441390991
	1.0356032848358154
	1.0356084108352661
	1.0356208086013794
	1.0356348752975464
	1.0356558561325073
	1.0356742143630981
	1.0356781482696533
	1.0356982946395874
	1.0357239246368408
	1.0357444286346436
	1.0357697010040283
	1.0357898473739624
	1.035803198814392
	1.035823941230774
	1.0358322858810425
	1.0358506441116333
	1.0358786582946777
	1.0358864068984985
	1.0358966588974
	1.035920262336731
	1.0359375476837158
	1.035963773727417
	1.0359878540039062
	1.0360081195831299
	1.0360280275344849
	1.0360366106033325
	1.036068320274353
	1.036080002784729
	1.0360914468765259
	1.03610360622406
	1.0361167192459106
	1.0361312627792358
	1.0361441373825073
	1.036159873008728
	1.0361745357513428
	1.0361831188201904
	1.036208152770996
	1.036238670349121
	1.0362436771392822
	1.0362621545791626
	1.036274790763855
	1.0362838506698608
	1.0363130569458008
	1.0363342761993408
	1.0363465547561646
	1.0363701581954956
	1.0363919734954834
	1.036414384841919
	1.0364269018173218
	1.036437749862671
	1.0364680290222168
	1.0364772081375122
	1.0364916324615479
	1.036494255065918
	1.0365257263183594
	1.0365476608276367
	1.0365571975708008
	1.0365797281265259
	1.0365982055664062
	1.036607265472412
	1.0366334915161133
	1.036656141281128
	1.036680817604065
	1.036690592765808
	1.0367095470428467
	1.0367276668548584
	1.0367487668991089
	1.0367659330368042
	1.036791443824768
	1.0368043184280396
	1.0368273258209229
	1.0368461608886719
	1.036858320236206
	1.0368655920028687
	1.0368874073028564
	1.0369077920913696
	1.0369248390197754
	1.036941409111023
	1.036952257156372
	1.0369703769683838
	1.0369857549667358
	1.0370067358016968
	1.0370267629623413
	1.0370527505874634
	1.0370683670043945
	1.0370813608169556
	1.0371010303497314
	1.0371253490447998
	1.0371448993682861
	1.037166953086853
	1.0371891260147095
	1.0372120141983032
	1.0372205972671509
	1.037237286567688
	1.0372438430786133
	1.0372593402862549
	1.0372692346572876
	1.0372892618179321
	1.0373018980026245
	1.037308931350708
	1.0373287200927734
	1.0373493432998657
	1.037359356880188
	1.0373761653900146
	1.0373982191085815
	1.0374165773391724
	1.0374342203140259
	1.0374400615692139
	1.0374623537063599
	1.0374866724014282
	1.0374925136566162
	1.0375008583068848
	1.037509799003601
	1.0375357866287231
	1.037535309791565
	1.0375471115112305
	1.0375694036483765
	1.0375779867172241
	1.0375980138778687
	1.0376056432724
	1.0376216173171997
	1.0376341342926025
	1.0376384258270264
	1.037651777267456
	1.0376611948013306
	1.0376805067062378
	1.0377050638198853
	1.0377200841903687
	1.0377298593521118
	1.0377496480941772
	1.037762999534607
	1.0377826690673828
	1.0378079414367676
	1.0378289222717285
	1.0378507375717163
	1.0378661155700684
	1.037876844406128
	1.0378950834274292
	1.0379250049591064
	1.037930965423584
	1.0379424095153809
	1.0379546880722046
	1.0379738807678223
	1.0379856824874878
	1.0379904508590698
	1.0380158424377441
	1.0380312204360962
	1.0380443334579468
	1.0380542278289795
	1.0380617380142212
	1.0380678176879883
	1.0380851030349731
	1.0381014347076416
	1.0381190776824951
	1.0381296873092651
	1.0381455421447754
	1.0381604433059692
	1.0381721258163452
	1.0381892919540405
	1.038200855255127
	1.0382136106491089
	1.0382328033447266
	1.0382541418075562
	1.0382736921310425
	1.038291096687317
	1.0383076667785645
	1.0383167266845703
	1.0383516550064087
	1.038367509841919
	1.038386583328247
	1.0384074449539185
	1.038416862487793
	1.038437843322754
	1.0384405851364136
	1.0384633541107178
	1.0384976863861084
	1.038513422012329
	1.0385304689407349
	1.0385441780090332
	1.0385591983795166
	1.0385816097259521
	1.03859281539917
	1.0386111736297607
	1.0386284589767456
	1.0386544466018677
	1.0386658906936646
	1.0386793613433838
	1.0386896133422852
	1.0387070178985596
	1.0387260913848877
	1.038746953010559
	1.038763403892517
	1.0387808084487915
	1.0388017892837524
	1.0388211011886597
	1.038840413093567
	1.0388661623001099
	1.0388829708099365
	1.0388875007629395
	1.0389009714126587
	1.0389182567596436
	1.0389268398284912
	1.0389461517333984
	1.0389618873596191
	1.038973093032837
	1.0389882326126099
	1.0389946699142456
	1.0390026569366455
	1.039033055305481
	1.0390437841415405
	1.0390580892562866
	1.0390706062316895
	1.0390878915786743
	1.0390976667404175
	1.03911554813385
	1.0391392707824707
	1.0391494035720825
	1.0391571521759033
	1.0391831398010254
	1.0391905307769775
	1.0392037630081177
	1.0392041206359863
	1.0392245054244995
	1.0392276048660278
	1.0392417907714844
	1.0392552614212036
	1.039268136024475
	1.0392767190933228
	1.0392911434173584
	1.0393059253692627
	1.0393108129501343
	1.0393197536468506
	1.0393396615982056
	1.0393590927124023
	1.0393680334091187
	1.0393823385238647
	1.0394014120101929
	1.0394134521484375
	1.0394346714019775
	1.0394450426101685
	1.0394628047943115
	1.039475440979004
	1.0394819974899292
	1.0394988059997559
	1.0395089387893677
	1.0395232439041138
	1.0395309925079346
	1.0395468473434448
	1.0395549535751343
	1.0395768880844116
	1.0396010875701904
	1.0396101474761963
	1.0396212339401245
	1.0396360158920288
	1.0396517515182495
	1.0396777391433716
	1.039687991142273
	1.0397034883499146
	1.0397220849990845
	1.0397396087646484
	1.039766788482666
	1.0397993326187134
	1.0398155450820923
	1.0398240089416504
	1.0398364067077637
	1.0398398637771606
	1.0398566722869873
	1.0398731231689453
	1.0398868322372437
	1.0399197340011597
	1.0399365425109863
	1.0399531126022339
	1.0399609804153442
	1.0399699211120605
	1.0399850606918335
	1.0400035381317139
	1.040016531944275
	1.0400291681289673
	1.0400391817092896
	1.0400516986846924
	1.0400551557540894
	1.0400723218917847
	1.0400946140289307
	1.040102243423462
	1.040118932723999
	1.040142297744751
	1.040158748626709
	1.0401757955551147
	1.0401887893676758
	1.0402003526687622
	1.0402178764343262
	1.0402292013168335
	1.04024076461792
	1.0402621030807495
	1.0402650833129883
	1.0402804613113403
	1.0402966737747192
	1.0403177738189697
	1.0403125286102295
	1.040324330329895
	1.0403469800949097
	1.0403690338134766
	1.040386438369751
	1.0403934717178345
	1.0404003858566284
	1.04041588306427
	1.04042387008667
	1.04043710231781
	1.040456771850586
	1.0404789447784424
	1.0405064821243286
	1.0405083894729614
	1.0405206680297852
	1.0405327081680298
	1.0405417680740356
	1.0405579805374146
	1.0405848026275635
	1.0405983924865723
	1.0406124591827393
	1.0406237840652466
	1.0406389236450195
	1.0406533479690552
	1.0406616926193237
	1.0406774282455444
	1.0406914949417114
	1.040695309638977
	1.0407092571258545
	1.040715217590332
	1.0407320261001587
	1.0407425165176392
	1.0407582521438599
	1.040768027305603
	1.040787935256958
	1.0408040285110474
	1.0408202409744263
	1.0408484935760498
	1.0408697128295898
	1.040894865989685
	1.040915846824646
	1.0409119129180908
	1.0409150123596191
	1.040937066078186
	1.0409486293792725
	1.0409643650054932
	1.0409775972366333
	1.0409923791885376
	1.041002631187439
	1.0410113334655762
	1.0410276651382446
	1.041031002998352
	1.041046142578125
	1.041063904762268
	1.0410821437835693
	1.0410853624343872
	1.0411072969436646
	1.0411170721054077
	1.0411323308944702
	1.041148066520691
	1.0411406755447388
	1.0411455631256104
	1.0411598682403564
	1.0411652326583862
	1.0411732196807861
	1.041187047958374
	1.0411961078643799
	1.0412098169326782
	1.0412251949310303
	1.0412335395812988
	1.041250228881836
	1.041271448135376
	1.0412943363189697
	1.0413093566894531
	1.0413187742233276
	1.0413316488265991
	1.0413450002670288
	1.0413475036621094
	1.0413583517074585
	1.0413706302642822
	1.0413883924484253
	1.0413955450057983
	1.041405200958252
	1.0414282083511353
	1.0414456129074097
	1.0414589643478394
	1.0414708852767944
	1.0414751768112183
	1.0414916276931763
	1.0415120124816895
	1.041524887084961
	1.0415383577346802
	1.0415550470352173
	1.0415705442428589
	1.0415831804275513
	1.0415987968444824
	1.041609764099121
	1.0416263341903687
	1.0416394472122192
	1.0416492223739624
	1.0416628122329712
	1.041676640510559
	1.0417025089263916
	1.041720986366272
	1.0417274236679077
	1.041744589805603
	1.0417580604553223
	1.0417803525924683
	1.041797161102295
	1.0418126583099365
	1.0418200492858887
	1.0418329238891602
	1.0418485403060913
	1.0418533086776733
	1.0418649911880493
	1.041885495185852
	1.0418922901153564
	1.0418987274169922
	1.0419096946716309
	1.0419350862503052
	1.041946530342102
	1.0419586896896362
	1.0419743061065674
	1.041983962059021
	1.0419938564300537
	1.042016625404358
	1.0420421361923218
	1.042060375213623
	1.04208242893219
	1.0420948266983032
	1.0421046018600464
	1.0421195030212402
	1.0421315431594849
	1.0421422719955444
	1.0421491861343384
	1.0421664714813232
	1.0421892404556274
	1.0421903133392334
	1.0422115325927734
	1.0422192811965942
	1.042234182357788
	1.0422495603561401
	1.0422649383544922
	1.042276382446289
	1.0422852039337158
	1.0422841310501099
	1.0422981977462769
	1.0423132181167603
	1.0423309803009033
	1.0423405170440674
	1.0423609018325806
	1.0423606634140015
	1.0423792600631714
	1.0423921346664429
	1.0424017906188965
	1.0424140691757202
	1.0424280166625977
	1.04243803024292
	1.0424569845199585
	1.04246985912323
	1.0424860715866089
	1.0425145626068115
	1.0425283908843994
	1.0425398349761963
	1.0425504446029663
	1.0425550937652588
	1.0425786972045898
	1.0425870418548584
	1.042593002319336
	1.0426040887832642
	1.0425969362258911
	1.0426069498062134
	1.0426156520843506
	1.0426353216171265
	1.0426479578018188
	1.0426584482192993
	1.0426613092422485
	1.0426982641220093
	1.0426985025405884
	1.0427123308181763
	1.042739987373352
	1.0427559614181519
	1.0427682399749756
	1.0427758693695068
	1.042788028717041
	1.0427937507629395
	1.0428084135055542
	1.042818307876587
	1.04282546043396
	1.0428165197372437
	1.0428285598754883
	1.0428353548049927
	1.0428451299667358
	1.042851448059082
	1.0428659915924072
	1.0428744554519653
	1.0428683757781982
	1.04287588596344
	1.0428858995437622
	1.0429048538208008
	1.0429105758666992
	1.0429269075393677
	1.0429189205169678
	1.0429304838180542
	1.0429468154907227
	1.0429633855819702
	1.0429809093475342
	1.0429985523223877
	1.043018102645874
	1.0430269241333008
	1.0430244207382202
	1.0430355072021484
	1.0430225133895874
	1.043036937713623
	1.0430428981781006
	1.0430419445037842
	1.0430536270141602
	1.0430574417114258
	1.043068766593933
	1.043076515197754
	1.0430850982666016
	1.0430934429168701
	1.0430996417999268
	1.043115496635437
	1.0431252717971802
	1.043137788772583
	1.0431445837020874
	1.043152093887329
	1.0431658029556274
	1.0431785583496094
	1.0431808233261108
	1.0431923866271973
	1.0432171821594238
	1.0432320833206177
	1.0432398319244385
	1.0432523488998413
	1.0432616472244263
	1.043257474899292
	1.0432701110839844
	1.0432709455490112
	1.0432617664337158
	1.043245553970337
	1.0432590246200562
	1.0432701110839844
	1.0432751178741455
	1.0432902574539185
	1.0433034896850586
	1.0433191061019897
	1.043331265449524
	1.043349266052246
	1.0433595180511475
	1.0433729887008667
	1.0433791875839233
	1.0433955192565918
	1.0433971881866455
	1.043408989906311
	1.0434261560440063
	1.0434449911117554
	1.043451189994812
	1.0434526205062866
	1.0434752702713013
	1.0434938669204712
	1.0434900522232056
	1.0435093641281128
	1.0435065031051636
	1.043520450592041
	1.0435391664505005
	1.0435588359832764
	1.0435742139816284
	1.0435868501663208
	1.043589472770691
	1.0435981750488281
	1.0436005592346191
	1.0436122417449951
	1.0436207056045532
	1.0436375141143799
	1.04364812374115
	1.0436458587646484
	1.0436770915985107
	1.043697476387024
	1.0437010526657104
	1.0437182188034058
	1.0437183380126953
	1.043718934059143
	1.0437086820602417
	1.0437273979187012
	1.0437486171722412
	1.0437486171722412
	1.0437606573104858
	1.043765902519226
	1.0437785387039185
	1.0437994003295898
	1.0438001155853271
	1.0438179969787598
	1.0438282489776611
	1.0438417196273804
	1.0438494682312012
	1.0438610315322876
	1.0438729524612427
	1.0438849925994873
	1.0438849925994873
	1.0438857078552246
	1.0438817739486694
	1.0438979864120483
	1.0439070463180542
	1.0439176559448242
	1.0439344644546509
	1.0439412593841553
	1.0439534187316895
	1.0439531803131104
	1.0439597368240356
	1.043978214263916
	1.04398775100708
	1.0439878702163696
	1.0439889430999756
	1.0440053939819336
	1.0440263748168945
	1.0440243482589722
	1.0440354347229004
]