[
	1.24405038356781
	1.2438342571258545
	1.243614912033081
	1.2433977127075195
	1.2431833744049072
	1.2429603338241577
	1.2427445650100708
	1.242517113685608
	1.2423056364059448
	1.2420786619186401
	1.241854190826416
	1.2416284084320068
	1.2414207458496094
	1.2411998510360718
	1.2409721612930298
	1.240756630897522
	1.2405425310134888
	1.2403196096420288
	1.2401123046875
	1.2399007081985474
	1.2396882772445679
	1.2394767999649048
	1.2392646074295044
	1.2390687465667725
	1.2388529777526855
	1.238646149635315
	1.2384507656097412
	1.238234281539917
	1.2380226850509644
	1.2378004789352417
	1.2376034259796143
	1.237398386001587
	1.2371934652328491
	1.2369731664657593
	1.2367640733718872
	1.23656165599823
	1.236367106437683
	1.2361644506454468
	1.2359627485275269
	1.2357593774795532
	1.2355469465255737
	1.2353355884552002
	1.2351315021514893
	1.2349307537078857
	1.2347468137741089
	1.2345426082611084
	1.2343426942825317
	1.2341463565826416
	1.2339417934417725
	1.2337379455566406
	1.233528733253479
	1.2333377599716187
	1.2331429719924927
	1.23293137550354
	1.2327326536178589
	1.2325389385223389
	1.23235285282135
	1.2321468591690063
	1.2319411039352417
	1.2317413091659546
	1.2315607070922852
	1.2313743829727173
	1.2311688661575317
	1.2309707403182983
	1.2307897806167603
	1.230599284172058
	1.230417013168335
	1.230242371559143
	1.2300459146499634
	1.2298563718795776
	1.2296663522720337
	1.229477047920227
	1.2292888164520264
	1.2290947437286377
	1.2289094924926758
	1.2287248373031616
	1.2285475730895996
	1.2283625602722168
	1.228190541267395
	1.2280077934265137
	1.2278286218643188
	1.227655053138733
	1.2274686098098755
	1.227292776107788
	1.2271093130111694
	1.2269337177276611
	1.2267730236053467
	1.2266018390655518
	1.2264230251312256
	1.2262392044067383
	1.2260584831237793
	1.225900650024414
	1.2257386445999146
	1.2255680561065674
	1.2253929376602173
	1.2252216339111328
	1.2250587940216064
	1.224886417388916
	1.2247209548950195
	1.2245477437973022
	1.2243751287460327
	1.2242231369018555
	1.2240657806396484
	1.2238882780075073
	1.223706603050232
	1.2235426902770996
	1.2233822345733643
	1.2232125997543335
	1.2230440378189087
	1.2228657007217407
	1.2226978540420532
	1.2225403785705566
	1.2223916053771973
	1.222235083580017
	1.2220762968063354
	1.2219247817993164
	1.221767783164978
	1.2216061353683472
	1.2214624881744385
	1.2213127613067627
	1.2211644649505615
	1.2209887504577637
	1.2208184003829956
	1.2206664085388184
	1.220517635345459
	1.2203582525253296
	1.2202060222625732
	1.2200474739074707
	1.2198963165283203
	1.2197352647781372
	1.219584584236145
	1.2194494009017944
	1.2193125486373901
	1.2191650867462158
	1.2190024852752686
	1.2188464403152466
	1.2186815738677979
	1.2185440063476562
	1.2184028625488281
	1.2182551622390747
	1.2181134223937988
	1.2179659605026245
	1.217833161354065
	1.2176837921142578
	1.2175456285476685
	1.2173957824707031
	1.2172627449035645
	1.217125415802002
	1.2169727087020874
	1.216814398765564
	1.2166823148727417
	1.2165324687957764
	1.2163976430892944
	1.2162734270095825
	1.2161363363265991
	1.2159981727600098
	1.2158591747283936
	1.2157200574874878
	1.215579867362976
	1.2154492139816284
	1.215316891670227
	1.2151821851730347
	1.2150425910949707
	1.2148953676223755
	1.2147804498672485
	1.214645266532898
	1.2145144939422607
	1.2143687009811401
	1.2142263650894165
	1.2141047716140747
	1.2139606475830078
	1.2138336896896362
	1.2136890888214111
	1.21356999874115
	1.2134392261505127
	1.21329665184021
	1.213153600692749
	1.213023066520691
	1.2129119634628296
	1.2127759456634521
	1.2126418352127075
	1.2125095129013062
	1.2123851776123047
	1.2122511863708496
	1.2121319770812988
	1.211998462677002
	1.211870789527893
	1.2117353677749634
	1.2115957736968994
	1.2114659547805786
	1.2113419771194458
	1.2112033367156982
	1.211077332496643
	1.2109565734863281
	1.2108217477798462
	1.2107115983963013
	1.2105950117111206
	1.2104638814926147
	1.2103410959243774
	1.210231065750122
	1.2101099491119385
	1.2099837064743042
	1.2098677158355713
	1.20974600315094
	1.2096257209777832
	1.2095067501068115
	1.2093783617019653
	1.2092602252960205
	1.2091294527053833
	1.2090075016021729
	1.2088847160339355
	1.2087644338607788
	1.208640694618225
	1.2085179090499878
	1.2083896398544312
	1.2082860469818115
	1.2081676721572876
	1.2080525159835815
	1.20792555809021
	1.2078053951263428
	1.2077003717422485
	1.207586646080017
	1.2074761390686035
	1.2073683738708496
	1.2072497606277466
	1.2071363925933838
	1.2070109844207764
	1.2069048881530762
	1.2067803144454956
	1.2066694498062134
	1.2065510749816895
	1.2064433097839355
	1.2063336372375488
	1.2062164545059204
	1.2060903310775757
	1.205989122390747
	1.2058894634246826
	1.205778956413269
	1.2056721448898315
	1.2055622339248657
	1.205451250076294
	1.205346703529358
	1.205236554145813
	1.2051373720169067
	1.205047845840454
	1.2049323320388794
	1.2048203945159912
	1.2047113180160522
	1.204588770866394
	1.2044733762741089
	1.204367995262146
	1.2042557001113892
	1.2041566371917725
	1.2040468454360962
	1.203940749168396
	1.203840970993042
	1.2037255764007568
	1.2036393880844116
	1.2035413980484009
	1.2034339904785156
	1.2033376693725586
	1.2032307386398315
	1.2031264305114746
	1.2030260562896729
	1.2029292583465576
	1.2028350830078125
	1.2027461528778076
	1.202653408050537
	1.202545404434204
	1.202444076538086
	1.2023358345031738
	1.202237606048584
	1.2021452188491821
	1.202039122581482
	1.201935052871704
	1.2018406391143799
	1.2017468214035034
	1.2016428709030151
	1.2015451192855835
	1.2014384269714355
	1.2013460397720337
	1.201245903968811
	1.2011431455612183
	1.2010390758514404
	1.200949788093567
	1.200851321220398
	1.2007579803466797
	1.2006553411483765
	1.2005627155303955
	1.200468897819519
	1.2003839015960693
	1.2002760171890259
	1.2001698017120361
	1.2000759840011597
	1.1999754905700684
	1.1998813152313232
	1.1997991800308228
	1.199711799621582
	1.199621558189392
	1.1995352506637573
	1.199441909790039
	1.1993476152420044
	1.1992536783218384
	1.1991631984710693
	1.1990783214569092
	1.1989952325820923
	1.1989092826843262
	1.1988171339035034
	1.1987364292144775
	1.1986474990844727
	1.1985591650009155
	1.1984646320343018
	1.1983908414840698
	1.1983004808425903
	1.1982076168060303
	1.1981152296066284
	1.1980270147323608
	1.197940707206726
	1.1978477239608765
	1.1977635622024536
	1.1976795196533203
	1.1975876092910767
	1.1975022554397583
	1.1974092721939087
	1.1973230838775635
	1.1972486972808838
	1.1971631050109863
	1.197083592414856
	1.197005271911621
	1.196925401687622
	1.1968351602554321
	1.1967494487762451
	1.1966756582260132
	1.196580410003662
	1.1965035200119019
	1.1964226961135864
	1.1963404417037964
	1.1962558031082153
	1.196176290512085
	1.1960862874984741
	1.1960046291351318
	1.1959162950515747
	1.19583261013031
	1.1957428455352783
	1.1956689357757568
	1.1955901384353638
	1.1955164670944214
	1.1954387426376343
	1.1953601837158203
	1.1952755451202393
	1.1951993703842163
	1.1951185464859009
	1.1950318813323975
	1.1949530839920044
	1.1948665380477905
	1.194779396057129
	1.1947027444839478
	1.1946245431900024
	1.1945537328720093
	1.1944835186004639
	1.1944013833999634
	1.1943334341049194
	1.1942514181137085
	1.1941720247268677
	1.1941016912460327
	1.1940194368362427
	1.193945288658142
	1.1938488483428955
	1.193777322769165
	1.1936935186386108
	1.1936125755310059
	1.1935263872146606
	1.1934577226638794
	1.1933813095092773
	1.1933077573776245
	1.1932276487350464
	1.19315505027771
	1.1930713653564453
	1.1929869651794434
	1.1929125785827637
	1.1928353309631348
	1.1927629709243774
	1.1926888227462769
	1.1926146745681763
	1.1925394535064697
	1.1924577951431274
	1.1923726797103882
	1.1923022270202637
	1.1922328472137451
	1.1921627521514893
	1.1920901536941528
	1.1920115947723389
	1.1919443607330322
	1.1918710470199585
	1.1918011903762817
	1.1917308568954468
	1.1916807889938354
	1.1916019916534424
	1.1915282011032104
	1.1914573907852173
	1.1913909912109375
	1.191306710243225
	1.1912307739257812
	1.1911743879318237
	1.1910938024520874
	1.1910191774368286
	1.190952181816101
	1.1908774375915527
	1.1908127069473267
	1.1907408237457275
	1.1906812191009521
	1.1906182765960693
	1.1905527114868164
	1.1904823780059814
	1.1904112100601196
	1.1903483867645264
	1.1902674436569214
	1.1902060508728027
	1.190139651298523
	1.1900672912597656
	1.19001305103302
	1.189950704574585
	1.1898795366287231
	1.189807415008545
	1.1897379159927368
	1.1896742582321167
	1.1896154880523682
	1.1895428895950317
	1.1894770860671997
	1.189422607421875
	1.189354658126831
	1.1892855167388916
	1.1892142295837402
	1.1891462802886963
	1.1890816688537598
	1.189005732536316
	1.1889363527297974
	1.1888686418533325
	1.188810110092163
	1.1887385845184326
	1.1886801719665527
	1.1886138916015625
	1.1885440349578857
	1.1884819269180298
	1.1884163618087769
	1.18834388256073
	1.1882758140563965
	1.188209056854248
	1.188137412071228
	1.188076138496399
	1.1880167722702026
	1.1879559755325317
	1.1878935098648071
	1.1878271102905273
	1.1877645254135132
	1.1876951456069946
	1.1876360177993774
	1.1875742673873901
	1.1875121593475342
	1.187455415725708
	1.1873910427093506
	1.1873242855072021
	1.1872682571411133
	1.1872061491012573
	1.18715238571167
	1.1870970726013184
	1.187034010887146
	1.1869772672653198
	1.1869107484817505
	1.1868462562561035
	1.1867849826812744
	1.186720848083496
	1.186661958694458
	1.186598539352417
	1.1865378618240356
	1.1864770650863647
	1.1864153146743774
	1.1863478422164917
	1.1862900257110596
	1.1862281560897827
	1.1861634254455566
	1.1861002445220947
	1.1860438585281372
	1.1859999895095825
	1.1859315633773804
	1.1858736276626587
	1.185817837715149
	1.1857577562332153
	1.1856837272644043
	1.1856215000152588
	1.185564637184143
	1.185512900352478
	1.1854547262191772
	1.1854074001312256
	1.1853537559509277
	1.185302734375
	1.1852548122406006
	1.1851900815963745
	1.1851271390914917
	1.1850666999816895
	1.1850085258483887
	1.1849437952041626
	1.1848865747451782
	1.184819221496582
	1.1847660541534424
	1.184709072113037
	1.1846472024917603
	1.1845823526382446
	1.1845277547836304
	1.1844643354415894
	1.1844102144241333
	1.1843470335006714
	1.1842942237854004
	1.1842349767684937
	1.1841882467269897
	1.1841316223144531
	1.1840709447860718
	1.1840234994888306
	1.1839596033096313
	1.1839066743850708
	1.1838470697402954
	1.183790922164917
	1.1837440729141235
	1.1836788654327393
	1.183624267578125
	1.1835758686065674
	1.1835253238677979
	1.183480143547058
	1.183428168296814
	1.1833857297897339
	1.1833335161209106
	1.1832876205444336
	1.1832314729690552
	1.1831799745559692
	1.183125376701355
	1.183072566986084
	1.183022379875183
	1.1829614639282227
	1.182908296585083
	1.1828608512878418
	1.1828057765960693
	1.1827532052993774
	1.182701826095581
	1.1826446056365967
	1.1825989484786987
	1.1825560331344604
	1.1825114488601685
	1.1824504137039185
	1.1823970079421997
	1.182342767715454
	1.1822911500930786
	1.1822360754013062
	1.1821943521499634
	1.1821573972702026
	1.1821154356002808
	1.182058572769165
	1.1820201873779297
	1.181976556777954
	1.181920051574707
	1.181870460510254
	1.1818188428878784
	1.1817712783813477
	1.1817272901535034
	1.1816781759262085
	1.181624174118042
	1.1815801858901978
	1.1815297603607178
	1.1814851760864258
	1.18143892288208
	1.1814031600952148
	1.1813582181930542
	1.1813132762908936
	1.1812763214111328
	1.181237816810608
	1.1811888217926025
	1.1811444759368896
	1.1811022758483887
	1.1810556650161743
	1.181013584136963
	1.1809780597686768
	1.1809298992156982
	1.1808842420578003
	1.1808351278305054
	1.1807931661605835
	1.1807515621185303
	1.1807118654251099
	1.1806786060333252
	1.180632472038269
	1.1805983781814575
	1.1805551052093506
	1.180512547492981
	1.1804627180099487
	1.180420994758606
	1.180379033088684
	1.1803399324417114
	1.1802939176559448
	1.1802525520324707
	1.1802164316177368
	1.1801784038543701
	1.180131196975708
	1.1800792217254639
	1.1800363063812256
	1.1799885034561157
	1.1799408197402954
	1.1798996925354004
	1.179855227470398
	1.1798131465911865
	1.1797723770141602
	1.1797279119491577
	1.1796866655349731
	1.1796414852142334
	1.179606556892395
	1.1795597076416016
	1.1795142889022827
	1.1794688701629639
	1.1794226169586182
	1.1793838739395142
	1.1793423891067505
	1.1792991161346436
	1.179256796836853
	1.179208517074585
	1.1791659593582153
	1.179124355316162
	1.1790848970413208
	1.179049015045166
	1.1790146827697754
	1.1789709329605103
	1.1789329051971436
	1.1788965463638306
	1.178856611251831
	1.1788119077682495
	1.1787713766098022
	1.1787327527999878
	1.1787033081054688
	1.1786649227142334
	1.1786280870437622
	1.1785821914672852
	1.178548812866211
	1.178505778312683
	1.178462028503418
	1.1784149408340454
	1.1783771514892578
	1.1783403158187866
	1.1783053874969482
	1.178255319595337
	1.1782196760177612
	1.178176760673523
	1.178141713142395
	1.1780917644500732
	1.178057074546814
	1.178025245666504
	1.1779868602752686
	1.177962303161621
	1.1779271364212036
	1.1778883934020996
	1.1778594255447388
	1.1778281927108765
	1.1777961254119873
	1.1777565479278564
	1.1777299642562866
	1.1776994466781616
	1.1776654720306396
	1.177635669708252
	1.1776121854782104
	1.1775654554367065
	1.1775256395339966
	1.1774853467941284
	1.177445888519287
	1.1774065494537354
	1.1773682832717896
	1.177341103553772
	1.177311897277832
	1.1772804260253906
	1.1772514581680298
	1.1772139072418213
	1.1771794557571411
	1.1771478652954102
	1.1771109104156494
	1.1770915985107422
	1.1770507097244263
	1.1770128011703491
	1.1769752502441406
	1.1769449710845947
	1.1769088506698608
	1.1768823862075806
	1.1768385171890259
	1.176794171333313
	1.1767677068710327
	1.1767375469207764
	1.1767094135284424
	1.1766725778579712
	1.1766337156295776
	1.1766021251678467
	1.1765720844268799
	1.176530361175537
	1.1765005588531494
	1.1764633655548096
	1.1764284372329712
	1.1763875484466553
	1.1763499975204468
	1.1763242483139038
	1.1762949228286743
	1.1762558221817017
	1.1762312650680542
	1.1762018203735352
	1.1761729717254639
	1.1761428117752075
	1.1761143207550049
	1.1760828495025635
	1.1760547161102295
	1.1760225296020508
	1.1759917736053467
	1.1759662628173828
	1.1759250164031982
	1.1758953332901
	1.1758683919906616
	1.1758413314819336
	1.175804853439331
	1.175772786140442
	1.175736427307129
	1.1757032871246338
	1.1756802797317505
	1.1756445169448853
	1.1756207942962646
	1.1755952835083008
	1.1755684614181519
	1.1755372285842896
	1.1755084991455078
	1.1754860877990723
	1.175453543663025
	1.1754226684570312
	1.1753889322280884
	1.1753674745559692
	1.1753443479537964
	1.1753201484680176
	1.1752973794937134
	1.1752569675445557
	1.1752289533615112
	1.175200343132019
	1.1751824617385864
	1.1751621961593628
	1.1751279830932617
	1.1750980615615845
	1.175067663192749
	1.175033688545227
	1.175012230873108
	1.174985647201538
	1.174960732460022
	1.1749335527420044
	1.174912452697754
	1.1748889684677124
	1.1748725175857544
	1.1748491525650024
	1.1748182773590088
	1.1747931241989136
	1.1747658252716064
	1.1747369766235352
	1.1747136116027832
	1.1746917963027954
	1.1746712923049927
	1.174641489982605
	1.1746184825897217
	1.174582600593567
	1.1745630502700806
	1.174540400505066
	1.174509048461914
	1.1744884252548218
	1.1744627952575684
	1.174432635307312
	1.1743992567062378
	1.1743730306625366
	1.1743546724319458
	1.1743358373641968
	1.174315094947815
	1.1743004322052002
	1.1742732524871826
	1.1742475032806396
	1.174220085144043
	1.1741998195648193
	1.1741840839385986
	1.1741585731506348
	1.1741403341293335
	1.174117922782898
	1.1740998029708862
	1.174071192741394
	1.1740460395812988
	1.174023985862732
	1.1739983558654785
	1.173977255821228
	1.1739529371261597
	1.1739329099655151
	1.1738989353179932
	1.1738672256469727
	1.1738473176956177
	1.1738202571868896
	1.1738054752349854
	1.173787236213684
	1.1737747192382812
	1.1737589836120605
	1.1737369298934937
	1.1737041473388672
	1.17367422580719
	1.1736538410186768
	1.1736267805099487
	1.1736141443252563
	1.1735903024673462
	1.1735657453536987
	1.1735433340072632
	1.1735119819641113
	1.1734938621520996
	1.173463225364685
	1.1734390258789062
	1.1734271049499512
	1.1734187602996826
	1.1734000444412231
	1.1733803749084473
	1.1733548641204834
	1.1733355522155762
	1.173302412033081
	1.1732823848724365
	1.173258900642395
	1.1732330322265625
	1.173215627670288
	1.1731995344161987
	1.1731829643249512
	1.1731646060943604
	1.1731390953063965
	1.1731199026107788
	1.1731009483337402
	1.173081874847412
	1.1730560064315796
	1.173040747642517
	1.1730198860168457
	1.1730097532272339
	1.1729873418807983
	1.1729801893234253
	1.1729573011398315
	1.1729445457458496
	1.1729274988174438
	1.1729073524475098
	1.1728869676589966
	1.172877311706543
	1.1728636026382446
	1.172851800918579
	1.172842264175415
	1.1728253364562988
	1.1728127002716064
	1.1728003025054932
	1.1727863550186157
	1.172768473625183
	1.17275071144104
	1.1727263927459717
	1.172700047492981
	1.1726789474487305
	1.1726727485656738
	1.1726535558700562
	1.1726322174072266
	1.172616720199585
	1.1726053953170776
	1.1725879907608032
	1.1725571155548096
	1.1725362539291382
	1.172518014907837
	1.1724988222122192
	1.172493815422058
	1.1724791526794434
	1.172455072402954
	1.1724401712417603
	1.1724295616149902
	1.1724070310592651
	1.172393560409546
	1.1723703145980835
	1.172356367111206
	1.1723394393920898
	1.172329306602478
	1.1723154783248901
	1.1723109483718872
	1.172301173210144
	1.1722910404205322
	1.1722708940505981
	1.1722536087036133
	1.1722368001937866
	1.172224521636963
	1.1722108125686646
	1.1721913814544678
	1.1721770763397217
	1.172165036201477
	1.1721535921096802
	1.17213773727417
	1.1721209287643433
	1.1721148490905762
	1.172106146812439
	1.1720974445343018
	1.1720823049545288
	1.1720725297927856
	1.1720538139343262
	1.1720372438430786
	1.1720248460769653
	1.1720097064971924
	1.1719913482666016
	1.1719785928726196
	1.171962857246399
	1.171945571899414
	1.1719329357147217
	1.1719263792037964
	1.1719162464141846
	1.1719074249267578
	1.171897530555725
	1.1718844175338745
	1.1718648672103882
	1.171844244003296
	1.1718268394470215
	1.1718217134475708
	1.1718113422393799
	1.171802043914795
	1.1717931032180786
	1.1717802286148071
	1.1717792749404907
	1.1717674732208252
	1.171763300895691
	1.171755313873291
	1.1717422008514404
	1.1717256307601929
	1.1717116832733154
	1.1717017889022827
	1.1716930866241455
	1.1716865301132202
	1.1716703176498413
	1.1716687679290771
	1.171657919883728
	1.1716482639312744
	1.1716351509094238
	1.1716253757476807
	1.171608328819275
	1.1715980768203735
	1.1715811491012573
	1.171566128730774
	1.171557068824768
	1.1715418100357056
	1.1715317964553833
	1.1715221405029297
	1.171504259109497
	1.1714996099472046
	1.171483039855957
	1.17146897315979
	1.1714503765106201
	1.171441674232483
	1.1714355945587158
	1.1714260578155518
	1.1714162826538086
	1.1714028120040894
	1.1713995933532715
	1.171388030052185
	1.1713740825653076
	1.1713613271713257
	1.171345591545105
	1.1713310480117798
	1.1713289022445679
	1.1713203191757202
	1.1713052988052368
	1.1713004112243652
	1.171288251876831
	1.1712840795516968
	1.1712727546691895
	1.1712652444839478
	1.1712559461593628
	1.1712466478347778
	1.1712510585784912
	1.171242594718933
	1.171235203742981
	1.1712263822555542
	1.1712086200714111
	1.1711987257003784
	1.1711845397949219
	1.1711784601211548
	1.1711745262145996
	1.1711647510528564
	1.1711522340774536
	1.1711394786834717
	1.171141505241394
	1.1711289882659912
	1.171122670173645
	1.171111822128296
	1.1711000204086304
	1.1710941791534424
	1.1710869073867798
	1.1710814237594604
	1.1710814237594604
	1.1710755825042725
	1.1710745096206665
	1.1710691452026367
	1.1710633039474487
	1.171052098274231
	1.171051263809204
	1.171046495437622
	1.1710426807403564
	1.1710439920425415
	1.171040654182434
	1.171034574508667
	1.171027421951294
	1.1710190773010254
	1.171006202697754
	1.1709880828857422
	1.1709765195846558
	1.17097008228302
	1.1709648370742798
	1.1709575653076172
	1.1709532737731934
	1.1709518432617188
	1.1709458827972412
	1.170944094657898
	1.170947551727295
	1.1709465980529785
	1.1709396839141846
	1.1709346771240234
	1.17093026638031
	1.1709305047988892
	1.1709202527999878
	1.1709190607070923
	1.1709001064300537
	1.1708941459655762
	1.170881748199463
	1.1708720922470093
	1.1708678007125854
	1.1708643436431885
	1.1708601713180542
	1.1708495616912842
	1.1708385944366455
	1.1708412170410156
	1.1708431243896484
	1.170841097831726
	1.1708393096923828
	1.1708335876464844
	1.1708265542984009
	1.1708215475082397
	1.1708163022994995
	1.1708078384399414
	1.1708043813705444
	1.1708042621612549
	1.1708003282546997
	1.1707991361618042
	1.1708014011383057
	1.1707981824874878
	1.1707875728607178
	1.1707775592803955
	1.1707788705825806
	1.170778512954712
	1.170774221420288
	1.1707737445831299
	1.170770525932312
	1.1707658767700195
	1.1707707643508911
	1.170767068862915
	1.1707667112350464
	1.170759916305542
	1.170758843421936
	1.1707630157470703
	1.1707617044448853
	1.170767068862915
	1.170772910118103
	1.1707711219787598
	1.1707772016525269
	1.1707756519317627
	1.1707669496536255
	1.1707637310028076
	1.170759677886963
	1.1707638502120972
	1.1707667112350464
	1.1707611083984375
	1.1707618236541748
	1.170766830444336
	1.1707662343978882
	1.1707686185836792
	1.1707665920257568
	1.1707571744918823
	1.1707521677017212
	1.1707508563995361
	1.1707473993301392
	1.1707465648651123
	1.1707490682601929
	1.1707442998886108
	1.1707494258880615
	1.1707453727722168
	1.1707487106323242
	1.1707459688186646
	1.1707427501678467
	1.1707454919815063
	1.1707395315170288
	1.170738697052002
	1.1707453727722168
	1.1707494258880615
	1.17074453830719
	1.1707485914230347
	1.1707557439804077
	1.1707632541656494
	1.1707632541656494
	1.1707701683044434
	1.1707791090011597
	1.1707743406295776
	1.170788049697876
	1.1707861423492432
	1.1707828044891357
	1.1707708835601807
	1.1707665920257568
	1.1707701683044434
	1.1707719564437866
	1.1707745790481567
	1.170775055885315
	1.1707714796066284
	1.1707760095596313
	1.1707850694656372
	1.1707885265350342
	1.1708000898361206
	1.170801043510437
	1.1708070039749146
	1.1708080768585205
	1.17081880569458
	1.1708128452301025
	1.1708110570907593
	1.1708168983459473
	1.1708147525787354
	1.1708163022994995
	1.170827865600586
	1.1708297729492188
	1.1708290576934814
	1.1708332300186157
	1.1708320379257202
	1.1708323955535889
	1.1708343029022217
	1.1708310842514038
	1.170828938484192
	1.1708258390426636
	1.1708203554153442
	1.17081618309021
	1.1708167791366577
	1.170812964439392
	1.1708118915557861
	1.1708203554153442
	1.170822024345398
	1.1708177328109741
	1.170823097229004
	1.170827031135559
	1.170825481414795
	1.1708348989486694
	1.1708426475524902
	1.1708465814590454
	1.170858383178711
	1.170863389968872
	1.1708641052246094
	1.170863151550293
	1.1708605289459229
	1.170861840248108
	1.1708625555038452
	1.1708706617355347
	1.1708730459213257
	1.1708723306655884
	1.1708675622940063
	1.1708749532699585
	1.1708793640136719
	1.1708781719207764
	1.1708738803863525
	1.1708805561065674
	1.1708868741989136
	1.1708835363388062
	1.170883297920227
	1.1708773374557495
	1.1708815097808838
	1.170888066291809
	1.1708897352218628
	1.1708884239196777
	1.1709022521972656
	1.170906901359558
	1.1709113121032715
	1.1709076166152954
	1.170902132987976
	1.170906662940979
	1.1709065437316895
	1.1709129810333252
	1.170915126800537
	1.170924186706543
	1.1709253787994385
	1.1709305047988892
	1.1709320545196533
	1.170940637588501
	1.1709386110305786
	1.1709383726119995
	1.1709457635879517
	1.1709423065185547
	1.1709494590759277
	1.1709517240524292
	1.1709541082382202
	1.1709568500518799
	1.170965313911438
	1.1709719896316528
	1.1709768772125244
	1.1709799766540527
	1.1709870100021362
	1.170994758605957
	1.1709986925125122
	1.1710009574890137
	1.1710033416748047
	1.1710103750228882
	1.1710267066955566
	1.1710269451141357
	1.1710330247879028
	1.1710383892059326
	1.1710379123687744
	1.1710375547409058
	1.1710330247879028
	1.1710361242294312
	1.1710456609725952
	1.171046257019043
	1.1710513830184937
	1.171052098274231
	1.1710556745529175
	1.1710573434829712
	1.1710675954818726
	1.1710667610168457
	1.1710654497146606
	1.1710689067840576
	1.1710785627365112
	1.1710764169692993
	1.171075463294983
	1.171079397201538
	1.1710845232009888
	1.1710892915725708
	1.1710922718048096
	1.1710846424102783
	1.1710926294326782
	1.1710994243621826
	1.1711080074310303
	1.1711046695709229
	1.1711021661758423
	1.1711058616638184
	1.1711111068725586
	1.171114206314087
	1.1711211204528809
	1.1711229085922241
	1.1711355447769165
	1.1711381673812866
	1.171147346496582
	1.1711493730545044
	1.1711573600769043
	1.1711615324020386
	1.171170711517334
	1.171172857284546
	1.1711686849594116
	1.1711783409118652
	1.1711821556091309
	1.17118501663208
	1.171197533607483
	1.1712074279785156
	1.171209692955017
	1.1712137460708618
	1.1712137460708618
	1.171217918395996
	1.1712257862091064
	1.1712336540222168
	1.1712398529052734
	1.1712465286254883
	1.1712578535079956
	1.1712636947631836
	1.171267032623291
	1.1712727546691895
	1.1712815761566162
	1.1712764501571655
	1.1712925434112549
	1.1712980270385742
	1.1713005304336548
	1.1713004112243652
	1.1713104248046875
	1.171311616897583
	1.1713247299194336
	1.1713290214538574
	1.1713372468948364
	1.1713402271270752
	1.1713573932647705
	1.1713618040084839
	1.1713733673095703
	1.1713902950286865
	1.1713950634002686
	1.1714054346084595
	1.1714117527008057
	1.1714239120483398
	1.1714320182800293
	1.1714435815811157
	1.1714481115341187
	1.171455979347229
	1.1714657545089722
	1.1714750528335571
	1.1714895963668823
	1.1714993715286255
	1.1715104579925537
	1.1715110540390015
	1.1715179681777954
	1.171538233757019
	1.1715461015701294
	1.171553611755371
	1.1715657711029053
	1.1715725660324097
	1.1715878248214722
	1.1716023683547974
	1.171608567237854
	1.171625018119812
	1.1716301441192627
	1.1716315746307373
	1.1716309785842896
	1.1716384887695312
	1.1716426610946655
	1.1716482639312744
	1.1716514825820923
	1.1716532707214355
	1.1716560125350952
	1.171661376953125
	1.1716673374176025
	1.1716731786727905
	1.171677827835083
	1.1716831922531128
	1.171688437461853
	1.1716910600662231
	1.1717051267623901
	1.1717188358306885
	1.1717230081558228
	1.1717175245285034
	1.1717286109924316
	1.1717487573623657
	1.1717489957809448
	1.1717647314071655
	1.1717679500579834
	1.1717727184295654
	1.1717885732650757
	1.1717923879623413
	1.1717935800552368
	1.1717971563339233
	1.1718109846115112
	1.1718190908432007
	1.1718300580978394
	1.1718330383300781
	1.171841025352478
	1.1718493700027466
	1.1718500852584839
	1.1718584299087524
	1.1718699932098389
	1.1718802452087402
	1.1718930006027222
	1.171897053718567
	1.171908974647522
	1.1719157695770264
	1.1719340085983276
	1.1719328165054321
	1.1719403266906738
	1.1719495058059692
	1.1719510555267334
	1.1719528436660767
	1.1719622611999512
	1.1719684600830078
	1.1719764471054077
	1.1719778776168823
	1.1719863414764404
	1.1719926595687866
	1.1719969511032104
	1.1720086336135864
	1.1720163822174072
	1.1720272302627563
	1.172041654586792
	1.1720441579818726
	1.1720548868179321
	1.1720623970031738
	1.172059416770935
	1.1720701456069946
	1.1720788478851318
	1.1720831394195557
	1.1720943450927734
	1.172101616859436
	1.172105073928833
	1.1721230745315552
	1.1721386909484863
	1.1721500158309937
	1.1721543073654175
	1.1721657514572144
	1.1721667051315308
	1.172170639038086
	1.1721792221069336
	1.1721854209899902
	1.1721974611282349
	1.1722095012664795
	1.1722215414047241
	1.1722317934036255
	1.1722325086593628
	1.1722333431243896
	1.172242522239685
	1.1722627878189087
	1.1722716093063354
	1.172277569770813
	1.1722877025604248
	1.1722968816757202
	1.172308087348938
	1.1723178625106812
	1.1723285913467407
	1.1723403930664062
	1.1723482608795166
	1.1723576784133911
	1.172369122505188
	1.1723723411560059
	1.1723766326904297
	1.1723850965499878
	1.172392725944519
	1.1723986864089966
	1.1724119186401367
	1.1724166870117188
	1.1724293231964111
	1.172431468963623
	1.1724259853363037
	1.1724296808242798
	1.1724408864974976
	1.1724462509155273
	1.1724594831466675
	1.1724661588668823
	1.1724777221679688
	1.1724921464920044
	1.1725022792816162
	1.172515630722046
	1.1725236177444458
	1.1725335121154785
	1.1725534200668335
	1.172558307647705
	1.17256498336792
	1.1725714206695557
	1.172580361366272
	1.1725901365280151
	1.1725971698760986
	1.172607660293579
	1.1726144552230835
	1.1726182699203491
	1.1726257801055908
	1.1726315021514893
	1.1726480722427368
	1.17266047000885
	1.1726739406585693
	1.1726832389831543
	1.1726899147033691
	1.1727066040039062
	1.172724962234497
	1.1727341413497925
	1.1727492809295654
	1.1727482080459595
	1.1727584600448608
	1.1727639436721802
	1.172771692276001
	1.1727739572525024
	1.17278254032135
	1.1727908849716187
	1.172804355621338
	1.1728209257125854
	1.1728297472000122
	1.172838807106018
	1.1728554964065552
	1.172866702079773
	1.1728805303573608
	1.1728976964950562
	1.1729090213775635
	1.1729151010513306
	1.1729131937026978
	1.1729215383529663
	1.1729254722595215
	1.1729364395141602
	1.1729450225830078
	1.1729503870010376
	1.1729624271392822
	1.1729722023010254
	1.172979474067688
	1.1729916334152222
	1.1729936599731445
	1.1729989051818848
	1.1730122566223145
	1.1730200052261353
	1.1730310916900635
	1.173041820526123
	1.1730433702468872
	1.1730557680130005
	1.1730622053146362
	1.1730693578720093
	1.1730772256851196
	1.1730828285217285
	1.1730788946151733
	1.1730889081954956
	1.1730960607528687
	1.1731034517288208
	1.173097848892212
	1.1731107234954834
	1.1731195449829102
	1.1731324195861816
	1.1731349229812622
	1.1731538772583008
	1.1731561422348022
	1.1731687784194946
	1.1731810569763184
	1.1731880903244019
	1.173195242881775
	1.1732051372528076
	1.1732068061828613
	1.1732078790664673
	1.1732137203216553
	1.173223614692688
	1.173225998878479
	1.1732347011566162
	1.1732385158538818
	1.1732425689697266
	1.1732455492019653
	1.173250436782837
	1.1732507944107056
	1.1732527017593384
	1.1732714176177979
	1.1732783317565918
	1.1732828617095947
	1.1732947826385498
	1.1733012199401855
	1.1733026504516602
	1.1733072996139526
	1.1733142137527466
	1.1733185052871704
	1.1733205318450928
	1.1733310222625732
	1.1733415126800537
	1.1733471155166626
	1.1733543872833252
	1.1733709573745728
	1.1733804941177368
	1.1733866930007935
	1.1733916997909546
	1.1734048128128052
	1.1734145879745483
	1.1734291315078735
	1.1734312772750854
	1.173439860343933
	1.1734529733657837
	1.1734566688537598
	1.1734622716903687
	1.1734702587127686
	1.1734764575958252
	1.1734874248504639
	1.1734925508499146
	1.173499345779419
	1.1735113859176636
	1.173515796661377
	1.1735200881958008
	1.173527479171753
	1.1735315322875977
	1.1735411882400513
	1.1735522747039795
	1.1735588312149048
	1.1735656261444092
	1.1735676527023315
	1.1735646724700928
	1.173572063446045
	1.1735758781433105
	1.1735864877700806
	1.173604130744934
	1.1736116409301758
	1.1736170053482056
	1.1736279726028442
	1.1736351251602173
	1.1736356019973755
	1.1736432313919067
	1.1736568212509155
	1.173667073249817
	1.173675298690796
	1.1736876964569092
	1.1736998558044434
	1.1737051010131836
	1.1737158298492432
	1.173720121383667
	1.173723578453064
	1.1737390756607056
	1.1737470626831055
	1.173750400543213
	1.1737701892852783
	1.1737850904464722
	1.1737902164459229
	1.1737949848175049
	1.1737843751907349
	1.1737933158874512
	1.1737886667251587
	1.1737910509109497
	1.17379629611969
	1.173803448677063
	1.1738197803497314
	1.1738189458847046
	1.173825979232788
	1.1738395690917969
	1.1738409996032715
	1.1738473176956177
	1.1738570928573608
	1.1738672256469727
	1.1738754510879517
	1.1738895177841187
	1.1738951206207275
	1.1738938093185425
	1.1739073991775513
	1.173919677734375
	1.1739275455474854
	1.1739426851272583
	1.1739535331726074
	1.1739600896835327
	1.1739721298217773
	1.1739753484725952
	1.173985242843628
	1.174001932144165
	1.1740058660507202
	1.1740130186080933
	1.174026370048523
	1.174038052558899
	1.1740552186965942
	1.174059510231018
	1.1740623712539673
	1.1740670204162598
	1.1740739345550537
	1.1740771532058716
	1.174078106880188
	1.174092411994934
	1.174106478691101
	1.1741201877593994
	1.1741268634796143
	1.1741342544555664
	1.1741433143615723
	1.1741522550582886
	1.1741591691970825
	1.1741626262664795
	1.17417573928833
	1.174192190170288
	1.174203634262085
	1.1742148399353027
	1.174218773841858
	1.17422354221344
	1.1742265224456787
	1.1742355823516846
	1.1742439270019531
	1.174253225326538
	1.1742576360702515
	1.1742615699768066
	1.174271821975708
	1.1742719411849976
	1.1742823123931885
	1.1742925643920898
	1.1742953062057495
	1.174306869506836
	1.174317717552185
	1.174325704574585
	1.1743321418762207
	1.1743379831314087
	1.1743485927581787
	1.1743518114089966
	1.1743600368499756
	1.1743696928024292
	1.174371361732483
	1.1743748188018799
	1.1743777990341187
	1.1743916273117065
	1.1744036674499512
	1.1744154691696167
	1.17441725730896
	1.1744147539138794
	1.1744256019592285
	1.1744306087493896
	1.1744427680969238
	1.1744506359100342
	1.1744561195373535
	1.1744600534439087
	1.1744612455368042
	1.174468755722046
	1.1744664907455444
	1.1744681596755981
	1.174475908279419
	1.174476146697998
	1.174474835395813
	1.174473524093628
	1.1744753122329712
	1.174483060836792
	1.1744918823242188
	1.1744967699050903
	1.1744967699050903
	1.1744952201843262
	1.1745102405548096
	1.1745150089263916
	1.1745232343673706
	1.1745284795761108
	1.1745378971099854
	1.1745396852493286
	1.1745439767837524
	1.1745619773864746
	1.174569010734558
	1.1745692491531372
	1.1745805740356445
	1.174597144126892
	1.1746037006378174
	1.1746007204055786
	1.1746139526367188
	1.1746187210083008
	1.1746286153793335
	1.174627661705017
	1.1746357679367065
	1.1746406555175781
	1.1746493577957153
	1.1746597290039062
	1.1746619939804077
	1.1746701002120972
	1.1746867895126343
	1.1746959686279297
	1.1746997833251953
	1.174708604812622
	1.1747105121612549
	1.1747337579727173
	1.1747392416000366
	1.1747357845306396
	1.1747397184371948
	1.1747409105300903
	1.1747468709945679
	1.174744963645935
	1.1747515201568604
	1.1747552156448364
	1.1747543811798096
	1.1747627258300781
	1.174772024154663
	1.1747775077819824
	1.1747832298278809
	1.1747828722000122
	1.1747934818267822
	1.1747984886169434
	1.174798846244812
	1.1748021841049194
	1.1748050451278687
	1.1747961044311523
	1.1748058795928955
	1.1748145818710327
	1.1748257875442505
	1.1748319864273071
	1.1748329401016235
	1.1748323440551758
	1.1748261451721191
	1.1748298406600952
	1.1748301982879639
	1.1748332977294922
	1.1748422384262085
	1.174843192100525
	1.1748425960540771
	1.174845814704895
	1.1748473644256592
	1.1748501062393188
	1.1748534440994263
	1.1748650074005127
	1.1748689413070679
	1.1748766899108887
	1.1748754978179932
	1.1748778820037842
	1.1748826503753662
	1.1748783588409424
	1.1748772859573364
	1.1748855113983154
	1.1748943328857422
	1.1748872995376587
	1.1748994588851929
	1.174906849861145
	1.174910545349121
	1.174920678138733
	1.1749156713485718
	1.1749202013015747
	1.174926996231079
	1.174926519393921
	1.1749238967895508
	1.1749290227890015
	1.1749366521835327
	1.1749411821365356
	1.1749471426010132
	1.174960970878601
	1.1749686002731323
	1.174967885017395
	1.1749788522720337
	1.174985647201538
	1.1749999523162842
	1.175015926361084
	1.175022840499878
	1.175024151802063
	1.1750268936157227
	1.1750354766845703
	1.1750450134277344
	1.1750524044036865
	1.1750463247299194
	1.1750516891479492
	1.1750606298446655
	1.1750633716583252
	1.175061583518982
	1.175059199333191
	1.1750661134719849
	1.1750690937042236
	1.1750755310058594
	1.1750792264938354
	1.175083875656128
	1.1750869750976562
	1.1750942468643188
	1.1750918626785278
	1.1751070022583008
	1.1751112937927246
	1.1751192808151245
	1.1751199960708618
	1.1751254796981812
	1.1751316785812378
	1.175132393836975
	1.1751266717910767
	1.1751298904418945
	1.175140380859375
	1.175158143043518
	1.175158977508545
	1.1751649379730225
	1.175173282623291
	1.1751770973205566
	1.1751785278320312
	1.1751805543899536
	1.1751774549484253
	1.1751850843429565
	1.1751841306686401
	1.1751964092254639
	1.1752092838287354
	1.1752134561538696
	1.1752216815948486
	1.1752187013626099
	1.1752145290374756
	1.1752184629440308
	1.1752184629440308
	1.1752327680587769
	1.175238013267517
	1.1752288341522217
	1.1752328872680664
	1.175241231918335
	1.1752398014068604
	1.1752395629882812
	1.175238847732544
	1.175237774848938
	1.1752415895462036
	1.1752444505691528
	1.175244688987732
	1.1752456426620483
	1.175244927406311
	1.1752461194992065
	1.175250768661499
	1.175250768661499
	1.1752572059631348
	1.1752574443817139
	1.175260305404663
	1.1752697229385376
	1.1752722263336182
	1.175276279449463
	1.1752748489379883
	1.1752758026123047
	1.1752777099609375
	1.1752814054489136
	1.1752827167510986
	1.175281047821045
	1.175277829170227
	1.1752766370773315
	1.1752774715423584
	1.1752797365188599
	1.1752898693084717
	1.1752898693084717
	1.1752978563308716
	1.1752941608428955
	1.1752980947494507
	1.1753039360046387
	1.175308346748352
	1.1753123998641968
	1.1753125190734863
	1.1753149032592773
	1.1753188371658325
	1.1753230094909668
	1.1753321886062622
	1.1753307580947876
	1.1753289699554443
	1.1753369569778442
	1.1753463745117188
	1.1753535270690918
	1.1753498315811157
	1.1753535270690918
	1.1753569841384888
	1.1753699779510498
	1.1753700971603394
	1.1753764152526855
	1.1753699779510498
	1.1753746271133423
	1.1753753423690796
	1.175381064414978
	1.175391435623169
	1.1753852367401123
	1.17538583278656
	1.1753796339035034
	1.1753844022750854
	1.1753896474838257
	1.175390601158142
	1.1753976345062256
	1.1753994226455688
	1.1754087209701538
	1.1754037141799927
	1.1753965616226196
	1.1753990650177002
	1.175399661064148
	1.1753984689712524
	1.175400733947754
	1.175403118133545
	1.1754026412963867
	1.1754080057144165
	1.1754045486450195
	1.1754084825515747
	1.1754122972488403
	1.1754179000854492
	1.1754170656204224
	1.1754136085510254
	1.1754159927368164
	1.1754150390625
	1.1754156351089478
	1.1754199266433716
	1.1754188537597656
	1.1754220724105835
	1.1754271984100342
	1.1754287481307983
	1.1754330396652222
	1.175430178642273
	1.1754295825958252
	1.1754399538040161
	1.1754463911056519
	1.1754522323608398
	1.1754602193832397
	1.1754653453826904
	1.1754683256149292
	1.1754685640335083
	1.1754649877548218
	1.1754693984985352
	1.1754770278930664
	1.1754733324050903
	1.1754803657531738
	1.1754858493804932
	1.1754941940307617
	1.1754978895187378
	1.1754958629608154
	1.1755094528198242
	1.1755121946334839
	1.1755170822143555
	1.1755181550979614
	1.1755136251449585
	1.1755197048187256
	1.1755266189575195
	1.1755403280258179
	1.175538420677185
	1.1755397319793701
	1.1755448579788208
	1.1755504608154297
	1.1755495071411133
	1.1755578517913818
	1.1755671501159668
	1.1755717992782593
	1.1755714416503906
	1.1755789518356323
	1.175585389137268
	1.1755893230438232
	1.175583839416504
	1.1755876541137695
	1.1755884885787964
	1.1755938529968262
	1.1755974292755127
	1.1755985021591187
	1.175595998764038
	1.1755986213684082
	1.1755965948104858
	1.1755952835083008
	1.1755925416946411
	1.1755887269973755
	1.175589919090271
	1.175593614578247
	1.1756006479263306
	1.1755928993225098
	1.1755914688110352
	1.17559814453125
	1.1756013631820679
	1.1756010055541992
	1.1755965948104858
	1.175589680671692
	1.1755846738815308
	1.1755832433700562
	1.1755867004394531
	1.175581693649292
	1.1755764484405518
	1.1755738258361816
	1.1755735874176025
	1.1755781173706055
	1.175577998161316
	1.1755722761154175
	1.1755797863006592
	1.1755712032318115
	1.175567865371704
	1.1755684614181519
	1.1755722761154175
	1.1755725145339966
	1.1755731105804443
]